Counter,mX[GeV],mA[GeV],Epsilon,Capture[s-1],Annihilation[s-1],GammaAnn[s-1],IceCubeSignal,SommerfeldFile,BranchingRatioFile,Resolution,Kappa0[GeV5]
0,1000.0,0.01,1e-11,10866943571.2,5.55231463147e-44,5413122739.65,0.000685650073632,1TeVSommerfeld.csv,brtoe.csv,200,3.1452272427969017e+25
1, ,0.01,1.0718913192051263e-11,12485585685.1,5.55231463147e-44,6228618743.05,0.000905910000091, , , , 
2, ,0.01,1.1489510001873107e-11,14345326160.8,5.55231463147e-44,7163142084.77,0.00119656596597, , , , 
3, ,0.01,1.2315506032928262e-11,16482076840.4,5.55231463147e-44,8234886413.95,0.0015807722996, , , , 
4, ,0.01,1.3200884008314167e-11,18937098671.0,5.55231463147e-44,9464735867.78,0.0020875242577, , , , 
5, ,0.01,1.4149912974345786e-11,21757798458.7,5.55231463147e-44,10876638133.8,0.00275803613612, , , , 
6, ,0.01,1.5167168884709242e-11,24998644301.0,5.55231463147e-44,12498043827.1,0.00364011191822, , , , 
7, ,0.01,1.6257556664437934e-11,28722217372.9,5.55231463147e-44,14360421920.5,0.00480471914611, , , , 
8, ,0.01,1.7426333860096473e-11,33000420378.2,5.55231463147e-44,16499860858.9,0.00634274118433, , , , 
9, ,0.01,1.8679135990207848e-11,37915866000.2,5.55231463147e-44,18957765421.1,0.008374211916, , , , 
10, ,0.01,2.0022003718155844e-11,43563472163.9,5.55231463147e-44,21781660584.6,0.0110545598493, , , , 
11, ,0.01,2.1461411978584013e-11,50052294914.3,5.55231463147e-44,25026115658.2,0.0145902257634, , , , 
12, ,0.01,2.300430119772921e-11,57507634303.5,5.55231463147e-44,28753804690.5,0.0192656367675, , , , 
13, ,0.01,2.465811075822604e-11,66073453951.4,5.55231463147e-44,33036722455.8,0.0254318503624, , , , 
14, ,0.01,2.643081486974103e-11,75915161003.2,5.55231463147e-44,37957578992.6,0.0335712658628, , , , 
15, ,0.01,2.8330961018393178e-11,87222800164.1,5.55231463147e-44,43611399621.1,0.0443152151767, , , , 
16, ,0.01,3.036771118035461e-11,100214723488.0,5.55231463147e-44,50107361615.8,0.0584989852178, , , , 
17, ,0.01,3.255088599835057e-11,115141806785.0,5.55231463147e-44,57570903360.2,0.0772250903706, , , , 
18, ,0.01,3.4891012134067674e-11,132292294069.0,5.55231463147e-44,66146147027.1,0.101936757258, , , , 
19, ,0.01,3.739937302478801e-11,151997363587.0,5.55231463147e-44,75998681792.1,0.134572724904, , , , 
20, ,0.01,4.0088063288984646e-11,174637522919.0,5.55231463147e-44,87318761459.4,0.17764879261, , , , 
21, ,0.01,4.297004704320835e-11,200649956628.0,5.55231463147e-44,100324978314.0,0.234511965504, , , , 
22, ,0.01,4.605922041145113e-11,230536968356.0,5.55231463147e-44,115268484178.0,0.309579754041, , , , 
23, ,0.01,4.937047852839004e-11,264875680372.0,5.55231463147e-44,132437840186.0,0.408667021688, , , , 
24, ,0.01,5.2919787359584366e-11,304329177889.0,5.55231463147e-44,152164588945.0,0.53949943434, , , , 
25, ,0.01,5.672426068491989e-11,349659313322.0,5.55231463147e-44,174829656661.0,0.712170904731, , , , 
26, ,0.01,6.080224261649427e-11,401741417766.0,5.55231463147e-44,200870708883.0,0.940140021247, , , , 
27, ,0.01,6.517339604882421e-11,461581203759.0,5.55231463147e-44,230790601879.0,1.24104106979, , , , 
28, ,0.01,6.985879746785235e-11,530334185727.0,5.55231463147e-44,265167092863.0,1.6382890888, , , , 
29, ,0.01,7.48810385759003e-11,609327993124.0,5.55231463147e-44,304663996562.0,2.16269033292, , , , 
30, ,0.01,8.026433522257174e-11,700088007142.0,5.55231463147e-44,350044003571.0,2.85491105785, , , , 
31, ,0.01,8.603464416684492e-11,804366816025.0,5.55231463147e-44,402183408012.0,3.76874514345, , , , 
32, ,0.01,9.221978823334341e-11,924178057789.0,5.55231463147e-44,462089028895.0,4.97512717164, , , , 
33, ,0.01,9.884959046625586e-11,1.06183530385e+12,5.55231463147e-44,530917651924.0,6.56759915594, , , , 
34, ,0.01,1.0595601792776149e-10,1.21999673439e+12,5.55231463147e-44,609998367195.0,8.66978717529, , , , 
35, ,0.01,1.1357333583431027e-10,1.4017164682e+12,5.55231463147e-44,700858234102.0,11.4448530689, , , , 
36, ,0.01,1.217382727739662e-10,1.61050353812e+12,5.55231463147e-44,805251769061.0,15.1082688114, , , , 
37, ,0.01,1.3049019780144016e-10,1.85038965093e+12,5.55231463147e-44,925194825465.0,19.9442056006, , , , 
38, ,0.01,1.398713102647236e-10,2.12600704017e+12,5.55231463147e-44,1.06300352009e+12,26.3281327472, , , , 
39, ,0.01,1.4992684327860468e-10,2.44267791521e+12,5.55231463147e-44,1.22133895761e+12,34.7553776476, , , , 
40, ,0.01,1.6070528182616384e-10,2.80651723382e+12,5.55231463147e-44,1.40325861691e+12,45.8804142114, , , , 
41, ,0.01,1.722585965398784e-10,3.22455078284e+12,5.55231463147e-44,1.61227539142e+12,60.5660524231, , , , 
42, ,0.01,1.8464249428955463e-10,3.70485084709e+12,5.55231463147e-44,1.85242542355e+12,79.9525803879, , , , 
43, ,0.01,1.9791668678535569e-10,4.25669208631e+12,5.55231463147e-44,2.12834604316e+12,105.544640134, , , , 
44, ,0.01,2.121451784910628e-10,4.89073063006e+12,5.55231463147e-44,2.44536531503e+12,139.328129946, , , , 
45, ,0.01,2.273965752357932e-10,5.61920984905e+12,5.55231463147e-44,2.80960492453e+12,183.925297382, , , , 
46, ,0.01,2.4374441501222216e-10,6.45619677633e+12,5.55231463147e-44,3.22809838817e+12,242.797788618, , , , 
47, ,0.01,2.6126752255633265e-10,7.41785374357e+12,5.55231463147e-44,3.70892687179e+12,320.514514175, , , , 
48, ,0.01,2.8005038941836253e-10,8.52275047792e+12,5.55231463147e-44,4.26137523896e+12,423.107484083, , , , 
49, ,0.01,3.0018358135755917e-10,9.79222268596e+12,5.55231463147e-44,4.89611134298e+12,558.538619088, , , , 
50, ,0.01,3.2176417502507347e-10,1.12507840491e+13,5.55231463147e-44,5.62539202454e+12,737.321177536, , , , 
51, ,0.01,3.4489622604057533e-10,1.29265995861e+13,5.55231463147e-44,6.46329979304e+12,973.328993506, , , , 
52, ,0.01,3.696912707195032e-10,1.48520295235e+13,5.55231463147e-44,7.42601476173e+12,1284.87947673, , , , 
53, ,0.01,3.9626886387014783e-10,1.70642541758e+13,5.55231463147e-44,8.53212708789e+12,1696.15490401, , , , 
54, ,0.01,4.2475715525368935e-10,1.96059919027e+13,5.55231463147e-44,9.80299595136e+12,2239.07298271, , , , 
55, ,0.01,4.552935074866938e-10,2.25263240063e+13,5.55231463147e-44,1.12631620031e+13,2955.77535849, , , , 
56, ,0.01,4.880251583654433e-10,2.58816424976e+13,5.55231463147e-44,1.29408212488e+13,3901.88303249, , , , 
57, ,0.01,5.231099308056258e-10,2.97367390341e+13,5.55231463147e-44,1.4868369517e+13,5150.82768716, , , , 
58, ,0.01,5.60716993820547e-10,3.41660560555e+13,5.55231463147e-44,1.70830280278e+13,6799.54617461, , , , 
59, ,0.01,6.010276782070387e-10,3.92551242774e+13,5.55231463147e-44,1.96275621387e+13,8975.99842945, , , , 
60, ,0.01,6.442363508721371e-10,4.5102214301e+13,5.55231463147e-44,2.25511071505e+13,11849.1096432, , , , 
61, ,0.01,6.905513520162316e-10,5.18202342319e+13,5.55231463147e-44,2.59101171159e+13,15641.8600968, , , , 
62, ,0.01,7.401959996915653e-10,5.95389099506e+13,5.55231463147e-44,2.97694549753e+13,20648.6281826, , , , 
63, ,0.01,7.934096665797492e-10,6.84072901378e+13,5.55231463147e-44,3.42036450689e+13,27257.997856, , , , 
64, ,0.01,8.504489341802668e-10,7.8596624424e+13,5.55231463147e-44,3.9298312212e+13,35982.940149, , , , 
65, ,0.01,9.115888299750837e-10,9.03036702433e+13,5.55231463147e-44,4.51518351216e+13,47500.6264518, , , , 
66, ,0.01,9.771241535346502e-10,1.03754492247e+14,5.55231463147e-44,5.18772461233e+13,62704.966091, , , , 
67, ,0.01,1.0473708979594486e-09,1.19208827641e+14,5.55231463147e-44,5.96044138203e+13,82776.0084171, , , , 
68, ,0.01,1.1226677735108114e-09,1.36965101749e+14,5.55231463147e-44,6.84825508744e+13,109271.50433, , , , 
69, ,0.01,1.2033778407775904e-09,1.57366190645e+14,5.55231463147e-44,7.86830953226e+13,144247.845214, , , , 
70, ,0.01,1.289890261253308e-09,1.80806042137e+14,5.55231463147e-44,9.04030210687e+13,190419.578696, , , , 
71, ,0.01,1.3826221737646535e-09,2.07737282954e+14,5.55231463147e-44,1.03868641477e+14,251370.199011, , , , 
72, ,0.01,1.4820207057988602e-09,2.38679959026e+14,5.55231463147e-44,1.19339979513e+14,331830.15934, , , , 
73, ,0.01,1.5885651294280526e-09,2.74231577647e+14,5.55231463147e-44,1.37115788824e+14,438044.033522, , , , 
74, ,0.01,1.702769172225898e-09,3.15078645421e+14,5.55231463147e-44,1.5753932271e+14,578255.174801, , , , 
75, ,0.01,1.825183494319039e-09,3.62009924794e+14,5.55231463147e-44,1.81004962397e+14,763345.425045, , , , 
76, ,0.01,1.956398343517065e-09,4.1593166517e+14,5.55231463147e-44,2.07965832585e+14,1007679.58695, , , , 
77, ,0.01,2.0970464013232305e-09,4.77885102706e+14,5.55231463147e-44,2.38942551353e+14,1330220.25002, , , , 
78, ,0.01,2.2478058335487307e-09,5.49066566729e+14,5.55231463147e-44,2.74533283365e+14,1755999.45283, , , , 
79, ,0.01,2.409403560239527e-09,6.30850581013e+14,5.55231463147e-44,3.15425290506e+14,2318061.0148, , , , 
80, ,0.01,2.582618760682675e-09,7.24816406023e+14,5.55231463147e-44,3.62408203012e+14,3060025.09703, , , , 
81, ,0.01,2.768286630392061e-09,8.32778534653e+14,5.55231463147e-44,4.16389267326e+14,4039472.64774, , , , 
82, ,0.01,2.9673024081888724e-09,9.56821730324e+14,5.55231463147e-44,4.78410865162e+14,5332414.04909, , , , 
83, ,0.01,3.180625692794119e-09,1.09934128406e+15,5.55231463147e-44,5.49670642028e+14,7039186.65381, , , , 
84, ,0.01,3.409285069746807e-09,1.26308926786e+15,5.55231463147e-44,6.31544633932e+14,9292240.66981, , , , 
85, ,0.01,3.654383070957262e-09,1.45122767764e+15,5.55231463147e-44,7.25613838819e+14,12266415.1287, , , , 
86, ,0.01,3.917101490809261e-09,1.66738949172e+15,5.55231463147e-44,8.33694745861e+14,16192503.9426, , , , 
87, ,0.01,4.198707084443906e-09,1.91574882422e+15,5.55231463147e-44,9.57874412108e+14,21375159.5627, , , , 
88, ,0.01,4.500557675700488e-09,2.20110152769e+15,5.55231463147e-44,1.10055076385e+15,28216528.4663, , , , 
89, ,0.01,4.824108704165374e-09,2.52895780175e+15,5.55231463147e-44,1.26447890088e+15,37247444.7507, , , , 
90, ,0.01,5.170920242896755e-09,2.90564859576e+15,5.55231463147e-44,1.45282429788e+15,49168604.5065, , , , 
91, ,0.01,5.542664520663096e-09,3.33844786029e+15,5.55231463147e-44,1.66922393014e+15,64904909.7053, , , , 
92, ,0.01,5.941133984965041e-09,3.83571300815e+15,5.55231463147e-44,1.91785650407e+15,85677192.9109, , , , 
93, ,0.01,6.3682499447185856e-09,4.40704629715e+15,5.55231463147e-44,2.20352314857e+15,113096880.321, , , , 
94, ,0.01,6.826071834272379e-09,5.06348025098e+15,5.55231463147e-44,2.53174012549e+15,149290920.686, , , , 
95, ,0.01,7.316807143427175e-09,5.81769069879e+15,5.55231463147e-44,2.90884534939e+15,197066658.236, , , , 
96, ,0.01,7.842822061337681e-09,6.68424154715e+15,5.55231463147e-44,3.34212077358e+15,260129402.302, , , , 
97, ,0.01,8.406652885618316e-09,7.6798660111e+15,5.55231463147e-44,3.83993300555e+15,343369530.352, , , , 
98, ,0.01,9.011018251665036e-09,8.82378973475e+15,5.55231463147e-44,4.41189486738e+15,453241315.83, , , , 
99, ,0.01,9.658832241158707e-09,1.01381020412e+16,5.55231463147e-44,5.06905102059e+15,598262765.302, , , , 
100, ,0.01,1.0353218432956616e-08,1.16481824802e+16,5.55231463147e-44,5.82409124011e+15,789675055.292, , , , 
101, ,0.01,1.1097524964120722e-08,1.3383190911e+16,5.55231463147e-44,6.69159545551e+15,1042312457.35, , , , 
102, ,0.01,1.1895340673703208e-08,1.53766305829e+16,5.55231463147e-44,7.68831529145e+15,1375749828.07, , , , 
103, ,0.01,1.2750512407130128e-08,1.76669950877e+16,5.55231463147e-44,8.83349754387e+15,1815816043.85, , , , 
104, ,0.01,1.3667163564620044e-08,2.02985116764e+16,5.55231463147e-44,1.01492558382e+16,2396589818.49, , , , 
105, ,0.01,1.4649713983072853e-08,2.33219952929e+16,5.55231463147e-44,1.16609976464e+16,3163031252.31, , , , 
106, ,0.01,1.5702901247293774e-08,2.67958298181e+16,5.55231463147e-44,1.33979149091e+16,4174450997.31, , , , 
107, ,0.01,1.683180353330955e-08,3.07870954704e+16,5.55231463147e-44,1.53935477352e+16,5509082736.31, , , , 
108, ,0.01,1.8041864093920717e-08,3.53728641335e+16,5.55231463147e-44,1.76864320668e+16,7270108427.27, , , , 
109, ,0.01,1.933891750455232e-08,4.06416876257e+16,5.55231463147e-44,2.03208438129e+16,9593595795.41, , , , 
110, ,0.01,2.0729217795953697e-08,4.66953076469e+16,5.55231463147e-44,2.33476538234e+16,12658951682.7, , , , 
111, ,0.01,2.221946860939524e-08,5.36506204249e+16,5.55231463147e-44,2.68253102125e+16,16702683841.3, , , , 
112, ,0.01,2.3816855519761606e-08,6.16419339979e+16,5.55231463147e-44,3.08209669989e+16,22036510736.0, , , , 
113, ,0.01,2.552908068239516e-08,7.08235617204e+16,5.55231463147e-44,3.54117808602e+16,29071181983.2, , , , 
114, ,0.01,2.7364399970746666e-08,8.13728020754e+16,5.55231463147e-44,4.06864010377e+16,38347792958.4, , , , 
115, ,0.01,2.933166278390042e-08,9.34933623326e+16,5.55231463147e-44,4.67466811663e+16,50578925589.4, , , , 
116, ,0.01,3.1440354715915e-08,1.07419292163e+17,5.55231463147e-44,5.37096460815e+16,66702659386.8, , , , 
117, ,0.01,3.370064329271925e-08,1.2341950317e+17,5.55231463147e-44,6.1709751585e+16,87953419621.0, , , , 
118, ,0.01,3.612342699709431e-08,1.4180296161e+17,5.55231463147e-44,7.09014808049e+16,115954821609.0, , , , 
119, ,0.01,3.872038781812557e-08,1.62924654571e+17,5.55231463147e-44,8.14623272856e+16,152841203767.0, , , , 
120, ,0.01,4.1504047578504727e-08,1.87192444825e+17,5.55231463147e-44,9.35962224123e+16,201416508630.0, , , , 
121, ,0.01,4.448782831127585e-08,2.15074946709e+17,5.55231463147e-44,1.07537473354e+17,265361676668.0, , , , 
122, ,0.01,4.768611697714474e-08,2.47110575136e+17,5.55231463147e-44,1.23555287568e+17,349504894640.0, , , , 
123, ,0.01,5.111433483440165e-08,2.8391794246e+17,5.55231463147e-44,1.4195897123e+17,460173033222.0, , , , 
124, ,0.01,5.478901179593934e-08,3.2620780396e+17,5.55231463147e-44,1.6310390198e+17,605647587131.0, , , , 
125, ,0.01,5.872786613189478e-08,3.74796782629e+17,5.55231463147e-44,1.87398391315e+17,796754559920.0, , , , 
126, ,0.01,6.294988990221888e-08,4.30623138269e+17,5.55231463147e-44,2.15311569134e+17,1.04762518066e+12, , , , 
127, ,0.01,6.747544053110687e-08,4.94764885418e+17,5.55231463147e-44,2.47382442709e+17,1.37667320262e+12, , , , 
128, ,0.01,7.232633896483534e-08,5.68460609958e+17,5.55231463147e-44,2.84230304979e+17,1.80784482902e+12, , , , 
129, ,0.01,7.752597488629465e-08,6.53133386378e+17,5.55231463147e-44,3.26566693189e+17,2.37220883809e+12, , , , 
130, ,0.01,8.309941949353386e-08,7.50418257535e+17,5.55231463147e-44,3.75209128768e+17,3.10996670862e+12, , , , 
131, ,0.01,8.907354638610439e-08,8.62193807554e+17,5.55231463147e-44,4.31096903777e+17,4.07297438187e+12, , , , 
132, ,0.01,9.547716114208066e-08,9.90618437544e+17,5.55231463147e-44,4.95309218772e+17,5.32787677049e+12, , , , 
133, ,0.01,1.0234114021054528e-07,1.13817204462e+18,5.55231463147e-44,5.6908602231e+17,6.95995995074e+12, , , , 
134, ,0.01,1.0969857978923841e-07,1.30770390905e+18,5.55231463147e-44,6.53851954526e+17,9.07781893897e+12, , , , 
135, ,0.01,1.1758495540521555e-07,1.50248771425e+18,5.55231463147e-44,7.51243857127e+17,1.18189131294e+13, , , , 
136, ,0.01,1.2603829296797277e-07,1.72628476206e+18,5.55231463147e-44,8.63142381031e+17,1.53560252473e+13, , , , 
137, ,0.01,1.350993521198025e-07,1.98341660398e+18,5.55231463147e-44,9.91708301989e+17,1.99045367125e+13, , , , 
138, ,0.01,1.4481182276745328e-07,2.27884849093e+18,5.55231463147e-44,1.13942424546e+18,2.57302605654e+13, , , , 
139, ,0.01,1.552225357427048e-07,2.61828525293e+18,5.55231463147e-44,1.30914262646e+18,3.31573044157e+13, , , , 
140, ,0.01,1.6638168860761273e-07,3.00828146013e+18,5.55231463147e-44,1.50414073006e+18,4.25750368302e+13, , , , 
141, ,0.01,1.7834308769319093e-07,3.45636799246e+18,5.55231463147e-44,1.72818399623e+18,5.4442666095e+13, , , , 
142, ,0.01,1.9116440753857e-07,3.97119746195e+18,5.55231463147e-44,1.98559873098e+18,6.92891818878e+13, , , , 
143, ,0.01,2.049074689815846e-07,4.56271129585e+18,5.55231463147e-44,2.28135564792e+18,8.77054522563e+13, , , , 
144, ,0.01,2.1963853724165468e-07,5.24233170693e+18,5.55231463147e-44,2.62116585347e+18,1.10324154658e+14, , , , 
145, ,0.01,2.3542864143224158e-07,6.02318225799e+18,5.55231463147e-44,3.011591129e+18,1.37782087584e+14, , , , 
146, ,0.01,2.523539170434766e-07,6.92034127963e+18,5.55231463147e-44,3.46017063982e+18,1.70658547199e+14, , , , 
147, ,0.01,2.7049597304631316e-07,7.95113303487e+18,5.55231463147e-44,3.97556651744e+18,2.0938337293e+14, , , , 
148, ,0.01,2.899422853882875e-07,9.13546225304e+18,5.55231463147e-44,4.56773112652e+18,2.5410976537e+14, , , , 
149, ,0.01,3.107866187782014e-07,1.04961984928e+19,5.55231463147e-44,5.2480992464e+18,3.04551157656e+14, , , , 
150, ,0.01,3.33129478793467e-07,1.20596177565e+19,5.55231463147e-44,6.02980887823e+18,3.59789559911e+14, , , , 
151, ,0.01,3.5707859649004626e-07,1.38559098832e+19,5.55231463147e-44,6.92795494159e+18,4.18075993071e+14, , , , 
152, ,0.01,3.827494478516307e-07,1.59197615188e+19,5.55231463147e-44,7.95988075939e+18,4.76662034497e+14, , , , 
153, ,0.01,4.1026581058271904e-07,1.82910259197e+19,5.55231463147e-44,9.14551295987e+18,5.31723076191e+14, , , , 
154, ,0.01,4.397603609302722e-07,2.10154925249e+19,5.55231463147e-44,1.05077462625e+19,5.78452837757e+14, , , , 
155, ,0.01,4.7137531341167185e-07,2.4145771156e+19,5.55231463147e-44,1.2072885578e+19,6.11414108227e+14, , , , 
156, ,0.01,5.052631065335679e-07,2.77423079199e+19,5.55231463147e-44,1.387115396e+19,6.25207089471e+14, , , , 
157, ,0.01,5.415871378079465e-07,3.18745524321e+19,5.55231463147e-44,1.59372762161e+19,6.15448184911e+14, , , , 
158, ,0.01,5.805225516094896e-07,3.66222988974e+19,5.55231463147e-44,1.83111494487e+19,5.79932521869e+14, , , , 
159, ,0.01,6.222570836730232e-07,4.20772269473e+19,5.55231463147e-44,2.10386134737e+19,5.19702095147e+14, , , , 
160, ,0.01,6.669919663030115e-07,4.83446719862e+19,5.55231463147e-44,2.41723359931e+19,4.39616555042e+14, , , , 
161, ,0.01,7.149428986597576e-07,5.55456592323e+19,5.55231463147e-44,2.77728296162e+19,3.4801971545e+14, , , , 
162, ,0.01,7.663410868007445e-07,6.3819240731e+19,5.55231463147e-44,3.19096203655e+19,2.55302830972e+14, , , , 
163, ,0.01,8.214343584919422e-07,7.33251804691e+19,5.55231463147e-44,3.66625902345e+19,1.71594112438e+14, , , , 
164, ,0.01,8.804883581643463e-07,8.42470394389e+19,5.55231463147e-44,4.21235197194e+19,1.04299737808e+14, , , , 
165, ,0.01,9.437878277775371e-07,9.67957202261e+19,5.55231463147e-44,4.83978601131e+19,5.64799170874e+13, , , , 
166, ,0.01,1.0116379797662072e-06,1.11213539568e+20,5.55231463147e-44,5.56067697838e+19,2.67831721418e+13, , , , 
167, ,0.01,1.0843659686896086e-06,1.27778907521e+20,5.55231463147e-44,6.38894537603e+19,1.09043840775e+13, , , , 
168, ,0.01,1.1623224686798522e-06,1.46811703599e+20,5.55231463147e-44,7.34058517993e+19,3.72603201017e+12, , , , 
169, ,0.01,1.2458833642950078e-06,1.68679453689e+20,5.55231463147e-44,8.43397268444e+19,1.04103206712e+12, , , , 
170, ,0.01,1.3354515629298971e-06,1.93804427027e+20,5.55231463147e-44,9.69022135134e+19,230797575558.0, , , , 
171, ,0.01,1.4314589375234786e-06,2.22671790273e+20,5.55231463147e-44,1.11335895137e+20,39227063750.6, , , , 
172, ,0.01,1.53436840893001e-06,2.55838976148e+20,5.55231463147e-44,1.27919488074e+20,4912889161.91, , , , 
173, ,0.01,1.6446761779946631e-06,2.93946447532e+20,5.55231463147e-44,1.46973223766e+20,433244771.88, , , , 
174, ,0.01,1.762914118095948e-06,3.37730064894e+20,5.55231463147e-44,1.68865032447e+20,25531803.6663, , , , 
175, ,0.01,1.8896523396912082e-06,3.88035295853e+20,5.55231463147e-44,1.94017647926e+20,946908.163735, , , , 
176, ,0.01,2.0255019392306664e-06,4.45833541278e+20,5.55231463147e-44,2.22916770639e+20,20627.9055546, , , , 
177, ,0.01,2.171117945694501e-06,5.12240893168e+20,5.55231463147e-44,2.56120446584e+20,243.839387567, , , , 
178, ,0.01,2.327202478960408e-06,5.88539686543e+20,5.55231463147e-44,2.94269843271e+20,1.42793278631, , , , 
179, ,0.01,2.494508135230317e-06,6.76203261503e+20,5.55231463147e-44,3.38101630752e+20,0.00373104193375, , , , 
180, ,0.01,2.673841615839944e-06,7.76924413634e+20,5.55231463147e-44,3.88462206817e+20,3.8571487372e-06, , , , 
181, ,0.01,2.8660676169482507e-06,8.92648082115e+20,5.55231463147e-44,4.46324041057e+20,1.37415602722e-09, , , , 
182, ,0.01,3.0721129988617524e-06,1.02560890676e+21,5.55231463147e-44,5.1280445338e+20,1.43954245218e-13, , , , 
183, ,0.01,3.292971255097148e-06,1.17837437922e+21,5.55231463147e-44,5.89187189612e+20,3.69532074852e-18, , , , 
184, ,0.01,3.5297073027306505e-06,1.3538944216e+21,5.55231463147e-44,6.76947210802e+20,1.88514881487e-23, , , , 
185, ,0.01,3.783462617131925e-06,1.55555834985e+21,5.55231463147e-44,7.77779174925e+20,1.50238419002e-29, , , , 
186, ,0.01,4.0554607358408275e-06,1.78726032191e+21,5.55231463147e-44,8.93630160955e+20,1.41861755604e-36, , , , 
187, ,0.01,4.3470131581250175e-06,2.05347453445e+21,5.55231463147e-44,1.02673726723e+21,1.15509516556e-44, , , , 
188, ,0.01,4.6595256686646765e-06,2.35934162022e+21,5.55231463147e-44,1.17967081011e+21,5.62995727083e-54, , , , 
189, ,0.01,4.99450511585514e-06,2.71076791434e+21,5.55231463147e-44,1.35538395717e+21,1.0798923386e-64, , , , 
190, ,0.01,5.353566677410719e-06,3.11453950645e+21,5.55231463147e-44,1.55726975323e+21,5.0346126221e-77, , , , 
191, ,0.01,5.738441648302393e-06,3.57845328106e+21,5.55231463147e-44,1.78922664053e+21,3.27953311901e-91, , , , 
192, ,0.01,6.150985788580505e-06,4.1114674764e+21,5.55231463147e-44,2.0557337382e+21,1.57998613878e-107, , , , 
193, ,0.01,6.593188271333541e-06,4.72387466925e+21,5.55231463147e-44,2.36193733462e+21,2.71065900248e-126, , , , 
194, ,0.01,7.067181273927492e-06,5.42750052599e+21,5.55231463147e-44,2.71375026299e+21,7.15126296805e-148, , , , 
195, ,0.01,7.575250258771904e-06,6.23593215785e+21,5.55231463147e-44,3.11796607893e+21,1.10550662303e-172, , , , 
196, ,0.01,8.119844993184007e-06,7.16478048986e+21,5.55231463147e-44,3.58239024493e+21,3.30508466024e-201, , , , 
197, ,0.01,8.703591361485167e-06,8.23198170995e+21,5.55231463147e-44,4.11599085498e+21,5.34699061431e-234, , , , 
198, ,0.01,9.329304026284676e-06,9.45814361917e+21,5.55231463147e-44,4.72907180959e+21,1.0834648304e-271, , , , 
199, ,0.01,1e-05,1.08669435712e+22,5.55231463147e-44,5.43347178558e+21,0.0, , , , 
200, ,0.010353218432956621,1e-11,9458143619.19,6.5575618998e-43,4729071805.89,0.00064195707626, , , , 
201, ,0.010353218432956621,1.0718913192051263e-11,10866943571.2,6.5575618998e-43,5433471784.74,0.000846946723456, , , , 
202, ,0.010353218432956621,1.1489510001873107e-11,12485585685.1,6.5575618998e-43,6242792842.37,0.00111791599687, , , , 
203, ,0.010353218432956621,1.2315506032928262e-11,14345326160.8,6.5575618998e-43,7172663080.37,0.00147634701065, , , , 
204, ,0.010353218432956621,1.3200884008314167e-11,16482076840.5,6.5575618998e-43,8241038420.23,0.00194912013815, , , , 
205, ,0.010353218432956621,1.4149912974345786e-11,18937098671.0,6.5575618998e-43,9468549335.51,0.00257297767532, , , , 
206, ,0.010353218432956621,1.5167168884709242e-11,21757798458.7,6.5575618998e-43,10878899229.4,0.00339551981506, , , , 
207, ,0.010353218432956621,1.6257556664437934e-11,24998644301.0,6.5575618998e-43,12499322150.5,0.00448425428614, , , , 
208, ,0.010353218432956621,1.7426333860096473e-11,28722217373.0,6.5575618998e-43,14361108686.5,0.00591717297882, , , , 
209, ,0.010353218432956621,1.8679135990207848e-11,33000420378.3,6.5575618998e-43,16500210189.1,0.00781315886561, , , , 
210, ,0.010353218432956621,2.0022003718155844e-11,37915866000.2,6.5575618998e-43,18957933000.1,0.0103125410639, , , , 
211, ,0.010353218432956621,2.1461411978584013e-11,43563472163.9,6.5575618998e-43,21781736082.0,0.0136130626018, , , , 
212, ,0.010353218432956621,2.300430119772921e-11,50052294914.4,6.5575618998e-43,25026147457.2,0.01797210935, , , , 
213, ,0.010353218432956621,2.465811075822604e-11,57507634303.6,6.5575618998e-43,28753817151.8,0.023722965099, , , , 
214, ,0.010353218432956621,2.643081486974103e-11,66073453951.5,6.5575618998e-43,33036726975.7,0.031315402937, , , , 
215, ,0.010353218432956621,2.8330961018393178e-11,75915161003.4,6.5575618998e-43,37957580501.7,0.0413421350418, , , , 
216, ,0.010353218432956621,3.036771118035461e-11,87222800164.2,6.5575618998e-43,43611400082.1,0.0545763907136, , , , 
217, ,0.010353218432956621,3.255088599835057e-11,100214723488.0,6.5575618998e-43,50107361743.9,0.0720474782989, , , , 
218, ,0.010353218432956621,3.4891012134067674e-11,115141806785.0,6.5575618998e-43,57570903392.4,0.0951093162201, , , , 
219, ,0.010353218432956621,3.739937302478801e-11,132292294069.0,6.5575618998e-43,66146147034.4,0.125553675627, , , , 
220, ,0.010353218432956621,4.0088063288984646e-11,151997363587.0,6.5575618998e-43,75998681793.7,0.165737033073, , , , 
221, ,0.010353218432956621,4.297004704320835e-11,174637522920.0,6.5575618998e-43,87318761459.8,0.218781518603, , , , 
222, ,0.010353218432956621,4.605922041145113e-11,200649956629.0,6.5575618998e-43,100324978314.0,0.28881481496, , , , 
223, ,0.010353218432956621,4.937047852839004e-11,230536968356.0,6.5575618998e-43,115268484178.0,0.38126609961, , , , 
224, ,0.010353218432956621,5.2919787359584366e-11,264875680373.0,6.5575618998e-43,132437840186.0,0.503303647132, , , , 
225, ,0.010353218432956621,5.672426068491989e-11,304329177890.0,6.5575618998e-43,152164588945.0,0.664405870345, , , , 
226, ,0.010353218432956621,6.080224261649427e-11,349659313323.0,6.5575618998e-43,174829656661.0,0.877075945646, , , , 
227, ,0.010353218432956621,6.517339604882421e-11,401741417767.0,6.5575618998e-43,200870708883.0,1.15781228012, , , , 
228, ,0.010353218432956621,6.985879746785235e-11,461581203760.0,6.5575618998e-43,230790601880.0,1.52841351691, , , , 
229, ,0.010353218432956621,7.48810385759003e-11,530334185727.0,6.5575618998e-43,265167092864.0,2.01764261137, , , , 
230, ,0.010353218432956621,8.026433522257174e-11,609327993125.0,6.5575618998e-43,304663996563.0,2.6634640541, , , , 
231, ,0.010353218432956621,8.603464416684492e-11,700088007143.0,6.5575618998e-43,350044003572.0,3.51598730236, , , , 
232, ,0.010353218432956621,9.221978823334341e-11,804366816026.0,6.5575618998e-43,402183408013.0,4.64142871593, , , , 
233, ,0.010353218432956621,9.884959046625586e-11,924178057791.0,6.5575618998e-43,462089028895.0,6.12712935027, , , , 
234, ,0.010353218432956621,1.0595601792776149e-10,1.06183530385e+12,6.5575618998e-43,530917651925.0,8.08831176276, , , , 
235, ,0.010353218432956621,1.1357333583431027e-10,1.21999673439e+12,6.5575618998e-43,609998367196.0,10.6772570458, , , , 
236, ,0.010353218432956621,1.217382727739662e-10,1.40171646821e+12,6.5575618998e-43,700858234103.0,14.0949919924, , , , 
237, ,0.010353218432956621,1.3049019780144016e-10,1.61050353812e+12,6.5575618998e-43,805251769062.0,18.6065992523, , , , 
238, ,0.010353218432956621,1.398713102647236e-10,1.85038965093e+12,6.5575618998e-43,925194825466.0,24.5623939786, , , , 
239, ,0.010353218432956621,1.4992684327860468e-10,2.12600704018e+12,6.5575618998e-43,1.06300352009e+12,32.4244598651, , , , 
240, ,0.010353218432956621,1.6070528182616384e-10,2.44267791522e+12,6.5575618998e-43,1.22133895761e+12,42.8032355905, , , , 
241, ,0.010353218432956621,1.722585965398784e-10,2.80651723382e+12,6.5575618998e-43,1.40325861691e+12,56.5039997686, , , , 
242, ,0.010353218432956621,1.8464249428955463e-10,3.22455078284e+12,6.5575618998e-43,1.61227539142e+12,74.5902045186, , , , 
243, ,0.010353218432956621,1.9791668678535569e-10,3.7048508471e+12,6.5575618998e-43,1.85242542355e+12,98.4656651179, , , , 
244, ,0.010353218432956621,2.121451784910628e-10,4.25669208632e+12,6.5575618998e-43,2.12834604316e+12,129.983422079, , , , 
245, ,0.010353218432956621,2.273965752357932e-10,4.89073063007e+12,6.5575618998e-43,2.44536531503e+12,171.589794102, , , , 
246, ,0.010353218432956621,2.4374441501222216e-10,5.61920984906e+12,6.5575618998e-43,2.80960492453e+12,226.513289805, , , , 
247, ,0.010353218432956621,2.6126752255633265e-10,6.45619677635e+12,6.5575618998e-43,3.22809838817e+12,299.017921929, , , , 
248, ,0.010353218432956621,2.8005038941836253e-10,7.41785374359e+12,6.5575618998e-43,3.70892687179e+12,394.729809169, , , , 
249, ,0.010353218432956621,3.0018358135755917e-10,8.52275047794e+12,6.5575618998e-43,4.26137523897e+12,521.077904395, , , , 
250, ,0.010353218432956621,3.2176417502507347e-10,9.79222268597e+12,6.5575618998e-43,4.89611134299e+12,687.869071276, , , , 
251, ,0.010353218432956621,3.4489622604057533e-10,1.12507840491e+13,6.5575618998e-43,5.62539202455e+12,908.047676083, , , , 
252, ,0.010353218432956621,3.696912707195032e-10,1.29265995861e+13,6.5575618998e-43,6.46329979306e+12,1198.70364879, , , , 
253, ,0.010353218432956621,3.9626886387014783e-10,1.48520295235e+13,6.5575618998e-43,7.42601476174e+12,1582.39446817, , , , 
254, ,0.010353218432956621,4.2475715525368935e-10,1.70642541758e+13,6.5575618998e-43,8.53212708791e+12,2088.89917698, , , , 
255, ,0.010353218432956621,4.552935074866938e-10,1.96059919028e+13,6.5575618998e-43,9.80299595138e+12,2757.53184673, , , , 
256, ,0.010353218432956621,4.880251583654433e-10,2.25263240063e+13,6.5575618998e-43,1.12631620032e+13,3640.18470453, , , , 
257, ,0.010353218432956621,5.231099308056258e-10,2.58816424976e+13,6.5575618998e-43,1.29408212488e+13,4805.36457861, , , , 
258, ,0.010353218432956621,5.60716993820547e-10,2.97367390341e+13,6.5575618998e-43,1.48683695171e+13,6343.50174132, , , , 
259, ,0.010353218432956621,6.010276782070387e-10,3.41660560556e+13,6.5575618998e-43,1.70830280278e+13,8373.98142484, , , , 
260, ,0.010353218432956621,6.442363508721371e-10,3.92551242775e+13,6.5575618998e-43,1.96275621388e+13,11054.3896097, , , , 
261, ,0.010353218432956621,6.905513520162316e-10,4.51022143011e+13,6.5575618998e-43,2.25511071506e+13,14592.7648244, , , , 
262, ,0.010353218432956621,7.401959996915653e-10,5.18202342319e+13,6.5575618998e-43,2.5910117116e+13,19263.7278891, , , , 
263, ,0.010353218432956621,7.934096665797492e-10,5.95389099507e+13,6.5575618998e-43,2.97694549754e+13,25429.8089603, , , , 
264, ,0.010353218432956621,8.504489341802668e-10,6.8407290138e+13,6.5575618998e-43,3.4203645069e+13,33569.5691329, , , , 
265, ,0.010353218432956621,9.115888299750837e-10,7.85966244241e+13,6.5575618998e-43,3.92983122121e+13,44314.753, , , , 
266, ,0.010353218432956621,9.771241535346502e-10,9.03036702434e+13,6.5575618998e-43,4.51518351217e+13,58499.3359088, , , , 
267, ,0.010353218432956621,1.0473708979594486e-09,1.03754492247e+14,6.5575618998e-43,5.18772461234e+13,77224.2051542, , , , 
268, ,0.010353218432956621,1.1226677735108114e-09,1.19208827641e+14,6.5575618998e-43,5.96044138204e+13,101942.636534, , , , 
269, ,0.010353218432956621,1.2033778407775904e-09,1.36965101749e+14,6.5575618998e-43,6.84825508746e+13,134573.084102, , , , 
270, ,0.010353218432956621,1.289890261253308e-09,1.57366190645e+14,6.5575618998e-43,7.86830953227e+13,177648.05498, , , , 
271, ,0.010353218432956621,1.3826221737646535e-09,1.80806042138e+14,6.5575618998e-43,9.04030210689e+13,234510.664034, , , , 
272, ,0.010353218432956621,1.4820207057988602e-09,2.07737282954e+14,6.5575618998e-43,1.03868641477e+14,309574.066594, , , , 
273, ,0.010353218432956621,1.5885651294280526e-09,2.38679959026e+14,6.5575618998e-43,1.19339979513e+14,408664.026113, , , , 
274, ,0.010353218432956621,1.702769172225898e-09,2.74231577648e+14,6.5575618998e-43,1.37115788824e+14,539470.970109, , , , 
275, ,0.010353218432956621,1.825183494319039e-09,3.15078645421e+14,6.5575618998e-43,1.57539322711e+14,712146.819895, , , , 
276, ,0.010353218432956621,1.956398343517065e-09,3.62009924795e+14,6.5575618998e-43,1.81004962397e+14,940092.902366, , , , 
277, ,0.010353218432956621,2.0970464013232305e-09,4.15931665171e+14,6.5575618998e-43,2.07965832585e+14,1240999.88834, , , , 
278, ,0.010353218432956621,2.2478058335487307e-09,4.77885102707e+14,6.5575618998e-43,2.38942551354e+14,1638220.66396, , , , 
279, ,0.010353218432956621,2.409403560239527e-09,5.4906656673e+14,6.5575618998e-43,2.74533283365e+14,2162582.66339, , , , 
280, ,0.010353218432956621,2.582618760682675e-09,6.30850581014e+14,6.5575618998e-43,3.15425290507e+14,2854779.87883, , , , 
281, ,0.010353218432956621,2.768286630392061e-09,7.24816406025e+14,6.5575618998e-43,3.62408203012e+14,3768530.85274, , , , 
282, ,0.010353218432956621,2.9673024081888724e-09,8.32778534654e+14,6.5575618998e-43,4.16389267327e+14,4974746.85193, , , , 
283, ,0.010353218432956621,3.180625692794119e-09,9.56821730326e+14,6.5575618998e-43,4.78410865163e+14,6567034.34982, , , , 
284, ,0.010353218432956621,3.409285069746807e-09,1.09934128406e+15,6.5575618998e-43,5.49670642029e+14,8668957.87509, , , , 
285, ,0.010353218432956621,3.654383070957262e-09,1.26308926787e+15,6.5575618998e-43,6.31544633933e+14,11443626.848, , , , 
286, ,0.010353218432956621,3.917101490809261e-09,1.45122767764e+15,6.5575618998e-43,7.2561383882e+14,15106350.5253, , , , 
287, ,0.010353218432956621,4.198707084443906e-09,1.66738949172e+15,6.5575618998e-43,8.33694745862e+14,19941341.1175, , , , 
288, ,0.010353218432956621,4.500557675700488e-09,1.91574882422e+15,6.5575618998e-43,9.5787441211e+14,26323761.5063, , , , 
289, ,0.010353218432956621,4.824108704165374e-09,2.20110152769e+15,6.5575618998e-43,1.10055076385e+15,34748824.8998, , , , 
290, ,0.010353218432956621,5.170920242896755e-09,2.52895780176e+15,6.5575618998e-43,1.26447890088e+15,45870205.5853, , , , 
291, ,0.010353218432956621,5.542664520663096e-09,2.90564859576e+15,6.5575618998e-43,1.45282429788e+15,60550731.6696, , , , 
292, ,0.010353218432956621,5.941133984965041e-09,3.33844786029e+15,6.5575618998e-43,1.66922393015e+15,79929293.0088, , , , 
293, ,0.010353218432956621,6.3682499447185856e-09,3.83571300816e+15,6.5575618998e-43,1.91785650408e+15,105509144.276, , , , 
294, ,0.010353218432956621,6.826071834272379e-09,4.40704629715e+15,6.5575618998e-43,2.20352314858e+15,139274438.744, , , , 
295, ,0.010353218432956621,7.316807143427175e-09,5.06348025099e+15,6.5575618998e-43,2.53174012549e+15,183844016.691, , , , 
296, ,0.010353218432956621,7.842822061337681e-09,5.8176906988e+15,6.5575618998e-43,2.9088453494e+15,242674347.262, , , , 
297, ,0.010353218432956621,8.406652885618316e-09,6.68424154717e+15,6.5575618998e-43,3.34212077358e+15,320327314.813, , , , 
298, ,0.010353218432956621,9.011018251665036e-09,7.67986601111e+15,6.5575618998e-43,3.83993300555e+15,422823556.183, , , , 
299, ,0.010353218432956621,9.658832241158707e-09,8.82378973477e+15,6.5575618998e-43,4.41189486738e+15,558108636.514, , , , 
300, ,0.010353218432956621,1.0353218432956616e-08,1.01381020412e+16,6.5575618998e-43,5.0690510206e+15,736668060.239, , , , 
301, ,0.010353218432956621,1.1097524964120722e-08,1.16481824802e+16,6.5575618998e-43,5.82409124012e+15,972338546.413, , , , 
302, ,0.010353218432956621,1.1895340673703208e-08,1.3383190911e+16,6.5575618998e-43,6.69159545552e+15,1283378093.47, , , , 
303, ,0.010353218432956621,1.2750512407130128e-08,1.53766305829e+16,6.5575618998e-43,7.68831529147e+15,1693877214.15, , , , 
304, ,0.010353218432956621,1.3667163564620044e-08,1.76669950878e+16,6.5575618998e-43,8.83349754389e+15,2235619827.86, , , , 
305, ,0.010353218432956621,1.4649713983072853e-08,2.02985116764e+16,6.5575618998e-43,1.01492558382e+16,2950536710.46, , , , 
306, ,0.010353218432956621,1.5702901247293774e-08,2.33219952929e+16,6.5575618998e-43,1.16609976465e+16,3893939551.11, , , , 
307, ,0.010353218432956621,1.683180353330955e-08,2.67958298182e+16,6.5575618998e-43,1.33979149091e+16,5138783059.42, , , , 
308, ,0.010353218432956621,1.8041864093920717e-08,3.07870954704e+16,6.5575618998e-43,1.53935477352e+16,6781280517.84, , , , 
309, ,0.010353218432956621,1.933891750455232e-08,3.53728641336e+16,6.5575618998e-43,1.76864320668e+16,8948300437.6, , , , 
310, ,0.010353218432956621,2.0729217795953697e-08,4.06416876258e+16,6.5575618998e-43,2.03208438129e+16,11807105982.3, , , , 
311, ,0.010353218432956621,2.221946860939524e-08,4.6695307647e+16,6.5575618998e-43,2.33476538235e+16,15578174322.2, , , , 
312, ,0.010353218432956621,2.3816855519761606e-08,5.3650620425e+16,6.5575618998e-43,2.68253102125e+16,20552062445.8, , , , 
313, ,0.010353218432956621,2.552908068239516e-08,6.1641933998e+16,6.5575618998e-43,3.0820966999e+16,27111585414.2, , , , 
314, ,0.010353218432956621,2.7364399970746666e-08,7.08235617205e+16,6.5575618998e-43,3.54117808602e+16,35760963426.6, , , , 
315, ,0.010353218432956621,2.933166278390042e-08,8.13728020756e+16,6.5575618998e-43,4.06864010378e+16,47164101363.8, , , , 
316, ,0.010353218432956621,3.1440354715915e-08,9.34933623328e+16,6.5575618998e-43,4.67466811664e+16,62194823372.6, , , , 
317, ,0.010353218432956621,3.370064329271925e-08,1.07419292163e+17,6.5575618998e-43,5.37096460816e+16,82002736481.6, , , , 
318, ,0.010353218432956621,3.612342699709431e-08,1.2341950317e+17,6.5575618998e-43,6.17097515851e+16,108099496306.0, , , , 
319, ,0.010353218432956621,3.872038781812557e-08,1.4180296161e+17,6.5575618998e-43,7.0901480805e+16,142471658335.0, , , , 
320, ,0.010353218432956621,4.1504047578504727e-08,1.62924654571e+17,6.5575618998e-43,8.14623272857e+16,187728102282.0, , , , 
321, ,0.010353218432956621,4.448782831127585e-08,1.87192444825e+17,6.5575618998e-43,9.35962224125e+16,247292309956.0, , , , 
322, ,0.010353218432956621,4.768611697714474e-08,2.15074946709e+17,6.5575618998e-43,1.07537473355e+17,325652671675.0, , , , 
323, ,0.010353218432956621,5.111433483440165e-08,2.47110575137e+17,6.5575618998e-43,1.23555287568e+17,428687621627.0, , , , 
324, ,0.010353218432956621,5.478901179593934e-08,2.8391794246e+17,6.5575618998e-43,1.4195897123e+17,564086894855.0, , , , 
325, ,0.010353218432956621,5.872786613189478e-08,3.26207803961e+17,6.5575618998e-43,1.6310390198e+17,741895694913.0, , , , 
326, ,0.010353218432956621,6.294988990221888e-08,3.7479678263e+17,6.5575618998e-43,1.87398391315e+17,975215174984.0, , , , 
327, ,0.010353218432956621,6.747544053110687e-08,4.30623138269e+17,6.5575618998e-43,2.15311569135e+17,1.28110042039e+12, , , , 
328, ,0.010353218432956621,7.232633896483534e-08,4.94764885418e+17,6.5575618998e-43,2.47382442709e+17,1.68170601383e+12, , , , 
329, ,0.010353218432956621,7.752597488629465e-08,5.68460609959e+17,6.5575618998e-43,2.8423030498e+17,2.2057389869e+12, , , , 
330, ,0.010353218432956621,8.309941949353386e-08,6.5313338638e+17,6.5575618998e-43,3.2656669319e+17,2.89028887985e+12, , , , 
331, ,0.010353218432956621,8.907354638610439e-08,7.50418257536e+17,6.5575618998e-43,3.75209128768e+17,3.78311353874e+12, , , , 
332, ,0.010353218432956621,9.547716114208066e-08,8.62193807555e+17,6.5575618998e-43,4.31096903778e+17,4.94546509864e+12, , , , 
333, ,0.010353218432956621,1.0234114021054528e-07,9.90618437546e+17,6.5575618998e-43,4.95309218773e+17,6.45553994731e+12, , , , 
334, ,0.010353218432956621,1.0969857978923841e-07,1.13817204462e+18,6.5575618998e-43,5.69086022311e+17,8.41262409555e+12, , , , 
335, ,0.010353218432956621,1.1758495540521555e-07,1.30770390905e+18,6.5575618998e-43,6.53851954527e+17,1.09419734675e+13, , , , 
336, ,0.010353218432956621,1.2603829296797277e-07,1.50248771426e+18,6.5575618998e-43,7.51243857128e+17,1.42004059305e+13, , , , 
337, ,0.010353218432956621,1.350993521198025e-07,1.72628476206e+18,6.5575618998e-43,8.63142381032e+17,1.83824729065e+13, , , , 
338, ,0.010353218432956621,1.4481182276745328e-07,1.98341660398e+18,6.5575618998e-43,9.91708301991e+17,2.3726902751e+13, , , , 
339, ,0.010353218432956621,1.552225357427048e-07,2.27884849093e+18,6.5575618998e-43,1.13942424547e+18,3.05227405734e+13, , , , 
340, ,0.010353218432956621,1.6638168860761273e-07,2.61828525293e+18,6.5575618998e-43,1.30914262647e+18,3.91142214276e+13, , , , 
341, ,0.010353218432956621,1.7834308769319093e-07,3.00828146013e+18,6.5575618998e-43,1.50414073007e+18,4.9902878867e+13, , , , 
342, ,0.010353218432956621,1.9116440753857e-07,3.45636799246e+18,6.5575618998e-43,1.72818399623e+18,6.3344692651e+13, , , , 
343, ,0.010353218432956621,2.049074689815846e-07,3.97119746196e+18,6.5575618998e-43,1.98559873098e+18,7.99392300532e+13, , , , 
344, ,0.010353218432956621,2.1963853724165468e-07,4.56271129586e+18,6.5575618998e-43,2.28135564793e+18,1.00206803077e+14, , , , 
345, ,0.010353218432956621,2.3542864143224158e-07,5.24233170694e+18,6.5575618998e-43,2.62116585347e+18,1.24648814999e+14, , , , 
346, ,0.010353218432956621,2.523539170434766e-07,6.023182258e+18,6.5575618998e-43,3.011591129e+18,1.53686021481e+14, , , , 
347, ,0.010353218432956621,2.7049597304631316e-07,6.92034127964e+18,6.5575618998e-43,3.46017063982e+18,1.87569910721e+14, , , , 
348, ,0.010353218432956621,2.899422853882875e-07,7.95113303489e+18,6.5575618998e-43,3.97556651744e+18,2.26264587159e+14, , , , 
349, ,0.010353218432956621,3.107866187782014e-07,9.13546225305e+18,6.5575618998e-43,4.56773112653e+18,2.69301412537e+14, , , , 
350, ,0.010353218432956621,3.33129478793467e-07,1.04961984928e+19,6.5575618998e-43,5.24809924641e+18,3.15617237736e+14, , , , 
351, ,0.010353218432956621,3.5707859649004626e-07,1.20596177565e+19,6.5575618998e-43,6.02980887824e+18,3.63399956789e+14, , , , 
352, ,0.010353218432956621,3.827494478516307e-07,1.38559098832e+19,6.5575618998e-43,6.9279549416e+18,4.0998171494e+14, , , , 
353, ,0.010353218432956621,4.1026581058271904e-07,1.59197615188e+19,6.5575618998e-43,7.9598807594e+18,4.51837384121e+14, , , , 
354, ,0.010353218432956621,4.397603609302722e-07,1.82910259198e+19,6.5575618998e-43,9.14551295989e+18,4.84757189223e+14, , , , 
355, ,0.010353218432956621,4.7137531341167185e-07,2.1015492525e+19,6.5575618998e-43,1.05077462625e+19,5.04256718048e+14, , , , 
356, ,0.010353218432956621,5.052631065335679e-07,2.4145771156e+19,6.5575618998e-43,1.2072885578e+19,5.06251515061e+14, , , , 
357, ,0.010353218432956621,5.415871378079465e-07,2.774230792e+19,6.5575618998e-43,1.387115396e+19,4.87946758362e+14, , , , 
358, ,0.010353218432956621,5.805225516094896e-07,3.18745524322e+19,6.5575618998e-43,1.59372762161e+19,4.48778757158e+14, , , , 
359, ,0.010353218432956621,6.222570836730232e-07,3.66222988975e+19,6.5575618998e-43,1.83111494487e+19,3.91124756003e+14, , , , 
360, ,0.010353218432956621,6.669919663030115e-07,4.20772269474e+19,6.5575618998e-43,2.10386134737e+19,3.2043465181e+14, , , , 
361, ,0.010353218432956621,7.149428986597576e-07,4.83446719863e+19,6.5575618998e-43,2.41723359932e+19,2.44514235066e+14, , , , 
362, ,0.010353218432956621,7.663410868007445e-07,5.55456592324e+19,6.5575618998e-43,2.77728296162e+19,1.71954193798e+14, , , , 
363, ,0.010353218432956621,8.214343584919422e-07,6.38192407311e+19,6.5575618998e-43,3.19096203656e+19,1.10099192605e+14, , , , 
364, ,0.010353218432956621,8.804883581643463e-07,7.33251804692e+19,6.5575618998e-43,3.66625902346e+19,6.32922270641e+13, , , , 
365, ,0.010353218432956621,9.437878277775371e-07,8.4247039439e+19,6.5575618998e-43,4.21235197195e+19,3.21469543274e+13, , , , 
366, ,0.010353218432956621,1.0116379797662072e-06,9.67957202263e+19,6.5575618998e-43,4.83978601131e+19,1.41625806264e+13, , , , 
367, ,0.010353218432956621,1.0843659686896086e-06,1.11213539568e+20,6.5575618998e-43,5.56067697839e+19,5.29852325019e+12, , , , 
368, ,0.010353218432956621,1.1623224686798522e-06,1.27778907521e+20,6.5575618998e-43,6.38894537604e+19,1.64286974806e+12, , , , 
369, ,0.010353218432956621,1.2458833642950078e-06,1.46811703599e+20,6.5575618998e-43,7.34058517995e+19,410523664502.0, , , , 
370, ,0.010353218432956621,1.3354515629298971e-06,1.68679453689e+20,6.5575618998e-43,8.43397268446e+19,80057377556.6, , , , 
371, ,0.010353218432956621,1.4314589375234786e-06,1.93804427027e+20,6.5575618998e-43,9.69022135136e+19,11742343604.9, , , , 
372, ,0.010353218432956621,1.53436840893001e-06,2.22671790274e+20,6.5575618998e-43,1.11335895137e+20,1241571638.06, , , , 
373, ,0.010353218432956621,1.6446761779946631e-06,2.55838976148e+20,6.5575618998e-43,1.27919488074e+20,90132412.2322, , , , 
374, ,0.010353218432956621,1.762914118095948e-06,2.93946447533e+20,6.5575618998e-43,1.46973223766e+20,4247736.43575, , , , 
375, ,0.010353218432956621,1.8896523396912082e-06,3.37730064894e+20,6.5575618998e-43,1.68865032447e+20,121857.823823, , , , 
376, ,0.010353218432956621,2.0255019392306664e-06,3.88035295853e+20,6.5575618998e-43,1.94017647927e+20,1976.3215413, , , , 
377, ,0.010353218432956621,2.171117945694501e-06,4.45833541279e+20,6.5575618998e-43,2.22916770639e+20,16.644708861, , , , 
378, ,0.010353218432956621,2.327202478960408e-06,5.12240893169e+20,6.5575618998e-43,2.56120446585e+20,0.0660267487738, , , , 
379, ,0.010353218432956621,2.494508135230317e-06,5.88539686544e+20,6.5575618998e-43,2.94269843272e+20,0.000110277142518, , , , 
380, ,0.010353218432956621,2.673841615839944e-06,6.76203261504e+20,6.5575618998e-43,3.38101630752e+20,6.81734632469e-08, , , , 
381, ,0.010353218432956621,2.8660676169482507e-06,7.76924413635e+20,6.5575618998e-43,3.88462206818e+20,1.34529308501e-11, , , , 
382, ,0.010353218432956621,3.0721129988617524e-06,8.92648082116e+20,6.5575618998e-43,4.46324041058e+20,7.14860277247e-16, , , , 
383, ,0.010353218432956621,3.292971255097148e-06,1.02560890676e+21,6.5575618998e-43,5.12804453381e+20,8.41310424272e-21, , , , 
384, ,0.010353218432956621,3.5297073027306505e-06,1.17837437923e+21,6.5575618998e-43,5.89187189613e+20,1.75189725414e-26, , , , 
385, ,0.010353218432956621,3.783462617131925e-06,1.35389442161e+21,6.5575618998e-43,6.76947210803e+20,4.98700635287e-33, , , , 
386, ,0.010353218432956621,4.0554607358408275e-06,1.55555834985e+21,6.5575618998e-43,7.77779174927e+20,1.44285803326e-40, , , , 
387, ,0.010353218432956621,4.3470131581250175e-06,1.78726032191e+21,6.5575618998e-43,8.93630160957e+20,3.0182777871e-49, , , , 
388, ,0.010353218432956621,4.6595256686646765e-06,2.05347453446e+21,6.5575618998e-43,1.02673726723e+21,3.08685603284e-59, , , , 
389, ,0.010353218432956621,4.99450511585514e-06,2.35934162022e+21,6.5575618998e-43,1.17967081011e+21,9.84585586954e-71, , , , 
390, ,0.010353218432956621,5.353566677410719e-06,2.71076791434e+21,6.5575618998e-43,1.35538395717e+21,5.84315597969e-84, , , , 
391, ,0.010353218432956621,5.738441648302393e-06,3.11453950646e+21,6.5575618998e-43,1.55726975323e+21,3.56420178274e-99, , , , 
392, ,0.010353218432956621,6.150985788580505e-06,3.57845328107e+21,6.5575618998e-43,1.78922664053e+21,1.12998270371e-116, , , , 
393, ,0.010353218432956621,6.593188271333541e-06,4.11146747641e+21,6.5575618998e-43,2.0557337382e+21,8.50632062149e-137, , , , 
394, ,0.010353218432956621,7.067181273927492e-06,4.72387466925e+21,6.5575618998e-43,2.36193733463e+21,6.18101447482e-160, , , , 
395, ,0.010353218432956621,7.575250258771904e-06,5.427500526e+21,6.5575618998e-43,2.713750263e+21,1.54129876365e-186, , , , 
396, ,0.010353218432956621,8.119844993184007e-06,6.23593215786e+21,6.5575618998e-43,3.11796607893e+21,4.01961509314e-217, , , , 
397, ,0.010353218432956621,8.703591361485167e-06,7.16478048988e+21,6.5575618998e-43,3.58239024494e+21,2.79930375766e-252, , , , 
398, ,0.010353218432956621,9.329304026284676e-06,8.23198170997e+21,6.5575618998e-43,4.11599085498e+21,1.08459549739e-292, , , , 
399, ,0.010353218432956621,1e-05,9.45814361919e+21,6.5575618998e-43,4.72907180959e+21,0.0, , , , 
400, ,0.010718913192051276,1e-11,8231981709.98,2.5885050009e-44,3862753373.38,0.00056181106168, , , , 
401, ,0.010718913192051276,1.0718913192051263e-11,9458143619.21,2.5885050009e-44,4511312574.06,0.000753591513907, , , , 
402, ,0.010718913192051276,1.1489510001873107e-11,10866943571.2,2.5885050009e-44,5250496670.6,0.00100788757474, , , , 
403, ,0.010718913192051276,1.2315506032928262e-11,12485585685.1,2.5885050009e-44,6092751880.19,0.00134380584136, , , , 
404, ,0.010718913192051276,1.3200884008314167e-11,14345326160.8,2.5885050009e-44,7052763764.77,0.0017883997871, , , , 
405, ,0.010718913192051276,1.4149912974345786e-11,16482076840.5,2.5885050009e-44,8147811205.25,0.00237308694753, , , , 
406, ,0.010718913192051276,1.5167168884709242e-11,18937098671.1,2.5885050009e-44,9398136110.94,0.00314443438779, , , , 
407, ,0.010718913192051276,1.6257556664437934e-11,21757798458.8,2.5885050009e-44,10827335113.1,0.00416215536152, , , , 
408, ,0.010718913192051276,1.7426333860096473e-11,24998644301.1,2.5885050009e-44,12462784261.8,0.00550518450635, , , , 
409, ,0.010718913192051276,1.8679135990207848e-11,28722217373.0,2.5885050009e-44,14336112018.6,0.00727581846666, , , , 
410, ,0.010718913192051276,2.0022003718155844e-11,33000420378.4,2.5885050009e-44,16483739219.8,0.0096100201856, , , , 
411, ,0.010718913192051276,2.1461411978584013e-11,37915866000.3,2.5885050009e-44,18947506911.1,0.0126952168497, , , , 
412, ,0.010718913192051276,2.300430119772921e-11,43563472164.0,2.5885050009e-44,21775413956.6,0.0167628332401, , , , 
413, ,0.010718913192051276,2.465811075822604e-11,50052294914.5,2.5885050009e-44,25022486274.3,0.0221309304112, , , , 
414, ,0.010718913192051276,2.643081486974103e-11,57507634303.7,2.5885050009e-44,28751798915.6,0.0292158051961, , , , 
415, ,0.010718913192051276,2.8330961018393178e-11,66073453951.6,2.5885050009e-44,33035671657.8,0.0385682503658, , , , 
416, ,0.010718913192051276,3.036771118035461e-11,75915161003.5,2.5885050009e-44,37957059054.0,0.0509152565716, , , , 
417, ,0.010718913192051276,3.255088599835057e-11,87222800164.4,2.5885050009e-44,43611157594.6,0.0672084495508, , , , 
418, ,0.010718913192051276,3.4891012134067674e-11,100214723488.0,2.5885050009e-44,50107256080.1,0.0887261440482, , , , 
419, ,0.010718913192051276,3.739937302478801e-11,115141806785.0,2.5885050009e-44,57570860449.5,0.117127106219, , , , 
420, ,0.010718913192051276,4.0088063288984646e-11,132292294069.0,2.5885050009e-44,66146130838.4,0.154618116187, , , , 
421, ,0.010718913192051276,4.297004704320835e-11,151997363588.0,2.5885050009e-44,75998676155.5,0.204111745196, , , , 
422, ,0.010718913192051276,4.605922041145113e-11,174637522920.0,2.5885050009e-44,87318759658.6,0.26944185587, , , , 
423, ,0.010718913192051276,4.937047852839004e-11,200649956629.0,2.5885050009e-44,100324977790.0,0.355702132428, , , , 
424, ,0.010718913192051276,5.2919787359584366e-11,230536968357.0,2.5885050009e-44,115268484040.0,0.469547685063, , , , 
425, ,0.010718913192051276,5.672426068491989e-11,264875680373.0,2.5885050009e-44,132437840154.0,0.619852015998, , , , 
426, ,0.010718913192051276,6.080224261649427e-11,304329177890.0,2.5885050009e-44,152164588938.0,0.818241742524, , , , 
427, ,0.010718913192051276,6.517339604882421e-11,349659313323.0,2.5885050009e-44,174829656660.0,1.08015484053, , , , 
428, ,0.010718913192051276,6.985879746785235e-11,401741417768.0,2.5885050009e-44,200870708884.0,1.42590245375, , , , 
429, ,0.010718913192051276,7.48810385759003e-11,461581203761.0,2.5885050009e-44,230790601880.0,1.88229661024, , , , 
430, ,0.010718913192051276,8.026433522257174e-11,530334185729.0,2.5885050009e-44,265167092864.0,2.48480462775, , , , 
431, ,0.010718913192051276,8.603464416684492e-11,609327993126.0,2.5885050009e-44,304663996563.0,3.28019501166, , , , 
432, ,0.010718913192051276,9.221978823334341e-11,700088007145.0,2.5885050009e-44,350044003572.0,4.33014177259, , , , 
433, ,0.010718913192051276,9.884959046625586e-11,804366816028.0,2.5885050009e-44,402183408014.0,5.71615391193, , , , 
434, ,0.010718913192051276,1.0595601792776149e-10,924178057793.0,2.5885050009e-44,462089028896.0,7.54580710216, , , , 
435, ,0.010718913192051276,1.1357333583431027e-10,1.06183530385e+12,2.5885050009e-44,530917651926.0,9.96116607278, , , , 
436, ,0.010718913192051276,1.217382727739662e-10,1.2199967344e+12,2.5885050009e-44,609998367198.0,13.1495902447, , , , 
437, ,0.010718913192051276,1.3049019780144016e-10,1.40171646821e+12,2.5885050009e-44,700858234104.0,17.3586336036, , , , 
438, ,0.010718913192051276,1.398713102647236e-10,1.61050353813e+12,2.5885050009e-44,805251769064.0,22.9148748273, , , , 
439, ,0.010718913192051276,1.4992684327860468e-10,1.85038965094e+12,2.5885050009e-44,925194825468.0,30.2498208864, , , , 
440, ,0.010718913192051276,1.6070528182616384e-10,2.12600704018e+12,2.5885050009e-44,1.06300352009e+12,39.9323386479, , , , 
441, ,0.010718913192051276,1.722585965398784e-10,2.44267791522e+12,2.5885050009e-44,1.22133895761e+12,52.7142415278, , , , 
442, ,0.010718913192051276,1.8464249428955463e-10,2.80651723383e+12,2.5885050009e-44,1.40325861691e+12,69.5875683438, , , , 
443, ,0.010718913192051276,1.9791668678535569e-10,3.22455078285e+12,2.5885050009e-44,1.61227539142e+12,91.861659223, , , , 
444, ,0.010718913192051276,2.121451784910628e-10,3.70485084711e+12,2.5885050009e-44,1.85242542355e+12,121.26541135, , , , 
445, ,0.010718913192051276,2.273965752357932e-10,4.25669208633e+12,2.5885050009e-44,2.12834604317e+12,160.081153223, , , , 
446, ,0.010718913192051276,2.4374441501222216e-10,4.89073063008e+12,2.5885050009e-44,2.44536531504e+12,211.321253566, , , , 
447, ,0.010718913192051276,2.6126752255633265e-10,5.61920984908e+12,2.5885050009e-44,2.80960492454e+12,278.962730158, , , , 
448, ,0.010718913192051276,2.8005038941836253e-10,6.45619677636e+12,2.5885050009e-44,3.22809838818e+12,368.255027247, , , , 
449, ,0.010718913192051276,3.0018358135755917e-10,7.4178537436e+12,2.5885050009e-44,3.7089268718e+12,486.129733995, , , , 
450, ,0.010718913192051276,3.2176417502507347e-10,8.52275047796e+12,2.5885050009e-44,4.26137523898e+12,641.734130416, , , , 
451, ,0.010718913192051276,3.4489622604057533e-10,9.79222268599e+12,2.5885050009e-44,4.896111343e+12,847.145229608, , , , 
452, ,0.010718913192051276,3.696912707195032e-10,1.12507840491e+13,2.5885050009e-44,5.62539202456e+12,1118.30686195, , , , 
453, ,0.010718913192051276,3.9626886387014783e-10,1.29265995861e+13,2.5885050009e-44,6.46329979307e+12,1476.26297283, , , , 
454, ,0.010718913192051276,4.2475715525368935e-10,1.48520295235e+13,2.5885050009e-44,7.42601476176e+12,1948.79834263, , , , 
455, ,0.010718913192051276,4.552935074866938e-10,1.70642541759e+13,2.5885050009e-44,8.53212708793e+12,2572.5849446, , , , 
456, ,0.010718913192051276,4.880251583654433e-10,1.96059919028e+13,2.5885050009e-44,9.8029959514e+12,3396.03766948, , , , 
457, ,0.010718913192051276,5.231099308056258e-10,2.25263240064e+13,2.5885050009e-44,1.12631620032e+13,4483.0688089, , , , 
458, ,0.010718913192051276,5.60716993820547e-10,2.58816424977e+13,2.5885050009e-44,1.29408212488e+13,5918.04475688, , , , 
459, ,0.010718913192051276,6.010276782070387e-10,2.97367390342e+13,2.5885050009e-44,1.48683695171e+13,7812.34107253, , , , 
460, ,0.010718913192051276,6.442363508721371e-10,3.41660560556e+13,2.5885050009e-44,1.70830280278e+13,10312.9728532, , , , 
461, ,0.010718913192051276,6.905513520162316e-10,3.92551242776e+13,2.5885050009e-44,1.96275621388e+13,13614.0293153, , , , 
462, ,0.010718913192051276,7.401959996915653e-10,4.51022143012e+13,2.5885050009e-44,2.25511071506e+13,17971.7111765, , , , 
463, ,0.010718913192051276,7.934096665797492e-10,5.1820234232e+13,2.5885050009e-44,2.5910117116e+13,23724.2298959, , , , 
464, ,0.010718913192051276,8.504489341802668e-10,5.95389099509e+13,2.5885050009e-44,2.97694549754e+13,31318.0573204, , , , 
465, ,0.010718913192051276,9.115888299750837e-10,6.84072901381e+13,2.5885050009e-44,3.4203645069e+13,41342.5646987, , , , 
466, ,0.010718913192051276,9.771241535346502e-10,7.85966244243e+13,2.5885050009e-44,3.92983122121e+13,54575.7807845, , , , 
467, ,0.010718913192051276,1.0473708979594486e-09,9.03036702436e+13,2.5885050009e-44,4.51518351218e+13,72044.7600743, , , , 
468, ,0.010718913192051276,1.1226677735108114e-09,1.03754492247e+14,2.5885050009e-44,5.18772461235e+13,95105.3201237, , , , 
469, ,0.010718913192051276,1.2033778407775904e-09,1.19208827641e+14,2.5885050009e-44,5.96044138205e+13,125547.213289, , , , 
470, ,0.010718913192051276,1.289890261253308e-09,1.36965101749e+14,2.5885050009e-44,6.84825508747e+13,165733.104789, , , , 
471, ,0.010718913192051276,1.3826221737646535e-09,1.57366190646e+14,2.5885050009e-44,7.86830953229e+13,218781.871464, , , , 
472, ,0.010718913192051276,1.4820207057988602e-09,1.80806042138e+14,2.5885050009e-44,9.0403021069e+13,288810.678416, , , , 
473, ,0.010718913192051276,1.5885651294280526e-09,2.07737282954e+14,2.5885050009e-44,1.03868641477e+14,381254.523635, , , , 
474, ,0.010718913192051276,1.702769172225898e-09,2.38679959027e+14,2.5885050009e-44,1.19339979513e+14,503288.01034, , , , 
475, ,0.010718913192051276,1.825183494319039e-09,2.74231577648e+14,2.5885050009e-44,1.37115788824e+14,664382.123395, , , , 
476, ,0.010718913192051276,1.956398343517065e-09,3.15078645422e+14,2.5885050009e-44,1.57539322711e+14,877039.255075, , , , 
477, ,0.010718913192051276,2.0970464013232305e-09,3.62009924795e+14,2.5885050009e-44,1.81004962398e+14,1157763.49969, , , , 
478, ,0.010718913192051276,2.2478058335487307e-09,4.15931665171e+14,2.5885050009e-44,2.07965832586e+14,1528341.2695, , , , 
479, ,0.010718913192051276,2.409403560239527e-09,4.77885102708e+14,2.5885050009e-44,2.38942551354e+14,2017532.15798, , , , 
480, ,0.010718913192051276,2.582618760682675e-09,5.49066566731e+14,2.5885050009e-44,2.74533283366e+14,2663300.36836, , , , 
481, ,0.010718913192051276,2.768286630392061e-09,6.30850581015e+14,2.5885050009e-44,3.15425290508e+14,3515760.97665, , , , 
482, ,0.010718913192051276,2.9673024081888724e-09,7.24816406026e+14,2.5885050009e-44,3.62408203013e+14,4641068.28858, , , , 
483, ,0.010718913192051276,3.180625692794119e-09,8.32778534656e+14,2.5885050009e-44,4.16389267328e+14,6126549.21988, , , , 
484, ,0.010718913192051276,3.409285069746807e-09,9.56821730327e+14,2.5885050009e-44,4.78410865164e+14,8087478.43579, , , , 
485, ,0.010718913192051276,3.654383070957262e-09,1.09934128406e+15,2.5885050009e-44,5.4967064203e+14,10676022.7079, , , , 
486, ,0.010718913192051276,3.917101490809261e-09,1.26308926787e+15,2.5885050009e-44,6.31544633934e+14,14093045.1327, , , , 
487, ,0.010718913192051276,4.198707084443906e-09,1.45122767764e+15,2.5885050009e-44,7.25613838822e+14,18603688.4542, , , , 
488, ,0.010718913192051276,4.500557675700488e-09,1.66738949173e+15,2.5885050009e-44,8.33694745864e+14,24557941.5868, , , , 
489, ,0.010718913192051276,4.824108704165374e-09,1.91574882422e+15,2.5885050009e-44,9.57874412111e+14,32417786.6551, , , , 
490, ,0.010718913192051276,5.170920242896755e-09,2.2011015277e+15,2.5885050009e-44,1.10055076385e+15,42793028.9423, , , , 
491, ,0.010718913192051276,5.542664520663096e-09,2.52895780176e+15,2.5885050009e-44,1.26447890088e+15,56488586.4975, , , , 
492, ,0.010718913192051276,5.941133984965041e-09,2.90564859577e+15,2.5885050009e-44,1.45282429788e+15,74566902.4859, , , , 
493, ,0.010718913192051276,6.3682499447185856e-09,3.3384478603e+15,2.5885050009e-44,1.66922393015e+15,98430314.729, , , , 
494, ,0.010718913192051276,6.826071834272379e-09,3.83571300816e+15,2.5885050009e-44,1.91785650408e+15,129929757.975, , , , 
495, ,0.010718913192051276,7.316807143427175e-09,4.40704629716e+15,2.5885050009e-44,2.20352314858e+15,171508212.429, , , , 
496, ,0.010718913192051276,7.842822061337681e-09,5.063480251e+15,2.5885050009e-44,2.5317401255e+15,226389996.026, , , , 
497, ,0.010718913192051276,8.406652885618316e-09,5.81769069881e+15,2.5885050009e-44,2.90884534941e+15,298830532.406, , , , 
498, ,0.010718913192051276,9.011018251665036e-09,6.68424154718e+15,2.5885050009e-44,3.34212077359e+15,394445904.738, , , , 
499, ,0.010718913192051276,9.658832241158707e-09,7.67986601112e+15,2.5885050009e-44,3.83993300556e+15,520647631.273, , , , 
500, ,0.010718913192051276,1.0353218432956616e-08,8.82378973479e+15,2.5885050009e-44,4.41189486739e+15,687216226.888, , , , 
501, ,0.010718913192051276,1.1097524964120722e-08,1.01381020412e+16,2.5885050009e-44,5.06905102061e+15,907057762.452, , , , 
502, ,0.010718913192051276,1.1895340673703208e-08,1.16481824803e+16,2.5885050009e-44,5.82409124013e+15,1197201704.32, , , , 
503, ,0.010718913192051276,1.2750512407130128e-08,1.33831909111e+16,2.5885050009e-44,6.69159545553e+15,1580116788.25, , , , 
504, ,0.010718913192051276,1.3667163564620044e-08,1.5376630583e+16,2.5885050009e-44,7.68831529148e+15,2085446055.47, , , , 
505, ,0.010718913192051276,1.4649713983072853e-08,1.76669950878e+16,2.5885050009e-44,8.8334975439e+15,2752294135.48, , , , 
506, ,0.010718913192051276,1.5702901247293774e-08,2.02985116764e+16,2.5885050009e-44,1.01492558382e+16,3632241968.3, , , , 
507, ,0.010718913192051276,1.683180353330955e-08,2.3321995293e+16,2.5885050009e-44,1.16609976465e+16,4793319361.42, , , , 
508, ,0.010718913192051276,1.8041864093920717e-08,2.67958298182e+16,2.5885050009e-44,1.33979149091e+16,6325238327.84, , , , 
509, ,0.010718913192051276,1.933891750455232e-08,3.07870954705e+16,2.5885050009e-44,1.53935477352e+16,8346285178.07, , , , 
510, ,0.010718913192051276,2.0729217795953697e-08,3.53728641337e+16,2.5885050009e-44,1.76864320668e+16,11012393920.2, , , , 
511, ,0.010718913192051276,2.221946860939524e-08,4.06416876259e+16,2.5885050009e-44,2.03208438129e+16,14529086412.6, , , , 
512, ,0.010718913192051276,2.3816855519761606e-08,4.66953076471e+16,2.5885050009e-44,2.33476538235e+16,19167177608.6, , , , 
513, ,0.010718913192051276,2.552908068239516e-08,5.36506204251e+16,2.5885050009e-44,2.68253102126e+16,25283421876.6, , , , 
514, ,0.010718913192051276,2.7364399970746666e-08,6.16419339981e+16,2.5885050009e-44,3.08209669991e+16,33347637901.2, , , , 
515, ,0.010718913192051276,2.933166278390042e-08,7.08235617206e+16,2.5885050009e-44,3.54117808603e+16,43978319153.7, , , , 
516, ,0.010718913192051276,3.1440354715915e-08,8.13728020757e+16,2.5885050009e-44,4.06864010379e+16,57989345472.1, , , , 
517, ,0.010718913192051276,3.370064329271925e-08,9.3493362333e+16,2.5885050009e-44,4.67466811665e+16,76451196984.3, , , , 
518, ,0.010718913192051276,3.612342699709431e-08,1.07419292163e+17,2.5885050009e-44,5.37096460817e+16,100771083206.0, , , , 
519, ,0.010718913192051276,3.872038781812557e-08,1.2341950317e+17,2.5885050009e-44,6.17097515852e+16,132797696228.0, , , , 
520, ,0.010718913192051276,4.1504047578504727e-08,1.4180296161e+17,2.5885050009e-44,7.09014808052e+16,174957949427.0, , , , 
521, ,0.010718913192051276,4.448782831127585e-08,1.62924654572e+17,2.5885050009e-44,8.14623272859e+16,230435157202.0, , , , 
522, ,0.010718913192051276,4.768611697714474e-08,1.87192444825e+17,2.5885050009e-44,9.35962224127e+16,303400744555.0, , , , 
523, ,0.010718913192051276,5.111433483440165e-08,2.1507494671e+17,2.5885050009e-44,1.07537473355e+17,399314856792.0, , , , 
524, ,0.010718913192051276,5.478901179593934e-08,2.47110575137e+17,2.5885050009e-44,1.23555287569e+17,525315281977.0, , , , 
525, ,0.010718913192051276,5.872786613189478e-08,2.83917942461e+17,2.5885050009e-44,1.4195897123e+17,690719005391.0, , , , 
526, ,0.010718913192051276,6.294988990221888e-08,3.26207803961e+17,2.5885050009e-44,1.63103901981e+17,907666561298.0, , , , 
527, ,0.010718913192051276,6.747544053110687e-08,3.7479678263e+17,2.5885050009e-44,1.87398391315e+17,1.19194613229e+12, , , , 
528, ,0.010718913192051276,7.232633896483534e-08,4.3062313827e+17,2.5885050009e-44,2.15311569135e+17,1.56404194883e+12, , , , 
529, ,0.010718913192051276,7.752597488629465e-08,4.94764885419e+17,2.5885050009e-44,2.4738244271e+17,2.05045960276e+12, , , , 
530, ,0.010718913192051276,8.309941949353386e-08,5.6846060996e+17,2.5885050009e-44,2.8423030498e+17,2.68538869241e+12, , , , 
531, ,0.010718913192051276,8.907354638610439e-08,6.53133386381e+17,2.5885050009e-44,3.2656669319e+17,3.51276946344e+12, , , , 
532, ,0.010718913192051276,9.547716114208066e-08,7.50418257538e+17,2.5885050009e-44,3.75209128769e+17,4.58883263163e+12, , , , 
533, ,0.010718913192051276,1.0234114021054528e-07,8.62193807557e+17,2.5885050009e-44,4.31096903778e+17,5.98517693574e+12, , , , 
534, ,0.010718913192051276,1.0969857978923841e-07,9.90618437548e+17,2.5885050009e-44,4.95309218774e+17,7.79243194249e+12, , , , 
535, ,0.010718913192051276,1.1758495540521555e-07,1.13817204462e+18,2.5885050009e-44,5.69086022312e+17,1.01245165555e+13, , , , 
536, ,0.010718913192051276,1.2603829296797277e-07,1.30770390906e+18,2.5885050009e-44,6.53851954528e+17,1.31234358e+13, , , , 
537, ,0.010718913192051276,1.350993521198025e-07,1.50248771426e+18,2.5885050009e-44,7.5124385713e+17,1.69644452179e+13, , , , 
538, ,0.010718913192051276,1.4481182276745328e-07,1.72628476207e+18,2.5885050009e-44,8.63142381034e+17,2.18612350584e+13, , , , 
539, ,0.010718913192051276,1.552225357427048e-07,1.98341660399e+18,2.5885050009e-44,9.91708301993e+17,2.80705233482e+13, , , , 
540, ,0.010718913192051276,1.6638168860761273e-07,2.27884849094e+18,2.5885050009e-44,1.13942424547e+18,3.58950747559e+13, , , , 
541, ,0.010718913192051276,1.7834308769319093e-07,2.61828525294e+18,2.5885050009e-44,1.30914262647e+18,4.56836621356e+13, , , , 
542, ,0.010718913192051276,1.9116440753857e-07,3.00828146014e+18,2.5885050009e-44,1.50414073007e+18,5.7825855915e+13, , , , 
543, ,0.010718913192051276,2.049074689815846e-07,3.45636799247e+18,2.5885050009e-44,1.72818399624e+18,7.27387922536e+13, , , , 
544, ,0.010718913192051276,2.1963853724165468e-07,3.97119746197e+18,2.5885050009e-44,1.98559873098e+18,9.08423243862e+13, , , , 
545, ,0.010718913192051276,2.3542864143224158e-07,4.56271129587e+18,2.5885050009e-44,2.28135564793e+18,1.1251839318e+14, , , , 
546, ,0.010718913192051276,2.523539170434766e-07,5.24233170695e+18,2.5885050009e-44,2.62116585348e+18,1.38050399861e+14, , , , 
547, ,0.010718913192051276,2.7049597304631316e-07,6.02318225802e+18,2.5885050009e-44,3.01159112901e+18,1.67539352467e+14, , , , 
548, ,0.010718913192051276,2.899422853882875e-07,6.92034127966e+18,2.5885050009e-44,3.46017063983e+18,2.00796312068e+14, , , , 
549, ,0.010718913192051276,3.107866187782014e-07,7.9511330349e+18,2.5885050009e-44,3.97556651745e+18,2.37216030656e+14, , , , 
550, ,0.010718913192051276,3.33129478793467e-07,9.13546225307e+18,2.5885050009e-44,4.56773112654e+18,2.75645373405e+14, , , , 
551, ,0.010718913192051276,3.5707859649004626e-07,1.04961984928e+19,2.5885050009e-44,5.24809924642e+18,3.14272253525e+14, , , , 
552, ,0.010718913192051276,3.827494478516307e-07,1.20596177565e+19,2.5885050009e-44,6.02980887826e+18,3.50575034955e+14, , , , 
553, ,0.010718913192051276,4.1026581058271904e-07,1.38559098832e+19,2.5885050009e-44,6.92795494161e+18,3.81384846543e+14, , , , 
554, ,0.010718913192051276,4.397603609302722e-07,1.59197615188e+19,2.5885050009e-44,7.95988075942e+18,4.03116832731e+14, , , , 
555, ,0.010718913192051276,4.7137531341167185e-07,1.82910259198e+19,2.5885050009e-44,9.1455129599e+18,4.12210804947e+14, , , , 
556, ,0.010718913192051276,5.052631065335679e-07,2.1015492525e+19,2.5885050009e-44,1.05077462625e+19,4.05776575438e+14, , , , 
557, ,0.010718913192051276,5.415871378079465e-07,2.4145771156e+19,2.5885050009e-44,1.2072885578e+19,3.82360430136e+14, , , , 
558, ,0.010718913192051276,5.805225516094896e-07,2.774230792e+19,2.5885050009e-44,1.387115396e+19,3.42649375832e+14, , , , 
559, ,0.010718913192051276,6.222570836730232e-07,3.18745524322e+19,2.5885050009e-44,1.59372762161e+19,2.8984747146e+14, , , , 
560, ,0.010718913192051276,6.669919663030115e-07,3.66222988975e+19,2.5885050009e-44,1.83111494488e+19,2.2945595061e+14, , , , 
561, ,0.010718913192051276,7.149428986597576e-07,4.20772269475e+19,2.5885050009e-44,2.10386134737e+19,1.68325963081e+14, , , , 
562, ,0.010718913192051276,7.663410868007445e-07,4.83446719864e+19,2.5885050009e-44,2.41723359932e+19,1.13135228956e+14, , , , 
563, ,0.010718913192051276,8.214343584919422e-07,5.55456592325e+19,2.5885050009e-44,2.77728296163e+19,6.87667808019e+13, , , , 
564, ,0.010718913192051276,8.804883581643463e-07,6.38192407313e+19,2.5885050009e-44,3.19096203656e+19,3.72382726908e+13, , , , 
565, ,0.010718913192051276,9.437878277775371e-07,7.33251804694e+19,2.5885050009e-44,3.66625902347e+19,1.76586496435e+13, , , , 
566, ,0.010718913192051276,1.0116379797662072e-06,8.42470394392e+19,2.5885050009e-44,4.21235197196e+19,7.18946572063e+12, , , , 
567, ,0.010718913192051276,1.0843659686896086e-06,9.67957202265e+19,2.5885050009e-44,4.83978601132e+19,2.45664305481e+12, , , , 
568, ,0.010718913192051276,1.1623224686798522e-06,1.11213539568e+20,2.5885050009e-44,5.5606769784e+19,686372041505.0, , , , 
569, ,0.010718913192051276,1.2458833642950078e-06,1.27778907521e+20,2.5885050009e-44,6.38894537606e+19,152169186823.0, , , , 
570, ,0.010718913192051276,1.3354515629298971e-06,1.46811703599e+20,2.5885050009e-44,7.34058517996e+19,25863141664.0, , , , 
571, ,0.010718913192051276,1.4314589375234786e-06,1.6867945369e+20,2.5885050009e-44,8.43397268448e+19,3239160320.08, , , , 
572, ,0.010718913192051276,1.53436840893001e-06,1.93804427028e+20,2.5885050009e-44,9.69022135138e+19,285646434.859, , , , 
573, ,0.010718913192051276,1.6446761779946631e-06,2.22671790274e+20,2.5885050009e-44,1.11335895137e+20,16833598.8479, , , , 
574, ,0.010718913192051276,1.762914118095948e-06,2.55838976149e+20,2.5885050009e-44,1.27919488074e+20,624314.379919, , , , 
575, ,0.010718913192051276,1.8896523396912082e-06,2.93946447533e+20,2.5885050009e-44,1.46973223767e+20,13600.3664965, , , , 
576, ,0.010718913192051276,2.0255019392306664e-06,3.37730064895e+20,2.5885050009e-44,1.68865032447e+20,160.76789902, , , , 
577, ,0.010718913192051276,2.171117945694501e-06,3.88035295854e+20,2.5885050009e-44,1.94017647927e+20,0.941462969901, , , , 
578, ,0.010718913192051276,2.327202478960408e-06,4.4583354128e+20,2.5885050009e-44,2.2291677064e+20,0.00245994619175, , , , 
579, ,0.010718913192051276,2.494508135230317e-06,5.1224089317e+20,2.5885050009e-44,2.56120446585e+20,2.5430907815e-06, , , , 
580, ,0.010718913192051276,2.673841615839944e-06,5.88539686545e+20,2.5885050009e-44,2.94269843272e+20,9.0600694017e-10, , , , 
581, ,0.010718913192051276,2.8660676169482507e-06,6.76203261506e+20,2.5885050009e-44,3.38101630753e+20,9.49117441182e-14, , , , 
582, ,0.010718913192051276,3.0721129988617524e-06,7.76924413637e+20,2.5885050009e-44,3.88462206818e+20,2.4363945418e-18, , , , 
583, ,0.010718913192051276,3.292971255097148e-06,8.92648082118e+20,2.5885050009e-44,4.46324041059e+20,1.2429141056e-23, , , , 
584, ,0.010718913192051276,3.5297073027306505e-06,1.02560890676e+21,2.5885050009e-44,5.12804453382e+20,9.90550182072e-30, , , , 
585, ,0.010718913192051276,3.783462617131925e-06,1.17837437923e+21,2.5885050009e-44,5.89187189614e+20,9.35321263205e-37, , , , 
586, ,0.010718913192051276,4.0554607358408275e-06,1.35389442161e+21,2.5885050009e-44,6.76947210805e+20,7.61575989788e-45, , , , 
587, ,0.010718913192051276,4.3470131581250175e-06,1.55555834986e+21,2.5885050009e-44,7.77779174928e+20,3.71193682462e-54, , , , 
588, ,0.010718913192051276,4.6595256686646765e-06,1.78726032192e+21,2.5885050009e-44,8.93630160959e+20,7.1199335012e-65, , , , 
589, ,0.010718913192051276,4.99450511585514e-06,2.05347453446e+21,2.5885050009e-44,1.02673726723e+21,3.31941488908e-77, , , , 
590, ,0.010718913192051276,5.353566677410719e-06,2.35934162023e+21,2.5885050009e-44,1.17967081011e+21,2.16225792958e-91, , , , 
591, ,0.010718913192051276,5.738441648302393e-06,2.71076791435e+21,2.5885050009e-44,1.35538395717e+21,1.04171460791e-107, , , , 
592, ,0.010718913192051276,6.150985788580505e-06,3.11453950646e+21,2.5885050009e-44,1.55726975323e+21,1.78718851428e-126, , , , 
593, ,0.010718913192051276,6.593188271333541e-06,3.57845328107e+21,2.5885050009e-44,1.78922664054e+21,4.71496231264e-148, , , , 
594, ,0.010718913192051276,7.067181273927492e-06,4.11146747641e+21,2.5885050009e-44,2.05573373821e+21,7.28881330087e-173, , , , 
595, ,0.010718913192051276,7.575250258771904e-06,4.72387466926e+21,2.5885050009e-44,2.36193733463e+21,2.17910454178e-201, , , , 
596, ,0.010718913192051276,8.119844993184007e-06,5.42750052601e+21,2.5885050009e-44,2.713750263e+21,3.52537158054e-234, , , , 
597, ,0.010718913192051276,8.703591361485167e-06,6.23593215787e+21,2.5885050009e-44,3.11796607894e+21,7.14348761219e-272, , , , 
598, ,0.010718913192051276,9.329304026284676e-06,7.16478048989e+21,2.5885050009e-44,3.58239024495e+21,0.0, , , , 
599, ,0.010718913192051276,1e-05,8.23198170998e+21,2.5885050009e-44,4.11599085499e+21,0.0, , , , 
600, ,0.011097524964120722,1e-11,7164780489.91,1.39746733261e-44,2835067643.01,0.000441918417202, , , , 
601, ,0.011097524964120722,1.0718913192051263e-11,8231981710.0,1.39746733261e-44,3401431203.99,0.000609104682987, , , , 
602, ,0.011097524964120722,1.1489510001873107e-11,9458143619.23,1.39746733261e-44,4057500810.4,0.000835154129645, , , , 
603, ,0.011097524964120722,1.2315506032928262e-11,10866943571.2,1.39746733261e-44,4813694868.68,0.00113850574758, , , , 
604, ,0.011097524964120722,1.3200884008314167e-11,12485585685.1,1.39746733261e-44,5681711139.8,0.0015439446321, , , , 
605, ,0.011097524964120722,1.4149912974345786e-11,14345326160.9,1.39746733261e-44,6674918830.56,0.00208337430794, , , , 
606, ,0.011097524964120722,1.5167168884709242e-11,16482076840.5,1.39746733261e-44,7808826804.65,0.00280149312473, , , , 
607, ,0.011097524964120722,1.6257556664437934e-11,18937098671.1,1.39746733261e-44,9101615144.17,0.00375011653838, , , , 
608, ,0.011097524964120722,1.7426333860096473e-11,21757798458.8,1.39746733261e-44,10574715546.5,0.00500732606289, , , , 
609, ,0.011097524964120722,1.8679135990207848e-11,24998644301.1,1.39746733261e-44,12253427681.1,0.00666549333907, , , , 
610, ,0.011097524964120722,2.0022003718155844e-11,28722217373.1,1.39746733261e-44,14167563396.9,0.00885438730467, , , , 
611, ,0.011097524964120722,2.1461411978584013e-11,33000420378.4,1.39746733261e-44,16352117828.6,0.0117430000051, , , , 
612, ,0.011097524964120722,2.300430119772921e-11,37915866000.4,1.39746733261e-44,18847975023.7,0.0155502781183, , , , 
613, ,0.011097524964120722,2.465811075822604e-11,43563472164.1,1.39746733261e-44,21702664684.2,0.0205718832223, , , , 
614, ,0.011097524964120722,2.643081486974103e-11,50052294914.6,1.39746733261e-44,24971195032.0,0.0271977956319, , , , 
615, ,0.011097524964120722,2.8330961018393178e-11,57507634303.8,1.39746733261e-44,28716993879.6,0.0359371603558, , , , 
616, ,0.011097524964120722,3.036771118035461e-11,66073453951.7,1.39746733261e-44,33012995087.6,0.0474681357065, , , , 
617, ,0.011097524964120722,3.255088599835057e-11,75915161003.7,1.39746733261e-44,37942910437.4,0.062683127317, , , , 
618, ,0.011097524964120722,3.4891012134067674e-11,87222800164.6,1.39746733261e-44,43602727629.3,0.0827634407542, , , , 
619, ,0.011097524964120722,3.739937302478801e-11,100214723488.0,1.39746733261e-44,50102474286.8,0.109262887749, , , , 
620, ,0.011097524964120722,4.0088063288984646e-11,115141806785.0,1.39746733261e-44,57568286587.4,0.144240217708, , , , 
621, ,0.011097524964120722,4.297004704320835e-11,132292294069.0,1.39746733261e-44,66144820822.2,0.190417227168, , , , 
622, ,0.011097524964120722,4.605922041145113e-11,151997363588.0,1.39746733261e-44,75998048074.7,0.251373821509, , , , 
623, ,0.011097524964120722,4.937047852839004e-11,174637522920.0,1.39746733261e-44,87318477153.3,0.331836489869, , , , 
624, ,0.011097524964120722,5.2919787359584366e-11,200649956630.0,1.39746733261e-44,100324859104.0,0.43805477866, , , , 
625, ,0.011097524964120722,5.672426068491989e-11,230536968357.0,1.39746733261e-44,115268437687.0,0.578272450557, , , , 
626, ,0.011097524964120722,6.080224261649427e-11,264875680374.0,1.39746733261e-44,132437823411.0,0.763367337876, , , , 
627, ,0.011097524964120722,6.517339604882421e-11,304329177891.0,1.39746733261e-44,152164583375.0,1.00771177046, , , , 
628, ,0.011097524964120722,6.985879746785235e-11,349659313324.0,1.39746733261e-44,174829654971.0,1.33026974724, , , , 
629, ,0.011097524964120722,7.48810385759003e-11,401741417768.0,1.39746733261e-44,200870708417.0,1.75607199219, , , , 
630, ,0.011097524964120722,8.026433522257174e-11,461581203762.0,1.39746733261e-44,230790601765.0,2.31815662325, , , , 
631, ,0.011097524964120722,8.603464416684492e-11,530334185730.0,1.39746733261e-44,265167092839.0,3.06018133692, , , , 
632, ,0.011097524964120722,9.221978823334341e-11,609327993128.0,1.39746733261e-44,304663996559.0,4.03973173686, , , , 
633, ,0.011097524964120722,9.884959046625586e-11,700088007146.0,1.39746733261e-44,350044003572.0,5.33277622492, , , , 
634, ,0.011097524964120722,1.0595601792776149e-10,804366816030.0,1.39746733261e-44,402183408015.0,7.03971659246, , , , 
635, ,0.011097524964120722,1.1357333583431027e-10,924178057795.0,1.39746733261e-44,462089028897.0,9.29309358893, , , , 
636, ,0.011097524964120722,1.217382727739662e-10,1.06183530385e+12,1.39746733261e-44,530917651927.0,12.267681196, , , , 
637, ,0.011097524964120722,1.3049019780144016e-10,1.2199967344e+12,1.39746733261e-44,609998367199.0,16.1944487896, , , , 
638, ,0.011097524964120722,1.398713102647236e-10,1.40171646821e+12,1.39746733261e-44,700858234106.0,21.3780568488, , , , 
639, ,0.011097524964120722,1.4992684327860468e-10,1.61050353813e+12,1.39746733261e-44,805251769065.0,28.2209790872, , , , 
640, ,0.011097524964120722,1.6070528182616384e-10,1.85038965094e+12,1.39746733261e-44,925194825470.0,37.2541508559, , , , 
641, ,0.011097524964120722,1.722585965398784e-10,2.12600704018e+12,1.39746733261e-44,1.06300352009e+12,49.1787261591, , , , 
642, ,0.011097524964120722,1.8464249428955463e-10,2.44267791522e+12,1.39746733261e-44,1.22133895761e+12,64.9202668387, , , , 
643, ,0.011097524964120722,1.9791668678535569e-10,2.80651723383e+12,1.39746733261e-44,1.40325861692e+12,85.7005173925, , , , 
644, ,0.011097524964120722,2.121451784910628e-10,3.22455078286e+12,1.39746733261e-44,1.61227539143e+12,113.132381796, , , , 
645, ,0.011097524964120722,2.273965752357932e-10,3.70485084712e+12,1.39746733261e-44,1.85242542356e+12,149.344476565, , , , 
646, ,0.011097524964120722,2.4374441501222216e-10,4.25669208634e+12,1.39746733261e-44,2.12834604317e+12,197.148145579, , , , 
647, ,0.011097524964120722,2.6126752255633265e-10,4.89073063009e+12,1.39746733261e-44,2.44536531504e+12,260.252794817, , , , 
648, ,0.011097524964120722,2.8005038941836253e-10,5.61920984909e+12,1.39746733261e-44,2.80960492454e+12,343.556472772, , , , 
649, ,0.011097524964120722,3.0018358135755917e-10,6.45619677637e+12,1.39746733261e-44,3.22809838819e+12,453.525029297, , , , 
650, ,0.011097524964120722,3.2176417502507347e-10,7.41785374362e+12,1.39746733261e-44,3.70892687181e+12,598.692928779, , , , 
651, ,0.011097524964120722,3.4489622604057533e-10,8.52275047797e+12,1.39746733261e-44,4.26137523899e+12,790.327883803, , , , 
652, ,0.011097524964120722,3.696912707195032e-10,9.79222268601e+12,1.39746733261e-44,4.89611134301e+12,1043.30246482, , , , 
653, ,0.011097524964120722,3.9626886387014783e-10,1.12507840492e+13,1.39746733261e-44,5.62539202458e+12,1377.25055537, , , , 
654, ,0.011097524964120722,4.2475715525368935e-10,1.29265995862e+13,1.39746733261e-44,6.46329979308e+12,1818.09266298, , , , 
655, ,0.011097524964120722,4.552935074866938e-10,1.48520295235e+13,1.39746733261e-44,7.42601476177e+12,2400.04230995, , , , 
656, ,0.011097524964120722,4.880251583654433e-10,1.70642541759e+13,1.39746733261e-44,8.53212708794e+12,3168.26733793, , , , 
657, ,0.011097524964120722,5.231099308056258e-10,1.96059919028e+13,1.39746733261e-44,9.80299595142e+12,4182.39012802, , , , 
658, ,0.011097524964120722,5.60716993820547e-10,2.25263240064e+13,1.39746733261e-44,1.12631620032e+13,5521.12361148, , , , 
659, ,0.011097524964120722,6.010276782070387e-10,2.58816424977e+13,1.39746733261e-44,1.29408212489e+13,7288.3671922, , , , 
660, ,0.011097524964120722,6.442363508721371e-10,2.97367390343e+13,1.39746733261e-44,1.48683695171e+13,9621.28458868, , , , 
661, ,0.011097524964120722,6.905513520162316e-10,3.41660560557e+13,1.39746733261e-44,1.70830280279e+13,12700.9384781, , , , 
662, ,0.011097524964120722,7.401959996915653e-10,3.92551242777e+13,1.39746733261e-44,1.96275621388e+13,16766.351818, , , , 
663, ,0.011097524964120722,7.934096665797492e-10,4.51022143013e+13,1.39746733261e-44,2.25511071507e+13,22133.0489482, , , , 
664, ,0.011097524964120722,8.504489341802668e-10,5.18202342322e+13,1.39746733261e-44,2.59101171161e+13,29217.5509728, , , , 
665, ,0.011097524964120722,9.115888299750837e-10,5.9538909951e+13,1.39746733261e-44,2.97694549755e+13,38569.7135396, , , , 
666, ,0.011097524964120722,9.771241535346502e-10,6.84072901382e+13,1.39746733261e-44,3.42036450691e+13,50915.3723688, , , , 
667, ,0.011097524964120722,1.0473708979594486e-09,7.85966244244e+13,1.39746733261e-44,3.92983122122e+13,67212.699555, , , , 
668, ,0.011097524964120722,1.1226677735108114e-09,9.03036702438e+13,1.39746733261e-44,4.51518351219e+13,88726.5679745, , , , 
669, ,0.011097524964120722,1.2033778407775904e-09,1.03754492247e+14,1.39746733261e-44,5.18772461236e+13,117126.707252, , , , 
670, ,0.011097524964120722,1.289890261253308e-09,1.19208827641e+14,1.39746733261e-44,5.96044138207e+13,154617.295962, , , , 
671, ,0.011097524964120722,1.3826221737646535e-09,1.3696510175e+14,1.39746733261e-44,6.84825508748e+13,204108.010498, , , , 
672, ,0.011097524964120722,1.4820207057988602e-09,1.57366190646e+14,1.39746733261e-44,7.8683095323e+13,269439.886389, , , , 
673, ,0.011097524964120722,1.5885651294280526e-09,1.80806042138e+14,1.39746733261e-44,9.04030210692e+13,355683.367286, , , , 
674, ,0.011097524964120722,1.702769172225898e-09,2.07737282955e+14,1.39746733261e-44,1.03868641477e+14,469531.806042, , , , 
675, ,0.011097524964120722,1.825183494319039e-09,2.38679959027e+14,1.39746733261e-44,1.19339979514e+14,619820.949787, , , , 
676, ,0.011097524964120722,1.956398343517065e-09,2.74231577649e+14,1.39746733261e-44,1.37115788824e+14,818214.590855, , , , 
677, ,0.011097524964120722,2.0970464013232305e-09,3.15078645423e+14,1.39746733261e-44,1.57539322711e+14,1080109.72675, , , , 
678, ,0.011097524964120722,2.2478058335487307e-09,3.62009924796e+14,1.39746733261e-44,1.81004962398e+14,1425831.46521, , , , 
679, ,0.011097524964120722,2.409403560239527e-09,4.15931665172e+14,1.39746733261e-44,2.07965832586e+14,1882210.12144, , , , 
680, ,0.011097524964120722,2.582618760682675e-09,4.77885102709e+14,1.39746733261e-44,2.38942551355e+14,2484663.34186, , , , 
681, ,0.011097524964120722,2.768286630392061e-09,5.49066566732e+14,1.39746733261e-44,2.74533283366e+14,3279944.25972, , , , 
682, ,0.011097524964120722,2.9673024081888724e-09,6.30850581016e+14,1.39746733261e-44,3.15425290508e+14,4329769.38528, , , , 
683, ,0.011097524964120722,3.180625692794119e-09,7.24816406028e+14,1.39746733261e-44,3.62408203014e+14,5715607.1387, , , , 
684, ,0.011097524964120722,3.409285069746807e-09,8.32778534658e+14,1.39746733261e-44,4.16389267329e+14,7544998.63159, , , , 
685, ,0.011097524964120722,3.654383070957262e-09,9.56821730329e+14,1.39746733261e-44,4.78410865165e+14,9959901.31063, , , , 
686, ,0.011097524964120722,3.917101490809261e-09,1.09934128406e+15,1.39746733261e-44,5.49670642031e+14,13147701.6371, , , , 
687, ,0.011097524964120722,4.198707084443906e-09,1.26308926787e+15,1.39746733261e-44,6.31544633936e+14,17355751.5621, , , , 
688, ,0.011097524964120722,4.500557675700488e-09,1.45122767765e+15,1.39746733261e-44,7.25613838823e+14,22910554.4773, , , , 
689, ,0.011097524964120722,4.824108704165374e-09,1.66738949173e+15,1.39746733261e-44,8.33694745866e+14,30243090.147, , , , 
690, ,0.011097524964120722,5.170920242896755e-09,1.91574882423e+15,1.39746733261e-44,9.57874412113e+14,39922237.3866, , , , 
691, ,0.011097524964120722,5.542664520663096e-09,2.2011015277e+15,1.39746733261e-44,1.10055076385e+15,52698887.7204, , , , 
692, ,0.011097524964120722,5.941133984965041e-09,2.52895780177e+15,1.39746733261e-44,1.26447890088e+15,69564165.2562, , , , 
693, ,0.011097524964120722,6.3682499447185856e-09,2.90564859577e+15,1.39746733261e-44,1.45282429789e+15,91826259.6029, , , , 
694, ,0.011097524964120722,6.826071834272379e-09,3.33844786031e+15,1.39746733261e-44,1.66922393015e+15,121211821.46, , , , 
695, ,0.011097524964120722,7.316807143427175e-09,3.83571300817e+15,1.39746733261e-44,1.91785650409e+15,159999766.013, , , , 
696, ,0.011097524964120722,7.842822061337681e-09,4.40704629717e+15,1.39746733261e-44,2.20352314859e+15,211197829.502, , , , 
697, ,0.011097524964120722,8.406652885618316e-09,5.06348025101e+15,1.39746733261e-44,2.5317401255e+15,278775531.148, , , , 
698, ,0.011097524964120722,9.011018251665036e-09,5.81769069882e+15,1.39746733261e-44,2.90884534941e+15,367971531.641, , , , 
699, ,0.011097524964120722,9.658832241158707e-09,6.68424154719e+15,1.39746733261e-44,3.3421207736e+15,485699121.465, , , , 
700, ,0.011097524964120722,1.0353218432956616e-08,7.67986601114e+15,1.39746733261e-44,3.83993300557e+15,641081110.0, , , , 
701, ,0.011097524964120722,1.1097524964120722e-08,8.8237897348e+15,1.39746733261e-44,4.4118948674e+15,846155339.358, , , , 
702, ,0.011097524964120722,1.1895340673703208e-08,1.01381020412e+16,1.39746733261e-44,5.06905102062e+15,1116805138.14, , , , 
703, ,0.011097524964120722,1.2750512407130128e-08,1.16481824803e+16,1.39746733261e-44,5.82409124014e+15,1473986242.83, , , , 
704, ,0.011097524964120722,1.3667163564620044e-08,1.33831909111e+16,1.39746733261e-44,6.69159545555e+15,1945344403.36, , , , 
705, ,0.011097524964120722,1.4649713983072853e-08,1.5376630583e+16,1.39746733261e-44,7.6883152915e+15,2567347657.77, , , , 
706, ,0.011097524964120722,1.5702901247293774e-08,1.76669950878e+16,1.39746733261e-44,8.83349754392e+15,3388096419.64, , , , 
707, ,0.011097524964120722,1.683180353330955e-08,2.02985116765e+16,1.39746733261e-44,1.01492558382e+16,4471025917.51, , , , 
708, ,0.011097524964120722,1.8041864093920717e-08,2.3321995293e+16,1.39746733261e-44,1.16609976465e+16,5899782949.38, , , , 
709, ,0.011097524964120722,1.933891750455232e-08,2.67958298183e+16,1.39746733261e-44,1.33979149091e+16,7784647268.13, , , , 
710, ,0.011097524964120722,2.0729217795953697e-08,3.07870954705e+16,1.39746733261e-44,1.53935477353e+16,10270983623.0, , , , 
711, ,0.011097524964120722,2.221946860939524e-08,3.53728641338e+16,1.39746733261e-44,1.76864320669e+16,13550361704.8, , , , 
712, ,0.011097524964120722,2.3816855519761606e-08,4.0641687626e+16,1.39746733261e-44,2.0320843813e+16,17875178697.1, , , , 
713, ,0.011097524964120722,2.552908068239516e-08,4.66953076471e+16,1.39746733261e-44,2.33476538236e+16,23577876460.8, , , , 
714, ,0.011097524964120722,2.7364399970746666e-08,5.36506204252e+16,1.39746733261e-44,2.68253102126e+16,31096179994.1, , , , 
715, ,0.011097524964120722,2.933166278390042e-08,6.16419339983e+16,1.39746733261e-44,3.08209669991e+16,41006217996.2, , , , 
716, ,0.011097524964120722,3.1440354715915e-08,7.08235617208e+16,1.39746733261e-44,3.54117808604e+16,54065948039.0, , , , 
717, ,0.011097524964120722,3.370064329271925e-08,8.13728020759e+16,1.39746733261e-44,4.0686401038e+16,71272033118.4, , , , 
718, ,0.011097524964120722,3.612342699709431e-08,9.34933623332e+16,1.39746733261e-44,4.67466811666e+16,93934246673.8, , , , 
719, ,0.011097524964120722,3.872038781812557e-08,1.07419292164e+17,1.39746733261e-44,5.37096460818e+16,123772672211.0, , , , 
720, ,0.011097524964120722,4.1504047578504727e-08,1.23419503171e+17,1.39746733261e-44,6.17097515854e+16,163044475760.0, , , , 
721, ,0.011097524964120722,4.448782831127585e-08,1.41802961611e+17,1.39746733261e-44,7.09014808053e+16,214708937542.0, , , , 
722, ,0.011097524964120722,4.768611697714474e-08,1.62924654572e+17,1.39746733261e-44,8.1462327286e+16,282641819889.0, , , , 
723, ,0.011097524964120722,5.111433483440165e-08,1.87192444826e+17,1.39746733261e-44,9.35962224129e+16,371913109919.0, , , , 
724, ,0.011097524964120722,5.478901179593934e-08,2.1507494671e+17,1.39746733261e-44,1.07537473355e+17,489145799427.0, , , , 
725, ,0.011097524964120722,5.872786613189478e-08,2.47110575138e+17,1.39746733261e-44,1.23555287569e+17,642977725375.0, , , , 
726, ,0.011097524964120722,6.294988990221888e-08,2.83917942461e+17,1.39746733261e-44,1.41958971231e+17,844653626618.0, , , , 
727, ,0.011097524964120722,6.747544053110687e-08,3.26207803962e+17,1.39746733261e-44,1.63103901981e+17,1.1087804366e+12, , , , 
728, ,0.011097524964120722,7.232633896483534e-08,3.74796782631e+17,1.39746733261e-44,1.87398391316e+17,1.45428524181e+12, , , , 
729, ,0.011097524964120722,7.752597488629465e-08,4.30623138271e+17,1.39746733261e-44,2.15311569136e+17,1.90562187435e+12, , , , 
730, ,0.011097524964120722,8.309941949353386e-08,4.9476488542e+17,1.39746733261e-44,2.4738244271e+17,2.49427798129e+12, , , , 
731, ,0.011097524964120722,8.907354638610439e-08,5.68460609961e+17,1.39746733261e-44,2.84230304981e+17,3.26063824847e+12, , , , 
732, ,0.011097524964120722,9.547716114208066e-08,6.53133386382e+17,1.39746733261e-44,3.26566693191e+17,4.25625902659e+12, , , , 
733, ,0.011097524964120722,1.0234114021054528e-07,7.50418257539e+17,1.39746733261e-44,3.7520912877e+17,5.54660145186e+12, , , , 
734, ,0.011097524964120722,1.0969857978923841e-07,8.62193807559e+17,1.39746733261e-44,4.31096903779e+17,7.21424911312e+12, , , , 
735, ,0.011097524964120722,1.1758495540521555e-07,9.9061843755e+17,1.39746733261e-44,4.95309218775e+17,9.36259498295e+12, , , , 
736, ,0.011097524964120722,1.2603829296797277e-07,1.13817204463e+18,1.39746733261e-44,5.69086022314e+17,1.21199104767e+13, , , , 
737, ,0.011097524964120722,1.350993521198025e-07,1.30770390906e+18,1.39746733261e-44,6.5385195453e+17,1.56435936934e+13, , , , 
738, ,0.011097524964120722,1.4481182276745328e-07,1.50248771426e+18,1.39746733261e-44,7.51243857131e+17,2.01242175158e+13, , , , 
739, ,0.011097524964120722,1.552225357427048e-07,1.72628476207e+18,1.39746733261e-44,8.63142381036e+17,2.57887425961e+13, , , , 
740, ,0.011097524964120722,1.6638168860761273e-07,1.98341660399e+18,1.39746733261e-44,9.91708301995e+17,3.29019075653e+13, , , , 
741, ,0.011097524964120722,1.7834308769319093e-07,2.27884849094e+18,1.39746733261e-44,1.13942424547e+18,4.17643484641e+13, , , , 
742, ,0.011097524964120722,1.9116440753857e-07,2.61828525294e+18,1.39746733261e-44,1.30914262647e+18,5.2705439401e+13, , , , 
743, ,0.011097524964120722,2.049074689815846e-07,3.00828146015e+18,1.39746733261e-44,1.50414073007e+18,6.60682318758e+13, , , , 
744, ,0.011097524964120722,2.1963853724165468e-07,3.45636799248e+18,1.39746733261e-44,1.72818399624e+18,8.21833105091e+13, , , , 
745, ,0.011097524964120722,2.3542864143224158e-07,3.97119746197e+18,1.39746733261e-44,1.98559873099e+18,1.0132808743e+14, , , , 
746, ,0.011097524964120722,2.523539170434766e-07,4.56271129588e+18,1.39746733261e-44,2.28135564794e+18,1.23668373543e+14, , , , 
747, ,0.011097524964120722,2.7049597304631316e-07,5.24233170696e+18,1.39746733261e-44,2.62116585348e+18,1.49180502228e+14, , , , 
748, ,0.011097524964120722,2.899422853882875e-07,6.02318225803e+18,1.39746733261e-44,3.01159112901e+18,1.7755549146e+14, , , , 
749, ,0.011097524964120722,3.107866187782014e-07,6.92034127967e+18,1.39746733261e-44,3.46017063984e+18,2.08092387008e+14, , , , 
750, ,0.011097524964120722,3.33129478793467e-07,7.95113303492e+18,1.39746733261e-44,3.97556651746e+18,2.39596433291e+14, , , , 
751, ,0.011097524964120722,3.5707859649004626e-07,9.13546225309e+18,1.39746733261e-44,4.56773112655e+18,2.70308663442e+14, , , , 
752, ,0.011097524964120722,3.827494478516307e-07,1.04961984929e+19,1.39746733261e-44,5.24809924643e+18,2.97904894155e+14, , , , 
753, ,0.011097524964120722,4.1026581058271904e-07,1.20596177565e+19,1.39746733261e-44,6.02980887827e+18,3.19609541444e+14, , , , 
754, ,0.011097524964120722,4.397603609302722e-07,1.38559098833e+19,1.39746733261e-44,6.92795494163e+18,3.32465947919e+14, , , , 
755, ,0.011097524964120722,4.7137531341167185e-07,1.59197615189e+19,1.39746733261e-44,7.95988075943e+18,3.33781155147e+14, , , , 
756, ,0.011097524964120722,5.052631065335679e-07,1.82910259198e+19,1.39746733261e-44,9.14551295992e+18,3.21712484428e+14, , , , 
757, ,0.011097524964120722,5.415871378079465e-07,2.10154925251e+19,1.39746733261e-44,1.05077462625e+19,2.95888283813e+14, , , , 
758, ,0.011097524964120722,5.805225516094896e-07,2.41457711561e+19,1.39746733261e-44,1.2072885578e+19,2.57875915392e+14, , , , 
759, ,0.011097524964120722,6.222570836730232e-07,2.77423079201e+19,1.39746733261e-44,1.387115396e+19,2.11268598805e+14, , , , 
760, ,0.011097524964120722,6.669919663030115e-07,3.18745524323e+19,1.39746733261e-44,1.59372762161e+19,1.61212838682e+14, , , , 
761, ,0.011097524964120722,7.149428986597576e-07,3.66222988976e+19,1.39746733261e-44,1.83111494488e+19,1.13372637376e+14, , , , 
762, ,0.011097524964120722,7.663410868007445e-07,4.20772269476e+19,1.39746733261e-44,2.10386134738e+19,7.25904705368e+13, , , , 
763, ,0.011097524964120722,8.214343584919422e-07,4.83446719865e+19,1.39746733261e-44,2.41723359933e+19,4.17297569148e+13, , , , 
764, ,0.011097524964120722,8.804883581643463e-07,5.55456592326e+19,1.39746733261e-44,2.77728296163e+19,2.11950922232e+13, , , , 
765, ,0.011097524964120722,9.437878277775371e-07,6.38192407314e+19,1.39746733261e-44,3.19096203657e+19,9.33765604784e+12, , , , 
766, ,0.011097524964120722,1.0116379797662072e-06,7.33251804695e+19,1.39746733261e-44,3.66625902348e+19,3.49341613486e+12, , , , 
767, ,0.011097524964120722,1.0843659686896086e-06,8.42470394394e+19,1.39746733261e-44,4.21235197197e+19,1.08317495543e+12, , , , 
768, ,0.011097524964120722,1.1623224686798522e-06,9.67957202267e+19,1.39746733261e-44,4.83978601133e+19,270665980991.0, , , , 
769, ,0.011097524964120722,1.2458833642950078e-06,1.11213539568e+20,1.39746733261e-44,5.56067697841e+19,52783336274.2, , , , 
770, ,0.011097524964120722,1.3354515629298971e-06,1.27778907521e+20,1.39746733261e-44,6.38894537607e+19,7741948213.4, , , , 
771, ,0.011097524964120722,1.4314589375234786e-06,1.468117036e+20,1.39746733261e-44,7.34058517998e+19,818591556.212, , , , 
772, ,0.011097524964120722,1.53436840893001e-06,1.6867945369e+20,1.39746733261e-44,8.43397268449e+19,59425996.3198, , , , 
773, ,0.011097524964120722,1.6446761779946631e-06,1.93804427028e+20,1.39746733261e-44,9.6902213514e+19,2800612.6048, , , , 
774, ,0.011097524964120722,1.762914118095948e-06,2.22671790275e+20,1.39746733261e-44,1.11335895137e+20,80343.1574801, , , , 
775, ,0.011097524964120722,1.8896523396912082e-06,2.55838976149e+20,1.39746733261e-44,1.27919488075e+20,1303.02600065, , , , 
776, ,0.011097524964120722,2.0255019392306664e-06,2.93946447534e+20,1.39746733261e-44,1.46973223767e+20,10.9741699242, , , , 
777, ,0.011097524964120722,2.171117945694501e-06,3.37730064895e+20,1.39746733261e-44,1.68865032448e+20,0.0435326785612, , , , 
778, ,0.011097524964120722,2.327202478960408e-06,3.88035295855e+20,1.39746733261e-44,1.94017647928e+20,7.2707796265e-05, , , , 
779, ,0.011097524964120722,2.494508135230317e-06,4.45833541281e+20,1.39746733261e-44,2.2291677064e+20,4.49480478298e-08, , , , 
780, ,0.011097524964120722,2.673841615839944e-06,5.12240893171e+20,1.39746733261e-44,2.56120446586e+20,8.8697705896e-12, , , , 
781, ,0.011097524964120722,2.8660676169482507e-06,5.88539686546e+20,1.39746733261e-44,2.94269843273e+20,4.7132083956e-16, , , , 
782, ,0.011097524964120722,3.0721129988617524e-06,6.76203261507e+20,1.39746733261e-44,3.38101630754e+20,5.54691802189e-21, , , , 
783, ,0.011097524964120722,3.292971255097148e-06,7.76924413638e+20,1.39746733261e-44,3.88462206819e+20,1.15505884287e-26, , , , 
784, ,0.011097524964120722,3.5297073027306505e-06,8.9264808212e+20,1.39746733261e-44,4.4632404106e+20,3.2880271795e-33, , , , 
785, ,0.011097524964120722,3.783462617131925e-06,1.02560890677e+21,1.39746733261e-44,5.12804453383e+20,9.51303466213e-41, , , , 
786, ,0.011097524964120722,4.0554607358408275e-06,1.17837437923e+21,1.39746733261e-44,5.89187189615e+20,1.99000737056e-49, , , , 
787, ,0.011097524964120722,4.3470131581250175e-06,1.35389442161e+21,1.39746733261e-44,6.76947210806e+20,2.03522229911e-59, , , , 
788, ,0.011097524964120722,4.6595256686646765e-06,1.55555834986e+21,1.39746733261e-44,7.7777917493e+20,6.49155814406e-71, , , , 
789, ,0.011097524964120722,4.99450511585514e-06,1.78726032192e+21,1.39746733261e-44,8.9363016096e+20,3.8525027473e-84, , , , 
790, ,0.011097524964120722,5.353566677410719e-06,2.05347453447e+21,1.39746733261e-44,1.02673726723e+21,2.34994533908e-99, , , , 
791, ,0.011097524964120722,5.738441648302393e-06,2.35934162023e+21,1.39746733261e-44,1.17967081012e+21,7.45018870895e-117, , , , 
792, ,0.011097524964120722,6.150985788580505e-06,2.71076791435e+21,1.39746733261e-44,1.35538395718e+21,5.6083773354e-137, , , , 
793, ,0.011097524964120722,6.593188271333541e-06,3.11453950647e+21,1.39746733261e-44,1.55726975323e+21,4.07525921405e-160, , , , 
794, ,0.011097524964120722,7.067181273927492e-06,3.57845328108e+21,1.39746733261e-44,1.78922664054e+21,1.01620729312e-186, , , , 
795, ,0.011097524964120722,7.575250258771904e-06,4.11146747642e+21,1.39746733261e-44,2.05573373821e+21,2.65020790874e-217, , , , 
796, ,0.011097524964120722,8.119844993184007e-06,4.72387466927e+21,1.39746733261e-44,2.36193733464e+21,1.8456336703e-252, , , , 
797, ,0.011097524964120722,8.703591361485167e-06,5.42750052602e+21,1.39746733261e-44,2.71375026301e+21,7.15094231257e-293, , , , 
798, ,0.011097524964120722,9.329304026284676e-06,6.23593215789e+21,1.39746733261e-44,3.11796607894e+21,0.0, , , , 
799, ,0.011097524964120722,1e-05,7.16478048991e+21,1.39746733261e-44,3.58239024495e+21,0.0, , , , 
800, ,0.011489510001873092,1e-11,6235932157.9,2.79385193786e-44,2836987645.66,0.000473904164194, , , , 
801, ,0.011489510001873092,1.0718913192051263e-11,7164780489.92,2.79385193786e-44,3333074339.53,0.000639818368293, , , , 
802, ,0.011489510001873092,1.1489510001873107e-11,8231981710.02,2.79385193786e-44,3899448778.72,0.000860055053934, , , , 
803, ,0.011489510001873092,1.2315506032928262e-11,9458143619.25,2.79385193786e-44,4545188716.77,0.00115254314543, , , , 
804, ,0.011489510001873092,1.3200884008314167e-11,10866943571.3,2.79385193786e-44,5280995130.56,0.00153811377051, , , , 
805, ,0.011489510001873092,1.4149912974345786e-11,12485585685.2,2.79385193786e-44,6119500352.55,0.00204746633987, , , , 
806, ,0.011489510001873092,1.5167168884709242e-11,14345326160.9,2.79385193786e-44,7075590159.76,0.00271994033729, , , , 
807, ,0.011489510001873092,1.6257556664437934e-11,16482076840.6,2.79385193786e-44,8166739300.63,0.00360749297436, , , , 
808, ,0.011489510001873092,1.7426333860096473e-11,18937098671.1,2.79385193786e-44,9413364224.54,0.00477744099441, , , , 
809, ,0.011489510001873092,1.8679135990207848e-11,21757798458.9,2.79385193786e-44,10839201265.8,0.00631925448293, , , , 
810, ,0.011489510001873092,2.0022003718155844e-11,24998644301.2,2.79385193786e-44,12471722751.1,0.00835630912061, , , , 
811, ,0.011489510001873092,2.1461411978584013e-11,28722217373.2,2.79385193786e-44,14342607041.7,0.0110410176609, , , , 
812, ,0.011489510001873092,2.300430119772921e-11,33000420378.5,2.79385193786e-44,16488281090.5,0.0145829234319, , , , 
813, ,0.011489510001873092,2.465811075822604e-11,37915866000.5,2.79385193786e-44,18950555522.2,0.0192563860133, , , , 
814, ,0.011489510001873092,2.643081486974103e-11,43563472164.2,2.79385193786e-44,21777372605.6,0.0254244916727, , , , 
815, ,0.011489510001873092,2.8330961018393178e-11,50052294914.7,2.79385193786e-44,25023687068.4,0.0335665480733, , , , 
816, ,0.011489510001873092,3.036771118035461e-11,57507634303.9,2.79385193786e-44,28752499081.1,0.0443100112572, , , , 
817, ,0.011489510001873092,3.255088599835057e-11,66073453951.9,2.79385193786e-44,33036058563.2,0.0584977570151, , , , 
818, ,0.011489510001873092,3.4891012134067674e-11,75915161003.9,2.79385193786e-44,37957260898.3,0.0772235136717, , , , 
819, ,0.011489510001873092,3.739937302478801e-11,87222800164.8,2.79385193786e-44,43611256597.6,0.10194232458, , , , 
820, ,0.011489510001873092,4.0088063288984646e-11,100214723488.0,2.79385193786e-44,50107301535.5,0.134574564727, , , , 
821, ,0.011489510001873092,4.297004704320835e-11,115141806786.0,2.79385193786e-44,57570879893.0,0.177648019544, , , , 
822, ,0.011489510001873092,4.605922041145113e-11,132292294070.0,2.79385193786e-44,66146138547.7,0.234521083898, , , , 
823, ,0.011489510001873092,4.937047852839004e-11,151997363588.0,2.79385193786e-44,75998678973.7,0.309581617883, , , , 
824, ,0.011489510001873092,5.2919787359584366e-11,174637522921.0,2.79385193786e-44,87318760603.0,0.408680100275, , , , 
825, ,0.011489510001873092,5.672426068491989e-11,200649956630.0,2.79385193786e-44,100324978078.0,0.539482184746, , , , 
826, ,0.011489510001873092,6.080224261649427e-11,230536968358.0,2.79385193786e-44,115268484120.0,0.712166422222, , , , 
827, ,0.011489510001873092,6.517339604882421e-11,264875680375.0,2.79385193786e-44,132437840174.0,0.940124333327, , , , 
828, ,0.011489510001873092,6.985879746785235e-11,304329177892.0,2.79385193786e-44,152164588943.0,1.24103359336, , , , 
829, ,0.011489510001873092,7.48810385759003e-11,349659313325.0,2.79385193786e-44,174829656662.0,1.63827847283, , , , 
830, ,0.011489510001873092,8.026433522257174e-11,401741417769.0,2.79385193786e-44,200870708885.0,2.16269432786, , , , 
831, ,0.011489510001873092,8.603464416684492e-11,461581203763.0,2.79385193786e-44,230790601881.0,2.85494399484, , , , 
832, ,0.011489510001873092,9.221978823334341e-11,530334185731.0,2.79385193786e-44,265167092865.0,3.76876789294, , , , 
833, ,0.011489510001873092,9.884959046625586e-11,609327993129.0,2.79385193786e-44,304663996564.0,4.97509268839, , , , 
834, ,0.011489510001873092,1.0595601792776149e-10,700088007148.0,2.79385193786e-44,350044003574.0,6.56758433201, , , , 
835, ,0.011489510001873092,1.1357333583431027e-10,804366816031.0,2.79385193786e-44,402183408016.0,8.66977241749, , , , 
836, ,0.011489510001873092,1.217382727739662e-10,924178057797.0,2.79385193786e-44,462089028898.0,11.4448739482, , , , 
837, ,0.011489510001873092,1.3049019780144016e-10,1.06183530386e+12,2.79385193786e-44,530917651928.0,15.1082083951, , , , 
838, ,0.011489510001873092,1.398713102647236e-10,1.2199967344e+12,2.79385193786e-44,609998367200.0,19.9442764279, , , , 
839, ,0.011489510001873092,1.4992684327860468e-10,1.40171646821e+12,2.79385193786e-44,700858234107.0,26.3281426821, , , , 
840, ,0.011489510001873092,1.6070528182616384e-10,1.61050353813e+12,2.79385193786e-44,805251769067.0,34.7554918975, , , , 
841, ,0.011489510001873092,1.722585965398784e-10,1.85038965094e+12,2.79385193786e-44,925194825472.0,45.8803939437, , , , 
842, ,0.011489510001873092,1.8464249428955463e-10,2.12600704019e+12,2.79385193786e-44,1.06300352009e+12,60.5661214177, , , , 
843, ,0.011489510001873092,1.9791668678535569e-10,2.44267791523e+12,2.79385193786e-44,1.22133895762e+12,79.9525687837, , , , 
844, ,0.011489510001873092,2.121451784910628e-10,2.80651723384e+12,2.79385193786e-44,1.40325861692e+12,105.544518189, , , , 
845, ,0.011489510001873092,2.273965752357932e-10,3.22455078286e+12,2.79385193786e-44,1.61227539143e+12,139.32808105, , , , 
846, ,0.011489510001873092,2.4374441501222216e-10,3.70485084712e+12,2.79385193786e-44,1.85242542356e+12,183.925380063, , , , 
847, ,0.011489510001873092,2.6126752255633265e-10,4.25669208635e+12,2.79385193786e-44,2.12834604317e+12,242.797472652, , , , 
848, ,0.011489510001873092,2.8005038941836253e-10,4.8907306301e+12,2.79385193786e-44,2.44536531505e+12,320.514486054, , , , 
849, ,0.011489510001873092,3.0018358135755917e-10,5.6192098491e+12,2.79385193786e-44,2.80960492455e+12,423.107394199, , , , 
850, ,0.011489510001873092,3.2176417502507347e-10,6.45619677639e+12,2.79385193786e-44,3.22809838819e+12,558.538799199, , , , 
851, ,0.011489510001873092,3.4489622604057533e-10,7.41785374363e+12,2.79385193786e-44,3.70892687182e+12,737.320768602, , , , 
852, ,0.011489510001873092,3.696912707195032e-10,8.52275047799e+12,2.79385193786e-44,4.261375239e+12,973.327971791, , , , 
853, ,0.011489510001873092,3.9626886387014783e-10,9.79222268604e+12,2.79385193786e-44,4.89611134302e+12,1284.87943759, , , , 
854, ,0.011489510001873092,4.2475715525368935e-10,1.12507840492e+13,2.79385193786e-44,5.62539202459e+12,1696.15368838, , , , 
855, ,0.011489510001873092,4.552935074866938e-10,1.29265995862e+13,2.79385193786e-44,6.4632997931e+12,2239.07157315, , , , 
856, ,0.011489510001873092,4.880251583654433e-10,1.48520295236e+13,2.79385193786e-44,7.42601476179e+12,2955.77166905, , , , 
857, ,0.011489510001873092,5.231099308056258e-10,1.70642541759e+13,2.79385193786e-44,8.53212708796e+12,3901.87832805, , , , 
858, ,0.011489510001873092,5.60716993820547e-10,1.96059919029e+13,2.79385193786e-44,9.80299595144e+12,5150.82355313, , , , 
859, ,0.011489510001873092,6.010276782070387e-10,2.25263240065e+13,2.79385193786e-44,1.12631620032e+13,6799.53716588, , , , 
860, ,0.011489510001873092,6.442363508721371e-10,2.58816424978e+13,2.79385193786e-44,1.29408212489e+13,8975.98584079, , , , 
861, ,0.011489510001873092,6.905513520162316e-10,2.97367390343e+13,2.79385193786e-44,1.48683695172e+13,11849.0875345, , , , 
862, ,0.011489510001873092,7.401959996915653e-10,3.41660560558e+13,2.79385193786e-44,1.70830280279e+13,15641.8314297, , , , 
863, ,0.011489510001873092,7.934096665797492e-10,3.92551242778e+13,2.79385193786e-44,1.96275621389e+13,20648.5848207, , , , 
864, ,0.011489510001873092,8.504489341802668e-10,4.51022143014e+13,2.79385193786e-44,2.25511071507e+13,27257.931268, , , , 
865, ,0.011489510001873092,9.115888299750837e-10,5.18202342323e+13,2.79385193786e-44,2.59101171161e+13,35982.8397769, , , , 
866, ,0.011489510001873092,9.771241535346502e-10,5.95389099511e+13,2.79385193786e-44,2.97694549756e+13,47500.4667135, , , , 
867, ,0.011489510001873092,1.0473708979594486e-09,6.84072901384e+13,2.79385193786e-44,3.42036450692e+13,62704.7281183, , , , 
868, ,0.011489510001873092,1.1226677735108114e-09,7.85966244246e+13,2.79385193786e-44,3.92983122123e+13,82775.6414161, , , , 
869, ,0.011489510001873092,1.2033778407775904e-09,9.0303670244e+13,2.79385193786e-44,4.5151835122e+13,109270.956267, , , , 
870, ,0.011489510001873092,1.289890261253308e-09,1.03754492247e+14,2.79385193786e-44,5.18772461237e+13,144247.006893, , , , 
871, ,0.011489510001873092,1.3826221737646535e-09,1.19208827642e+14,2.79385193786e-44,5.96044138208e+13,190418.317757, , , , 
872, ,0.011489510001873092,1.4820207057988602e-09,1.3696510175e+14,2.79385193786e-44,6.8482550875e+13,251368.285364, , , , 
873, ,0.011489510001873092,1.5885651294280526e-09,1.57366190646e+14,2.79385193786e-44,7.86830953232e+13,331827.260689, , , , 
874, ,0.011489510001873092,1.702769172225898e-09,1.80806042139e+14,2.79385193786e-44,9.04030210694e+13,438039.642367, , , , 
875, ,0.011489510001873092,1.825183494319039e-09,2.07737282955e+14,2.79385193786e-44,1.03868641478e+14,578248.493008, , , , 
876, ,0.011489510001873092,1.956398343517065e-09,2.38679959028e+14,2.79385193786e-44,1.19339979514e+14,763335.272717, , , , 
877, ,0.011489510001873092,2.0970464013232305e-09,2.7423157765e+14,2.79385193786e-44,1.37115788825e+14,1007664.17327, , , , 
878, ,0.011489510001873092,2.2478058335487307e-09,3.15078645423e+14,2.79385193786e-44,1.57539322712e+14,1330196.93611, , , , 
879, ,0.011489510001873092,2.409403560239527e-09,3.62009924797e+14,2.79385193786e-44,1.81004962398e+14,1755964.07518, , , , 
880, ,0.011489510001873092,2.582618760682675e-09,4.15931665173e+14,2.79385193786e-44,2.07965832587e+14,2318007.40362, , , , 
881, ,0.011489510001873092,2.768286630392061e-09,4.7788510271e+14,2.79385193786e-44,2.38942551355e+14,3059943.70069, , , , 
882, ,0.011489510001873092,2.9673024081888724e-09,5.49066566734e+14,2.79385193786e-44,2.74533283367e+14,4039349.24604, , , , 
883, ,0.011489510001873092,3.180625692794119e-09,6.30850581018e+14,2.79385193786e-44,3.15425290509e+14,5332226.79677, , , , 
884, ,0.011489510001873092,3.409285069746807e-09,7.24816406029e+14,2.79385193786e-44,3.62408203015e+14,7038902.77022, , , , 
885, ,0.011489510001873092,3.654383070957262e-09,8.32778534659e+14,2.79385193786e-44,4.1638926733e+14,9291809.98768, , , , 
886, ,0.011489510001873092,3.917101490809261e-09,9.56821730331e+14,2.79385193786e-44,4.78410865166e+14,12265762.052, , , , 
887, ,0.011489510001873092,4.198707084443906e-09,1.09934128407e+15,2.79385193786e-44,5.49670642033e+14,16191513.2439, , , , 
888, ,0.011489510001873092,4.500557675700488e-09,1.26308926787e+15,2.79385193786e-44,6.31544633937e+14,21373657.0758, , , , 
889, ,0.011489510001873092,4.824108704165374e-09,1.45122767765e+15,2.79385193786e-44,7.25613838825e+14,28214249.6518, , , , 
890, ,0.011489510001873092,5.170920242896755e-09,1.66738949174e+15,2.79385193786e-44,8.33694745868e+14,37243988.5961, , , , 
891, ,0.011489510001873092,5.542664520663096e-09,1.91574882423e+15,2.79385193786e-44,9.57874412115e+14,49163362.6902, , , , 
892, ,0.011489510001873092,5.941133984965041e-09,2.20110152771e+15,2.79385193786e-44,1.10055076385e+15,64896959.6618, , , , 
893, ,0.011489510001873092,6.3682499447185856e-09,2.52895780177e+15,2.79385193786e-44,1.26447890089e+15,85665135.6384, , , , 
894, ,0.011489510001873092,6.826071834272379e-09,2.90564859578e+15,2.79385193786e-44,1.45282429789e+15,113078593.463, , , , 
895, ,0.011489510001873092,7.316807143427175e-09,3.33844786031e+15,2.79385193786e-44,1.66922393016e+15,149263186.655, , , , 
896, ,0.011489510001873092,7.842822061337681e-09,3.83571300818e+15,2.79385193786e-44,1.91785650409e+15,197024596.374, , , , 
897, ,0.011489510001873092,8.406652885618316e-09,4.40704629718e+15,2.79385193786e-44,2.20352314859e+15,260065611.28, , , , 
898, ,0.011489510001873092,9.011018251665036e-09,5.06348025102e+15,2.79385193786e-44,2.53174012551e+15,343272785.602, , , , 
899, ,0.011489510001873092,9.658832241158707e-09,5.81769069883e+15,2.79385193786e-44,2.90884534942e+15,453094596.701, , , , 
900, ,0.011489510001873092,1.0353218432956616e-08,6.68424154721e+15,2.79385193786e-44,3.3421207736e+15,598040260.085, , , , 
901, ,0.011489510001873092,1.1097524964120722e-08,7.67986601116e+15,2.79385193786e-44,3.83993300558e+15,789337623.54, , , , 
902, ,0.011489510001873092,1.1895340673703208e-08,8.82378973482e+15,2.79385193786e-44,4.41189486741e+15,1041800747.57, , , , 
903, ,0.011489510001873092,1.2750512407130128e-08,1.01381020413e+16,2.79385193786e-44,5.06905102063e+15,1374973847.35, , , , 
904, ,0.011489510001873092,1.3667163564620044e-08,1.16481824803e+16,2.79385193786e-44,5.82409124016e+15,1814639341.34, , , , 
905, ,0.011489510001873092,1.4649713983072853e-08,1.33831909111e+16,2.79385193786e-44,6.69159545556e+15,2394805514.41, , , , 
906, ,0.011489510001873092,1.5702901247293774e-08,1.5376630583e+16,2.79385193786e-44,7.68831529152e+15,3160325699.46, , , , 
907, ,0.011489510001873092,1.683180353330955e-08,1.76669950879e+16,2.79385193786e-44,8.83349754394e+15,4170348715.67, , , , 
908, ,0.011489510001873092,1.8041864093920717e-08,2.02985116765e+16,2.79385193786e-44,1.01492558383e+16,5502862954.55, , , , 
909, ,0.011489510001873092,1.933891750455232e-08,2.33219952931e+16,2.79385193786e-44,1.16609976465e+16,7260678643.46, , , , 
910, ,0.011489510001873092,2.0729217795953697e-08,2.67958298183e+16,2.79385193786e-44,1.33979149092e+16,9579300212.95, , , , 
911, ,0.011489510001873092,2.221946860939524e-08,3.07870954706e+16,2.79385193786e-44,1.53935477353e+16,12637281060.4, , , , 
912, ,0.011489510001873092,2.3816855519761606e-08,3.53728641338e+16,2.79385193786e-44,1.76864320669e+16,16669836057.7, , , , 
913, ,0.011489510001873092,2.552908068239516e-08,4.06416876261e+16,2.79385193786e-44,2.0320843813e+16,21986725506.3, , , , 
914, ,0.011489510001873092,2.7364399970746666e-08,4.66953076473e+16,2.79385193786e-44,2.33476538236e+16,28995733803.9, , , , 
915, ,0.011489510001873092,2.933166278390042e-08,5.36506204254e+16,2.79385193786e-44,2.68253102127e+16,38233467239.8, , , , 
916, ,0.011489510001873092,3.1440354715915e-08,6.16419339984e+16,2.79385193786e-44,3.08209669992e+16,50405713528.8, , , , 
917, ,0.011489510001873092,3.370064329271925e-08,7.08235617209e+16,2.79385193786e-44,3.54117808605e+16,66440272388.4, , , , 
918, ,0.011489510001873092,3.612342699709431e-08,8.13728020761e+16,2.79385193786e-44,4.0686401038e+16,87556021323.3, , , , 
919, ,0.011489510001873092,3.872038781812557e-08,9.34933623334e+16,2.79385193786e-44,4.67466811667e+16,115353070015.0, , , , 
920, ,0.011489510001873092,4.1504047578504727e-08,1.07419292164e+17,2.79385193786e-44,5.37096460819e+16,151930237578.0, , , , 
921, ,0.011489510001873092,4.448782831127585e-08,None,None,None,None, , , , 
922, ,0.011489510001873092,4.768611697714474e-08,None,None,None,None, , , , 
923, ,0.011489510001873092,5.111433483440165e-08,None,None,None,None, , , , 
924, ,0.011489510001873092,5.478901179593934e-08,None,None,None,None, , , , 
925, ,0.011489510001873092,5.872786613189478e-08,None,None,None,None, , , , 
926, ,0.011489510001873092,6.294988990221888e-08,None,None,None,None, , , , 
927, ,0.011489510001873092,6.747544053110687e-08,None,None,None,None, , , , 
928, ,0.011489510001873092,7.232633896483534e-08,None,None,None,None, , , , 
929, ,0.011489510001873092,7.752597488629465e-08,None,None,None,None, , , , 
930, ,0.011489510001873092,8.309941949353386e-08,None,None,None,None, , , , 
931, ,0.011489510001873092,8.907354638610439e-08,None,None,None,None, , , , 
932, ,0.011489510001873092,9.547716114208066e-08,None,None,None,None, , , , 
933, ,0.011489510001873092,1.0234114021054528e-07,None,None,None,None, , , , 
934, ,0.011489510001873092,1.0969857978923841e-07,None,None,None,None, , , , 
935, ,0.011489510001873092,1.1758495540521555e-07,None,None,None,None, , , , 
936, ,0.011489510001873092,1.2603829296797277e-07,None,None,None,None, , , , 
937, ,0.011489510001873092,1.350993521198025e-07,None,None,None,None, , , , 
938, ,0.011489510001873092,1.4481182276745328e-07,None,None,None,None, , , , 
939, ,0.011489510001873092,1.552225357427048e-07,None,None,None,None, , , , 
940, ,0.011489510001873092,1.6638168860761273e-07,None,None,None,None, , , , 
941, ,0.011489510001873092,1.7834308769319093e-07,None,None,None,None, , , , 
942, ,0.011489510001873092,1.9116440753857e-07,None,None,None,None, , , , 
943, ,0.011489510001873092,2.049074689815846e-07,None,None,None,None, , , , 
944, ,0.011489510001873092,2.1963853724165468e-07,None,None,None,None, , , , 
945, ,0.011489510001873092,2.3542864143224158e-07,None,None,None,None, , , , 
946, ,0.011489510001873092,2.523539170434766e-07,None,None,None,None, , , , 
947, ,0.011489510001873092,2.7049597304631316e-07,None,None,None,None, , , , 
948, ,0.011489510001873092,2.899422853882875e-07,None,None,None,None, , , , 
949, ,0.011489510001873092,3.107866187782014e-07,None,None,None,None, , , , 
950, ,0.011489510001873092,3.33129478793467e-07,None,None,None,None, , , , 
951, ,0.011489510001873092,3.5707859649004626e-07,None,None,None,None, , , , 
952, ,0.011489510001873092,3.827494478516307e-07,None,None,None,None, , , , 
953, ,0.011489510001873092,4.1026581058271904e-07,None,None,None,None, , , , 
954, ,0.011489510001873092,4.397603609302722e-07,None,None,None,None, , , , 
955, ,0.011489510001873092,4.7137531341167185e-07,None,None,None,None, , , , 
956, ,0.011489510001873092,5.052631065335679e-07,None,None,None,None, , , , 
957, ,0.011489510001873092,5.415871378079465e-07,None,None,None,None, , , , 
958, ,0.011489510001873092,5.805225516094896e-07,None,None,None,None, , , , 
959, ,0.011489510001873092,6.222570836730232e-07,None,None,None,None, , , , 
960, ,0.011489510001873092,6.669919663030115e-07,None,None,None,None, , , , 
961, ,0.011489510001873092,7.149428986597576e-07,None,None,None,None, , , , 
962, ,0.011489510001873092,7.663410868007445e-07,None,None,None,None, , , , 
963, ,0.011489510001873092,8.214343584919422e-07,None,None,None,None, , , , 
964, ,0.011489510001873092,8.804883581643463e-07,None,None,None,None, , , , 
965, ,0.011489510001873092,9.437878277775371e-07,None,None,None,None, , , , 
966, ,0.011489510001873092,1.0116379797662072e-06,None,None,None,None, , , , 
967, ,0.011489510001873092,1.0843659686896086e-06,None,None,None,None, , , , 
968, ,0.011489510001873092,1.1623224686798522e-06,None,None,None,None, , , , 
969, ,0.011489510001873092,1.2458833642950078e-06,None,None,None,None, , , , 
970, ,0.011489510001873092,1.3354515629298971e-06,None,None,None,None, , , , 
971, ,0.011489510001873092,1.4314589375234786e-06,None,None,None,None, , , , 
972, ,0.011489510001873092,1.53436840893001e-06,None,None,None,None, , , , 
973, ,0.011489510001873092,1.6446761779946631e-06,None,None,None,None, , , , 
974, ,0.011489510001873092,1.762914118095948e-06,None,None,None,None, , , , 
975, ,0.011489510001873092,1.8896523396912082e-06,None,None,None,None, , , , 
976, ,0.011489510001873092,2.0255019392306664e-06,None,None,None,None, , , , 
977, ,0.011489510001873092,2.171117945694501e-06,None,None,None,None, , , , 
978, ,0.011489510001873092,2.327202478960408e-06,None,None,None,None, , , , 
979, ,0.011489510001873092,2.494508135230317e-06,None,None,None,None, , , , 
980, ,0.011489510001873092,2.673841615839944e-06,None,None,None,None, , , , 
981, ,0.011489510001873092,2.8660676169482507e-06,None,None,None,None, , , , 
982, ,0.011489510001873092,3.0721129988617524e-06,None,None,None,None, , , , 
983, ,0.011489510001873092,3.292971255097148e-06,None,None,None,None, , , , 
984, ,0.011489510001873092,3.5297073027306505e-06,None,None,None,None, , , , 
985, ,0.011489510001873092,3.783462617131925e-06,None,None,None,None, , , , 
986, ,0.011489510001873092,4.0554607358408275e-06,None,None,None,None, , , , 
987, ,0.011489510001873092,4.3470131581250175e-06,None,None,None,None, , , , 
988, ,0.011489510001873092,4.6595256686646765e-06,None,None,None,None, , , , 
989, ,0.011489510001873092,4.99450511585514e-06,None,None,None,None, , , , 
990, ,0.011489510001873092,5.353566677410719e-06,None,None,None,None, , , , 
991, ,0.011489510001873092,5.738441648302393e-06,None,None,None,None, , , , 
992, ,0.011489510001873092,6.150985788580505e-06,None,None,None,None, , , , 
993, ,0.011489510001873092,6.593188271333541e-06,None,None,None,None, , , , 
994, ,0.011489510001873092,7.067181273927492e-06,None,None,None,None, , , , 
995, ,0.011489510001873092,7.575250258771904e-06,None,None,None,None, , , , 
996, ,0.011489510001873092,8.119844993184007e-06,None,None,None,None, , , , 
997, ,0.011489510001873092,8.703591361485167e-06,None,None,None,None, , , , 
998, ,0.011489510001873092,9.329304026284676e-06,None,None,None,None, , , , 
999, ,0.011489510001873092,1e-05,None,None,None,None, , , , 
1000, ,0.011895340673703195,1e-11,None,None,None,None, , , , 
1001, ,0.011895340673703195,1.0718913192051263e-11,None,None,None,None, , , , 
1002, ,0.011895340673703195,1.1489510001873107e-11,None,None,None,None, , , , 
1003, ,0.011895340673703195,1.2315506032928262e-11,None,None,None,None, , , , 
1004, ,0.011895340673703195,1.3200884008314167e-11,None,None,None,None, , , , 
1005, ,0.011895340673703195,1.4149912974345786e-11,None,None,None,None, , , , 
1006, ,0.011895340673703195,1.5167168884709242e-11,None,None,None,None, , , , 
1007, ,0.011895340673703195,1.6257556664437934e-11,None,None,None,None, , , , 
1008, ,0.011895340673703195,1.7426333860096473e-11,None,None,None,None, , , , 
1009, ,0.011895340673703195,1.8679135990207848e-11,None,None,None,None, , , , 
1010, ,0.011895340673703195,2.0022003718155844e-11,None,None,None,None, , , , 
1011, ,0.011895340673703195,2.1461411978584013e-11,None,None,None,None, , , , 
1012, ,0.011895340673703195,2.300430119772921e-11,None,None,None,None, , , , 
1013, ,0.011895340673703195,2.465811075822604e-11,None,None,None,None, , , , 
1014, ,0.011895340673703195,2.643081486974103e-11,None,None,None,None, , , , 
1015, ,0.011895340673703195,2.8330961018393178e-11,None,None,None,None, , , , 
1016, ,0.011895340673703195,3.036771118035461e-11,None,None,None,None, , , , 
1017, ,0.011895340673703195,3.255088599835057e-11,None,None,None,None, , , , 
1018, ,0.011895340673703195,3.4891012134067674e-11,None,None,None,None, , , , 
1019, ,0.011895340673703195,3.739937302478801e-11,None,None,None,None, , , , 
1020, ,0.011895340673703195,4.0088063288984646e-11,None,None,None,None, , , , 
1021, ,0.011895340673703195,4.297004704320835e-11,None,None,None,None, , , , 
1022, ,0.011895340673703195,4.605922041145113e-11,None,None,None,None, , , , 
1023, ,0.011895340673703195,4.937047852839004e-11,None,None,None,None, , , , 
1024, ,0.011895340673703195,5.2919787359584366e-11,None,None,None,None, , , , 
1025, ,0.011895340673703195,5.672426068491989e-11,None,None,None,None, , , , 
1026, ,0.011895340673703195,6.080224261649427e-11,None,None,None,None, , , , 
1027, ,0.011895340673703195,6.517339604882421e-11,None,None,None,None, , , , 
1028, ,0.011895340673703195,6.985879746785235e-11,None,None,None,None, , , , 
1029, ,0.011895340673703195,7.48810385759003e-11,None,None,None,None, , , , 
1030, ,0.011895340673703195,8.026433522257174e-11,None,None,None,None, , , , 
1031, ,0.011895340673703195,8.603464416684492e-11,None,None,None,None, , , , 
1032, ,0.011895340673703195,9.221978823334341e-11,None,None,None,None, , , , 
1033, ,0.011895340673703195,9.884959046625586e-11,None,None,None,None, , , , 
1034, ,0.011895340673703195,1.0595601792776149e-10,None,None,None,None, , , , 
1035, ,0.011895340673703195,1.1357333583431027e-10,None,None,None,None, , , , 
1036, ,0.011895340673703195,1.217382727739662e-10,None,None,None,None, , , , 
1037, ,0.011895340673703195,1.3049019780144016e-10,None,None,None,None, , , , 
1038, ,0.011895340673703195,1.398713102647236e-10,None,None,None,None, , , , 
1039, ,0.011895340673703195,1.4992684327860468e-10,None,None,None,None, , , , 
1040, ,0.011895340673703195,1.6070528182616384e-10,None,None,None,None, , , , 
1041, ,0.011895340673703195,1.722585965398784e-10,None,None,None,None, , , , 
1042, ,0.011895340673703195,1.8464249428955463e-10,None,None,None,None, , , , 
1043, ,0.011895340673703195,1.9791668678535569e-10,None,None,None,None, , , , 
1044, ,0.011895340673703195,2.121451784910628e-10,None,None,None,None, , , , 
1045, ,0.011895340673703195,2.273965752357932e-10,None,None,None,None, , , , 
1046, ,0.011895340673703195,2.4374441501222216e-10,None,None,None,None, , , , 
1047, ,0.011895340673703195,2.6126752255633265e-10,None,None,None,None, , , , 
1048, ,0.011895340673703195,2.8005038941836253e-10,None,None,None,None, , , , 
1049, ,0.011895340673703195,3.0018358135755917e-10,None,None,None,None, , , , 
1050, ,0.011895340673703195,3.2176417502507347e-10,None,None,None,None, , , , 
1051, ,0.011895340673703195,3.4489622604057533e-10,None,None,None,None, , , , 
1052, ,0.011895340673703195,3.696912707195032e-10,None,None,None,None, , , , 
1053, ,0.011895340673703195,3.9626886387014783e-10,None,None,None,None, , , , 
1054, ,0.011895340673703195,4.2475715525368935e-10,None,None,None,None, , , , 
1055, ,0.011895340673703195,4.552935074866938e-10,None,None,None,None, , , , 
1056, ,0.011895340673703195,4.880251583654433e-10,None,None,None,None, , , , 
1057, ,0.011895340673703195,5.231099308056258e-10,None,None,None,None, , , , 
1058, ,0.011895340673703195,5.60716993820547e-10,None,None,None,None, , , , 
1059, ,0.011895340673703195,6.010276782070387e-10,None,None,None,None, , , , 
1060, ,0.011895340673703195,6.442363508721371e-10,None,None,None,None, , , , 
1061, ,0.011895340673703195,6.905513520162316e-10,None,None,None,None, , , , 
1062, ,0.011895340673703195,7.401959996915653e-10,None,None,None,None, , , , 
1063, ,0.011895340673703195,7.934096665797492e-10,None,None,None,None, , , , 
1064, ,0.011895340673703195,8.504489341802668e-10,None,None,None,None, , , , 
1065, ,0.011895340673703195,9.115888299750837e-10,None,None,None,None, , , , 
1066, ,0.011895340673703195,9.771241535346502e-10,None,None,None,None, , , , 
1067, ,0.011895340673703195,1.0473708979594486e-09,None,None,None,None, , , , 
1068, ,0.011895340673703195,1.1226677735108114e-09,None,None,None,None, , , , 
1069, ,0.011895340673703195,1.2033778407775904e-09,None,None,None,None, , , , 
1070, ,0.011895340673703195,1.289890261253308e-09,None,None,None,None, , , , 
1071, ,0.011895340673703195,1.3826221737646535e-09,None,None,None,None, , , , 
1072, ,0.011895340673703195,1.4820207057988602e-09,None,None,None,None, , , , 
1073, ,0.011895340673703195,1.5885651294280526e-09,None,None,None,None, , , , 
1074, ,0.011895340673703195,1.702769172225898e-09,None,None,None,None, , , , 
1075, ,0.011895340673703195,1.825183494319039e-09,None,None,None,None, , , , 
1076, ,0.011895340673703195,1.956398343517065e-09,None,None,None,None, , , , 
1077, ,0.011895340673703195,2.0970464013232305e-09,None,None,None,None, , , , 
1078, ,0.011895340673703195,2.2478058335487307e-09,None,None,None,None, , , , 
1079, ,0.011895340673703195,2.409403560239527e-09,None,None,None,None, , , , 
1080, ,0.011895340673703195,2.582618760682675e-09,None,None,None,None, , , , 
1081, ,0.011895340673703195,2.768286630392061e-09,None,None,None,None, , , , 
1082, ,0.011895340673703195,2.9673024081888724e-09,None,None,None,None, , , , 
1083, ,0.011895340673703195,3.180625692794119e-09,None,None,None,None, , , , 
1084, ,0.011895340673703195,3.409285069746807e-09,None,None,None,None, , , , 
1085, ,0.011895340673703195,3.654383070957262e-09,None,None,None,None, , , , 
1086, ,0.011895340673703195,3.917101490809261e-09,None,None,None,None, , , , 
1087, ,0.011895340673703195,4.198707084443906e-09,None,None,None,None, , , , 
1088, ,0.011895340673703195,4.500557675700488e-09,None,None,None,None, , , , 
1089, ,0.011895340673703195,4.824108704165374e-09,None,None,None,None, , , , 
1090, ,0.011895340673703195,5.170920242896755e-09,None,None,None,None, , , , 
1091, ,0.011895340673703195,5.542664520663096e-09,None,None,None,None, , , , 
1092, ,0.011895340673703195,5.941133984965041e-09,None,None,None,None, , , , 
1093, ,0.011895340673703195,6.3682499447185856e-09,None,None,None,None, , , , 
1094, ,0.011895340673703195,6.826071834272379e-09,None,None,None,None, , , , 
1095, ,0.011895340673703195,7.316807143427175e-09,None,None,None,None, , , , 
1096, ,0.011895340673703195,7.842822061337681e-09,None,None,None,None, , , , 
1097, ,0.011895340673703195,8.406652885618316e-09,None,None,None,None, , , , 
1098, ,0.011895340673703195,9.011018251665036e-09,None,None,None,None, , , , 
1099, ,0.011895340673703195,9.658832241158707e-09,None,None,None,None, , , , 
1100, ,0.011895340673703195,1.0353218432956616e-08,None,None,None,None, , , , 
1101, ,0.011895340673703195,1.1097524964120722e-08,None,None,None,None, , , , 
1102, ,0.011895340673703195,1.1895340673703208e-08,None,None,None,None, , , , 
1103, ,0.011895340673703195,1.2750512407130128e-08,None,None,None,None, , , , 
1104, ,0.011895340673703195,1.3667163564620044e-08,None,None,None,None, , , , 
1105, ,0.011895340673703195,1.4649713983072853e-08,None,None,None,None, , , , 
1106, ,0.011895340673703195,1.5702901247293774e-08,None,None,None,None, , , , 
1107, ,0.011895340673703195,1.683180353330955e-08,None,None,None,None, , , , 
1108, ,0.011895340673703195,1.8041864093920717e-08,None,None,None,None, , , , 
1109, ,0.011895340673703195,1.933891750455232e-08,None,None,None,None, , , , 
1110, ,0.011895340673703195,2.0729217795953697e-08,None,None,None,None, , , , 
1111, ,0.011895340673703195,2.221946860939524e-08,None,None,None,None, , , , 
1112, ,0.011895340673703195,2.3816855519761606e-08,None,None,None,None, , , , 
1113, ,0.011895340673703195,2.552908068239516e-08,None,None,None,None, , , , 
1114, ,0.011895340673703195,2.7364399970746666e-08,None,None,None,None, , , , 
1115, ,0.011895340673703195,2.933166278390042e-08,None,None,None,None, , , , 
1116, ,0.011895340673703195,3.1440354715915e-08,None,None,None,None, , , , 
1117, ,0.011895340673703195,3.370064329271925e-08,None,None,None,None, , , , 
1118, ,0.011895340673703195,3.612342699709431e-08,None,None,None,None, , , , 
1119, ,0.011895340673703195,3.872038781812557e-08,None,None,None,None, , , , 
1120, ,0.011895340673703195,4.1504047578504727e-08,None,None,None,None, , , , 
1121, ,0.011895340673703195,4.448782831127585e-08,None,None,None,None, , , , 
1122, ,0.011895340673703195,4.768611697714474e-08,None,None,None,None, , , , 
1123, ,0.011895340673703195,5.111433483440165e-08,None,None,None,None, , , , 
1124, ,0.011895340673703195,5.478901179593934e-08,None,None,None,None, , , , 
1125, ,0.011895340673703195,5.872786613189478e-08,None,None,None,None, , , , 
1126, ,0.011895340673703195,6.294988990221888e-08,None,None,None,None, , , , 
1127, ,0.011895340673703195,6.747544053110687e-08,None,None,None,None, , , , 
1128, ,0.011895340673703195,7.232633896483534e-08,None,None,None,None, , , , 
1129, ,0.011895340673703195,7.752597488629465e-08,None,None,None,None, , , , 
1130, ,0.011895340673703195,8.309941949353386e-08,None,None,None,None, , , , 
1131, ,0.011895340673703195,8.907354638610439e-08,None,None,None,None, , , , 
1132, ,0.011895340673703195,9.547716114208066e-08,None,None,None,None, , , , 
1133, ,0.011895340673703195,1.0234114021054528e-07,None,None,None,None, , , , 
1134, ,0.011895340673703195,1.0969857978923841e-07,None,None,None,None, , , , 
1135, ,0.011895340673703195,1.1758495540521555e-07,None,None,None,None, , , , 
1136, ,0.011895340673703195,1.2603829296797277e-07,None,None,None,None, , , , 
1137, ,0.011895340673703195,1.350993521198025e-07,None,None,None,None, , , , 
1138, ,0.011895340673703195,1.4481182276745328e-07,None,None,None,None, , , , 
1139, ,0.011895340673703195,1.552225357427048e-07,None,None,None,None, , , , 
1140, ,0.011895340673703195,1.6638168860761273e-07,None,None,None,None, , , , 
1141, ,0.011895340673703195,1.7834308769319093e-07,None,None,None,None, , , , 
1142, ,0.011895340673703195,1.9116440753857e-07,None,None,None,None, , , , 
1143, ,0.011895340673703195,2.049074689815846e-07,None,None,None,None, , , , 
1144, ,0.011895340673703195,2.1963853724165468e-07,None,None,None,None, , , , 
1145, ,0.011895340673703195,2.3542864143224158e-07,None,None,None,None, , , , 
1146, ,0.011895340673703195,2.523539170434766e-07,None,None,None,None, , , , 
1147, ,0.011895340673703195,2.7049597304631316e-07,None,None,None,None, , , , 
1148, ,0.011895340673703195,2.899422853882875e-07,None,None,None,None, , , , 
1149, ,0.011895340673703195,3.107866187782014e-07,None,None,None,None, , , , 
1150, ,0.011895340673703195,3.33129478793467e-07,None,None,None,None, , , , 
1151, ,0.011895340673703195,3.5707859649004626e-07,None,None,None,None, , , , 
1152, ,0.011895340673703195,3.827494478516307e-07,None,None,None,None, , , , 
1153, ,0.011895340673703195,4.1026581058271904e-07,None,None,None,None, , , , 
1154, ,0.011895340673703195,4.397603609302722e-07,None,None,None,None, , , , 
1155, ,0.011895340673703195,4.7137531341167185e-07,None,None,None,None, , , , 
1156, ,0.011895340673703195,5.052631065335679e-07,None,None,None,None, , , , 
1157, ,0.011895340673703195,5.415871378079465e-07,None,None,None,None, , , , 
1158, ,0.011895340673703195,5.805225516094896e-07,None,None,None,None, , , , 
1159, ,0.011895340673703195,6.222570836730232e-07,None,None,None,None, , , , 
1160, ,0.011895340673703195,6.669919663030115e-07,None,None,None,None, , , , 
1161, ,0.011895340673703195,7.149428986597576e-07,None,None,None,None, , , , 
1162, ,0.011895340673703195,7.663410868007445e-07,None,None,None,None, , , , 
1163, ,0.011895340673703195,8.214343584919422e-07,None,None,None,None, , , , 
1164, ,0.011895340673703195,8.804883581643463e-07,None,None,None,None, , , , 
1165, ,0.011895340673703195,9.437878277775371e-07,None,None,None,None, , , , 
1166, ,0.011895340673703195,1.0116379797662072e-06,None,None,None,None, , , , 
1167, ,0.011895340673703195,1.0843659686896086e-06,None,None,None,None, , , , 
1168, ,0.011895340673703195,1.1623224686798522e-06,None,None,None,None, , , , 
1169, ,0.011895340673703195,1.2458833642950078e-06,None,None,None,None, , , , 
1170, ,0.011895340673703195,1.3354515629298971e-06,None,None,None,None, , , , 
1171, ,0.011895340673703195,1.4314589375234786e-06,None,None,None,None, , , , 
1172, ,0.011895340673703195,1.53436840893001e-06,None,None,None,None, , , , 
1173, ,0.011895340673703195,1.6446761779946631e-06,None,None,None,None, , , , 
1174, ,0.011895340673703195,1.762914118095948e-06,None,None,None,None, , , , 
1175, ,0.011895340673703195,1.8896523396912082e-06,None,None,None,None, , , , 
1176, ,0.011895340673703195,2.0255019392306664e-06,None,None,None,None, , , , 
1177, ,0.011895340673703195,2.171117945694501e-06,None,None,None,None, , , , 
1178, ,0.011895340673703195,2.327202478960408e-06,None,None,None,None, , , , 
1179, ,0.011895340673703195,2.494508135230317e-06,None,None,None,None, , , , 
1180, ,0.011895340673703195,2.673841615839944e-06,None,None,None,None, , , , 
1181, ,0.011895340673703195,2.8660676169482507e-06,None,None,None,None, , , , 
1182, ,0.011895340673703195,3.0721129988617524e-06,None,None,None,None, , , , 
1183, ,0.011895340673703195,3.292971255097148e-06,None,None,None,None, , , , 
1184, ,0.011895340673703195,3.5297073027306505e-06,None,None,None,None, , , , 
1185, ,0.011895340673703195,3.783462617131925e-06,None,None,None,None, , , , 
1186, ,0.011895340673703195,4.0554607358408275e-06,None,None,None,None, , , , 
1187, ,0.011895340673703195,4.3470131581250175e-06,None,None,None,None, , , , 
1188, ,0.011895340673703195,4.6595256686646765e-06,None,None,None,None, , , , 
1189, ,0.011895340673703195,4.99450511585514e-06,None,None,None,None, , , , 
1190, ,0.011895340673703195,5.353566677410719e-06,None,None,None,None, , , , 
1191, ,0.011895340673703195,5.738441648302393e-06,None,None,None,None, , , , 
1192, ,0.011895340673703195,6.150985788580505e-06,None,None,None,None, , , , 
1193, ,0.011895340673703195,6.593188271333541e-06,None,None,None,None, , , , 
1194, ,0.011895340673703195,7.067181273927492e-06,None,None,None,None, , , , 
1195, ,0.011895340673703195,7.575250258771904e-06,None,None,None,None, , , , 
1196, ,0.011895340673703195,8.119844993184007e-06,None,None,None,None, , , , 
1197, ,0.011895340673703195,8.703591361485167e-06,None,None,None,None, , , , 
1198, ,0.011895340673703195,9.329304026284676e-06,None,None,None,None, , , , 
1199, ,0.011895340673703195,1e-05,None,None,None,None, , , , 
1200, ,0.012315506032928256,1e-11,None,None,None,None, , , , 
1201, ,0.012315506032928256,1.0718913192051263e-11,None,None,None,None, , , , 
1202, ,0.012315506032928256,1.1489510001873107e-11,None,None,None,None, , , , 
1203, ,0.012315506032928256,1.2315506032928262e-11,None,None,None,None, , , , 
1204, ,0.012315506032928256,1.3200884008314167e-11,None,None,None,None, , , , 
1205, ,0.012315506032928256,1.4149912974345786e-11,None,None,None,None, , , , 
1206, ,0.012315506032928256,1.5167168884709242e-11,None,None,None,None, , , , 
1207, ,0.012315506032928256,1.6257556664437934e-11,None,None,None,None, , , , 
1208, ,0.012315506032928256,1.7426333860096473e-11,None,None,None,None, , , , 
1209, ,0.012315506032928256,1.8679135990207848e-11,None,None,None,None, , , , 
1210, ,0.012315506032928256,2.0022003718155844e-11,None,None,None,None, , , , 
1211, ,0.012315506032928256,2.1461411978584013e-11,None,None,None,None, , , , 
1212, ,0.012315506032928256,2.300430119772921e-11,None,None,None,None, , , , 
1213, ,0.012315506032928256,2.465811075822604e-11,None,None,None,None, , , , 
1214, ,0.012315506032928256,2.643081486974103e-11,None,None,None,None, , , , 
1215, ,0.012315506032928256,2.8330961018393178e-11,None,None,None,None, , , , 
1216, ,0.012315506032928256,3.036771118035461e-11,None,None,None,None, , , , 
1217, ,0.012315506032928256,3.255088599835057e-11,None,None,None,None, , , , 
1218, ,0.012315506032928256,3.4891012134067674e-11,None,None,None,None, , , , 
1219, ,0.012315506032928256,3.739937302478801e-11,None,None,None,None, , , , 
1220, ,0.012315506032928256,4.0088063288984646e-11,None,None,None,None, , , , 
1221, ,0.012315506032928256,4.297004704320835e-11,None,None,None,None, , , , 
1222, ,0.012315506032928256,4.605922041145113e-11,None,None,None,None, , , , 
1223, ,0.012315506032928256,4.937047852839004e-11,None,None,None,None, , , , 
1224, ,0.012315506032928256,5.2919787359584366e-11,None,None,None,None, , , , 
1225, ,0.012315506032928256,5.672426068491989e-11,None,None,None,None, , , , 
1226, ,0.012315506032928256,6.080224261649427e-11,None,None,None,None, , , , 
1227, ,0.012315506032928256,6.517339604882421e-11,None,None,None,None, , , , 
1228, ,0.012315506032928256,6.985879746785235e-11,None,None,None,None, , , , 
1229, ,0.012315506032928256,7.48810385759003e-11,None,None,None,None, , , , 
1230, ,0.012315506032928256,8.026433522257174e-11,None,None,None,None, , , , 
1231, ,0.012315506032928256,8.603464416684492e-11,None,None,None,None, , , , 
1232, ,0.012315506032928256,9.221978823334341e-11,None,None,None,None, , , , 
1233, ,0.012315506032928256,9.884959046625586e-11,None,None,None,None, , , , 
1234, ,0.012315506032928256,1.0595601792776149e-10,None,None,None,None, , , , 
1235, ,0.012315506032928256,1.1357333583431027e-10,None,None,None,None, , , , 
1236, ,0.012315506032928256,1.217382727739662e-10,None,None,None,None, , , , 
1237, ,0.012315506032928256,1.3049019780144016e-10,None,None,None,None, , , , 
1238, ,0.012315506032928256,1.398713102647236e-10,None,None,None,None, , , , 
1239, ,0.012315506032928256,1.4992684327860468e-10,None,None,None,None, , , , 
1240, ,0.012315506032928256,1.6070528182616384e-10,None,None,None,None, , , , 
1241, ,0.012315506032928256,1.722585965398784e-10,None,None,None,None, , , , 
1242, ,0.012315506032928256,1.8464249428955463e-10,None,None,None,None, , , , 
1243, ,0.012315506032928256,1.9791668678535569e-10,None,None,None,None, , , , 
1244, ,0.012315506032928256,2.121451784910628e-10,None,None,None,None, , , , 
1245, ,0.012315506032928256,2.273965752357932e-10,None,None,None,None, , , , 
1246, ,0.012315506032928256,2.4374441501222216e-10,None,None,None,None, , , , 
1247, ,0.012315506032928256,2.6126752255633265e-10,None,None,None,None, , , , 
1248, ,0.012315506032928256,2.8005038941836253e-10,None,None,None,None, , , , 
1249, ,0.012315506032928256,3.0018358135755917e-10,None,None,None,None, , , , 
1250, ,0.012315506032928256,3.2176417502507347e-10,None,None,None,None, , , , 
1251, ,0.012315506032928256,3.4489622604057533e-10,None,None,None,None, , , , 
1252, ,0.012315506032928256,3.696912707195032e-10,None,None,None,None, , , , 
1253, ,0.012315506032928256,3.9626886387014783e-10,None,None,None,None, , , , 
1254, ,0.012315506032928256,4.2475715525368935e-10,None,None,None,None, , , , 
1255, ,0.012315506032928256,4.552935074866938e-10,None,None,None,None, , , , 
1256, ,0.012315506032928256,4.880251583654433e-10,None,None,None,None, , , , 
1257, ,0.012315506032928256,5.231099308056258e-10,None,None,None,None, , , , 
1258, ,0.012315506032928256,5.60716993820547e-10,None,None,None,None, , , , 
1259, ,0.012315506032928256,6.010276782070387e-10,None,None,None,None, , , , 
1260, ,0.012315506032928256,6.442363508721371e-10,None,None,None,None, , , , 
1261, ,0.012315506032928256,6.905513520162316e-10,None,None,None,None, , , , 
1262, ,0.012315506032928256,7.401959996915653e-10,None,None,None,None, , , , 
1263, ,0.012315506032928256,7.934096665797492e-10,None,None,None,None, , , , 
1264, ,0.012315506032928256,8.504489341802668e-10,None,None,None,None, , , , 
1265, ,0.012315506032928256,9.115888299750837e-10,None,None,None,None, , , , 
1266, ,0.012315506032928256,9.771241535346502e-10,None,None,None,None, , , , 
1267, ,0.012315506032928256,1.0473708979594486e-09,None,None,None,None, , , , 
1268, ,0.012315506032928256,1.1226677735108114e-09,None,None,None,None, , , , 
1269, ,0.012315506032928256,1.2033778407775904e-09,None,None,None,None, , , , 
1270, ,0.012315506032928256,1.289890261253308e-09,None,None,None,None, , , , 
1271, ,0.012315506032928256,1.3826221737646535e-09,None,None,None,None, , , , 
1272, ,0.012315506032928256,1.4820207057988602e-09,None,None,None,None, , , , 
1273, ,0.012315506032928256,1.5885651294280526e-09,None,None,None,None, , , , 
1274, ,0.012315506032928256,1.702769172225898e-09,None,None,None,None, , , , 
1275, ,0.012315506032928256,1.825183494319039e-09,None,None,None,None, , , , 
1276, ,0.012315506032928256,1.956398343517065e-09,None,None,None,None, , , , 
1277, ,0.012315506032928256,2.0970464013232305e-09,None,None,None,None, , , , 
1278, ,0.012315506032928256,2.2478058335487307e-09,None,None,None,None, , , , 
1279, ,0.012315506032928256,2.409403560239527e-09,None,None,None,None, , , , 
1280, ,0.012315506032928256,2.582618760682675e-09,None,None,None,None, , , , 
1281, ,0.012315506032928256,2.768286630392061e-09,None,None,None,None, , , , 
1282, ,0.012315506032928256,2.9673024081888724e-09,None,None,None,None, , , , 
1283, ,0.012315506032928256,3.180625692794119e-09,None,None,None,None, , , , 
1284, ,0.012315506032928256,3.409285069746807e-09,None,None,None,None, , , , 
1285, ,0.012315506032928256,3.654383070957262e-09,None,None,None,None, , , , 
1286, ,0.012315506032928256,3.917101490809261e-09,None,None,None,None, , , , 
1287, ,0.012315506032928256,4.198707084443906e-09,None,None,None,None, , , , 
1288, ,0.012315506032928256,4.500557675700488e-09,None,None,None,None, , , , 
1289, ,0.012315506032928256,4.824108704165374e-09,None,None,None,None, , , , 
1290, ,0.012315506032928256,5.170920242896755e-09,None,None,None,None, , , , 
1291, ,0.012315506032928256,5.542664520663096e-09,None,None,None,None, , , , 
1292, ,0.012315506032928256,5.941133984965041e-09,None,None,None,None, , , , 
1293, ,0.012315506032928256,6.3682499447185856e-09,None,None,None,None, , , , 
1294, ,0.012315506032928256,6.826071834272379e-09,None,None,None,None, , , , 
1295, ,0.012315506032928256,7.316807143427175e-09,None,None,None,None, , , , 
1296, ,0.012315506032928256,7.842822061337681e-09,None,None,None,None, , , , 
1297, ,0.012315506032928256,8.406652885618316e-09,None,None,None,None, , , , 
1298, ,0.012315506032928256,9.011018251665036e-09,None,None,None,None, , , , 
1299, ,0.012315506032928256,9.658832241158707e-09,None,None,None,None, , , , 
1300, ,0.012315506032928256,1.0353218432956616e-08,None,None,None,None, , , , 
1301, ,0.012315506032928256,1.1097524964120722e-08,None,None,None,None, , , , 
1302, ,0.012315506032928256,1.1895340673703208e-08,None,None,None,None, , , , 
1303, ,0.012315506032928256,1.2750512407130128e-08,None,None,None,None, , , , 
1304, ,0.012315506032928256,1.3667163564620044e-08,None,None,None,None, , , , 
1305, ,0.012315506032928256,1.4649713983072853e-08,None,None,None,None, , , , 
1306, ,0.012315506032928256,1.5702901247293774e-08,None,None,None,None, , , , 
1307, ,0.012315506032928256,1.683180353330955e-08,None,None,None,None, , , , 
1308, ,0.012315506032928256,1.8041864093920717e-08,None,None,None,None, , , , 
1309, ,0.012315506032928256,1.933891750455232e-08,None,None,None,None, , , , 
1310, ,0.012315506032928256,2.0729217795953697e-08,None,None,None,None, , , , 
1311, ,0.012315506032928256,2.221946860939524e-08,None,None,None,None, , , , 
1312, ,0.012315506032928256,2.3816855519761606e-08,None,None,None,None, , , , 
1313, ,0.012315506032928256,2.552908068239516e-08,None,None,None,None, , , , 
1314, ,0.012315506032928256,2.7364399970746666e-08,None,None,None,None, , , , 
1315, ,0.012315506032928256,2.933166278390042e-08,None,None,None,None, , , , 
1316, ,0.012315506032928256,3.1440354715915e-08,None,None,None,None, , , , 
1317, ,0.012315506032928256,3.370064329271925e-08,None,None,None,None, , , , 
1318, ,0.012315506032928256,3.612342699709431e-08,None,None,None,None, , , , 
1319, ,0.012315506032928256,3.872038781812557e-08,None,None,None,None, , , , 
1320, ,0.012315506032928256,4.1504047578504727e-08,None,None,None,None, , , , 
1321, ,0.012315506032928256,4.448782831127585e-08,None,None,None,None, , , , 
1322, ,0.012315506032928256,4.768611697714474e-08,None,None,None,None, , , , 
1323, ,0.012315506032928256,5.111433483440165e-08,None,None,None,None, , , , 
1324, ,0.012315506032928256,5.478901179593934e-08,None,None,None,None, , , , 
1325, ,0.012315506032928256,5.872786613189478e-08,None,None,None,None, , , , 
1326, ,0.012315506032928256,6.294988990221888e-08,None,None,None,None, , , , 
1327, ,0.012315506032928256,6.747544053110687e-08,None,None,None,None, , , , 
1328, ,0.012315506032928256,7.232633896483534e-08,None,None,None,None, , , , 
1329, ,0.012315506032928256,7.752597488629465e-08,None,None,None,None, , , , 
1330, ,0.012315506032928256,8.309941949353386e-08,None,None,None,None, , , , 
1331, ,0.012315506032928256,8.907354638610439e-08,None,None,None,None, , , , 
1332, ,0.012315506032928256,9.547716114208066e-08,None,None,None,None, , , , 
1333, ,0.012315506032928256,1.0234114021054528e-07,None,None,None,None, , , , 
1334, ,0.012315506032928256,1.0969857978923841e-07,None,None,None,None, , , , 
1335, ,0.012315506032928256,1.1758495540521555e-07,None,None,None,None, , , , 
1336, ,0.012315506032928256,1.2603829296797277e-07,None,None,None,None, , , , 
1337, ,0.012315506032928256,1.350993521198025e-07,None,None,None,None, , , , 
1338, ,0.012315506032928256,1.4481182276745328e-07,None,None,None,None, , , , 
1339, ,0.012315506032928256,1.552225357427048e-07,None,None,None,None, , , , 
1340, ,0.012315506032928256,1.6638168860761273e-07,None,None,None,None, , , , 
1341, ,0.012315506032928256,1.7834308769319093e-07,None,None,None,None, , , , 
1342, ,0.012315506032928256,1.9116440753857e-07,None,None,None,None, , , , 
1343, ,0.012315506032928256,2.049074689815846e-07,None,None,None,None, , , , 
1344, ,0.012315506032928256,2.1963853724165468e-07,None,None,None,None, , , , 
1345, ,0.012315506032928256,2.3542864143224158e-07,None,None,None,None, , , , 
1346, ,0.012315506032928256,2.523539170434766e-07,None,None,None,None, , , , 
1347, ,0.012315506032928256,2.7049597304631316e-07,None,None,None,None, , , , 
1348, ,0.012315506032928256,2.899422853882875e-07,None,None,None,None, , , , 
1349, ,0.012315506032928256,3.107866187782014e-07,None,None,None,None, , , , 
1350, ,0.012315506032928256,3.33129478793467e-07,None,None,None,None, , , , 
1351, ,0.012315506032928256,3.5707859649004626e-07,None,None,None,None, , , , 
1352, ,0.012315506032928256,3.827494478516307e-07,None,None,None,None, , , , 
1353, ,0.012315506032928256,4.1026581058271904e-07,None,None,None,None, , , , 
1354, ,0.012315506032928256,4.397603609302722e-07,None,None,None,None, , , , 
1355, ,0.012315506032928256,4.7137531341167185e-07,None,None,None,None, , , , 
1356, ,0.012315506032928256,5.052631065335679e-07,None,None,None,None, , , , 
1357, ,0.012315506032928256,5.415871378079465e-07,None,None,None,None, , , , 
1358, ,0.012315506032928256,5.805225516094896e-07,None,None,None,None, , , , 
1359, ,0.012315506032928256,6.222570836730232e-07,None,None,None,None, , , , 
1360, ,0.012315506032928256,6.669919663030115e-07,None,None,None,None, , , , 
1361, ,0.012315506032928256,7.149428986597576e-07,None,None,None,None, , , , 
1362, ,0.012315506032928256,7.663410868007445e-07,None,None,None,None, , , , 
1363, ,0.012315506032928256,8.214343584919422e-07,None,None,None,None, , , , 
1364, ,0.012315506032928256,8.804883581643463e-07,None,None,None,None, , , , 
1365, ,0.012315506032928256,9.437878277775371e-07,None,None,None,None, , , , 
1366, ,0.012315506032928256,1.0116379797662072e-06,None,None,None,None, , , , 
1367, ,0.012315506032928256,1.0843659686896086e-06,None,None,None,None, , , , 
1368, ,0.012315506032928256,1.1623224686798522e-06,None,None,None,None, , , , 
1369, ,0.012315506032928256,1.2458833642950078e-06,None,None,None,None, , , , 
1370, ,0.012315506032928256,1.3354515629298971e-06,None,None,None,None, , , , 
1371, ,0.012315506032928256,1.4314589375234786e-06,None,None,None,None, , , , 
1372, ,0.012315506032928256,1.53436840893001e-06,None,None,None,None, , , , 
1373, ,0.012315506032928256,1.6446761779946631e-06,None,None,None,None, , , , 
1374, ,0.012315506032928256,1.762914118095948e-06,None,None,None,None, , , , 
1375, ,0.012315506032928256,1.8896523396912082e-06,None,None,None,None, , , , 
1376, ,0.012315506032928256,2.0255019392306664e-06,None,None,None,None, , , , 
1377, ,0.012315506032928256,2.171117945694501e-06,None,None,None,None, , , , 
1378, ,0.012315506032928256,2.327202478960408e-06,None,None,None,None, , , , 
1379, ,0.012315506032928256,2.494508135230317e-06,None,None,None,None, , , , 
1380, ,0.012315506032928256,2.673841615839944e-06,None,None,None,None, , , , 
1381, ,0.012315506032928256,2.8660676169482507e-06,None,None,None,None, , , , 
1382, ,0.012315506032928256,3.0721129988617524e-06,None,None,None,None, , , , 
1383, ,0.012315506032928256,3.292971255097148e-06,None,None,None,None, , , , 
1384, ,0.012315506032928256,3.5297073027306505e-06,None,None,None,None, , , , 
1385, ,0.012315506032928256,3.783462617131925e-06,None,None,None,None, , , , 
1386, ,0.012315506032928256,4.0554607358408275e-06,None,None,None,None, , , , 
1387, ,0.012315506032928256,4.3470131581250175e-06,None,None,None,None, , , , 
1388, ,0.012315506032928256,4.6595256686646765e-06,None,None,None,None, , , , 
1389, ,0.012315506032928256,4.99450511585514e-06,None,None,None,None, , , , 
1390, ,0.012315506032928256,5.353566677410719e-06,None,None,None,None, , , , 
1391, ,0.012315506032928256,5.738441648302393e-06,None,None,None,None, , , , 
1392, ,0.012315506032928256,6.150985788580505e-06,None,None,None,None, , , , 
1393, ,0.012315506032928256,6.593188271333541e-06,None,None,None,None, , , , 
1394, ,0.012315506032928256,7.067181273927492e-06,None,None,None,None, , , , 
1395, ,0.012315506032928256,7.575250258771904e-06,None,None,None,None, , , , 
1396, ,0.012315506032928256,8.119844993184007e-06,None,None,None,None, , , , 
1397, ,0.012315506032928256,8.703591361485167e-06,None,None,None,None, , , , 
1398, ,0.012315506032928256,9.329304026284676e-06,None,None,None,None, , , , 
1399, ,0.012315506032928256,1e-05,None,None,None,None, , , , 
1400, ,0.012750512407130129,1e-11,None,None,None,None, , , , 
1401, ,0.012750512407130129,1.0718913192051263e-11,None,None,None,None, , , , 
1402, ,0.012750512407130129,1.1489510001873107e-11,None,None,None,None, , , , 
1403, ,0.012750512407130129,1.2315506032928262e-11,None,None,None,None, , , , 
1404, ,0.012750512407130129,1.3200884008314167e-11,None,None,None,None, , , , 
1405, ,0.012750512407130129,1.4149912974345786e-11,None,None,None,None, , , , 
1406, ,0.012750512407130129,1.5167168884709242e-11,None,None,None,None, , , , 
1407, ,0.012750512407130129,1.6257556664437934e-11,None,None,None,None, , , , 
1408, ,0.012750512407130129,1.7426333860096473e-11,None,None,None,None, , , , 
1409, ,0.012750512407130129,1.8679135990207848e-11,None,None,None,None, , , , 
1410, ,0.012750512407130129,2.0022003718155844e-11,None,None,None,None, , , , 
1411, ,0.012750512407130129,2.1461411978584013e-11,None,None,None,None, , , , 
1412, ,0.012750512407130129,2.300430119772921e-11,None,None,None,None, , , , 
1413, ,0.012750512407130129,2.465811075822604e-11,None,None,None,None, , , , 
1414, ,0.012750512407130129,2.643081486974103e-11,None,None,None,None, , , , 
1415, ,0.012750512407130129,2.8330961018393178e-11,None,None,None,None, , , , 
1416, ,0.012750512407130129,3.036771118035461e-11,None,None,None,None, , , , 
1417, ,0.012750512407130129,3.255088599835057e-11,None,None,None,None, , , , 
1418, ,0.012750512407130129,3.4891012134067674e-11,None,None,None,None, , , , 
1419, ,0.012750512407130129,3.739937302478801e-11,None,None,None,None, , , , 
1420, ,0.012750512407130129,4.0088063288984646e-11,None,None,None,None, , , , 
1421, ,0.012750512407130129,4.297004704320835e-11,None,None,None,None, , , , 
1422, ,0.012750512407130129,4.605922041145113e-11,None,None,None,None, , , , 
1423, ,0.012750512407130129,4.937047852839004e-11,None,None,None,None, , , , 
1424, ,0.012750512407130129,5.2919787359584366e-11,None,None,None,None, , , , 
1425, ,0.012750512407130129,5.672426068491989e-11,None,None,None,None, , , , 
1426, ,0.012750512407130129,6.080224261649427e-11,None,None,None,None, , , , 
1427, ,0.012750512407130129,6.517339604882421e-11,None,None,None,None, , , , 
1428, ,0.012750512407130129,6.985879746785235e-11,None,None,None,None, , , , 
1429, ,0.012750512407130129,7.48810385759003e-11,None,None,None,None, , , , 
1430, ,0.012750512407130129,8.026433522257174e-11,None,None,None,None, , , , 
1431, ,0.012750512407130129,8.603464416684492e-11,None,None,None,None, , , , 
1432, ,0.012750512407130129,9.221978823334341e-11,None,None,None,None, , , , 
1433, ,0.012750512407130129,9.884959046625586e-11,None,None,None,None, , , , 
1434, ,0.012750512407130129,1.0595601792776149e-10,None,None,None,None, , , , 
1435, ,0.012750512407130129,1.1357333583431027e-10,None,None,None,None, , , , 
1436, ,0.012750512407130129,1.217382727739662e-10,None,None,None,None, , , , 
1437, ,0.012750512407130129,1.3049019780144016e-10,None,None,None,None, , , , 
1438, ,0.012750512407130129,1.398713102647236e-10,None,None,None,None, , , , 
1439, ,0.012750512407130129,1.4992684327860468e-10,None,None,None,None, , , , 
1440, ,0.012750512407130129,1.6070528182616384e-10,None,None,None,None, , , , 
1441, ,0.012750512407130129,1.722585965398784e-10,None,None,None,None, , , , 
1442, ,0.012750512407130129,1.8464249428955463e-10,None,None,None,None, , , , 
1443, ,0.012750512407130129,1.9791668678535569e-10,None,None,None,None, , , , 
1444, ,0.012750512407130129,2.121451784910628e-10,None,None,None,None, , , , 
1445, ,0.012750512407130129,2.273965752357932e-10,None,None,None,None, , , , 
1446, ,0.012750512407130129,2.4374441501222216e-10,None,None,None,None, , , , 
1447, ,0.012750512407130129,2.6126752255633265e-10,None,None,None,None, , , , 
1448, ,0.012750512407130129,2.8005038941836253e-10,None,None,None,None, , , , 
1449, ,0.012750512407130129,3.0018358135755917e-10,None,None,None,None, , , , 
1450, ,0.012750512407130129,3.2176417502507347e-10,None,None,None,None, , , , 
1451, ,0.012750512407130129,3.4489622604057533e-10,None,None,None,None, , , , 
1452, ,0.012750512407130129,3.696912707195032e-10,None,None,None,None, , , , 
1453, ,0.012750512407130129,3.9626886387014783e-10,None,None,None,None, , , , 
1454, ,0.012750512407130129,4.2475715525368935e-10,None,None,None,None, , , , 
1455, ,0.012750512407130129,4.552935074866938e-10,None,None,None,None, , , , 
1456, ,0.012750512407130129,4.880251583654433e-10,None,None,None,None, , , , 
1457, ,0.012750512407130129,5.231099308056258e-10,None,None,None,None, , , , 
1458, ,0.012750512407130129,5.60716993820547e-10,None,None,None,None, , , , 
1459, ,0.012750512407130129,6.010276782070387e-10,None,None,None,None, , , , 
1460, ,0.012750512407130129,6.442363508721371e-10,None,None,None,None, , , , 
1461, ,0.012750512407130129,6.905513520162316e-10,None,None,None,None, , , , 
1462, ,0.012750512407130129,7.401959996915653e-10,None,None,None,None, , , , 
1463, ,0.012750512407130129,7.934096665797492e-10,None,None,None,None, , , , 
1464, ,0.012750512407130129,8.504489341802668e-10,None,None,None,None, , , , 
1465, ,0.012750512407130129,9.115888299750837e-10,None,None,None,None, , , , 
1466, ,0.012750512407130129,9.771241535346502e-10,None,None,None,None, , , , 
1467, ,0.012750512407130129,1.0473708979594486e-09,None,None,None,None, , , , 
1468, ,0.012750512407130129,1.1226677735108114e-09,None,None,None,None, , , , 
1469, ,0.012750512407130129,1.2033778407775904e-09,None,None,None,None, , , , 
1470, ,0.012750512407130129,1.289890261253308e-09,None,None,None,None, , , , 
1471, ,0.012750512407130129,1.3826221737646535e-09,None,None,None,None, , , , 
1472, ,0.012750512407130129,1.4820207057988602e-09,None,None,None,None, , , , 
1473, ,0.012750512407130129,1.5885651294280526e-09,None,None,None,None, , , , 
1474, ,0.012750512407130129,1.702769172225898e-09,None,None,None,None, , , , 
1475, ,0.012750512407130129,1.825183494319039e-09,None,None,None,None, , , , 
1476, ,0.012750512407130129,1.956398343517065e-09,None,None,None,None, , , , 
1477, ,0.012750512407130129,2.0970464013232305e-09,None,None,None,None, , , , 
1478, ,0.012750512407130129,2.2478058335487307e-09,None,None,None,None, , , , 
1479, ,0.012750512407130129,2.409403560239527e-09,None,None,None,None, , , , 
1480, ,0.012750512407130129,2.582618760682675e-09,None,None,None,None, , , , 
1481, ,0.012750512407130129,2.768286630392061e-09,None,None,None,None, , , , 
1482, ,0.012750512407130129,2.9673024081888724e-09,None,None,None,None, , , , 
1483, ,0.012750512407130129,3.180625692794119e-09,None,None,None,None, , , , 
1484, ,0.012750512407130129,3.409285069746807e-09,None,None,None,None, , , , 
1485, ,0.012750512407130129,3.654383070957262e-09,None,None,None,None, , , , 
1486, ,0.012750512407130129,3.917101490809261e-09,None,None,None,None, , , , 
1487, ,0.012750512407130129,4.198707084443906e-09,None,None,None,None, , , , 
1488, ,0.012750512407130129,4.500557675700488e-09,None,None,None,None, , , , 
1489, ,0.012750512407130129,4.824108704165374e-09,None,None,None,None, , , , 
1490, ,0.012750512407130129,5.170920242896755e-09,None,None,None,None, , , , 
1491, ,0.012750512407130129,5.542664520663096e-09,None,None,None,None, , , , 
1492, ,0.012750512407130129,5.941133984965041e-09,None,None,None,None, , , , 
1493, ,0.012750512407130129,6.3682499447185856e-09,None,None,None,None, , , , 
1494, ,0.012750512407130129,6.826071834272379e-09,None,None,None,None, , , , 
1495, ,0.012750512407130129,7.316807143427175e-09,None,None,None,None, , , , 
1496, ,0.012750512407130129,7.842822061337681e-09,None,None,None,None, , , , 
1497, ,0.012750512407130129,8.406652885618316e-09,None,None,None,None, , , , 
1498, ,0.012750512407130129,9.011018251665036e-09,None,None,None,None, , , , 
1499, ,0.012750512407130129,9.658832241158707e-09,None,None,None,None, , , , 
1500, ,0.012750512407130129,1.0353218432956616e-08,None,None,None,None, , , , 
1501, ,0.012750512407130129,1.1097524964120722e-08,None,None,None,None, , , , 
1502, ,0.012750512407130129,1.1895340673703208e-08,None,None,None,None, , , , 
1503, ,0.012750512407130129,1.2750512407130128e-08,None,None,None,None, , , , 
1504, ,0.012750512407130129,1.3667163564620044e-08,None,None,None,None, , , , 
1505, ,0.012750512407130129,1.4649713983072853e-08,None,None,None,None, , , , 
1506, ,0.012750512407130129,1.5702901247293774e-08,None,None,None,None, , , , 
1507, ,0.012750512407130129,1.683180353330955e-08,None,None,None,None, , , , 
1508, ,0.012750512407130129,1.8041864093920717e-08,None,None,None,None, , , , 
1509, ,0.012750512407130129,1.933891750455232e-08,None,None,None,None, , , , 
1510, ,0.012750512407130129,2.0729217795953697e-08,None,None,None,None, , , , 
1511, ,0.012750512407130129,2.221946860939524e-08,None,None,None,None, , , , 
1512, ,0.012750512407130129,2.3816855519761606e-08,None,None,None,None, , , , 
1513, ,0.012750512407130129,2.552908068239516e-08,None,None,None,None, , , , 
1514, ,0.012750512407130129,2.7364399970746666e-08,None,None,None,None, , , , 
1515, ,0.012750512407130129,2.933166278390042e-08,None,None,None,None, , , , 
1516, ,0.012750512407130129,3.1440354715915e-08,None,None,None,None, , , , 
1517, ,0.012750512407130129,3.370064329271925e-08,None,None,None,None, , , , 
1518, ,0.012750512407130129,3.612342699709431e-08,None,None,None,None, , , , 
1519, ,0.012750512407130129,3.872038781812557e-08,None,None,None,None, , , , 
1520, ,0.012750512407130129,4.1504047578504727e-08,None,None,None,None, , , , 
1521, ,0.012750512407130129,4.448782831127585e-08,None,None,None,None, , , , 
1522, ,0.012750512407130129,4.768611697714474e-08,None,None,None,None, , , , 
1523, ,0.012750512407130129,5.111433483440165e-08,None,None,None,None, , , , 
1524, ,0.012750512407130129,5.478901179593934e-08,None,None,None,None, , , , 
1525, ,0.012750512407130129,5.872786613189478e-08,None,None,None,None, , , , 
1526, ,0.012750512407130129,6.294988990221888e-08,None,None,None,None, , , , 
1527, ,0.012750512407130129,6.747544053110687e-08,None,None,None,None, , , , 
1528, ,0.012750512407130129,7.232633896483534e-08,None,None,None,None, , , , 
1529, ,0.012750512407130129,7.752597488629465e-08,None,None,None,None, , , , 
1530, ,0.012750512407130129,8.309941949353386e-08,None,None,None,None, , , , 
1531, ,0.012750512407130129,8.907354638610439e-08,None,None,None,None, , , , 
1532, ,0.012750512407130129,9.547716114208066e-08,None,None,None,None, , , , 
1533, ,0.012750512407130129,1.0234114021054528e-07,None,None,None,None, , , , 
1534, ,0.012750512407130129,1.0969857978923841e-07,None,None,None,None, , , , 
1535, ,0.012750512407130129,1.1758495540521555e-07,None,None,None,None, , , , 
1536, ,0.012750512407130129,1.2603829296797277e-07,None,None,None,None, , , , 
1537, ,0.012750512407130129,1.350993521198025e-07,None,None,None,None, , , , 
1538, ,0.012750512407130129,1.4481182276745328e-07,None,None,None,None, , , , 
1539, ,0.012750512407130129,1.552225357427048e-07,None,None,None,None, , , , 
1540, ,0.012750512407130129,1.6638168860761273e-07,None,None,None,None, , , , 
1541, ,0.012750512407130129,1.7834308769319093e-07,None,None,None,None, , , , 
1542, ,0.012750512407130129,1.9116440753857e-07,None,None,None,None, , , , 
1543, ,0.012750512407130129,2.049074689815846e-07,None,None,None,None, , , , 
1544, ,0.012750512407130129,2.1963853724165468e-07,None,None,None,None, , , , 
1545, ,0.012750512407130129,2.3542864143224158e-07,None,None,None,None, , , , 
1546, ,0.012750512407130129,2.523539170434766e-07,None,None,None,None, , , , 
1547, ,0.012750512407130129,2.7049597304631316e-07,None,None,None,None, , , , 
1548, ,0.012750512407130129,2.899422853882875e-07,None,None,None,None, , , , 
1549, ,0.012750512407130129,3.107866187782014e-07,None,None,None,None, , , , 
1550, ,0.012750512407130129,3.33129478793467e-07,None,None,None,None, , , , 
1551, ,0.012750512407130129,3.5707859649004626e-07,None,None,None,None, , , , 
1552, ,0.012750512407130129,3.827494478516307e-07,None,None,None,None, , , , 
1553, ,0.012750512407130129,4.1026581058271904e-07,None,None,None,None, , , , 
1554, ,0.012750512407130129,4.397603609302722e-07,None,None,None,None, , , , 
1555, ,0.012750512407130129,4.7137531341167185e-07,None,None,None,None, , , , 
1556, ,0.012750512407130129,5.052631065335679e-07,None,None,None,None, , , , 
1557, ,0.012750512407130129,5.415871378079465e-07,None,None,None,None, , , , 
1558, ,0.012750512407130129,5.805225516094896e-07,None,None,None,None, , , , 
1559, ,0.012750512407130129,6.222570836730232e-07,None,None,None,None, , , , 
1560, ,0.012750512407130129,6.669919663030115e-07,None,None,None,None, , , , 
1561, ,0.012750512407130129,7.149428986597576e-07,None,None,None,None, , , , 
1562, ,0.012750512407130129,7.663410868007445e-07,None,None,None,None, , , , 
1563, ,0.012750512407130129,8.214343584919422e-07,None,None,None,None, , , , 
1564, ,0.012750512407130129,8.804883581643463e-07,None,None,None,None, , , , 
1565, ,0.012750512407130129,9.437878277775371e-07,None,None,None,None, , , , 
1566, ,0.012750512407130129,1.0116379797662072e-06,None,None,None,None, , , , 
1567, ,0.012750512407130129,1.0843659686896086e-06,None,None,None,None, , , , 
1568, ,0.012750512407130129,1.1623224686798522e-06,None,None,None,None, , , , 
1569, ,0.012750512407130129,1.2458833642950078e-06,None,None,None,None, , , , 
1570, ,0.012750512407130129,1.3354515629298971e-06,None,None,None,None, , , , 
1571, ,0.012750512407130129,1.4314589375234786e-06,None,None,None,None, , , , 
1572, ,0.012750512407130129,1.53436840893001e-06,None,None,None,None, , , , 
1573, ,0.012750512407130129,1.6446761779946631e-06,None,None,None,None, , , , 
1574, ,0.012750512407130129,1.762914118095948e-06,None,None,None,None, , , , 
1575, ,0.012750512407130129,1.8896523396912082e-06,None,None,None,None, , , , 
1576, ,0.012750512407130129,2.0255019392306664e-06,None,None,None,None, , , , 
1577, ,0.012750512407130129,2.171117945694501e-06,None,None,None,None, , , , 
1578, ,0.012750512407130129,2.327202478960408e-06,None,None,None,None, , , , 
1579, ,0.012750512407130129,2.494508135230317e-06,None,None,None,None, , , , 
1580, ,0.012750512407130129,2.673841615839944e-06,None,None,None,None, , , , 
1581, ,0.012750512407130129,2.8660676169482507e-06,None,None,None,None, , , , 
1582, ,0.012750512407130129,3.0721129988617524e-06,None,None,None,None, , , , 
1583, ,0.012750512407130129,3.292971255097148e-06,None,None,None,None, , , , 
1584, ,0.012750512407130129,3.5297073027306505e-06,None,None,None,None, , , , 
1585, ,0.012750512407130129,3.783462617131925e-06,None,None,None,None, , , , 
1586, ,0.012750512407130129,4.0554607358408275e-06,None,None,None,None, , , , 
1587, ,0.012750512407130129,4.3470131581250175e-06,None,None,None,None, , , , 
1588, ,0.012750512407130129,4.6595256686646765e-06,None,None,None,None, , , , 
1589, ,0.012750512407130129,4.99450511585514e-06,None,None,None,None, , , , 
1590, ,0.012750512407130129,5.353566677410719e-06,None,None,None,None, , , , 
1591, ,0.012750512407130129,5.738441648302393e-06,None,None,None,None, , , , 
1592, ,0.012750512407130129,6.150985788580505e-06,None,None,None,None, , , , 
1593, ,0.012750512407130129,6.593188271333541e-06,None,None,None,None, , , , 
1594, ,0.012750512407130129,7.067181273927492e-06,None,None,None,None, , , , 
1595, ,0.012750512407130129,7.575250258771904e-06,None,None,None,None, , , , 
1596, ,0.012750512407130129,8.119844993184007e-06,None,None,None,None, , , , 
1597, ,0.012750512407130129,8.703591361485167e-06,None,None,None,None, , , , 
1598, ,0.012750512407130129,9.329304026284676e-06,None,None,None,None, , , , 
1599, ,0.012750512407130129,1e-05,None,None,None,None, , , , 
1600, ,0.01320088400831418,1e-11,None,None,None,None, , , , 
1601, ,0.01320088400831418,1.0718913192051263e-11,None,None,None,None, , , , 
1602, ,0.01320088400831418,1.1489510001873107e-11,None,None,None,None, , , , 
1603, ,0.01320088400831418,1.2315506032928262e-11,None,None,None,None, , , , 
1604, ,0.01320088400831418,1.3200884008314167e-11,None,None,None,None, , , , 
1605, ,0.01320088400831418,1.4149912974345786e-11,None,None,None,None, , , , 
1606, ,0.01320088400831418,1.5167168884709242e-11,None,None,None,None, , , , 
1607, ,0.01320088400831418,1.6257556664437934e-11,None,None,None,None, , , , 
1608, ,0.01320088400831418,1.7426333860096473e-11,None,None,None,None, , , , 
1609, ,0.01320088400831418,1.8679135990207848e-11,None,None,None,None, , , , 
1610, ,0.01320088400831418,2.0022003718155844e-11,None,None,None,None, , , , 
1611, ,0.01320088400831418,2.1461411978584013e-11,None,None,None,None, , , , 
1612, ,0.01320088400831418,2.300430119772921e-11,None,None,None,None, , , , 
1613, ,0.01320088400831418,2.465811075822604e-11,None,None,None,None, , , , 
1614, ,0.01320088400831418,2.643081486974103e-11,None,None,None,None, , , , 
1615, ,0.01320088400831418,2.8330961018393178e-11,None,None,None,None, , , , 
1616, ,0.01320088400831418,3.036771118035461e-11,None,None,None,None, , , , 
1617, ,0.01320088400831418,3.255088599835057e-11,None,None,None,None, , , , 
1618, ,0.01320088400831418,3.4891012134067674e-11,None,None,None,None, , , , 
1619, ,0.01320088400831418,3.739937302478801e-11,None,None,None,None, , , , 
1620, ,0.01320088400831418,4.0088063288984646e-11,None,None,None,None, , , , 
1621, ,0.01320088400831418,4.297004704320835e-11,None,None,None,None, , , , 
1622, ,0.01320088400831418,4.605922041145113e-11,None,None,None,None, , , , 
1623, ,0.01320088400831418,4.937047852839004e-11,None,None,None,None, , , , 
1624, ,0.01320088400831418,5.2919787359584366e-11,None,None,None,None, , , , 
1625, ,0.01320088400831418,5.672426068491989e-11,None,None,None,None, , , , 
1626, ,0.01320088400831418,6.080224261649427e-11,None,None,None,None, , , , 
1627, ,0.01320088400831418,6.517339604882421e-11,None,None,None,None, , , , 
1628, ,0.01320088400831418,6.985879746785235e-11,None,None,None,None, , , , 
1629, ,0.01320088400831418,7.48810385759003e-11,None,None,None,None, , , , 
1630, ,0.01320088400831418,8.026433522257174e-11,None,None,None,None, , , , 
1631, ,0.01320088400831418,8.603464416684492e-11,None,None,None,None, , , , 
1632, ,0.01320088400831418,9.221978823334341e-11,None,None,None,None, , , , 
1633, ,0.01320088400831418,9.884959046625586e-11,None,None,None,None, , , , 
1634, ,0.01320088400831418,1.0595601792776149e-10,None,None,None,None, , , , 
1635, ,0.01320088400831418,1.1357333583431027e-10,None,None,None,None, , , , 
1636, ,0.01320088400831418,1.217382727739662e-10,None,None,None,None, , , , 
1637, ,0.01320088400831418,1.3049019780144016e-10,None,None,None,None, , , , 
1638, ,0.01320088400831418,1.398713102647236e-10,None,None,None,None, , , , 
1639, ,0.01320088400831418,1.4992684327860468e-10,None,None,None,None, , , , 
1640, ,0.01320088400831418,1.6070528182616384e-10,None,None,None,None, , , , 
1641, ,0.01320088400831418,1.722585965398784e-10,None,None,None,None, , , , 
1642, ,0.01320088400831418,1.8464249428955463e-10,None,None,None,None, , , , 
1643, ,0.01320088400831418,1.9791668678535569e-10,None,None,None,None, , , , 
1644, ,0.01320088400831418,2.121451784910628e-10,None,None,None,None, , , , 
1645, ,0.01320088400831418,2.273965752357932e-10,None,None,None,None, , , , 
1646, ,0.01320088400831418,2.4374441501222216e-10,None,None,None,None, , , , 
1647, ,0.01320088400831418,2.6126752255633265e-10,None,None,None,None, , , , 
1648, ,0.01320088400831418,2.8005038941836253e-10,None,None,None,None, , , , 
1649, ,0.01320088400831418,3.0018358135755917e-10,None,None,None,None, , , , 
1650, ,0.01320088400831418,3.2176417502507347e-10,None,None,None,None, , , , 
1651, ,0.01320088400831418,3.4489622604057533e-10,None,None,None,None, , , , 
1652, ,0.01320088400831418,3.696912707195032e-10,None,None,None,None, , , , 
1653, ,0.01320088400831418,3.9626886387014783e-10,None,None,None,None, , , , 
1654, ,0.01320088400831418,4.2475715525368935e-10,None,None,None,None, , , , 
1655, ,0.01320088400831418,4.552935074866938e-10,None,None,None,None, , , , 
1656, ,0.01320088400831418,4.880251583654433e-10,None,None,None,None, , , , 
1657, ,0.01320088400831418,5.231099308056258e-10,None,None,None,None, , , , 
1658, ,0.01320088400831418,5.60716993820547e-10,None,None,None,None, , , , 
1659, ,0.01320088400831418,6.010276782070387e-10,None,None,None,None, , , , 
1660, ,0.01320088400831418,6.442363508721371e-10,None,None,None,None, , , , 
1661, ,0.01320088400831418,6.905513520162316e-10,None,None,None,None, , , , 
1662, ,0.01320088400831418,7.401959996915653e-10,None,None,None,None, , , , 
1663, ,0.01320088400831418,7.934096665797492e-10,None,None,None,None, , , , 
1664, ,0.01320088400831418,8.504489341802668e-10,None,None,None,None, , , , 
1665, ,0.01320088400831418,9.115888299750837e-10,None,None,None,None, , , , 
1666, ,0.01320088400831418,9.771241535346502e-10,None,None,None,None, , , , 
1667, ,0.01320088400831418,1.0473708979594486e-09,None,None,None,None, , , , 
1668, ,0.01320088400831418,1.1226677735108114e-09,None,None,None,None, , , , 
1669, ,0.01320088400831418,1.2033778407775904e-09,None,None,None,None, , , , 
1670, ,0.01320088400831418,1.289890261253308e-09,None,None,None,None, , , , 
1671, ,0.01320088400831418,1.3826221737646535e-09,None,None,None,None, , , , 
1672, ,0.01320088400831418,1.4820207057988602e-09,None,None,None,None, , , , 
1673, ,0.01320088400831418,1.5885651294280526e-09,None,None,None,None, , , , 
1674, ,0.01320088400831418,1.702769172225898e-09,None,None,None,None, , , , 
1675, ,0.01320088400831418,1.825183494319039e-09,None,None,None,None, , , , 
1676, ,0.01320088400831418,1.956398343517065e-09,None,None,None,None, , , , 
1677, ,0.01320088400831418,2.0970464013232305e-09,None,None,None,None, , , , 
1678, ,0.01320088400831418,2.2478058335487307e-09,None,None,None,None, , , , 
1679, ,0.01320088400831418,2.409403560239527e-09,None,None,None,None, , , , 
1680, ,0.01320088400831418,2.582618760682675e-09,None,None,None,None, , , , 
1681, ,0.01320088400831418,2.768286630392061e-09,None,None,None,None, , , , 
1682, ,0.01320088400831418,2.9673024081888724e-09,None,None,None,None, , , , 
1683, ,0.01320088400831418,3.180625692794119e-09,None,None,None,None, , , , 
1684, ,0.01320088400831418,3.409285069746807e-09,None,None,None,None, , , , 
1685, ,0.01320088400831418,3.654383070957262e-09,None,None,None,None, , , , 
1686, ,0.01320088400831418,3.917101490809261e-09,None,None,None,None, , , , 
1687, ,0.01320088400831418,4.198707084443906e-09,None,None,None,None, , , , 
1688, ,0.01320088400831418,4.500557675700488e-09,None,None,None,None, , , , 
1689, ,0.01320088400831418,4.824108704165374e-09,None,None,None,None, , , , 
1690, ,0.01320088400831418,5.170920242896755e-09,None,None,None,None, , , , 
1691, ,0.01320088400831418,5.542664520663096e-09,None,None,None,None, , , , 
1692, ,0.01320088400831418,5.941133984965041e-09,None,None,None,None, , , , 
1693, ,0.01320088400831418,6.3682499447185856e-09,None,None,None,None, , , , 
1694, ,0.01320088400831418,6.826071834272379e-09,None,None,None,None, , , , 
1695, ,0.01320088400831418,7.316807143427175e-09,None,None,None,None, , , , 
1696, ,0.01320088400831418,7.842822061337681e-09,None,None,None,None, , , , 
1697, ,0.01320088400831418,8.406652885618316e-09,None,None,None,None, , , , 
1698, ,0.01320088400831418,9.011018251665036e-09,None,None,None,None, , , , 
1699, ,0.01320088400831418,9.658832241158707e-09,None,None,None,None, , , , 
1700, ,0.01320088400831418,1.0353218432956616e-08,None,None,None,None, , , , 
1701, ,0.01320088400831418,1.1097524964120722e-08,None,None,None,None, , , , 
1702, ,0.01320088400831418,1.1895340673703208e-08,None,None,None,None, , , , 
1703, ,0.01320088400831418,1.2750512407130128e-08,None,None,None,None, , , , 
1704, ,0.01320088400831418,1.3667163564620044e-08,None,None,None,None, , , , 
1705, ,0.01320088400831418,1.4649713983072853e-08,None,None,None,None, , , , 
1706, ,0.01320088400831418,1.5702901247293774e-08,None,None,None,None, , , , 
1707, ,0.01320088400831418,1.683180353330955e-08,None,None,None,None, , , , 
1708, ,0.01320088400831418,1.8041864093920717e-08,None,None,None,None, , , , 
1709, ,0.01320088400831418,1.933891750455232e-08,None,None,None,None, , , , 
1710, ,0.01320088400831418,2.0729217795953697e-08,None,None,None,None, , , , 
1711, ,0.01320088400831418,2.221946860939524e-08,None,None,None,None, , , , 
1712, ,0.01320088400831418,2.3816855519761606e-08,None,None,None,None, , , , 
1713, ,0.01320088400831418,2.552908068239516e-08,None,None,None,None, , , , 
1714, ,0.01320088400831418,2.7364399970746666e-08,None,None,None,None, , , , 
1715, ,0.01320088400831418,2.933166278390042e-08,None,None,None,None, , , , 
1716, ,0.01320088400831418,3.1440354715915e-08,None,None,None,None, , , , 
1717, ,0.01320088400831418,3.370064329271925e-08,None,None,None,None, , , , 
1718, ,0.01320088400831418,3.612342699709431e-08,None,None,None,None, , , , 
1719, ,0.01320088400831418,3.872038781812557e-08,None,None,None,None, , , , 
1720, ,0.01320088400831418,4.1504047578504727e-08,None,None,None,None, , , , 
1721, ,0.01320088400831418,4.448782831127585e-08,None,None,None,None, , , , 
1722, ,0.01320088400831418,4.768611697714474e-08,None,None,None,None, , , , 
1723, ,0.01320088400831418,5.111433483440165e-08,None,None,None,None, , , , 
1724, ,0.01320088400831418,5.478901179593934e-08,None,None,None,None, , , , 
1725, ,0.01320088400831418,5.872786613189478e-08,None,None,None,None, , , , 
1726, ,0.01320088400831418,6.294988990221888e-08,None,None,None,None, , , , 
1727, ,0.01320088400831418,6.747544053110687e-08,None,None,None,None, , , , 
1728, ,0.01320088400831418,7.232633896483534e-08,None,None,None,None, , , , 
1729, ,0.01320088400831418,7.752597488629465e-08,None,None,None,None, , , , 
1730, ,0.01320088400831418,8.309941949353386e-08,None,None,None,None, , , , 
1731, ,0.01320088400831418,8.907354638610439e-08,None,None,None,None, , , , 
1732, ,0.01320088400831418,9.547716114208066e-08,None,None,None,None, , , , 
1733, ,0.01320088400831418,1.0234114021054528e-07,None,None,None,None, , , , 
1734, ,0.01320088400831418,1.0969857978923841e-07,None,None,None,None, , , , 
1735, ,0.01320088400831418,1.1758495540521555e-07,None,None,None,None, , , , 
1736, ,0.01320088400831418,1.2603829296797277e-07,None,None,None,None, , , , 
1737, ,0.01320088400831418,1.350993521198025e-07,None,None,None,None, , , , 
1738, ,0.01320088400831418,1.4481182276745328e-07,None,None,None,None, , , , 
1739, ,0.01320088400831418,1.552225357427048e-07,None,None,None,None, , , , 
1740, ,0.01320088400831418,1.6638168860761273e-07,None,None,None,None, , , , 
1741, ,0.01320088400831418,1.7834308769319093e-07,None,None,None,None, , , , 
1742, ,0.01320088400831418,1.9116440753857e-07,None,None,None,None, , , , 
1743, ,0.01320088400831418,2.049074689815846e-07,None,None,None,None, , , , 
1744, ,0.01320088400831418,2.1963853724165468e-07,None,None,None,None, , , , 
1745, ,0.01320088400831418,2.3542864143224158e-07,None,None,None,None, , , , 
1746, ,0.01320088400831418,2.523539170434766e-07,None,None,None,None, , , , 
1747, ,0.01320088400831418,2.7049597304631316e-07,None,None,None,None, , , , 
1748, ,0.01320088400831418,2.899422853882875e-07,None,None,None,None, , , , 
1749, ,0.01320088400831418,3.107866187782014e-07,None,None,None,None, , , , 
1750, ,0.01320088400831418,3.33129478793467e-07,None,None,None,None, , , , 
1751, ,0.01320088400831418,3.5707859649004626e-07,None,None,None,None, , , , 
1752, ,0.01320088400831418,3.827494478516307e-07,None,None,None,None, , , , 
1753, ,0.01320088400831418,4.1026581058271904e-07,None,None,None,None, , , , 
1754, ,0.01320088400831418,4.397603609302722e-07,None,None,None,None, , , , 
1755, ,0.01320088400831418,4.7137531341167185e-07,None,None,None,None, , , , 
1756, ,0.01320088400831418,5.052631065335679e-07,None,None,None,None, , , , 
1757, ,0.01320088400831418,5.415871378079465e-07,None,None,None,None, , , , 
1758, ,0.01320088400831418,5.805225516094896e-07,None,None,None,None, , , , 
1759, ,0.01320088400831418,6.222570836730232e-07,None,None,None,None, , , , 
1760, ,0.01320088400831418,6.669919663030115e-07,None,None,None,None, , , , 
1761, ,0.01320088400831418,7.149428986597576e-07,None,None,None,None, , , , 
1762, ,0.01320088400831418,7.663410868007445e-07,None,None,None,None, , , , 
1763, ,0.01320088400831418,8.214343584919422e-07,None,None,None,None, , , , 
1764, ,0.01320088400831418,8.804883581643463e-07,None,None,None,None, , , , 
1765, ,0.01320088400831418,9.437878277775371e-07,None,None,None,None, , , , 
1766, ,0.01320088400831418,1.0116379797662072e-06,None,None,None,None, , , , 
1767, ,0.01320088400831418,1.0843659686896086e-06,None,None,None,None, , , , 
1768, ,0.01320088400831418,1.1623224686798522e-06,None,None,None,None, , , , 
1769, ,0.01320088400831418,1.2458833642950078e-06,None,None,None,None, , , , 
1770, ,0.01320088400831418,1.3354515629298971e-06,None,None,None,None, , , , 
1771, ,0.01320088400831418,1.4314589375234786e-06,None,None,None,None, , , , 
1772, ,0.01320088400831418,1.53436840893001e-06,None,None,None,None, , , , 
1773, ,0.01320088400831418,1.6446761779946631e-06,None,None,None,None, , , , 
1774, ,0.01320088400831418,1.762914118095948e-06,None,None,None,None, , , , 
1775, ,0.01320088400831418,1.8896523396912082e-06,None,None,None,None, , , , 
1776, ,0.01320088400831418,2.0255019392306664e-06,None,None,None,None, , , , 
1777, ,0.01320088400831418,2.171117945694501e-06,None,None,None,None, , , , 
1778, ,0.01320088400831418,2.327202478960408e-06,None,None,None,None, , , , 
1779, ,0.01320088400831418,2.494508135230317e-06,None,None,None,None, , , , 
1780, ,0.01320088400831418,2.673841615839944e-06,None,None,None,None, , , , 
1781, ,0.01320088400831418,2.8660676169482507e-06,None,None,None,None, , , , 
1782, ,0.01320088400831418,3.0721129988617524e-06,None,None,None,None, , , , 
1783, ,0.01320088400831418,3.292971255097148e-06,None,None,None,None, , , , 
1784, ,0.01320088400831418,3.5297073027306505e-06,None,None,None,None, , , , 
1785, ,0.01320088400831418,3.783462617131925e-06,None,None,None,None, , , , 
1786, ,0.01320088400831418,4.0554607358408275e-06,None,None,None,None, , , , 
1787, ,0.01320088400831418,4.3470131581250175e-06,None,None,None,None, , , , 
1788, ,0.01320088400831418,4.6595256686646765e-06,None,None,None,None, , , , 
1789, ,0.01320088400831418,4.99450511585514e-06,None,None,None,None, , , , 
1790, ,0.01320088400831418,5.353566677410719e-06,None,None,None,None, , , , 
1791, ,0.01320088400831418,5.738441648302393e-06,None,None,None,None, , , , 
1792, ,0.01320088400831418,6.150985788580505e-06,None,None,None,None, , , , 
1793, ,0.01320088400831418,6.593188271333541e-06,None,None,None,None, , , , 
1794, ,0.01320088400831418,7.067181273927492e-06,None,None,None,None, , , , 
1795, ,0.01320088400831418,7.575250258771904e-06,None,None,None,None, , , , 
1796, ,0.01320088400831418,8.119844993184007e-06,None,None,None,None, , , , 
1797, ,0.01320088400831418,8.703591361485167e-06,None,None,None,None, , , , 
1798, ,0.01320088400831418,9.329304026284676e-06,None,None,None,None, , , , 
1799, ,0.01320088400831418,1e-05,None,None,None,None, , , , 
1800, ,0.013667163564620066,1e-11,None,None,None,None, , , , 
1801, ,0.013667163564620066,1.0718913192051263e-11,None,None,None,None, , , , 
1802, ,0.013667163564620066,1.1489510001873107e-11,None,None,None,None, , , , 
1803, ,0.013667163564620066,1.2315506032928262e-11,None,None,None,None, , , , 
1804, ,0.013667163564620066,1.3200884008314167e-11,None,None,None,None, , , , 
1805, ,0.013667163564620066,1.4149912974345786e-11,None,None,None,None, , , , 
1806, ,0.013667163564620066,1.5167168884709242e-11,None,None,None,None, , , , 
1807, ,0.013667163564620066,1.6257556664437934e-11,None,None,None,None, , , , 
1808, ,0.013667163564620066,1.7426333860096473e-11,None,None,None,None, , , , 
1809, ,0.013667163564620066,1.8679135990207848e-11,None,None,None,None, , , , 
1810, ,0.013667163564620066,2.0022003718155844e-11,None,None,None,None, , , , 
1811, ,0.013667163564620066,2.1461411978584013e-11,None,None,None,None, , , , 
1812, ,0.013667163564620066,2.300430119772921e-11,None,None,None,None, , , , 
1813, ,0.013667163564620066,2.465811075822604e-11,None,None,None,None, , , , 
1814, ,0.013667163564620066,2.643081486974103e-11,None,None,None,None, , , , 
1815, ,0.013667163564620066,2.8330961018393178e-11,None,None,None,None, , , , 
1816, ,0.013667163564620066,3.036771118035461e-11,None,None,None,None, , , , 
1817, ,0.013667163564620066,3.255088599835057e-11,None,None,None,None, , , , 
1818, ,0.013667163564620066,3.4891012134067674e-11,None,None,None,None, , , , 
1819, ,0.013667163564620066,3.739937302478801e-11,None,None,None,None, , , , 
1820, ,0.013667163564620066,4.0088063288984646e-11,None,None,None,None, , , , 
1821, ,0.013667163564620066,4.297004704320835e-11,None,None,None,None, , , , 
1822, ,0.013667163564620066,4.605922041145113e-11,None,None,None,None, , , , 
1823, ,0.013667163564620066,4.937047852839004e-11,None,None,None,None, , , , 
1824, ,0.013667163564620066,5.2919787359584366e-11,None,None,None,None, , , , 
1825, ,0.013667163564620066,5.672426068491989e-11,None,None,None,None, , , , 
1826, ,0.013667163564620066,6.080224261649427e-11,None,None,None,None, , , , 
1827, ,0.013667163564620066,6.517339604882421e-11,None,None,None,None, , , , 
1828, ,0.013667163564620066,6.985879746785235e-11,None,None,None,None, , , , 
1829, ,0.013667163564620066,7.48810385759003e-11,None,None,None,None, , , , 
1830, ,0.013667163564620066,8.026433522257174e-11,None,None,None,None, , , , 
1831, ,0.013667163564620066,8.603464416684492e-11,None,None,None,None, , , , 
1832, ,0.013667163564620066,9.221978823334341e-11,None,None,None,None, , , , 
1833, ,0.013667163564620066,9.884959046625586e-11,None,None,None,None, , , , 
1834, ,0.013667163564620066,1.0595601792776149e-10,None,None,None,None, , , , 
1835, ,0.013667163564620066,1.1357333583431027e-10,None,None,None,None, , , , 
1836, ,0.013667163564620066,1.217382727739662e-10,None,None,None,None, , , , 
1837, ,0.013667163564620066,1.3049019780144016e-10,None,None,None,None, , , , 
1838, ,0.013667163564620066,1.398713102647236e-10,None,None,None,None, , , , 
1839, ,0.013667163564620066,1.4992684327860468e-10,None,None,None,None, , , , 
1840, ,0.013667163564620066,1.6070528182616384e-10,None,None,None,None, , , , 
1841, ,0.013667163564620066,1.722585965398784e-10,None,None,None,None, , , , 
1842, ,0.013667163564620066,1.8464249428955463e-10,None,None,None,None, , , , 
1843, ,0.013667163564620066,1.9791668678535569e-10,None,None,None,None, , , , 
1844, ,0.013667163564620066,2.121451784910628e-10,None,None,None,None, , , , 
1845, ,0.013667163564620066,2.273965752357932e-10,None,None,None,None, , , , 
1846, ,0.013667163564620066,2.4374441501222216e-10,None,None,None,None, , , , 
1847, ,0.013667163564620066,2.6126752255633265e-10,None,None,None,None, , , , 
1848, ,0.013667163564620066,2.8005038941836253e-10,None,None,None,None, , , , 
1849, ,0.013667163564620066,3.0018358135755917e-10,None,None,None,None, , , , 
1850, ,0.013667163564620066,3.2176417502507347e-10,None,None,None,None, , , , 
1851, ,0.013667163564620066,3.4489622604057533e-10,None,None,None,None, , , , 
1852, ,0.013667163564620066,3.696912707195032e-10,None,None,None,None, , , , 
1853, ,0.013667163564620066,3.9626886387014783e-10,None,None,None,None, , , , 
1854, ,0.013667163564620066,4.2475715525368935e-10,None,None,None,None, , , , 
1855, ,0.013667163564620066,4.552935074866938e-10,None,None,None,None, , , , 
1856, ,0.013667163564620066,4.880251583654433e-10,None,None,None,None, , , , 
1857, ,0.013667163564620066,5.231099308056258e-10,None,None,None,None, , , , 
1858, ,0.013667163564620066,5.60716993820547e-10,None,None,None,None, , , , 
1859, ,0.013667163564620066,6.010276782070387e-10,None,None,None,None, , , , 
1860, ,0.013667163564620066,6.442363508721371e-10,None,None,None,None, , , , 
1861, ,0.013667163564620066,6.905513520162316e-10,None,None,None,None, , , , 
1862, ,0.013667163564620066,7.401959996915653e-10,None,None,None,None, , , , 
1863, ,0.013667163564620066,7.934096665797492e-10,None,None,None,None, , , , 
1864, ,0.013667163564620066,8.504489341802668e-10,None,None,None,None, , , , 
1865, ,0.013667163564620066,9.115888299750837e-10,None,None,None,None, , , , 
1866, ,0.013667163564620066,9.771241535346502e-10,None,None,None,None, , , , 
1867, ,0.013667163564620066,1.0473708979594486e-09,None,None,None,None, , , , 
1868, ,0.013667163564620066,1.1226677735108114e-09,None,None,None,None, , , , 
1869, ,0.013667163564620066,1.2033778407775904e-09,None,None,None,None, , , , 
1870, ,0.013667163564620066,1.289890261253308e-09,None,None,None,None, , , , 
1871, ,0.013667163564620066,1.3826221737646535e-09,None,None,None,None, , , , 
1872, ,0.013667163564620066,1.4820207057988602e-09,None,None,None,None, , , , 
1873, ,0.013667163564620066,1.5885651294280526e-09,None,None,None,None, , , , 
1874, ,0.013667163564620066,1.702769172225898e-09,None,None,None,None, , , , 
1875, ,0.013667163564620066,1.825183494319039e-09,None,None,None,None, , , , 
1876, ,0.013667163564620066,1.956398343517065e-09,None,None,None,None, , , , 
1877, ,0.013667163564620066,2.0970464013232305e-09,None,None,None,None, , , , 
1878, ,0.013667163564620066,2.2478058335487307e-09,None,None,None,None, , , , 
1879, ,0.013667163564620066,2.409403560239527e-09,None,None,None,None, , , , 
1880, ,0.013667163564620066,2.582618760682675e-09,None,None,None,None, , , , 
1881, ,0.013667163564620066,2.768286630392061e-09,None,None,None,None, , , , 
1882, ,0.013667163564620066,2.9673024081888724e-09,None,None,None,None, , , , 
1883, ,0.013667163564620066,3.180625692794119e-09,None,None,None,None, , , , 
1884, ,0.013667163564620066,3.409285069746807e-09,None,None,None,None, , , , 
1885, ,0.013667163564620066,3.654383070957262e-09,None,None,None,None, , , , 
1886, ,0.013667163564620066,3.917101490809261e-09,None,None,None,None, , , , 
1887, ,0.013667163564620066,4.198707084443906e-09,None,None,None,None, , , , 
1888, ,0.013667163564620066,4.500557675700488e-09,None,None,None,None, , , , 
1889, ,0.013667163564620066,4.824108704165374e-09,None,None,None,None, , , , 
1890, ,0.013667163564620066,5.170920242896755e-09,None,None,None,None, , , , 
1891, ,0.013667163564620066,5.542664520663096e-09,None,None,None,None, , , , 
1892, ,0.013667163564620066,5.941133984965041e-09,None,None,None,None, , , , 
1893, ,0.013667163564620066,6.3682499447185856e-09,None,None,None,None, , , , 
1894, ,0.013667163564620066,6.826071834272379e-09,None,None,None,None, , , , 
1895, ,0.013667163564620066,7.316807143427175e-09,None,None,None,None, , , , 
1896, ,0.013667163564620066,7.842822061337681e-09,None,None,None,None, , , , 
1897, ,0.013667163564620066,8.406652885618316e-09,None,None,None,None, , , , 
1898, ,0.013667163564620066,9.011018251665036e-09,None,None,None,None, , , , 
1899, ,0.013667163564620066,9.658832241158707e-09,None,None,None,None, , , , 
1900, ,0.013667163564620066,1.0353218432956616e-08,None,None,None,None, , , , 
1901, ,0.013667163564620066,1.1097524964120722e-08,None,None,None,None, , , , 
1902, ,0.013667163564620066,1.1895340673703208e-08,None,None,None,None, , , , 
1903, ,0.013667163564620066,1.2750512407130128e-08,None,None,None,None, , , , 
1904, ,0.013667163564620066,1.3667163564620044e-08,None,None,None,None, , , , 
1905, ,0.013667163564620066,1.4649713983072853e-08,None,None,None,None, , , , 
1906, ,0.013667163564620066,1.5702901247293774e-08,None,None,None,None, , , , 
1907, ,0.013667163564620066,1.683180353330955e-08,None,None,None,None, , , , 
1908, ,0.013667163564620066,1.8041864093920717e-08,None,None,None,None, , , , 
1909, ,0.013667163564620066,1.933891750455232e-08,None,None,None,None, , , , 
1910, ,0.013667163564620066,2.0729217795953697e-08,None,None,None,None, , , , 
1911, ,0.013667163564620066,2.221946860939524e-08,None,None,None,None, , , , 
1912, ,0.013667163564620066,2.3816855519761606e-08,None,None,None,None, , , , 
1913, ,0.013667163564620066,2.552908068239516e-08,None,None,None,None, , , , 
1914, ,0.013667163564620066,2.7364399970746666e-08,None,None,None,None, , , , 
1915, ,0.013667163564620066,2.933166278390042e-08,None,None,None,None, , , , 
1916, ,0.013667163564620066,3.1440354715915e-08,None,None,None,None, , , , 
1917, ,0.013667163564620066,3.370064329271925e-08,None,None,None,None, , , , 
1918, ,0.013667163564620066,3.612342699709431e-08,None,None,None,None, , , , 
1919, ,0.013667163564620066,3.872038781812557e-08,None,None,None,None, , , , 
1920, ,0.013667163564620066,4.1504047578504727e-08,None,None,None,None, , , , 
1921, ,0.013667163564620066,4.448782831127585e-08,None,None,None,None, , , , 
1922, ,0.013667163564620066,4.768611697714474e-08,None,None,None,None, , , , 
1923, ,0.013667163564620066,5.111433483440165e-08,None,None,None,None, , , , 
1924, ,0.013667163564620066,5.478901179593934e-08,None,None,None,None, , , , 
1925, ,0.013667163564620066,5.872786613189478e-08,None,None,None,None, , , , 
1926, ,0.013667163564620066,6.294988990221888e-08,None,None,None,None, , , , 
1927, ,0.013667163564620066,6.747544053110687e-08,None,None,None,None, , , , 
1928, ,0.013667163564620066,7.232633896483534e-08,None,None,None,None, , , , 
1929, ,0.013667163564620066,7.752597488629465e-08,None,None,None,None, , , , 
1930, ,0.013667163564620066,8.309941949353386e-08,None,None,None,None, , , , 
1931, ,0.013667163564620066,8.907354638610439e-08,None,None,None,None, , , , 
1932, ,0.013667163564620066,9.547716114208066e-08,None,None,None,None, , , , 
1933, ,0.013667163564620066,1.0234114021054528e-07,None,None,None,None, , , , 
1934, ,0.013667163564620066,1.0969857978923841e-07,None,None,None,None, , , , 
1935, ,0.013667163564620066,1.1758495540521555e-07,None,None,None,None, , , , 
1936, ,0.013667163564620066,1.2603829296797277e-07,None,None,None,None, , , , 
1937, ,0.013667163564620066,1.350993521198025e-07,None,None,None,None, , , , 
1938, ,0.013667163564620066,1.4481182276745328e-07,None,None,None,None, , , , 
1939, ,0.013667163564620066,1.552225357427048e-07,None,None,None,None, , , , 
1940, ,0.013667163564620066,1.6638168860761273e-07,None,None,None,None, , , , 
1941, ,0.013667163564620066,1.7834308769319093e-07,None,None,None,None, , , , 
1942, ,0.013667163564620066,1.9116440753857e-07,None,None,None,None, , , , 
1943, ,0.013667163564620066,2.049074689815846e-07,None,None,None,None, , , , 
1944, ,0.013667163564620066,2.1963853724165468e-07,None,None,None,None, , , , 
1945, ,0.013667163564620066,2.3542864143224158e-07,None,None,None,None, , , , 
1946, ,0.013667163564620066,2.523539170434766e-07,None,None,None,None, , , , 
1947, ,0.013667163564620066,2.7049597304631316e-07,None,None,None,None, , , , 
1948, ,0.013667163564620066,2.899422853882875e-07,None,None,None,None, , , , 
1949, ,0.013667163564620066,3.107866187782014e-07,None,None,None,None, , , , 
1950, ,0.013667163564620066,3.33129478793467e-07,None,None,None,None, , , , 
1951, ,0.013667163564620066,3.5707859649004626e-07,None,None,None,None, , , , 
1952, ,0.013667163564620066,3.827494478516307e-07,None,None,None,None, , , , 
1953, ,0.013667163564620066,4.1026581058271904e-07,None,None,None,None, , , , 
1954, ,0.013667163564620066,4.397603609302722e-07,None,None,None,None, , , , 
1955, ,0.013667163564620066,4.7137531341167185e-07,None,None,None,None, , , , 
1956, ,0.013667163564620066,5.052631065335679e-07,None,None,None,None, , , , 
1957, ,0.013667163564620066,5.415871378079465e-07,None,None,None,None, , , , 
1958, ,0.013667163564620066,5.805225516094896e-07,None,None,None,None, , , , 
1959, ,0.013667163564620066,6.222570836730232e-07,None,None,None,None, , , , 
1960, ,0.013667163564620066,6.669919663030115e-07,None,None,None,None, , , , 
1961, ,0.013667163564620066,7.149428986597576e-07,None,None,None,None, , , , 
1962, ,0.013667163564620066,7.663410868007445e-07,None,None,None,None, , , , 
1963, ,0.013667163564620066,8.214343584919422e-07,None,None,None,None, , , , 
1964, ,0.013667163564620066,8.804883581643463e-07,None,None,None,None, , , , 
1965, ,0.013667163564620066,9.437878277775371e-07,None,None,None,None, , , , 
1966, ,0.013667163564620066,1.0116379797662072e-06,None,None,None,None, , , , 
1967, ,0.013667163564620066,1.0843659686896086e-06,None,None,None,None, , , , 
1968, ,0.013667163564620066,1.1623224686798522e-06,None,None,None,None, , , , 
1969, ,0.013667163564620066,1.2458833642950078e-06,None,None,None,None, , , , 
1970, ,0.013667163564620066,1.3354515629298971e-06,None,None,None,None, , , , 
1971, ,0.013667163564620066,1.4314589375234786e-06,None,None,None,None, , , , 
1972, ,0.013667163564620066,1.53436840893001e-06,None,None,None,None, , , , 
1973, ,0.013667163564620066,1.6446761779946631e-06,None,None,None,None, , , , 
1974, ,0.013667163564620066,1.762914118095948e-06,None,None,None,None, , , , 
1975, ,0.013667163564620066,1.8896523396912082e-06,None,None,None,None, , , , 
1976, ,0.013667163564620066,2.0255019392306664e-06,None,None,None,None, , , , 
1977, ,0.013667163564620066,2.171117945694501e-06,None,None,None,None, , , , 
1978, ,0.013667163564620066,2.327202478960408e-06,None,None,None,None, , , , 
1979, ,0.013667163564620066,2.494508135230317e-06,None,None,None,None, , , , 
1980, ,0.013667163564620066,2.673841615839944e-06,None,None,None,None, , , , 
1981, ,0.013667163564620066,2.8660676169482507e-06,None,None,None,None, , , , 
1982, ,0.013667163564620066,3.0721129988617524e-06,None,None,None,None, , , , 
1983, ,0.013667163564620066,3.292971255097148e-06,None,None,None,None, , , , 
1984, ,0.013667163564620066,3.5297073027306505e-06,None,None,None,None, , , , 
1985, ,0.013667163564620066,3.783462617131925e-06,None,None,None,None, , , , 
1986, ,0.013667163564620066,4.0554607358408275e-06,None,None,None,None, , , , 
1987, ,0.013667163564620066,4.3470131581250175e-06,None,None,None,None, , , , 
1988, ,0.013667163564620066,4.6595256686646765e-06,None,None,None,None, , , , 
1989, ,0.013667163564620066,4.99450511585514e-06,None,None,None,None, , , , 
1990, ,0.013667163564620066,5.353566677410719e-06,None,None,None,None, , , , 
1991, ,0.013667163564620066,5.738441648302393e-06,None,None,None,None, , , , 
1992, ,0.013667163564620066,6.150985788580505e-06,None,None,None,None, , , , 
1993, ,0.013667163564620066,6.593188271333541e-06,None,None,None,None, , , , 
1994, ,0.013667163564620066,7.067181273927492e-06,None,None,None,None, , , , 
1995, ,0.013667163564620066,7.575250258771904e-06,None,None,None,None, , , , 
1996, ,0.013667163564620066,8.119844993184007e-06,None,None,None,None, , , , 
1997, ,0.013667163564620066,8.703591361485167e-06,None,None,None,None, , , , 
1998, ,0.013667163564620066,9.329304026284676e-06,None,None,None,None, , , , 
1999, ,0.013667163564620066,1e-05,None,None,None,None, , , , 
2000, ,0.01414991297434576,1e-11,None,None,None,None, , , , 
2001, ,0.01414991297434576,1.0718913192051263e-11,None,None,None,None, , , , 
2002, ,0.01414991297434576,1.1489510001873107e-11,None,None,None,None, , , , 
2003, ,0.01414991297434576,1.2315506032928262e-11,None,None,None,None, , , , 
2004, ,0.01414991297434576,1.3200884008314167e-11,None,None,None,None, , , , 
2005, ,0.01414991297434576,1.4149912974345786e-11,None,None,None,None, , , , 
2006, ,0.01414991297434576,1.5167168884709242e-11,None,None,None,None, , , , 
2007, ,0.01414991297434576,1.6257556664437934e-11,None,None,None,None, , , , 
2008, ,0.01414991297434576,1.7426333860096473e-11,None,None,None,None, , , , 
2009, ,0.01414991297434576,1.8679135990207848e-11,None,None,None,None, , , , 
2010, ,0.01414991297434576,2.0022003718155844e-11,None,None,None,None, , , , 
2011, ,0.01414991297434576,2.1461411978584013e-11,None,None,None,None, , , , 
2012, ,0.01414991297434576,2.300430119772921e-11,None,None,None,None, , , , 
2013, ,0.01414991297434576,2.465811075822604e-11,None,None,None,None, , , , 
2014, ,0.01414991297434576,2.643081486974103e-11,None,None,None,None, , , , 
2015, ,0.01414991297434576,2.8330961018393178e-11,None,None,None,None, , , , 
2016, ,0.01414991297434576,3.036771118035461e-11,None,None,None,None, , , , 
2017, ,0.01414991297434576,3.255088599835057e-11,None,None,None,None, , , , 
2018, ,0.01414991297434576,3.4891012134067674e-11,None,None,None,None, , , , 
2019, ,0.01414991297434576,3.739937302478801e-11,None,None,None,None, , , , 
2020, ,0.01414991297434576,4.0088063288984646e-11,None,None,None,None, , , , 
2021, ,0.01414991297434576,4.297004704320835e-11,None,None,None,None, , , , 
2022, ,0.01414991297434576,4.605922041145113e-11,None,None,None,None, , , , 
2023, ,0.01414991297434576,4.937047852839004e-11,None,None,None,None, , , , 
2024, ,0.01414991297434576,5.2919787359584366e-11,None,None,None,None, , , , 
2025, ,0.01414991297434576,5.672426068491989e-11,None,None,None,None, , , , 
2026, ,0.01414991297434576,6.080224261649427e-11,None,None,None,None, , , , 
2027, ,0.01414991297434576,6.517339604882421e-11,None,None,None,None, , , , 
2028, ,0.01414991297434576,6.985879746785235e-11,None,None,None,None, , , , 
2029, ,0.01414991297434576,7.48810385759003e-11,None,None,None,None, , , , 
2030, ,0.01414991297434576,8.026433522257174e-11,None,None,None,None, , , , 
2031, ,0.01414991297434576,8.603464416684492e-11,None,None,None,None, , , , 
2032, ,0.01414991297434576,9.221978823334341e-11,None,None,None,None, , , , 
2033, ,0.01414991297434576,9.884959046625586e-11,None,None,None,None, , , , 
2034, ,0.01414991297434576,1.0595601792776149e-10,None,None,None,None, , , , 
2035, ,0.01414991297434576,1.1357333583431027e-10,None,None,None,None, , , , 
2036, ,0.01414991297434576,1.217382727739662e-10,None,None,None,None, , , , 
2037, ,0.01414991297434576,1.3049019780144016e-10,None,None,None,None, , , , 
2038, ,0.01414991297434576,1.398713102647236e-10,None,None,None,None, , , , 
2039, ,0.01414991297434576,1.4992684327860468e-10,None,None,None,None, , , , 
2040, ,0.01414991297434576,1.6070528182616384e-10,None,None,None,None, , , , 
2041, ,0.01414991297434576,1.722585965398784e-10,None,None,None,None, , , , 
2042, ,0.01414991297434576,1.8464249428955463e-10,None,None,None,None, , , , 
2043, ,0.01414991297434576,1.9791668678535569e-10,None,None,None,None, , , , 
2044, ,0.01414991297434576,2.121451784910628e-10,None,None,None,None, , , , 
2045, ,0.01414991297434576,2.273965752357932e-10,None,None,None,None, , , , 
2046, ,0.01414991297434576,2.4374441501222216e-10,None,None,None,None, , , , 
2047, ,0.01414991297434576,2.6126752255633265e-10,None,None,None,None, , , , 
2048, ,0.01414991297434576,2.8005038941836253e-10,None,None,None,None, , , , 
2049, ,0.01414991297434576,3.0018358135755917e-10,None,None,None,None, , , , 
2050, ,0.01414991297434576,3.2176417502507347e-10,None,None,None,None, , , , 
2051, ,0.01414991297434576,3.4489622604057533e-10,None,None,None,None, , , , 
2052, ,0.01414991297434576,3.696912707195032e-10,None,None,None,None, , , , 
2053, ,0.01414991297434576,3.9626886387014783e-10,None,None,None,None, , , , 
2054, ,0.01414991297434576,4.2475715525368935e-10,None,None,None,None, , , , 
2055, ,0.01414991297434576,4.552935074866938e-10,None,None,None,None, , , , 
2056, ,0.01414991297434576,4.880251583654433e-10,None,None,None,None, , , , 
2057, ,0.01414991297434576,5.231099308056258e-10,None,None,None,None, , , , 
2058, ,0.01414991297434576,5.60716993820547e-10,None,None,None,None, , , , 
2059, ,0.01414991297434576,6.010276782070387e-10,None,None,None,None, , , , 
2060, ,0.01414991297434576,6.442363508721371e-10,None,None,None,None, , , , 
2061, ,0.01414991297434576,6.905513520162316e-10,None,None,None,None, , , , 
2062, ,0.01414991297434576,7.401959996915653e-10,None,None,None,None, , , , 
2063, ,0.01414991297434576,7.934096665797492e-10,None,None,None,None, , , , 
2064, ,0.01414991297434576,8.504489341802668e-10,None,None,None,None, , , , 
2065, ,0.01414991297434576,9.115888299750837e-10,None,None,None,None, , , , 
2066, ,0.01414991297434576,9.771241535346502e-10,None,None,None,None, , , , 
2067, ,0.01414991297434576,1.0473708979594486e-09,None,None,None,None, , , , 
2068, ,0.01414991297434576,1.1226677735108114e-09,None,None,None,None, , , , 
2069, ,0.01414991297434576,1.2033778407775904e-09,None,None,None,None, , , , 
2070, ,0.01414991297434576,1.289890261253308e-09,None,None,None,None, , , , 
2071, ,0.01414991297434576,1.3826221737646535e-09,None,None,None,None, , , , 
2072, ,0.01414991297434576,1.4820207057988602e-09,None,None,None,None, , , , 
2073, ,0.01414991297434576,1.5885651294280526e-09,None,None,None,None, , , , 
2074, ,0.01414991297434576,1.702769172225898e-09,None,None,None,None, , , , 
2075, ,0.01414991297434576,1.825183494319039e-09,None,None,None,None, , , , 
2076, ,0.01414991297434576,1.956398343517065e-09,None,None,None,None, , , , 
2077, ,0.01414991297434576,2.0970464013232305e-09,None,None,None,None, , , , 
2078, ,0.01414991297434576,2.2478058335487307e-09,None,None,None,None, , , , 
2079, ,0.01414991297434576,2.409403560239527e-09,None,None,None,None, , , , 
2080, ,0.01414991297434576,2.582618760682675e-09,None,None,None,None, , , , 
2081, ,0.01414991297434576,2.768286630392061e-09,None,None,None,None, , , , 
2082, ,0.01414991297434576,2.9673024081888724e-09,None,None,None,None, , , , 
2083, ,0.01414991297434576,3.180625692794119e-09,None,None,None,None, , , , 
2084, ,0.01414991297434576,3.409285069746807e-09,None,None,None,None, , , , 
2085, ,0.01414991297434576,3.654383070957262e-09,None,None,None,None, , , , 
2086, ,0.01414991297434576,3.917101490809261e-09,None,None,None,None, , , , 
2087, ,0.01414991297434576,4.198707084443906e-09,None,None,None,None, , , , 
2088, ,0.01414991297434576,4.500557675700488e-09,None,None,None,None, , , , 
2089, ,0.01414991297434576,4.824108704165374e-09,None,None,None,None, , , , 
2090, ,0.01414991297434576,5.170920242896755e-09,None,None,None,None, , , , 
2091, ,0.01414991297434576,5.542664520663096e-09,None,None,None,None, , , , 
2092, ,0.01414991297434576,5.941133984965041e-09,None,None,None,None, , , , 
2093, ,0.01414991297434576,6.3682499447185856e-09,None,None,None,None, , , , 
2094, ,0.01414991297434576,6.826071834272379e-09,None,None,None,None, , , , 
2095, ,0.01414991297434576,7.316807143427175e-09,None,None,None,None, , , , 
2096, ,0.01414991297434576,7.842822061337681e-09,None,None,None,None, , , , 
2097, ,0.01414991297434576,8.406652885618316e-09,None,None,None,None, , , , 
2098, ,0.01414991297434576,9.011018251665036e-09,None,None,None,None, , , , 
2099, ,0.01414991297434576,9.658832241158707e-09,None,None,None,None, , , , 
2100, ,0.01414991297434576,1.0353218432956616e-08,None,None,None,None, , , , 
2101, ,0.01414991297434576,1.1097524964120722e-08,None,None,None,None, , , , 
2102, ,0.01414991297434576,1.1895340673703208e-08,None,None,None,None, , , , 
2103, ,0.01414991297434576,1.2750512407130128e-08,None,None,None,None, , , , 
2104, ,0.01414991297434576,1.3667163564620044e-08,None,None,None,None, , , , 
2105, ,0.01414991297434576,1.4649713983072853e-08,None,None,None,None, , , , 
2106, ,0.01414991297434576,1.5702901247293774e-08,None,None,None,None, , , , 
2107, ,0.01414991297434576,1.683180353330955e-08,None,None,None,None, , , , 
2108, ,0.01414991297434576,1.8041864093920717e-08,None,None,None,None, , , , 
2109, ,0.01414991297434576,1.933891750455232e-08,None,None,None,None, , , , 
2110, ,0.01414991297434576,2.0729217795953697e-08,None,None,None,None, , , , 
2111, ,0.01414991297434576,2.221946860939524e-08,None,None,None,None, , , , 
2112, ,0.01414991297434576,2.3816855519761606e-08,None,None,None,None, , , , 
2113, ,0.01414991297434576,2.552908068239516e-08,None,None,None,None, , , , 
2114, ,0.01414991297434576,2.7364399970746666e-08,None,None,None,None, , , , 
2115, ,0.01414991297434576,2.933166278390042e-08,None,None,None,None, , , , 
2116, ,0.01414991297434576,3.1440354715915e-08,None,None,None,None, , , , 
2117, ,0.01414991297434576,3.370064329271925e-08,None,None,None,None, , , , 
2118, ,0.01414991297434576,3.612342699709431e-08,None,None,None,None, , , , 
2119, ,0.01414991297434576,3.872038781812557e-08,None,None,None,None, , , , 
2120, ,0.01414991297434576,4.1504047578504727e-08,None,None,None,None, , , , 
2121, ,0.01414991297434576,4.448782831127585e-08,None,None,None,None, , , , 
2122, ,0.01414991297434576,4.768611697714474e-08,None,None,None,None, , , , 
2123, ,0.01414991297434576,5.111433483440165e-08,None,None,None,None, , , , 
2124, ,0.01414991297434576,5.478901179593934e-08,None,None,None,None, , , , 
2125, ,0.01414991297434576,5.872786613189478e-08,None,None,None,None, , , , 
2126, ,0.01414991297434576,6.294988990221888e-08,None,None,None,None, , , , 
2127, ,0.01414991297434576,6.747544053110687e-08,None,None,None,None, , , , 
2128, ,0.01414991297434576,7.232633896483534e-08,None,None,None,None, , , , 
2129, ,0.01414991297434576,7.752597488629465e-08,None,None,None,None, , , , 
2130, ,0.01414991297434576,8.309941949353386e-08,None,None,None,None, , , , 
2131, ,0.01414991297434576,8.907354638610439e-08,None,None,None,None, , , , 
2132, ,0.01414991297434576,9.547716114208066e-08,None,None,None,None, , , , 
2133, ,0.01414991297434576,1.0234114021054528e-07,None,None,None,None, , , , 
2134, ,0.01414991297434576,1.0969857978923841e-07,None,None,None,None, , , , 
2135, ,0.01414991297434576,1.1758495540521555e-07,None,None,None,None, , , , 
2136, ,0.01414991297434576,1.2603829296797277e-07,None,None,None,None, , , , 
2137, ,0.01414991297434576,1.350993521198025e-07,None,None,None,None, , , , 
2138, ,0.01414991297434576,1.4481182276745328e-07,None,None,None,None, , , , 
2139, ,0.01414991297434576,1.552225357427048e-07,None,None,None,None, , , , 
2140, ,0.01414991297434576,1.6638168860761273e-07,None,None,None,None, , , , 
2141, ,0.01414991297434576,1.7834308769319093e-07,None,None,None,None, , , , 
2142, ,0.01414991297434576,1.9116440753857e-07,None,None,None,None, , , , 
2143, ,0.01414991297434576,2.049074689815846e-07,None,None,None,None, , , , 
2144, ,0.01414991297434576,2.1963853724165468e-07,None,None,None,None, , , , 
2145, ,0.01414991297434576,2.3542864143224158e-07,None,None,None,None, , , , 
2146, ,0.01414991297434576,2.523539170434766e-07,None,None,None,None, , , , 
2147, ,0.01414991297434576,2.7049597304631316e-07,None,None,None,None, , , , 
2148, ,0.01414991297434576,2.899422853882875e-07,None,None,None,None, , , , 
2149, ,0.01414991297434576,3.107866187782014e-07,None,None,None,None, , , , 
2150, ,0.01414991297434576,3.33129478793467e-07,None,None,None,None, , , , 
2151, ,0.01414991297434576,3.5707859649004626e-07,None,None,None,None, , , , 
2152, ,0.01414991297434576,3.827494478516307e-07,None,None,None,None, , , , 
2153, ,0.01414991297434576,4.1026581058271904e-07,None,None,None,None, , , , 
2154, ,0.01414991297434576,4.397603609302722e-07,None,None,None,None, , , , 
2155, ,0.01414991297434576,4.7137531341167185e-07,None,None,None,None, , , , 
2156, ,0.01414991297434576,5.052631065335679e-07,None,None,None,None, , , , 
2157, ,0.01414991297434576,5.415871378079465e-07,None,None,None,None, , , , 
2158, ,0.01414991297434576,5.805225516094896e-07,None,None,None,None, , , , 
2159, ,0.01414991297434576,6.222570836730232e-07,None,None,None,None, , , , 
2160, ,0.01414991297434576,6.669919663030115e-07,None,None,None,None, , , , 
2161, ,0.01414991297434576,7.149428986597576e-07,None,None,None,None, , , , 
2162, ,0.01414991297434576,7.663410868007445e-07,None,None,None,None, , , , 
2163, ,0.01414991297434576,8.214343584919422e-07,None,None,None,None, , , , 
2164, ,0.01414991297434576,8.804883581643463e-07,None,None,None,None, , , , 
2165, ,0.01414991297434576,9.437878277775371e-07,None,None,None,None, , , , 
2166, ,0.01414991297434576,1.0116379797662072e-06,None,None,None,None, , , , 
2167, ,0.01414991297434576,1.0843659686896086e-06,None,None,None,None, , , , 
2168, ,0.01414991297434576,1.1623224686798522e-06,None,None,None,None, , , , 
2169, ,0.01414991297434576,1.2458833642950078e-06,None,None,None,None, , , , 
2170, ,0.01414991297434576,1.3354515629298971e-06,None,None,None,None, , , , 
2171, ,0.01414991297434576,1.4314589375234786e-06,None,None,None,None, , , , 
2172, ,0.01414991297434576,1.53436840893001e-06,None,None,None,None, , , , 
2173, ,0.01414991297434576,1.6446761779946631e-06,None,None,None,None, , , , 
2174, ,0.01414991297434576,1.762914118095948e-06,None,None,None,None, , , , 
2175, ,0.01414991297434576,1.8896523396912082e-06,None,None,None,None, , , , 
2176, ,0.01414991297434576,2.0255019392306664e-06,None,None,None,None, , , , 
2177, ,0.01414991297434576,2.171117945694501e-06,None,None,None,None, , , , 
2178, ,0.01414991297434576,2.327202478960408e-06,None,None,None,None, , , , 
2179, ,0.01414991297434576,2.494508135230317e-06,None,None,None,None, , , , 
2180, ,0.01414991297434576,2.673841615839944e-06,None,None,None,None, , , , 
2181, ,0.01414991297434576,2.8660676169482507e-06,None,None,None,None, , , , 
2182, ,0.01414991297434576,3.0721129988617524e-06,None,None,None,None, , , , 
2183, ,0.01414991297434576,3.292971255097148e-06,None,None,None,None, , , , 
2184, ,0.01414991297434576,3.5297073027306505e-06,None,None,None,None, , , , 
2185, ,0.01414991297434576,3.783462617131925e-06,None,None,None,None, , , , 
2186, ,0.01414991297434576,4.0554607358408275e-06,None,None,None,None, , , , 
2187, ,0.01414991297434576,4.3470131581250175e-06,None,None,None,None, , , , 
2188, ,0.01414991297434576,4.6595256686646765e-06,None,None,None,None, , , , 
2189, ,0.01414991297434576,4.99450511585514e-06,None,None,None,None, , , , 
2190, ,0.01414991297434576,5.353566677410719e-06,None,None,None,None, , , , 
2191, ,0.01414991297434576,5.738441648302393e-06,None,None,None,None, , , , 
2192, ,0.01414991297434576,6.150985788580505e-06,None,None,None,None, , , , 
2193, ,0.01414991297434576,6.593188271333541e-06,None,None,None,None, , , , 
2194, ,0.01414991297434576,7.067181273927492e-06,None,None,None,None, , , , 
2195, ,0.01414991297434576,7.575250258771904e-06,None,None,None,None, , , , 
2196, ,0.01414991297434576,8.119844993184007e-06,None,None,None,None, , , , 
2197, ,0.01414991297434576,8.703591361485167e-06,None,None,None,None, , , , 
2198, ,0.01414991297434576,9.329304026284676e-06,None,None,None,None, , , , 
2199, ,0.01414991297434576,1e-05,None,None,None,None, , , , 
2200, ,0.014649713983072856,1e-11,None,None,None,None, , , , 
2201, ,0.014649713983072856,1.0718913192051263e-11,None,None,None,None, , , , 
2202, ,0.014649713983072856,1.1489510001873107e-11,None,None,None,None, , , , 
2203, ,0.014649713983072856,1.2315506032928262e-11,None,None,None,None, , , , 
2204, ,0.014649713983072856,1.3200884008314167e-11,None,None,None,None, , , , 
2205, ,0.014649713983072856,1.4149912974345786e-11,None,None,None,None, , , , 
2206, ,0.014649713983072856,1.5167168884709242e-11,None,None,None,None, , , , 
2207, ,0.014649713983072856,1.6257556664437934e-11,None,None,None,None, , , , 
2208, ,0.014649713983072856,1.7426333860096473e-11,None,None,None,None, , , , 
2209, ,0.014649713983072856,1.8679135990207848e-11,None,None,None,None, , , , 
2210, ,0.014649713983072856,2.0022003718155844e-11,None,None,None,None, , , , 
2211, ,0.014649713983072856,2.1461411978584013e-11,None,None,None,None, , , , 
2212, ,0.014649713983072856,2.300430119772921e-11,None,None,None,None, , , , 
2213, ,0.014649713983072856,2.465811075822604e-11,None,None,None,None, , , , 
2214, ,0.014649713983072856,2.643081486974103e-11,None,None,None,None, , , , 
2215, ,0.014649713983072856,2.8330961018393178e-11,None,None,None,None, , , , 
2216, ,0.014649713983072856,3.036771118035461e-11,None,None,None,None, , , , 
2217, ,0.014649713983072856,3.255088599835057e-11,None,None,None,None, , , , 
2218, ,0.014649713983072856,3.4891012134067674e-11,None,None,None,None, , , , 
2219, ,0.014649713983072856,3.739937302478801e-11,None,None,None,None, , , , 
2220, ,0.014649713983072856,4.0088063288984646e-11,None,None,None,None, , , , 
2221, ,0.014649713983072856,4.297004704320835e-11,None,None,None,None, , , , 
2222, ,0.014649713983072856,4.605922041145113e-11,None,None,None,None, , , , 
2223, ,0.014649713983072856,4.937047852839004e-11,None,None,None,None, , , , 
2224, ,0.014649713983072856,5.2919787359584366e-11,None,None,None,None, , , , 
2225, ,0.014649713983072856,5.672426068491989e-11,None,None,None,None, , , , 
2226, ,0.014649713983072856,6.080224261649427e-11,None,None,None,None, , , , 
2227, ,0.014649713983072856,6.517339604882421e-11,None,None,None,None, , , , 
2228, ,0.014649713983072856,6.985879746785235e-11,None,None,None,None, , , , 
2229, ,0.014649713983072856,7.48810385759003e-11,None,None,None,None, , , , 
2230, ,0.014649713983072856,8.026433522257174e-11,None,None,None,None, , , , 
2231, ,0.014649713983072856,8.603464416684492e-11,None,None,None,None, , , , 
2232, ,0.014649713983072856,9.221978823334341e-11,None,None,None,None, , , , 
2233, ,0.014649713983072856,9.884959046625586e-11,None,None,None,None, , , , 
2234, ,0.014649713983072856,1.0595601792776149e-10,None,None,None,None, , , , 
2235, ,0.014649713983072856,1.1357333583431027e-10,None,None,None,None, , , , 
2236, ,0.014649713983072856,1.217382727739662e-10,None,None,None,None, , , , 
2237, ,0.014649713983072856,1.3049019780144016e-10,None,None,None,None, , , , 
2238, ,0.014649713983072856,1.398713102647236e-10,None,None,None,None, , , , 
2239, ,0.014649713983072856,1.4992684327860468e-10,None,None,None,None, , , , 
2240, ,0.014649713983072856,1.6070528182616384e-10,None,None,None,None, , , , 
2241, ,0.014649713983072856,1.722585965398784e-10,None,None,None,None, , , , 
2242, ,0.014649713983072856,1.8464249428955463e-10,None,None,None,None, , , , 
2243, ,0.014649713983072856,1.9791668678535569e-10,None,None,None,None, , , , 
2244, ,0.014649713983072856,2.121451784910628e-10,None,None,None,None, , , , 
2245, ,0.014649713983072856,2.273965752357932e-10,None,None,None,None, , , , 
2246, ,0.014649713983072856,2.4374441501222216e-10,None,None,None,None, , , , 
2247, ,0.014649713983072856,2.6126752255633265e-10,None,None,None,None, , , , 
2248, ,0.014649713983072856,2.8005038941836253e-10,None,None,None,None, , , , 
2249, ,0.014649713983072856,3.0018358135755917e-10,None,None,None,None, , , , 
2250, ,0.014649713983072856,3.2176417502507347e-10,None,None,None,None, , , , 
2251, ,0.014649713983072856,3.4489622604057533e-10,None,None,None,None, , , , 
2252, ,0.014649713983072856,3.696912707195032e-10,None,None,None,None, , , , 
2253, ,0.014649713983072856,3.9626886387014783e-10,None,None,None,None, , , , 
2254, ,0.014649713983072856,4.2475715525368935e-10,None,None,None,None, , , , 
2255, ,0.014649713983072856,4.552935074866938e-10,None,None,None,None, , , , 
2256, ,0.014649713983072856,4.880251583654433e-10,None,None,None,None, , , , 
2257, ,0.014649713983072856,5.231099308056258e-10,None,None,None,None, , , , 
2258, ,0.014649713983072856,5.60716993820547e-10,None,None,None,None, , , , 
2259, ,0.014649713983072856,6.010276782070387e-10,None,None,None,None, , , , 
2260, ,0.014649713983072856,6.442363508721371e-10,None,None,None,None, , , , 
2261, ,0.014649713983072856,6.905513520162316e-10,None,None,None,None, , , , 
2262, ,0.014649713983072856,7.401959996915653e-10,None,None,None,None, , , , 
2263, ,0.014649713983072856,7.934096665797492e-10,None,None,None,None, , , , 
2264, ,0.014649713983072856,8.504489341802668e-10,None,None,None,None, , , , 
2265, ,0.014649713983072856,9.115888299750837e-10,None,None,None,None, , , , 
2266, ,0.014649713983072856,9.771241535346502e-10,None,None,None,None, , , , 
2267, ,0.014649713983072856,1.0473708979594486e-09,None,None,None,None, , , , 
2268, ,0.014649713983072856,1.1226677735108114e-09,None,None,None,None, , , , 
2269, ,0.014649713983072856,1.2033778407775904e-09,None,None,None,None, , , , 
2270, ,0.014649713983072856,1.289890261253308e-09,None,None,None,None, , , , 
2271, ,0.014649713983072856,1.3826221737646535e-09,None,None,None,None, , , , 
2272, ,0.014649713983072856,1.4820207057988602e-09,None,None,None,None, , , , 
2273, ,0.014649713983072856,1.5885651294280526e-09,None,None,None,None, , , , 
2274, ,0.014649713983072856,1.702769172225898e-09,None,None,None,None, , , , 
2275, ,0.014649713983072856,1.825183494319039e-09,None,None,None,None, , , , 
2276, ,0.014649713983072856,1.956398343517065e-09,None,None,None,None, , , , 
2277, ,0.014649713983072856,2.0970464013232305e-09,None,None,None,None, , , , 
2278, ,0.014649713983072856,2.2478058335487307e-09,None,None,None,None, , , , 
2279, ,0.014649713983072856,2.409403560239527e-09,None,None,None,None, , , , 
2280, ,0.014649713983072856,2.582618760682675e-09,None,None,None,None, , , , 
2281, ,0.014649713983072856,2.768286630392061e-09,None,None,None,None, , , , 
2282, ,0.014649713983072856,2.9673024081888724e-09,None,None,None,None, , , , 
2283, ,0.014649713983072856,3.180625692794119e-09,None,None,None,None, , , , 
2284, ,0.014649713983072856,3.409285069746807e-09,None,None,None,None, , , , 
2285, ,0.014649713983072856,3.654383070957262e-09,None,None,None,None, , , , 
2286, ,0.014649713983072856,3.917101490809261e-09,None,None,None,None, , , , 
2287, ,0.014649713983072856,4.198707084443906e-09,None,None,None,None, , , , 
2288, ,0.014649713983072856,4.500557675700488e-09,None,None,None,None, , , , 
2289, ,0.014649713983072856,4.824108704165374e-09,None,None,None,None, , , , 
2290, ,0.014649713983072856,5.170920242896755e-09,None,None,None,None, , , , 
2291, ,0.014649713983072856,5.542664520663096e-09,None,None,None,None, , , , 
2292, ,0.014649713983072856,5.941133984965041e-09,None,None,None,None, , , , 
2293, ,0.014649713983072856,6.3682499447185856e-09,None,None,None,None, , , , 
2294, ,0.014649713983072856,6.826071834272379e-09,None,None,None,None, , , , 
2295, ,0.014649713983072856,7.316807143427175e-09,None,None,None,None, , , , 
2296, ,0.014649713983072856,7.842822061337681e-09,None,None,None,None, , , , 
2297, ,0.014649713983072856,8.406652885618316e-09,None,None,None,None, , , , 
2298, ,0.014649713983072856,9.011018251665036e-09,None,None,None,None, , , , 
2299, ,0.014649713983072856,9.658832241158707e-09,None,None,None,None, , , , 
2300, ,0.014649713983072856,1.0353218432956616e-08,None,None,None,None, , , , 
2301, ,0.014649713983072856,1.1097524964120722e-08,None,None,None,None, , , , 
2302, ,0.014649713983072856,1.1895340673703208e-08,None,None,None,None, , , , 
2303, ,0.014649713983072856,1.2750512407130128e-08,None,None,None,None, , , , 
2304, ,0.014649713983072856,1.3667163564620044e-08,None,None,None,None, , , , 
2305, ,0.014649713983072856,1.4649713983072853e-08,None,None,None,None, , , , 
2306, ,0.014649713983072856,1.5702901247293774e-08,None,None,None,None, , , , 
2307, ,0.014649713983072856,1.683180353330955e-08,None,None,None,None, , , , 
2308, ,0.014649713983072856,1.8041864093920717e-08,None,None,None,None, , , , 
2309, ,0.014649713983072856,1.933891750455232e-08,None,None,None,None, , , , 
2310, ,0.014649713983072856,2.0729217795953697e-08,None,None,None,None, , , , 
2311, ,0.014649713983072856,2.221946860939524e-08,None,None,None,None, , , , 
2312, ,0.014649713983072856,2.3816855519761606e-08,None,None,None,None, , , , 
2313, ,0.014649713983072856,2.552908068239516e-08,None,None,None,None, , , , 
2314, ,0.014649713983072856,2.7364399970746666e-08,None,None,None,None, , , , 
2315, ,0.014649713983072856,2.933166278390042e-08,None,None,None,None, , , , 
2316, ,0.014649713983072856,3.1440354715915e-08,None,None,None,None, , , , 
2317, ,0.014649713983072856,3.370064329271925e-08,None,None,None,None, , , , 
2318, ,0.014649713983072856,3.612342699709431e-08,None,None,None,None, , , , 
2319, ,0.014649713983072856,3.872038781812557e-08,None,None,None,None, , , , 
2320, ,0.014649713983072856,4.1504047578504727e-08,None,None,None,None, , , , 
2321, ,0.014649713983072856,4.448782831127585e-08,None,None,None,None, , , , 
2322, ,0.014649713983072856,4.768611697714474e-08,None,None,None,None, , , , 
2323, ,0.014649713983072856,5.111433483440165e-08,None,None,None,None, , , , 
2324, ,0.014649713983072856,5.478901179593934e-08,None,None,None,None, , , , 
2325, ,0.014649713983072856,5.872786613189478e-08,None,None,None,None, , , , 
2326, ,0.014649713983072856,6.294988990221888e-08,None,None,None,None, , , , 
2327, ,0.014649713983072856,6.747544053110687e-08,None,None,None,None, , , , 
2328, ,0.014649713983072856,7.232633896483534e-08,None,None,None,None, , , , 
2329, ,0.014649713983072856,7.752597488629465e-08,None,None,None,None, , , , 
2330, ,0.014649713983072856,8.309941949353386e-08,None,None,None,None, , , , 
2331, ,0.014649713983072856,8.907354638610439e-08,None,None,None,None, , , , 
2332, ,0.014649713983072856,9.547716114208066e-08,None,None,None,None, , , , 
2333, ,0.014649713983072856,1.0234114021054528e-07,None,None,None,None, , , , 
2334, ,0.014649713983072856,1.0969857978923841e-07,None,None,None,None, , , , 
2335, ,0.014649713983072856,1.1758495540521555e-07,None,None,None,None, , , , 
2336, ,0.014649713983072856,1.2603829296797277e-07,None,None,None,None, , , , 
2337, ,0.014649713983072856,1.350993521198025e-07,None,None,None,None, , , , 
2338, ,0.014649713983072856,1.4481182276745328e-07,None,None,None,None, , , , 
2339, ,0.014649713983072856,1.552225357427048e-07,None,None,None,None, , , , 
2340, ,0.014649713983072856,1.6638168860761273e-07,None,None,None,None, , , , 
2341, ,0.014649713983072856,1.7834308769319093e-07,None,None,None,None, , , , 
2342, ,0.014649713983072856,1.9116440753857e-07,None,None,None,None, , , , 
2343, ,0.014649713983072856,2.049074689815846e-07,None,None,None,None, , , , 
2344, ,0.014649713983072856,2.1963853724165468e-07,None,None,None,None, , , , 
2345, ,0.014649713983072856,2.3542864143224158e-07,None,None,None,None, , , , 
2346, ,0.014649713983072856,2.523539170434766e-07,None,None,None,None, , , , 
2347, ,0.014649713983072856,2.7049597304631316e-07,None,None,None,None, , , , 
2348, ,0.014649713983072856,2.899422853882875e-07,None,None,None,None, , , , 
2349, ,0.014649713983072856,3.107866187782014e-07,None,None,None,None, , , , 
2350, ,0.014649713983072856,3.33129478793467e-07,None,None,None,None, , , , 
2351, ,0.014649713983072856,3.5707859649004626e-07,None,None,None,None, , , , 
2352, ,0.014649713983072856,3.827494478516307e-07,None,None,None,None, , , , 
2353, ,0.014649713983072856,4.1026581058271904e-07,None,None,None,None, , , , 
2354, ,0.014649713983072856,4.397603609302722e-07,None,None,None,None, , , , 
2355, ,0.014649713983072856,4.7137531341167185e-07,None,None,None,None, , , , 
2356, ,0.014649713983072856,5.052631065335679e-07,None,None,None,None, , , , 
2357, ,0.014649713983072856,5.415871378079465e-07,None,None,None,None, , , , 
2358, ,0.014649713983072856,5.805225516094896e-07,None,None,None,None, , , , 
2359, ,0.014649713983072856,6.222570836730232e-07,None,None,None,None, , , , 
2360, ,0.014649713983072856,6.669919663030115e-07,None,None,None,None, , , , 
2361, ,0.014649713983072856,7.149428986597576e-07,None,None,None,None, , , , 
2362, ,0.014649713983072856,7.663410868007445e-07,None,None,None,None, , , , 
2363, ,0.014649713983072856,8.214343584919422e-07,None,None,None,None, , , , 
2364, ,0.014649713983072856,8.804883581643463e-07,None,None,None,None, , , , 
2365, ,0.014649713983072856,9.437878277775371e-07,None,None,None,None, , , , 
2366, ,0.014649713983072856,1.0116379797662072e-06,None,None,None,None, , , , 
2367, ,0.014649713983072856,1.0843659686896086e-06,None,None,None,None, , , , 
2368, ,0.014649713983072856,1.1623224686798522e-06,None,None,None,None, , , , 
2369, ,0.014649713983072856,1.2458833642950078e-06,None,None,None,None, , , , 
2370, ,0.014649713983072856,1.3354515629298971e-06,None,None,None,None, , , , 
2371, ,0.014649713983072856,1.4314589375234786e-06,None,None,None,None, , , , 
2372, ,0.014649713983072856,1.53436840893001e-06,None,None,None,None, , , , 
2373, ,0.014649713983072856,1.6446761779946631e-06,None,None,None,None, , , , 
2374, ,0.014649713983072856,1.762914118095948e-06,None,None,None,None, , , , 
2375, ,0.014649713983072856,1.8896523396912082e-06,None,None,None,None, , , , 
2376, ,0.014649713983072856,2.0255019392306664e-06,None,None,None,None, , , , 
2377, ,0.014649713983072856,2.171117945694501e-06,None,None,None,None, , , , 
2378, ,0.014649713983072856,2.327202478960408e-06,None,None,None,None, , , , 
2379, ,0.014649713983072856,2.494508135230317e-06,None,None,None,None, , , , 
2380, ,0.014649713983072856,2.673841615839944e-06,None,None,None,None, , , , 
2381, ,0.014649713983072856,2.8660676169482507e-06,None,None,None,None, , , , 
2382, ,0.014649713983072856,3.0721129988617524e-06,None,None,None,None, , , , 
2383, ,0.014649713983072856,3.292971255097148e-06,None,None,None,None, , , , 
2384, ,0.014649713983072856,3.5297073027306505e-06,None,None,None,None, , , , 
2385, ,0.014649713983072856,3.783462617131925e-06,None,None,None,None, , , , 
2386, ,0.014649713983072856,4.0554607358408275e-06,None,None,None,None, , , , 
2387, ,0.014649713983072856,4.3470131581250175e-06,None,None,None,None, , , , 
2388, ,0.014649713983072856,4.6595256686646765e-06,None,None,None,None, , , , 
2389, ,0.014649713983072856,4.99450511585514e-06,None,None,None,None, , , , 
2390, ,0.014649713983072856,5.353566677410719e-06,None,None,None,None, , , , 
2391, ,0.014649713983072856,5.738441648302393e-06,None,None,None,None, , , , 
2392, ,0.014649713983072856,6.150985788580505e-06,None,None,None,None, , , , 
2393, ,0.014649713983072856,6.593188271333541e-06,None,None,None,None, , , , 
2394, ,0.014649713983072856,7.067181273927492e-06,None,None,None,None, , , , 
2395, ,0.014649713983072856,7.575250258771904e-06,None,None,None,None, , , , 
2396, ,0.014649713983072856,8.119844993184007e-06,None,None,None,None, , , , 
2397, ,0.014649713983072856,8.703591361485167e-06,None,None,None,None, , , , 
2398, ,0.014649713983072856,9.329304026284676e-06,None,None,None,None, , , , 
2399, ,0.014649713983072856,1e-05,None,None,None,None, , , , 
2400, ,0.015167168884709224,1e-11,None,None,None,None, , , , 
2401, ,0.015167168884709224,1.0718913192051263e-11,None,None,None,None, , , , 
2402, ,0.015167168884709224,1.1489510001873107e-11,None,None,None,None, , , , 
2403, ,0.015167168884709224,1.2315506032928262e-11,None,None,None,None, , , , 
2404, ,0.015167168884709224,1.3200884008314167e-11,None,None,None,None, , , , 
2405, ,0.015167168884709224,1.4149912974345786e-11,None,None,None,None, , , , 
2406, ,0.015167168884709224,1.5167168884709242e-11,None,None,None,None, , , , 
2407, ,0.015167168884709224,1.6257556664437934e-11,None,None,None,None, , , , 
2408, ,0.015167168884709224,1.7426333860096473e-11,None,None,None,None, , , , 
2409, ,0.015167168884709224,1.8679135990207848e-11,None,None,None,None, , , , 
2410, ,0.015167168884709224,2.0022003718155844e-11,None,None,None,None, , , , 
2411, ,0.015167168884709224,2.1461411978584013e-11,None,None,None,None, , , , 
2412, ,0.015167168884709224,2.300430119772921e-11,None,None,None,None, , , , 
2413, ,0.015167168884709224,2.465811075822604e-11,None,None,None,None, , , , 
2414, ,0.015167168884709224,2.643081486974103e-11,None,None,None,None, , , , 
2415, ,0.015167168884709224,2.8330961018393178e-11,None,None,None,None, , , , 
2416, ,0.015167168884709224,3.036771118035461e-11,None,None,None,None, , , , 
2417, ,0.015167168884709224,3.255088599835057e-11,None,None,None,None, , , , 
2418, ,0.015167168884709224,3.4891012134067674e-11,None,None,None,None, , , , 
2419, ,0.015167168884709224,3.739937302478801e-11,None,None,None,None, , , , 
2420, ,0.015167168884709224,4.0088063288984646e-11,None,None,None,None, , , , 
2421, ,0.015167168884709224,4.297004704320835e-11,None,None,None,None, , , , 
2422, ,0.015167168884709224,4.605922041145113e-11,None,None,None,None, , , , 
2423, ,0.015167168884709224,4.937047852839004e-11,None,None,None,None, , , , 
2424, ,0.015167168884709224,5.2919787359584366e-11,None,None,None,None, , , , 
2425, ,0.015167168884709224,5.672426068491989e-11,None,None,None,None, , , , 
2426, ,0.015167168884709224,6.080224261649427e-11,None,None,None,None, , , , 
2427, ,0.015167168884709224,6.517339604882421e-11,None,None,None,None, , , , 
2428, ,0.015167168884709224,6.985879746785235e-11,None,None,None,None, , , , 
2429, ,0.015167168884709224,7.48810385759003e-11,None,None,None,None, , , , 
2430, ,0.015167168884709224,8.026433522257174e-11,None,None,None,None, , , , 
2431, ,0.015167168884709224,8.603464416684492e-11,None,None,None,None, , , , 
2432, ,0.015167168884709224,9.221978823334341e-11,None,None,None,None, , , , 
2433, ,0.015167168884709224,9.884959046625586e-11,None,None,None,None, , , , 
2434, ,0.015167168884709224,1.0595601792776149e-10,None,None,None,None, , , , 
2435, ,0.015167168884709224,1.1357333583431027e-10,None,None,None,None, , , , 
2436, ,0.015167168884709224,1.217382727739662e-10,None,None,None,None, , , , 
2437, ,0.015167168884709224,1.3049019780144016e-10,None,None,None,None, , , , 
2438, ,0.015167168884709224,1.398713102647236e-10,None,None,None,None, , , , 
2439, ,0.015167168884709224,1.4992684327860468e-10,None,None,None,None, , , , 
2440, ,0.015167168884709224,1.6070528182616384e-10,None,None,None,None, , , , 
2441, ,0.015167168884709224,1.722585965398784e-10,None,None,None,None, , , , 
2442, ,0.015167168884709224,1.8464249428955463e-10,None,None,None,None, , , , 
2443, ,0.015167168884709224,1.9791668678535569e-10,None,None,None,None, , , , 
2444, ,0.015167168884709224,2.121451784910628e-10,None,None,None,None, , , , 
2445, ,0.015167168884709224,2.273965752357932e-10,None,None,None,None, , , , 
2446, ,0.015167168884709224,2.4374441501222216e-10,None,None,None,None, , , , 
2447, ,0.015167168884709224,2.6126752255633265e-10,None,None,None,None, , , , 
2448, ,0.015167168884709224,2.8005038941836253e-10,None,None,None,None, , , , 
2449, ,0.015167168884709224,3.0018358135755917e-10,None,None,None,None, , , , 
2450, ,0.015167168884709224,3.2176417502507347e-10,None,None,None,None, , , , 
2451, ,0.015167168884709224,3.4489622604057533e-10,None,None,None,None, , , , 
2452, ,0.015167168884709224,3.696912707195032e-10,None,None,None,None, , , , 
2453, ,0.015167168884709224,3.9626886387014783e-10,None,None,None,None, , , , 
2454, ,0.015167168884709224,4.2475715525368935e-10,None,None,None,None, , , , 
2455, ,0.015167168884709224,4.552935074866938e-10,None,None,None,None, , , , 
2456, ,0.015167168884709224,4.880251583654433e-10,None,None,None,None, , , , 
2457, ,0.015167168884709224,5.231099308056258e-10,None,None,None,None, , , , 
2458, ,0.015167168884709224,5.60716993820547e-10,None,None,None,None, , , , 
2459, ,0.015167168884709224,6.010276782070387e-10,None,None,None,None, , , , 
2460, ,0.015167168884709224,6.442363508721371e-10,None,None,None,None, , , , 
2461, ,0.015167168884709224,6.905513520162316e-10,None,None,None,None, , , , 
2462, ,0.015167168884709224,7.401959996915653e-10,None,None,None,None, , , , 
2463, ,0.015167168884709224,7.934096665797492e-10,None,None,None,None, , , , 
2464, ,0.015167168884709224,8.504489341802668e-10,None,None,None,None, , , , 
2465, ,0.015167168884709224,9.115888299750837e-10,None,None,None,None, , , , 
2466, ,0.015167168884709224,9.771241535346502e-10,None,None,None,None, , , , 
2467, ,0.015167168884709224,1.0473708979594486e-09,None,None,None,None, , , , 
2468, ,0.015167168884709224,1.1226677735108114e-09,None,None,None,None, , , , 
2469, ,0.015167168884709224,1.2033778407775904e-09,None,None,None,None, , , , 
2470, ,0.015167168884709224,1.289890261253308e-09,None,None,None,None, , , , 
2471, ,0.015167168884709224,1.3826221737646535e-09,None,None,None,None, , , , 
2472, ,0.015167168884709224,1.4820207057988602e-09,None,None,None,None, , , , 
2473, ,0.015167168884709224,1.5885651294280526e-09,None,None,None,None, , , , 
2474, ,0.015167168884709224,1.702769172225898e-09,None,None,None,None, , , , 
2475, ,0.015167168884709224,1.825183494319039e-09,None,None,None,None, , , , 
2476, ,0.015167168884709224,1.956398343517065e-09,None,None,None,None, , , , 
2477, ,0.015167168884709224,2.0970464013232305e-09,None,None,None,None, , , , 
2478, ,0.015167168884709224,2.2478058335487307e-09,None,None,None,None, , , , 
2479, ,0.015167168884709224,2.409403560239527e-09,None,None,None,None, , , , 
2480, ,0.015167168884709224,2.582618760682675e-09,None,None,None,None, , , , 
2481, ,0.015167168884709224,2.768286630392061e-09,None,None,None,None, , , , 
2482, ,0.015167168884709224,2.9673024081888724e-09,None,None,None,None, , , , 
2483, ,0.015167168884709224,3.180625692794119e-09,None,None,None,None, , , , 
2484, ,0.015167168884709224,3.409285069746807e-09,None,None,None,None, , , , 
2485, ,0.015167168884709224,3.654383070957262e-09,None,None,None,None, , , , 
2486, ,0.015167168884709224,3.917101490809261e-09,None,None,None,None, , , , 
2487, ,0.015167168884709224,4.198707084443906e-09,None,None,None,None, , , , 
2488, ,0.015167168884709224,4.500557675700488e-09,None,None,None,None, , , , 
2489, ,0.015167168884709224,4.824108704165374e-09,None,None,None,None, , , , 
2490, ,0.015167168884709224,5.170920242896755e-09,None,None,None,None, , , , 
2491, ,0.015167168884709224,5.542664520663096e-09,None,None,None,None, , , , 
2492, ,0.015167168884709224,5.941133984965041e-09,None,None,None,None, , , , 
2493, ,0.015167168884709224,6.3682499447185856e-09,None,None,None,None, , , , 
2494, ,0.015167168884709224,6.826071834272379e-09,None,None,None,None, , , , 
2495, ,0.015167168884709224,7.316807143427175e-09,None,None,None,None, , , , 
2496, ,0.015167168884709224,7.842822061337681e-09,None,None,None,None, , , , 
2497, ,0.015167168884709224,8.406652885618316e-09,None,None,None,None, , , , 
2498, ,0.015167168884709224,9.011018251665036e-09,None,None,None,None, , , , 
2499, ,0.015167168884709224,9.658832241158707e-09,None,None,None,None, , , , 
2500, ,0.015167168884709224,1.0353218432956616e-08,None,None,None,None, , , , 
2501, ,0.015167168884709224,1.1097524964120722e-08,None,None,None,None, , , , 
2502, ,0.015167168884709224,1.1895340673703208e-08,None,None,None,None, , , , 
2503, ,0.015167168884709224,1.2750512407130128e-08,None,None,None,None, , , , 
2504, ,0.015167168884709224,1.3667163564620044e-08,None,None,None,None, , , , 
2505, ,0.015167168884709224,1.4649713983072853e-08,None,None,None,None, , , , 
2506, ,0.015167168884709224,1.5702901247293774e-08,None,None,None,None, , , , 
2507, ,0.015167168884709224,1.683180353330955e-08,None,None,None,None, , , , 
2508, ,0.015167168884709224,1.8041864093920717e-08,None,None,None,None, , , , 
2509, ,0.015167168884709224,1.933891750455232e-08,None,None,None,None, , , , 
2510, ,0.015167168884709224,2.0729217795953697e-08,None,None,None,None, , , , 
2511, ,0.015167168884709224,2.221946860939524e-08,None,None,None,None, , , , 
2512, ,0.015167168884709224,2.3816855519761606e-08,None,None,None,None, , , , 
2513, ,0.015167168884709224,2.552908068239516e-08,None,None,None,None, , , , 
2514, ,0.015167168884709224,2.7364399970746666e-08,None,None,None,None, , , , 
2515, ,0.015167168884709224,2.933166278390042e-08,None,None,None,None, , , , 
2516, ,0.015167168884709224,3.1440354715915e-08,None,None,None,None, , , , 
2517, ,0.015167168884709224,3.370064329271925e-08,None,None,None,None, , , , 
2518, ,0.015167168884709224,3.612342699709431e-08,None,None,None,None, , , , 
2519, ,0.015167168884709224,3.872038781812557e-08,None,None,None,None, , , , 
2520, ,0.015167168884709224,4.1504047578504727e-08,None,None,None,None, , , , 
2521, ,0.015167168884709224,4.448782831127585e-08,None,None,None,None, , , , 
2522, ,0.015167168884709224,4.768611697714474e-08,None,None,None,None, , , , 
2523, ,0.015167168884709224,5.111433483440165e-08,None,None,None,None, , , , 
2524, ,0.015167168884709224,5.478901179593934e-08,None,None,None,None, , , , 
2525, ,0.015167168884709224,5.872786613189478e-08,None,None,None,None, , , , 
2526, ,0.015167168884709224,6.294988990221888e-08,None,None,None,None, , , , 
2527, ,0.015167168884709224,6.747544053110687e-08,None,None,None,None, , , , 
2528, ,0.015167168884709224,7.232633896483534e-08,None,None,None,None, , , , 
2529, ,0.015167168884709224,7.752597488629465e-08,None,None,None,None, , , , 
2530, ,0.015167168884709224,8.309941949353386e-08,None,None,None,None, , , , 
2531, ,0.015167168884709224,8.907354638610439e-08,None,None,None,None, , , , 
2532, ,0.015167168884709224,9.547716114208066e-08,None,None,None,None, , , , 
2533, ,0.015167168884709224,1.0234114021054528e-07,None,None,None,None, , , , 
2534, ,0.015167168884709224,1.0969857978923841e-07,None,None,None,None, , , , 
2535, ,0.015167168884709224,1.1758495540521555e-07,None,None,None,None, , , , 
2536, ,0.015167168884709224,1.2603829296797277e-07,None,None,None,None, , , , 
2537, ,0.015167168884709224,1.350993521198025e-07,None,None,None,None, , , , 
2538, ,0.015167168884709224,1.4481182276745328e-07,None,None,None,None, , , , 
2539, ,0.015167168884709224,1.552225357427048e-07,None,None,None,None, , , , 
2540, ,0.015167168884709224,1.6638168860761273e-07,None,None,None,None, , , , 
2541, ,0.015167168884709224,1.7834308769319093e-07,None,None,None,None, , , , 
2542, ,0.015167168884709224,1.9116440753857e-07,None,None,None,None, , , , 
2543, ,0.015167168884709224,2.049074689815846e-07,None,None,None,None, , , , 
2544, ,0.015167168884709224,2.1963853724165468e-07,None,None,None,None, , , , 
2545, ,0.015167168884709224,2.3542864143224158e-07,None,None,None,None, , , , 
2546, ,0.015167168884709224,2.523539170434766e-07,None,None,None,None, , , , 
2547, ,0.015167168884709224,2.7049597304631316e-07,None,None,None,None, , , , 
2548, ,0.015167168884709224,2.899422853882875e-07,None,None,None,None, , , , 
2549, ,0.015167168884709224,3.107866187782014e-07,None,None,None,None, , , , 
2550, ,0.015167168884709224,3.33129478793467e-07,None,None,None,None, , , , 
2551, ,0.015167168884709224,3.5707859649004626e-07,None,None,None,None, , , , 
2552, ,0.015167168884709224,3.827494478516307e-07,None,None,None,None, , , , 
2553, ,0.015167168884709224,4.1026581058271904e-07,None,None,None,None, , , , 
2554, ,0.015167168884709224,4.397603609302722e-07,None,None,None,None, , , , 
2555, ,0.015167168884709224,4.7137531341167185e-07,None,None,None,None, , , , 
2556, ,0.015167168884709224,5.052631065335679e-07,None,None,None,None, , , , 
2557, ,0.015167168884709224,5.415871378079465e-07,None,None,None,None, , , , 
2558, ,0.015167168884709224,5.805225516094896e-07,None,None,None,None, , , , 
2559, ,0.015167168884709224,6.222570836730232e-07,None,None,None,None, , , , 
2560, ,0.015167168884709224,6.669919663030115e-07,None,None,None,None, , , , 
2561, ,0.015167168884709224,7.149428986597576e-07,None,None,None,None, , , , 
2562, ,0.015167168884709224,7.663410868007445e-07,None,None,None,None, , , , 
2563, ,0.015167168884709224,8.214343584919422e-07,None,None,None,None, , , , 
2564, ,0.015167168884709224,8.804883581643463e-07,None,None,None,None, , , , 
2565, ,0.015167168884709224,9.437878277775371e-07,None,None,None,None, , , , 
2566, ,0.015167168884709224,1.0116379797662072e-06,None,None,None,None, , , , 
2567, ,0.015167168884709224,1.0843659686896086e-06,None,None,None,None, , , , 
2568, ,0.015167168884709224,1.1623224686798522e-06,None,None,None,None, , , , 
2569, ,0.015167168884709224,1.2458833642950078e-06,None,None,None,None, , , , 
2570, ,0.015167168884709224,1.3354515629298971e-06,None,None,None,None, , , , 
2571, ,0.015167168884709224,1.4314589375234786e-06,None,None,None,None, , , , 
2572, ,0.015167168884709224,1.53436840893001e-06,None,None,None,None, , , , 
2573, ,0.015167168884709224,1.6446761779946631e-06,None,None,None,None, , , , 
2574, ,0.015167168884709224,1.762914118095948e-06,None,None,None,None, , , , 
2575, ,0.015167168884709224,1.8896523396912082e-06,None,None,None,None, , , , 
2576, ,0.015167168884709224,2.0255019392306664e-06,None,None,None,None, , , , 
2577, ,0.015167168884709224,2.171117945694501e-06,None,None,None,None, , , , 
2578, ,0.015167168884709224,2.327202478960408e-06,None,None,None,None, , , , 
2579, ,0.015167168884709224,2.494508135230317e-06,None,None,None,None, , , , 
2580, ,0.015167168884709224,2.673841615839944e-06,None,None,None,None, , , , 
2581, ,0.015167168884709224,2.8660676169482507e-06,None,None,None,None, , , , 
2582, ,0.015167168884709224,3.0721129988617524e-06,None,None,None,None, , , , 
2583, ,0.015167168884709224,3.292971255097148e-06,None,None,None,None, , , , 
2584, ,0.015167168884709224,3.5297073027306505e-06,None,None,None,None, , , , 
2585, ,0.015167168884709224,3.783462617131925e-06,None,None,None,None, , , , 
2586, ,0.015167168884709224,4.0554607358408275e-06,None,None,None,None, , , , 
2587, ,0.015167168884709224,4.3470131581250175e-06,None,None,None,None, , , , 
2588, ,0.015167168884709224,4.6595256686646765e-06,None,None,None,None, , , , 
2589, ,0.015167168884709224,4.99450511585514e-06,None,None,None,None, , , , 
2590, ,0.015167168884709224,5.353566677410719e-06,None,None,None,None, , , , 
2591, ,0.015167168884709224,5.738441648302393e-06,None,None,None,None, , , , 
2592, ,0.015167168884709224,6.150985788580505e-06,None,None,None,None, , , , 
2593, ,0.015167168884709224,6.593188271333541e-06,None,None,None,None, , , , 
2594, ,0.015167168884709224,7.067181273927492e-06,None,None,None,None, , , , 
2595, ,0.015167168884709224,7.575250258771904e-06,None,None,None,None, , , , 
2596, ,0.015167168884709224,8.119844993184007e-06,None,None,None,None, , , , 
2597, ,0.015167168884709224,8.703591361485167e-06,None,None,None,None, , , , 
2598, ,0.015167168884709224,9.329304026284676e-06,None,None,None,None, , , , 
2599, ,0.015167168884709224,1e-05,None,None,None,None, , , , 
2600, ,0.015702901247293774,1e-11,None,None,None,None, , , , 
2601, ,0.015702901247293774,1.0718913192051263e-11,None,None,None,None, , , , 
2602, ,0.015702901247293774,1.1489510001873107e-11,None,None,None,None, , , , 
2603, ,0.015702901247293774,1.2315506032928262e-11,None,None,None,None, , , , 
2604, ,0.015702901247293774,1.3200884008314167e-11,None,None,None,None, , , , 
2605, ,0.015702901247293774,1.4149912974345786e-11,None,None,None,None, , , , 
2606, ,0.015702901247293774,1.5167168884709242e-11,None,None,None,None, , , , 
2607, ,0.015702901247293774,1.6257556664437934e-11,None,None,None,None, , , , 
2608, ,0.015702901247293774,1.7426333860096473e-11,None,None,None,None, , , , 
2609, ,0.015702901247293774,1.8679135990207848e-11,None,None,None,None, , , , 
2610, ,0.015702901247293774,2.0022003718155844e-11,None,None,None,None, , , , 
2611, ,0.015702901247293774,2.1461411978584013e-11,None,None,None,None, , , , 
2612, ,0.015702901247293774,2.300430119772921e-11,None,None,None,None, , , , 
2613, ,0.015702901247293774,2.465811075822604e-11,None,None,None,None, , , , 
2614, ,0.015702901247293774,2.643081486974103e-11,None,None,None,None, , , , 
2615, ,0.015702901247293774,2.8330961018393178e-11,None,None,None,None, , , , 
2616, ,0.015702901247293774,3.036771118035461e-11,None,None,None,None, , , , 
2617, ,0.015702901247293774,3.255088599835057e-11,None,None,None,None, , , , 
2618, ,0.015702901247293774,3.4891012134067674e-11,None,None,None,None, , , , 
2619, ,0.015702901247293774,3.739937302478801e-11,None,None,None,None, , , , 
2620, ,0.015702901247293774,4.0088063288984646e-11,None,None,None,None, , , , 
2621, ,0.015702901247293774,4.297004704320835e-11,None,None,None,None, , , , 
2622, ,0.015702901247293774,4.605922041145113e-11,None,None,None,None, , , , 
2623, ,0.015702901247293774,4.937047852839004e-11,None,None,None,None, , , , 
2624, ,0.015702901247293774,5.2919787359584366e-11,None,None,None,None, , , , 
2625, ,0.015702901247293774,5.672426068491989e-11,None,None,None,None, , , , 
2626, ,0.015702901247293774,6.080224261649427e-11,None,None,None,None, , , , 
2627, ,0.015702901247293774,6.517339604882421e-11,None,None,None,None, , , , 
2628, ,0.015702901247293774,6.985879746785235e-11,None,None,None,None, , , , 
2629, ,0.015702901247293774,7.48810385759003e-11,None,None,None,None, , , , 
2630, ,0.015702901247293774,8.026433522257174e-11,None,None,None,None, , , , 
2631, ,0.015702901247293774,8.603464416684492e-11,None,None,None,None, , , , 
2632, ,0.015702901247293774,9.221978823334341e-11,None,None,None,None, , , , 
2633, ,0.015702901247293774,9.884959046625586e-11,None,None,None,None, , , , 
2634, ,0.015702901247293774,1.0595601792776149e-10,None,None,None,None, , , , 
2635, ,0.015702901247293774,1.1357333583431027e-10,None,None,None,None, , , , 
2636, ,0.015702901247293774,1.217382727739662e-10,None,None,None,None, , , , 
2637, ,0.015702901247293774,1.3049019780144016e-10,None,None,None,None, , , , 
2638, ,0.015702901247293774,1.398713102647236e-10,None,None,None,None, , , , 
2639, ,0.015702901247293774,1.4992684327860468e-10,None,None,None,None, , , , 
2640, ,0.015702901247293774,1.6070528182616384e-10,None,None,None,None, , , , 
2641, ,0.015702901247293774,1.722585965398784e-10,None,None,None,None, , , , 
2642, ,0.015702901247293774,1.8464249428955463e-10,None,None,None,None, , , , 
2643, ,0.015702901247293774,1.9791668678535569e-10,None,None,None,None, , , , 
2644, ,0.015702901247293774,2.121451784910628e-10,None,None,None,None, , , , 
2645, ,0.015702901247293774,2.273965752357932e-10,None,None,None,None, , , , 
2646, ,0.015702901247293774,2.4374441501222216e-10,None,None,None,None, , , , 
2647, ,0.015702901247293774,2.6126752255633265e-10,None,None,None,None, , , , 
2648, ,0.015702901247293774,2.8005038941836253e-10,None,None,None,None, , , , 
2649, ,0.015702901247293774,3.0018358135755917e-10,None,None,None,None, , , , 
2650, ,0.015702901247293774,3.2176417502507347e-10,None,None,None,None, , , , 
2651, ,0.015702901247293774,3.4489622604057533e-10,None,None,None,None, , , , 
2652, ,0.015702901247293774,3.696912707195032e-10,None,None,None,None, , , , 
2653, ,0.015702901247293774,3.9626886387014783e-10,None,None,None,None, , , , 
2654, ,0.015702901247293774,4.2475715525368935e-10,None,None,None,None, , , , 
2655, ,0.015702901247293774,4.552935074866938e-10,None,None,None,None, , , , 
2656, ,0.015702901247293774,4.880251583654433e-10,None,None,None,None, , , , 
2657, ,0.015702901247293774,5.231099308056258e-10,None,None,None,None, , , , 
2658, ,0.015702901247293774,5.60716993820547e-10,None,None,None,None, , , , 
2659, ,0.015702901247293774,6.010276782070387e-10,None,None,None,None, , , , 
2660, ,0.015702901247293774,6.442363508721371e-10,None,None,None,None, , , , 
2661, ,0.015702901247293774,6.905513520162316e-10,None,None,None,None, , , , 
2662, ,0.015702901247293774,7.401959996915653e-10,None,None,None,None, , , , 
2663, ,0.015702901247293774,7.934096665797492e-10,None,None,None,None, , , , 
2664, ,0.015702901247293774,8.504489341802668e-10,None,None,None,None, , , , 
2665, ,0.015702901247293774,9.115888299750837e-10,None,None,None,None, , , , 
2666, ,0.015702901247293774,9.771241535346502e-10,None,None,None,None, , , , 
2667, ,0.015702901247293774,1.0473708979594486e-09,None,None,None,None, , , , 
2668, ,0.015702901247293774,1.1226677735108114e-09,None,None,None,None, , , , 
2669, ,0.015702901247293774,1.2033778407775904e-09,None,None,None,None, , , , 
2670, ,0.015702901247293774,1.289890261253308e-09,None,None,None,None, , , , 
2671, ,0.015702901247293774,1.3826221737646535e-09,None,None,None,None, , , , 
2672, ,0.015702901247293774,1.4820207057988602e-09,None,None,None,None, , , , 
2673, ,0.015702901247293774,1.5885651294280526e-09,None,None,None,None, , , , 
2674, ,0.015702901247293774,1.702769172225898e-09,None,None,None,None, , , , 
2675, ,0.015702901247293774,1.825183494319039e-09,None,None,None,None, , , , 
2676, ,0.015702901247293774,1.956398343517065e-09,None,None,None,None, , , , 
2677, ,0.015702901247293774,2.0970464013232305e-09,None,None,None,None, , , , 
2678, ,0.015702901247293774,2.2478058335487307e-09,None,None,None,None, , , , 
2679, ,0.015702901247293774,2.409403560239527e-09,None,None,None,None, , , , 
2680, ,0.015702901247293774,2.582618760682675e-09,None,None,None,None, , , , 
2681, ,0.015702901247293774,2.768286630392061e-09,None,None,None,None, , , , 
2682, ,0.015702901247293774,2.9673024081888724e-09,None,None,None,None, , , , 
2683, ,0.015702901247293774,3.180625692794119e-09,None,None,None,None, , , , 
2684, ,0.015702901247293774,3.409285069746807e-09,None,None,None,None, , , , 
2685, ,0.015702901247293774,3.654383070957262e-09,None,None,None,None, , , , 
2686, ,0.015702901247293774,3.917101490809261e-09,None,None,None,None, , , , 
2687, ,0.015702901247293774,4.198707084443906e-09,None,None,None,None, , , , 
2688, ,0.015702901247293774,4.500557675700488e-09,None,None,None,None, , , , 
2689, ,0.015702901247293774,4.824108704165374e-09,None,None,None,None, , , , 
2690, ,0.015702901247293774,5.170920242896755e-09,None,None,None,None, , , , 
2691, ,0.015702901247293774,5.542664520663096e-09,None,None,None,None, , , , 
2692, ,0.015702901247293774,5.941133984965041e-09,None,None,None,None, , , , 
2693, ,0.015702901247293774,6.3682499447185856e-09,None,None,None,None, , , , 
2694, ,0.015702901247293774,6.826071834272379e-09,None,None,None,None, , , , 
2695, ,0.015702901247293774,7.316807143427175e-09,None,None,None,None, , , , 
2696, ,0.015702901247293774,7.842822061337681e-09,None,None,None,None, , , , 
2697, ,0.015702901247293774,8.406652885618316e-09,None,None,None,None, , , , 
2698, ,0.015702901247293774,9.011018251665036e-09,None,None,None,None, , , , 
2699, ,0.015702901247293774,9.658832241158707e-09,None,None,None,None, , , , 
2700, ,0.015702901247293774,1.0353218432956616e-08,None,None,None,None, , , , 
2701, ,0.015702901247293774,1.1097524964120722e-08,None,None,None,None, , , , 
2702, ,0.015702901247293774,1.1895340673703208e-08,None,None,None,None, , , , 
2703, ,0.015702901247293774,1.2750512407130128e-08,None,None,None,None, , , , 
2704, ,0.015702901247293774,1.3667163564620044e-08,None,None,None,None, , , , 
2705, ,0.015702901247293774,1.4649713983072853e-08,None,None,None,None, , , , 
2706, ,0.015702901247293774,1.5702901247293774e-08,None,None,None,None, , , , 
2707, ,0.015702901247293774,1.683180353330955e-08,None,None,None,None, , , , 
2708, ,0.015702901247293774,1.8041864093920717e-08,None,None,None,None, , , , 
2709, ,0.015702901247293774,1.933891750455232e-08,None,None,None,None, , , , 
2710, ,0.015702901247293774,2.0729217795953697e-08,None,None,None,None, , , , 
2711, ,0.015702901247293774,2.221946860939524e-08,None,None,None,None, , , , 
2712, ,0.015702901247293774,2.3816855519761606e-08,None,None,None,None, , , , 
2713, ,0.015702901247293774,2.552908068239516e-08,None,None,None,None, , , , 
2714, ,0.015702901247293774,2.7364399970746666e-08,None,None,None,None, , , , 
2715, ,0.015702901247293774,2.933166278390042e-08,None,None,None,None, , , , 
2716, ,0.015702901247293774,3.1440354715915e-08,None,None,None,None, , , , 
2717, ,0.015702901247293774,3.370064329271925e-08,None,None,None,None, , , , 
2718, ,0.015702901247293774,3.612342699709431e-08,None,None,None,None, , , , 
2719, ,0.015702901247293774,3.872038781812557e-08,None,None,None,None, , , , 
2720, ,0.015702901247293774,4.1504047578504727e-08,None,None,None,None, , , , 
2721, ,0.015702901247293774,4.448782831127585e-08,None,None,None,None, , , , 
2722, ,0.015702901247293774,4.768611697714474e-08,None,None,None,None, , , , 
2723, ,0.015702901247293774,5.111433483440165e-08,None,None,None,None, , , , 
2724, ,0.015702901247293774,5.478901179593934e-08,None,None,None,None, , , , 
2725, ,0.015702901247293774,5.872786613189478e-08,None,None,None,None, , , , 
2726, ,0.015702901247293774,6.294988990221888e-08,None,None,None,None, , , , 
2727, ,0.015702901247293774,6.747544053110687e-08,None,None,None,None, , , , 
2728, ,0.015702901247293774,7.232633896483534e-08,None,None,None,None, , , , 
2729, ,0.015702901247293774,7.752597488629465e-08,None,None,None,None, , , , 
2730, ,0.015702901247293774,8.309941949353386e-08,None,None,None,None, , , , 
2731, ,0.015702901247293774,8.907354638610439e-08,None,None,None,None, , , , 
2732, ,0.015702901247293774,9.547716114208066e-08,None,None,None,None, , , , 
2733, ,0.015702901247293774,1.0234114021054528e-07,None,None,None,None, , , , 
2734, ,0.015702901247293774,1.0969857978923841e-07,None,None,None,None, , , , 
2735, ,0.015702901247293774,1.1758495540521555e-07,None,None,None,None, , , , 
2736, ,0.015702901247293774,1.2603829296797277e-07,None,None,None,None, , , , 
2737, ,0.015702901247293774,1.350993521198025e-07,None,None,None,None, , , , 
2738, ,0.015702901247293774,1.4481182276745328e-07,None,None,None,None, , , , 
2739, ,0.015702901247293774,1.552225357427048e-07,None,None,None,None, , , , 
2740, ,0.015702901247293774,1.6638168860761273e-07,None,None,None,None, , , , 
2741, ,0.015702901247293774,1.7834308769319093e-07,None,None,None,None, , , , 
2742, ,0.015702901247293774,1.9116440753857e-07,None,None,None,None, , , , 
2743, ,0.015702901247293774,2.049074689815846e-07,None,None,None,None, , , , 
2744, ,0.015702901247293774,2.1963853724165468e-07,None,None,None,None, , , , 
2745, ,0.015702901247293774,2.3542864143224158e-07,None,None,None,None, , , , 
2746, ,0.015702901247293774,2.523539170434766e-07,None,None,None,None, , , , 
2747, ,0.015702901247293774,2.7049597304631316e-07,None,None,None,None, , , , 
2748, ,0.015702901247293774,2.899422853882875e-07,None,None,None,None, , , , 
2749, ,0.015702901247293774,3.107866187782014e-07,None,None,None,None, , , , 
2750, ,0.015702901247293774,3.33129478793467e-07,None,None,None,None, , , , 
2751, ,0.015702901247293774,3.5707859649004626e-07,None,None,None,None, , , , 
2752, ,0.015702901247293774,3.827494478516307e-07,None,None,None,None, , , , 
2753, ,0.015702901247293774,4.1026581058271904e-07,None,None,None,None, , , , 
2754, ,0.015702901247293774,4.397603609302722e-07,None,None,None,None, , , , 
2755, ,0.015702901247293774,4.7137531341167185e-07,None,None,None,None, , , , 
2756, ,0.015702901247293774,5.052631065335679e-07,None,None,None,None, , , , 
2757, ,0.015702901247293774,5.415871378079465e-07,None,None,None,None, , , , 
2758, ,0.015702901247293774,5.805225516094896e-07,None,None,None,None, , , , 
2759, ,0.015702901247293774,6.222570836730232e-07,None,None,None,None, , , , 
2760, ,0.015702901247293774,6.669919663030115e-07,None,None,None,None, , , , 
2761, ,0.015702901247293774,7.149428986597576e-07,None,None,None,None, , , , 
2762, ,0.015702901247293774,7.663410868007445e-07,None,None,None,None, , , , 
2763, ,0.015702901247293774,8.214343584919422e-07,None,None,None,None, , , , 
2764, ,0.015702901247293774,8.804883581643463e-07,None,None,None,None, , , , 
2765, ,0.015702901247293774,9.437878277775371e-07,None,None,None,None, , , , 
2766, ,0.015702901247293774,1.0116379797662072e-06,None,None,None,None, , , , 
2767, ,0.015702901247293774,1.0843659686896086e-06,None,None,None,None, , , , 
2768, ,0.015702901247293774,1.1623224686798522e-06,None,None,None,None, , , , 
2769, ,0.015702901247293774,1.2458833642950078e-06,None,None,None,None, , , , 
2770, ,0.015702901247293774,1.3354515629298971e-06,None,None,None,None, , , , 
2771, ,0.015702901247293774,1.4314589375234786e-06,None,None,None,None, , , , 
2772, ,0.015702901247293774,1.53436840893001e-06,None,None,None,None, , , , 
2773, ,0.015702901247293774,1.6446761779946631e-06,None,None,None,None, , , , 
2774, ,0.015702901247293774,1.762914118095948e-06,None,None,None,None, , , , 
2775, ,0.015702901247293774,1.8896523396912082e-06,None,None,None,None, , , , 
2776, ,0.015702901247293774,2.0255019392306664e-06,None,None,None,None, , , , 
2777, ,0.015702901247293774,2.171117945694501e-06,None,None,None,None, , , , 
2778, ,0.015702901247293774,2.327202478960408e-06,None,None,None,None, , , , 
2779, ,0.015702901247293774,2.494508135230317e-06,None,None,None,None, , , , 
2780, ,0.015702901247293774,2.673841615839944e-06,None,None,None,None, , , , 
2781, ,0.015702901247293774,2.8660676169482507e-06,None,None,None,None, , , , 
2782, ,0.015702901247293774,3.0721129988617524e-06,None,None,None,None, , , , 
2783, ,0.015702901247293774,3.292971255097148e-06,None,None,None,None, , , , 
2784, ,0.015702901247293774,3.5297073027306505e-06,None,None,None,None, , , , 
2785, ,0.015702901247293774,3.783462617131925e-06,None,None,None,None, , , , 
2786, ,0.015702901247293774,4.0554607358408275e-06,None,None,None,None, , , , 
2787, ,0.015702901247293774,4.3470131581250175e-06,None,None,None,None, , , , 
2788, ,0.015702901247293774,4.6595256686646765e-06,None,None,None,None, , , , 
2789, ,0.015702901247293774,4.99450511585514e-06,None,None,None,None, , , , 
2790, ,0.015702901247293774,5.353566677410719e-06,None,None,None,None, , , , 
2791, ,0.015702901247293774,5.738441648302393e-06,None,None,None,None, , , , 
2792, ,0.015702901247293774,6.150985788580505e-06,None,None,None,None, , , , 
2793, ,0.015702901247293774,6.593188271333541e-06,None,None,None,None, , , , 
2794, ,0.015702901247293774,7.067181273927492e-06,None,None,None,None, , , , 
2795, ,0.015702901247293774,7.575250258771904e-06,None,None,None,None, , , , 
2796, ,0.015702901247293774,8.119844993184007e-06,None,None,None,None, , , , 
2797, ,0.015702901247293774,8.703591361485167e-06,None,None,None,None, , , , 
2798, ,0.015702901247293774,9.329304026284676e-06,None,None,None,None, , , , 
2799, ,0.015702901247293774,1e-05,None,None,None,None, , , , 
2800, ,0.01625755666443794,1e-11,None,None,None,None, , , , 
2801, ,0.01625755666443794,1.0718913192051263e-11,None,None,None,None, , , , 
2802, ,0.01625755666443794,1.1489510001873107e-11,None,None,None,None, , , , 
2803, ,0.01625755666443794,1.2315506032928262e-11,None,None,None,None, , , , 
2804, ,0.01625755666443794,1.3200884008314167e-11,None,None,None,None, , , , 
2805, ,0.01625755666443794,1.4149912974345786e-11,None,None,None,None, , , , 
2806, ,0.01625755666443794,1.5167168884709242e-11,None,None,None,None, , , , 
2807, ,0.01625755666443794,1.6257556664437934e-11,None,None,None,None, , , , 
2808, ,0.01625755666443794,1.7426333860096473e-11,None,None,None,None, , , , 
2809, ,0.01625755666443794,1.8679135990207848e-11,None,None,None,None, , , , 
2810, ,0.01625755666443794,2.0022003718155844e-11,None,None,None,None, , , , 
2811, ,0.01625755666443794,2.1461411978584013e-11,None,None,None,None, , , , 
2812, ,0.01625755666443794,2.300430119772921e-11,None,None,None,None, , , , 
2813, ,0.01625755666443794,2.465811075822604e-11,None,None,None,None, , , , 
2814, ,0.01625755666443794,2.643081486974103e-11,None,None,None,None, , , , 
2815, ,0.01625755666443794,2.8330961018393178e-11,None,None,None,None, , , , 
2816, ,0.01625755666443794,3.036771118035461e-11,None,None,None,None, , , , 
2817, ,0.01625755666443794,3.255088599835057e-11,None,None,None,None, , , , 
2818, ,0.01625755666443794,3.4891012134067674e-11,None,None,None,None, , , , 
2819, ,0.01625755666443794,3.739937302478801e-11,None,None,None,None, , , , 
2820, ,0.01625755666443794,4.0088063288984646e-11,None,None,None,None, , , , 
2821, ,0.01625755666443794,4.297004704320835e-11,None,None,None,None, , , , 
2822, ,0.01625755666443794,4.605922041145113e-11,None,None,None,None, , , , 
2823, ,0.01625755666443794,4.937047852839004e-11,None,None,None,None, , , , 
2824, ,0.01625755666443794,5.2919787359584366e-11,None,None,None,None, , , , 
2825, ,0.01625755666443794,5.672426068491989e-11,None,None,None,None, , , , 
2826, ,0.01625755666443794,6.080224261649427e-11,None,None,None,None, , , , 
2827, ,0.01625755666443794,6.517339604882421e-11,None,None,None,None, , , , 
2828, ,0.01625755666443794,6.985879746785235e-11,None,None,None,None, , , , 
2829, ,0.01625755666443794,7.48810385759003e-11,None,None,None,None, , , , 
2830, ,0.01625755666443794,8.026433522257174e-11,None,None,None,None, , , , 
2831, ,0.01625755666443794,8.603464416684492e-11,None,None,None,None, , , , 
2832, ,0.01625755666443794,9.221978823334341e-11,None,None,None,None, , , , 
2833, ,0.01625755666443794,9.884959046625586e-11,None,None,None,None, , , , 
2834, ,0.01625755666443794,1.0595601792776149e-10,None,None,None,None, , , , 
2835, ,0.01625755666443794,1.1357333583431027e-10,None,None,None,None, , , , 
2836, ,0.01625755666443794,1.217382727739662e-10,None,None,None,None, , , , 
2837, ,0.01625755666443794,1.3049019780144016e-10,None,None,None,None, , , , 
2838, ,0.01625755666443794,1.398713102647236e-10,None,None,None,None, , , , 
2839, ,0.01625755666443794,1.4992684327860468e-10,None,None,None,None, , , , 
2840, ,0.01625755666443794,1.6070528182616384e-10,None,None,None,None, , , , 
2841, ,0.01625755666443794,1.722585965398784e-10,None,None,None,None, , , , 
2842, ,0.01625755666443794,1.8464249428955463e-10,None,None,None,None, , , , 
2843, ,0.01625755666443794,1.9791668678535569e-10,None,None,None,None, , , , 
2844, ,0.01625755666443794,2.121451784910628e-10,None,None,None,None, , , , 
2845, ,0.01625755666443794,2.273965752357932e-10,None,None,None,None, , , , 
2846, ,0.01625755666443794,2.4374441501222216e-10,None,None,None,None, , , , 
2847, ,0.01625755666443794,2.6126752255633265e-10,None,None,None,None, , , , 
2848, ,0.01625755666443794,2.8005038941836253e-10,None,None,None,None, , , , 
2849, ,0.01625755666443794,3.0018358135755917e-10,None,None,None,None, , , , 
2850, ,0.01625755666443794,3.2176417502507347e-10,None,None,None,None, , , , 
2851, ,0.01625755666443794,3.4489622604057533e-10,None,None,None,None, , , , 
2852, ,0.01625755666443794,3.696912707195032e-10,None,None,None,None, , , , 
2853, ,0.01625755666443794,3.9626886387014783e-10,None,None,None,None, , , , 
2854, ,0.01625755666443794,4.2475715525368935e-10,None,None,None,None, , , , 
2855, ,0.01625755666443794,4.552935074866938e-10,None,None,None,None, , , , 
2856, ,0.01625755666443794,4.880251583654433e-10,None,None,None,None, , , , 
2857, ,0.01625755666443794,5.231099308056258e-10,None,None,None,None, , , , 
2858, ,0.01625755666443794,5.60716993820547e-10,None,None,None,None, , , , 
2859, ,0.01625755666443794,6.010276782070387e-10,None,None,None,None, , , , 
2860, ,0.01625755666443794,6.442363508721371e-10,None,None,None,None, , , , 
2861, ,0.01625755666443794,6.905513520162316e-10,None,None,None,None, , , , 
2862, ,0.01625755666443794,7.401959996915653e-10,None,None,None,None, , , , 
2863, ,0.01625755666443794,7.934096665797492e-10,None,None,None,None, , , , 
2864, ,0.01625755666443794,8.504489341802668e-10,None,None,None,None, , , , 
2865, ,0.01625755666443794,9.115888299750837e-10,None,None,None,None, , , , 
2866, ,0.01625755666443794,9.771241535346502e-10,None,None,None,None, , , , 
2867, ,0.01625755666443794,1.0473708979594486e-09,None,None,None,None, , , , 
2868, ,0.01625755666443794,1.1226677735108114e-09,None,None,None,None, , , , 
2869, ,0.01625755666443794,1.2033778407775904e-09,None,None,None,None, , , , 
2870, ,0.01625755666443794,1.289890261253308e-09,None,None,None,None, , , , 
2871, ,0.01625755666443794,1.3826221737646535e-09,None,None,None,None, , , , 
2872, ,0.01625755666443794,1.4820207057988602e-09,None,None,None,None, , , , 
2873, ,0.01625755666443794,1.5885651294280526e-09,None,None,None,None, , , , 
2874, ,0.01625755666443794,1.702769172225898e-09,None,None,None,None, , , , 
2875, ,0.01625755666443794,1.825183494319039e-09,None,None,None,None, , , , 
2876, ,0.01625755666443794,1.956398343517065e-09,None,None,None,None, , , , 
2877, ,0.01625755666443794,2.0970464013232305e-09,None,None,None,None, , , , 
2878, ,0.01625755666443794,2.2478058335487307e-09,None,None,None,None, , , , 
2879, ,0.01625755666443794,2.409403560239527e-09,None,None,None,None, , , , 
2880, ,0.01625755666443794,2.582618760682675e-09,None,None,None,None, , , , 
2881, ,0.01625755666443794,2.768286630392061e-09,None,None,None,None, , , , 
2882, ,0.01625755666443794,2.9673024081888724e-09,None,None,None,None, , , , 
2883, ,0.01625755666443794,3.180625692794119e-09,None,None,None,None, , , , 
2884, ,0.01625755666443794,3.409285069746807e-09,None,None,None,None, , , , 
2885, ,0.01625755666443794,3.654383070957262e-09,None,None,None,None, , , , 
2886, ,0.01625755666443794,3.917101490809261e-09,None,None,None,None, , , , 
2887, ,0.01625755666443794,4.198707084443906e-09,None,None,None,None, , , , 
2888, ,0.01625755666443794,4.500557675700488e-09,None,None,None,None, , , , 
2889, ,0.01625755666443794,4.824108704165374e-09,None,None,None,None, , , , 
2890, ,0.01625755666443794,5.170920242896755e-09,None,None,None,None, , , , 
2891, ,0.01625755666443794,5.542664520663096e-09,None,None,None,None, , , , 
2892, ,0.01625755666443794,5.941133984965041e-09,None,None,None,None, , , , 
2893, ,0.01625755666443794,6.3682499447185856e-09,None,None,None,None, , , , 
2894, ,0.01625755666443794,6.826071834272379e-09,None,None,None,None, , , , 
2895, ,0.01625755666443794,7.316807143427175e-09,None,None,None,None, , , , 
2896, ,0.01625755666443794,7.842822061337681e-09,None,None,None,None, , , , 
2897, ,0.01625755666443794,8.406652885618316e-09,None,None,None,None, , , , 
2898, ,0.01625755666443794,9.011018251665036e-09,None,None,None,None, , , , 
2899, ,0.01625755666443794,9.658832241158707e-09,None,None,None,None, , , , 
2900, ,0.01625755666443794,1.0353218432956616e-08,None,None,None,None, , , , 
2901, ,0.01625755666443794,1.1097524964120722e-08,None,None,None,None, , , , 
2902, ,0.01625755666443794,1.1895340673703208e-08,None,None,None,None, , , , 
2903, ,0.01625755666443794,1.2750512407130128e-08,None,None,None,None, , , , 
2904, ,0.01625755666443794,1.3667163564620044e-08,None,None,None,None, , , , 
2905, ,0.01625755666443794,1.4649713983072853e-08,None,None,None,None, , , , 
2906, ,0.01625755666443794,1.5702901247293774e-08,None,None,None,None, , , , 
2907, ,0.01625755666443794,1.683180353330955e-08,None,None,None,None, , , , 
2908, ,0.01625755666443794,1.8041864093920717e-08,None,None,None,None, , , , 
2909, ,0.01625755666443794,1.933891750455232e-08,None,None,None,None, , , , 
2910, ,0.01625755666443794,2.0729217795953697e-08,None,None,None,None, , , , 
2911, ,0.01625755666443794,2.221946860939524e-08,None,None,None,None, , , , 
2912, ,0.01625755666443794,2.3816855519761606e-08,None,None,None,None, , , , 
2913, ,0.01625755666443794,2.552908068239516e-08,None,None,None,None, , , , 
2914, ,0.01625755666443794,2.7364399970746666e-08,None,None,None,None, , , , 
2915, ,0.01625755666443794,2.933166278390042e-08,None,None,None,None, , , , 
2916, ,0.01625755666443794,3.1440354715915e-08,None,None,None,None, , , , 
2917, ,0.01625755666443794,3.370064329271925e-08,None,None,None,None, , , , 
2918, ,0.01625755666443794,3.612342699709431e-08,None,None,None,None, , , , 
2919, ,0.01625755666443794,3.872038781812557e-08,None,None,None,None, , , , 
2920, ,0.01625755666443794,4.1504047578504727e-08,None,None,None,None, , , , 
2921, ,0.01625755666443794,4.448782831127585e-08,None,None,None,None, , , , 
2922, ,0.01625755666443794,4.768611697714474e-08,None,None,None,None, , , , 
2923, ,0.01625755666443794,5.111433483440165e-08,None,None,None,None, , , , 
2924, ,0.01625755666443794,5.478901179593934e-08,None,None,None,None, , , , 
2925, ,0.01625755666443794,5.872786613189478e-08,None,None,None,None, , , , 
2926, ,0.01625755666443794,6.294988990221888e-08,None,None,None,None, , , , 
2927, ,0.01625755666443794,6.747544053110687e-08,None,None,None,None, , , , 
2928, ,0.01625755666443794,7.232633896483534e-08,None,None,None,None, , , , 
2929, ,0.01625755666443794,7.752597488629465e-08,None,None,None,None, , , , 
2930, ,0.01625755666443794,8.309941949353386e-08,None,None,None,None, , , , 
2931, ,0.01625755666443794,8.907354638610439e-08,None,None,None,None, , , , 
2932, ,0.01625755666443794,9.547716114208066e-08,None,None,None,None, , , , 
2933, ,0.01625755666443794,1.0234114021054528e-07,None,None,None,None, , , , 
2934, ,0.01625755666443794,1.0969857978923841e-07,None,None,None,None, , , , 
2935, ,0.01625755666443794,1.1758495540521555e-07,None,None,None,None, , , , 
2936, ,0.01625755666443794,1.2603829296797277e-07,None,None,None,None, , , , 
2937, ,0.01625755666443794,1.350993521198025e-07,None,None,None,None, , , , 
2938, ,0.01625755666443794,1.4481182276745328e-07,None,None,None,None, , , , 
2939, ,0.01625755666443794,1.552225357427048e-07,None,None,None,None, , , , 
2940, ,0.01625755666443794,1.6638168860761273e-07,None,None,None,None, , , , 
2941, ,0.01625755666443794,1.7834308769319093e-07,None,None,None,None, , , , 
2942, ,0.01625755666443794,1.9116440753857e-07,None,None,None,None, , , , 
2943, ,0.01625755666443794,2.049074689815846e-07,None,None,None,None, , , , 
2944, ,0.01625755666443794,2.1963853724165468e-07,None,None,None,None, , , , 
2945, ,0.01625755666443794,2.3542864143224158e-07,None,None,None,None, , , , 
2946, ,0.01625755666443794,2.523539170434766e-07,None,None,None,None, , , , 
2947, ,0.01625755666443794,2.7049597304631316e-07,None,None,None,None, , , , 
2948, ,0.01625755666443794,2.899422853882875e-07,None,None,None,None, , , , 
2949, ,0.01625755666443794,3.107866187782014e-07,None,None,None,None, , , , 
2950, ,0.01625755666443794,3.33129478793467e-07,None,None,None,None, , , , 
2951, ,0.01625755666443794,3.5707859649004626e-07,None,None,None,None, , , , 
2952, ,0.01625755666443794,3.827494478516307e-07,None,None,None,None, , , , 
2953, ,0.01625755666443794,4.1026581058271904e-07,None,None,None,None, , , , 
2954, ,0.01625755666443794,4.397603609302722e-07,None,None,None,None, , , , 
2955, ,0.01625755666443794,4.7137531341167185e-07,None,None,None,None, , , , 
2956, ,0.01625755666443794,5.052631065335679e-07,None,None,None,None, , , , 
2957, ,0.01625755666443794,5.415871378079465e-07,None,None,None,None, , , , 
2958, ,0.01625755666443794,5.805225516094896e-07,None,None,None,None, , , , 
2959, ,0.01625755666443794,6.222570836730232e-07,None,None,None,None, , , , 
2960, ,0.01625755666443794,6.669919663030115e-07,None,None,None,None, , , , 
2961, ,0.01625755666443794,7.149428986597576e-07,None,None,None,None, , , , 
2962, ,0.01625755666443794,7.663410868007445e-07,None,None,None,None, , , , 
2963, ,0.01625755666443794,8.214343584919422e-07,None,None,None,None, , , , 
2964, ,0.01625755666443794,8.804883581643463e-07,None,None,None,None, , , , 
2965, ,0.01625755666443794,9.437878277775371e-07,None,None,None,None, , , , 
2966, ,0.01625755666443794,1.0116379797662072e-06,None,None,None,None, , , , 
2967, ,0.01625755666443794,1.0843659686896086e-06,None,None,None,None, , , , 
2968, ,0.01625755666443794,1.1623224686798522e-06,None,None,None,None, , , , 
2969, ,0.01625755666443794,1.2458833642950078e-06,None,None,None,None, , , , 
2970, ,0.01625755666443794,1.3354515629298971e-06,None,None,None,None, , , , 
2971, ,0.01625755666443794,1.4314589375234786e-06,None,None,None,None, , , , 
2972, ,0.01625755666443794,1.53436840893001e-06,None,None,None,None, , , , 
2973, ,0.01625755666443794,1.6446761779946631e-06,None,None,None,None, , , , 
2974, ,0.01625755666443794,1.762914118095948e-06,None,None,None,None, , , , 
2975, ,0.01625755666443794,1.8896523396912082e-06,None,None,None,None, , , , 
2976, ,0.01625755666443794,2.0255019392306664e-06,None,None,None,None, , , , 
2977, ,0.01625755666443794,2.171117945694501e-06,None,None,None,None, , , , 
2978, ,0.01625755666443794,2.327202478960408e-06,None,None,None,None, , , , 
2979, ,0.01625755666443794,2.494508135230317e-06,None,None,None,None, , , , 
2980, ,0.01625755666443794,2.673841615839944e-06,None,None,None,None, , , , 
2981, ,0.01625755666443794,2.8660676169482507e-06,None,None,None,None, , , , 
2982, ,0.01625755666443794,3.0721129988617524e-06,None,None,None,None, , , , 
2983, ,0.01625755666443794,3.292971255097148e-06,None,None,None,None, , , , 
2984, ,0.01625755666443794,3.5297073027306505e-06,None,None,None,None, , , , 
2985, ,0.01625755666443794,3.783462617131925e-06,None,None,None,None, , , , 
2986, ,0.01625755666443794,4.0554607358408275e-06,None,None,None,None, , , , 
2987, ,0.01625755666443794,4.3470131581250175e-06,None,None,None,None, , , , 
2988, ,0.01625755666443794,4.6595256686646765e-06,None,None,None,None, , , , 
2989, ,0.01625755666443794,4.99450511585514e-06,None,None,None,None, , , , 
2990, ,0.01625755666443794,5.353566677410719e-06,None,None,None,None, , , , 
2991, ,0.01625755666443794,5.738441648302393e-06,None,None,None,None, , , , 
2992, ,0.01625755666443794,6.150985788580505e-06,None,None,None,None, , , , 
2993, ,0.01625755666443794,6.593188271333541e-06,None,None,None,None, , , , 
2994, ,0.01625755666443794,7.067181273927492e-06,None,None,None,None, , , , 
2995, ,0.01625755666443794,7.575250258771904e-06,None,None,None,None, , , , 
2996, ,0.01625755666443794,8.119844993184007e-06,None,None,None,None, , , , 
2997, ,0.01625755666443794,8.703591361485167e-06,None,None,None,None, , , , 
2998, ,0.01625755666443794,9.329304026284676e-06,None,None,None,None, , , , 
2999, ,0.01625755666443794,1e-05,None,None,None,None, , , , 
3000, ,0.016831803533309566,1e-11,None,None,None,None, , , , 
3001, ,0.016831803533309566,1.0718913192051263e-11,None,None,None,None, , , , 
3002, ,0.016831803533309566,1.1489510001873107e-11,None,None,None,None, , , , 
3003, ,0.016831803533309566,1.2315506032928262e-11,None,None,None,None, , , , 
3004, ,0.016831803533309566,1.3200884008314167e-11,None,None,None,None, , , , 
3005, ,0.016831803533309566,1.4149912974345786e-11,None,None,None,None, , , , 
3006, ,0.016831803533309566,1.5167168884709242e-11,None,None,None,None, , , , 
3007, ,0.016831803533309566,1.6257556664437934e-11,None,None,None,None, , , , 
3008, ,0.016831803533309566,1.7426333860096473e-11,None,None,None,None, , , , 
3009, ,0.016831803533309566,1.8679135990207848e-11,None,None,None,None, , , , 
3010, ,0.016831803533309566,2.0022003718155844e-11,None,None,None,None, , , , 
3011, ,0.016831803533309566,2.1461411978584013e-11,None,None,None,None, , , , 
3012, ,0.016831803533309566,2.300430119772921e-11,None,None,None,None, , , , 
3013, ,0.016831803533309566,2.465811075822604e-11,None,None,None,None, , , , 
3014, ,0.016831803533309566,2.643081486974103e-11,None,None,None,None, , , , 
3015, ,0.016831803533309566,2.8330961018393178e-11,None,None,None,None, , , , 
3016, ,0.016831803533309566,3.036771118035461e-11,None,None,None,None, , , , 
3017, ,0.016831803533309566,3.255088599835057e-11,None,None,None,None, , , , 
3018, ,0.016831803533309566,3.4891012134067674e-11,None,None,None,None, , , , 
3019, ,0.016831803533309566,3.739937302478801e-11,None,None,None,None, , , , 
3020, ,0.016831803533309566,4.0088063288984646e-11,None,None,None,None, , , , 
3021, ,0.016831803533309566,4.297004704320835e-11,None,None,None,None, , , , 
3022, ,0.016831803533309566,4.605922041145113e-11,None,None,None,None, , , , 
3023, ,0.016831803533309566,4.937047852839004e-11,None,None,None,None, , , , 
3024, ,0.016831803533309566,5.2919787359584366e-11,None,None,None,None, , , , 
3025, ,0.016831803533309566,5.672426068491989e-11,None,None,None,None, , , , 
3026, ,0.016831803533309566,6.080224261649427e-11,None,None,None,None, , , , 
3027, ,0.016831803533309566,6.517339604882421e-11,None,None,None,None, , , , 
3028, ,0.016831803533309566,6.985879746785235e-11,None,None,None,None, , , , 
3029, ,0.016831803533309566,7.48810385759003e-11,None,None,None,None, , , , 
3030, ,0.016831803533309566,8.026433522257174e-11,None,None,None,None, , , , 
3031, ,0.016831803533309566,8.603464416684492e-11,None,None,None,None, , , , 
3032, ,0.016831803533309566,9.221978823334341e-11,None,None,None,None, , , , 
3033, ,0.016831803533309566,9.884959046625586e-11,None,None,None,None, , , , 
3034, ,0.016831803533309566,1.0595601792776149e-10,None,None,None,None, , , , 
3035, ,0.016831803533309566,1.1357333583431027e-10,None,None,None,None, , , , 
3036, ,0.016831803533309566,1.217382727739662e-10,None,None,None,None, , , , 
3037, ,0.016831803533309566,1.3049019780144016e-10,None,None,None,None, , , , 
3038, ,0.016831803533309566,1.398713102647236e-10,None,None,None,None, , , , 
3039, ,0.016831803533309566,1.4992684327860468e-10,None,None,None,None, , , , 
3040, ,0.016831803533309566,1.6070528182616384e-10,None,None,None,None, , , , 
3041, ,0.016831803533309566,1.722585965398784e-10,None,None,None,None, , , , 
3042, ,0.016831803533309566,1.8464249428955463e-10,None,None,None,None, , , , 
3043, ,0.016831803533309566,1.9791668678535569e-10,None,None,None,None, , , , 
3044, ,0.016831803533309566,2.121451784910628e-10,None,None,None,None, , , , 
3045, ,0.016831803533309566,2.273965752357932e-10,None,None,None,None, , , , 
3046, ,0.016831803533309566,2.4374441501222216e-10,None,None,None,None, , , , 
3047, ,0.016831803533309566,2.6126752255633265e-10,None,None,None,None, , , , 
3048, ,0.016831803533309566,2.8005038941836253e-10,None,None,None,None, , , , 
3049, ,0.016831803533309566,3.0018358135755917e-10,None,None,None,None, , , , 
3050, ,0.016831803533309566,3.2176417502507347e-10,None,None,None,None, , , , 
3051, ,0.016831803533309566,3.4489622604057533e-10,None,None,None,None, , , , 
3052, ,0.016831803533309566,3.696912707195032e-10,None,None,None,None, , , , 
3053, ,0.016831803533309566,3.9626886387014783e-10,None,None,None,None, , , , 
3054, ,0.016831803533309566,4.2475715525368935e-10,None,None,None,None, , , , 
3055, ,0.016831803533309566,4.552935074866938e-10,None,None,None,None, , , , 
3056, ,0.016831803533309566,4.880251583654433e-10,None,None,None,None, , , , 
3057, ,0.016831803533309566,5.231099308056258e-10,None,None,None,None, , , , 
3058, ,0.016831803533309566,5.60716993820547e-10,None,None,None,None, , , , 
3059, ,0.016831803533309566,6.010276782070387e-10,None,None,None,None, , , , 
3060, ,0.016831803533309566,6.442363508721371e-10,None,None,None,None, , , , 
3061, ,0.016831803533309566,6.905513520162316e-10,None,None,None,None, , , , 
3062, ,0.016831803533309566,7.401959996915653e-10,None,None,None,None, , , , 
3063, ,0.016831803533309566,7.934096665797492e-10,None,None,None,None, , , , 
3064, ,0.016831803533309566,8.504489341802668e-10,None,None,None,None, , , , 
3065, ,0.016831803533309566,9.115888299750837e-10,None,None,None,None, , , , 
3066, ,0.016831803533309566,9.771241535346502e-10,None,None,None,None, , , , 
3067, ,0.016831803533309566,1.0473708979594486e-09,None,None,None,None, , , , 
3068, ,0.016831803533309566,1.1226677735108114e-09,None,None,None,None, , , , 
3069, ,0.016831803533309566,1.2033778407775904e-09,None,None,None,None, , , , 
3070, ,0.016831803533309566,1.289890261253308e-09,None,None,None,None, , , , 
3071, ,0.016831803533309566,1.3826221737646535e-09,None,None,None,None, , , , 
3072, ,0.016831803533309566,1.4820207057988602e-09,None,None,None,None, , , , 
3073, ,0.016831803533309566,1.5885651294280526e-09,None,None,None,None, , , , 
3074, ,0.016831803533309566,1.702769172225898e-09,None,None,None,None, , , , 
3075, ,0.016831803533309566,1.825183494319039e-09,None,None,None,None, , , , 
3076, ,0.016831803533309566,1.956398343517065e-09,None,None,None,None, , , , 
3077, ,0.016831803533309566,2.0970464013232305e-09,None,None,None,None, , , , 
3078, ,0.016831803533309566,2.2478058335487307e-09,None,None,None,None, , , , 
3079, ,0.016831803533309566,2.409403560239527e-09,None,None,None,None, , , , 
3080, ,0.016831803533309566,2.582618760682675e-09,None,None,None,None, , , , 
3081, ,0.016831803533309566,2.768286630392061e-09,None,None,None,None, , , , 
3082, ,0.016831803533309566,2.9673024081888724e-09,None,None,None,None, , , , 
3083, ,0.016831803533309566,3.180625692794119e-09,None,None,None,None, , , , 
3084, ,0.016831803533309566,3.409285069746807e-09,None,None,None,None, , , , 
3085, ,0.016831803533309566,3.654383070957262e-09,None,None,None,None, , , , 
3086, ,0.016831803533309566,3.917101490809261e-09,None,None,None,None, , , , 
3087, ,0.016831803533309566,4.198707084443906e-09,None,None,None,None, , , , 
3088, ,0.016831803533309566,4.500557675700488e-09,None,None,None,None, , , , 
3089, ,0.016831803533309566,4.824108704165374e-09,None,None,None,None, , , , 
3090, ,0.016831803533309566,5.170920242896755e-09,None,None,None,None, , , , 
3091, ,0.016831803533309566,5.542664520663096e-09,None,None,None,None, , , , 
3092, ,0.016831803533309566,5.941133984965041e-09,None,None,None,None, , , , 
3093, ,0.016831803533309566,6.3682499447185856e-09,None,None,None,None, , , , 
3094, ,0.016831803533309566,6.826071834272379e-09,None,None,None,None, , , , 
3095, ,0.016831803533309566,7.316807143427175e-09,None,None,None,None, , , , 
3096, ,0.016831803533309566,7.842822061337681e-09,None,None,None,None, , , , 
3097, ,0.016831803533309566,8.406652885618316e-09,None,None,None,None, , , , 
3098, ,0.016831803533309566,9.011018251665036e-09,None,None,None,None, , , , 
3099, ,0.016831803533309566,9.658832241158707e-09,None,None,None,None, , , , 
3100, ,0.016831803533309566,1.0353218432956616e-08,None,None,None,None, , , , 
3101, ,0.016831803533309566,1.1097524964120722e-08,None,None,None,None, , , , 
3102, ,0.016831803533309566,1.1895340673703208e-08,None,None,None,None, , , , 
3103, ,0.016831803533309566,1.2750512407130128e-08,None,None,None,None, , , , 
3104, ,0.016831803533309566,1.3667163564620044e-08,None,None,None,None, , , , 
3105, ,0.016831803533309566,1.4649713983072853e-08,None,None,None,None, , , , 
3106, ,0.016831803533309566,1.5702901247293774e-08,None,None,None,None, , , , 
3107, ,0.016831803533309566,1.683180353330955e-08,None,None,None,None, , , , 
3108, ,0.016831803533309566,1.8041864093920717e-08,None,None,None,None, , , , 
3109, ,0.016831803533309566,1.933891750455232e-08,None,None,None,None, , , , 
3110, ,0.016831803533309566,2.0729217795953697e-08,None,None,None,None, , , , 
3111, ,0.016831803533309566,2.221946860939524e-08,None,None,None,None, , , , 
3112, ,0.016831803533309566,2.3816855519761606e-08,None,None,None,None, , , , 
3113, ,0.016831803533309566,2.552908068239516e-08,None,None,None,None, , , , 
3114, ,0.016831803533309566,2.7364399970746666e-08,None,None,None,None, , , , 
3115, ,0.016831803533309566,2.933166278390042e-08,None,None,None,None, , , , 
3116, ,0.016831803533309566,3.1440354715915e-08,None,None,None,None, , , , 
3117, ,0.016831803533309566,3.370064329271925e-08,None,None,None,None, , , , 
3118, ,0.016831803533309566,3.612342699709431e-08,None,None,None,None, , , , 
3119, ,0.016831803533309566,3.872038781812557e-08,None,None,None,None, , , , 
3120, ,0.016831803533309566,4.1504047578504727e-08,None,None,None,None, , , , 
3121, ,0.016831803533309566,4.448782831127585e-08,None,None,None,None, , , , 
3122, ,0.016831803533309566,4.768611697714474e-08,None,None,None,None, , , , 
3123, ,0.016831803533309566,5.111433483440165e-08,None,None,None,None, , , , 
3124, ,0.016831803533309566,5.478901179593934e-08,None,None,None,None, , , , 
3125, ,0.016831803533309566,5.872786613189478e-08,None,None,None,None, , , , 
3126, ,0.016831803533309566,6.294988990221888e-08,None,None,None,None, , , , 
3127, ,0.016831803533309566,6.747544053110687e-08,None,None,None,None, , , , 
3128, ,0.016831803533309566,7.232633896483534e-08,None,None,None,None, , , , 
3129, ,0.016831803533309566,7.752597488629465e-08,None,None,None,None, , , , 
3130, ,0.016831803533309566,8.309941949353386e-08,None,None,None,None, , , , 
3131, ,0.016831803533309566,8.907354638610439e-08,None,None,None,None, , , , 
3132, ,0.016831803533309566,9.547716114208066e-08,None,None,None,None, , , , 
3133, ,0.016831803533309566,1.0234114021054528e-07,None,None,None,None, , , , 
3134, ,0.016831803533309566,1.0969857978923841e-07,None,None,None,None, , , , 
3135, ,0.016831803533309566,1.1758495540521555e-07,None,None,None,None, , , , 
3136, ,0.016831803533309566,1.2603829296797277e-07,None,None,None,None, , , , 
3137, ,0.016831803533309566,1.350993521198025e-07,None,None,None,None, , , , 
3138, ,0.016831803533309566,1.4481182276745328e-07,None,None,None,None, , , , 
3139, ,0.016831803533309566,1.552225357427048e-07,None,None,None,None, , , , 
3140, ,0.016831803533309566,1.6638168860761273e-07,None,None,None,None, , , , 
3141, ,0.016831803533309566,1.7834308769319093e-07,None,None,None,None, , , , 
3142, ,0.016831803533309566,1.9116440753857e-07,None,None,None,None, , , , 
3143, ,0.016831803533309566,2.049074689815846e-07,None,None,None,None, , , , 
3144, ,0.016831803533309566,2.1963853724165468e-07,None,None,None,None, , , , 
3145, ,0.016831803533309566,2.3542864143224158e-07,None,None,None,None, , , , 
3146, ,0.016831803533309566,2.523539170434766e-07,None,None,None,None, , , , 
3147, ,0.016831803533309566,2.7049597304631316e-07,None,None,None,None, , , , 
3148, ,0.016831803533309566,2.899422853882875e-07,None,None,None,None, , , , 
3149, ,0.016831803533309566,3.107866187782014e-07,None,None,None,None, , , , 
3150, ,0.016831803533309566,3.33129478793467e-07,None,None,None,None, , , , 
3151, ,0.016831803533309566,3.5707859649004626e-07,None,None,None,None, , , , 
3152, ,0.016831803533309566,3.827494478516307e-07,None,None,None,None, , , , 
3153, ,0.016831803533309566,4.1026581058271904e-07,None,None,None,None, , , , 
3154, ,0.016831803533309566,4.397603609302722e-07,None,None,None,None, , , , 
3155, ,0.016831803533309566,4.7137531341167185e-07,None,None,None,None, , , , 
3156, ,0.016831803533309566,5.052631065335679e-07,None,None,None,None, , , , 
3157, ,0.016831803533309566,5.415871378079465e-07,None,None,None,None, , , , 
3158, ,0.016831803533309566,5.805225516094896e-07,None,None,None,None, , , , 
3159, ,0.016831803533309566,6.222570836730232e-07,None,None,None,None, , , , 
3160, ,0.016831803533309566,6.669919663030115e-07,None,None,None,None, , , , 
3161, ,0.016831803533309566,7.149428986597576e-07,None,None,None,None, , , , 
3162, ,0.016831803533309566,7.663410868007445e-07,None,None,None,None, , , , 
3163, ,0.016831803533309566,8.214343584919422e-07,None,None,None,None, , , , 
3164, ,0.016831803533309566,8.804883581643463e-07,None,None,None,None, , , , 
3165, ,0.016831803533309566,9.437878277775371e-07,None,None,None,None, , , , 
3166, ,0.016831803533309566,1.0116379797662072e-06,None,None,None,None, , , , 
3167, ,0.016831803533309566,1.0843659686896086e-06,None,None,None,None, , , , 
3168, ,0.016831803533309566,1.1623224686798522e-06,None,None,None,None, , , , 
3169, ,0.016831803533309566,1.2458833642950078e-06,None,None,None,None, , , , 
3170, ,0.016831803533309566,1.3354515629298971e-06,None,None,None,None, , , , 
3171, ,0.016831803533309566,1.4314589375234786e-06,None,None,None,None, , , , 
3172, ,0.016831803533309566,1.53436840893001e-06,None,None,None,None, , , , 
3173, ,0.016831803533309566,1.6446761779946631e-06,None,None,None,None, , , , 
3174, ,0.016831803533309566,1.762914118095948e-06,None,None,None,None, , , , 
3175, ,0.016831803533309566,1.8896523396912082e-06,None,None,None,None, , , , 
3176, ,0.016831803533309566,2.0255019392306664e-06,None,None,None,None, , , , 
3177, ,0.016831803533309566,2.171117945694501e-06,None,None,None,None, , , , 
3178, ,0.016831803533309566,2.327202478960408e-06,None,None,None,None, , , , 
3179, ,0.016831803533309566,2.494508135230317e-06,None,None,None,None, , , , 
3180, ,0.016831803533309566,2.673841615839944e-06,None,None,None,None, , , , 
3181, ,0.016831803533309566,2.8660676169482507e-06,None,None,None,None, , , , 
3182, ,0.016831803533309566,3.0721129988617524e-06,None,None,None,None, , , , 
3183, ,0.016831803533309566,3.292971255097148e-06,None,None,None,None, , , , 
3184, ,0.016831803533309566,3.5297073027306505e-06,None,None,None,None, , , , 
3185, ,0.016831803533309566,3.783462617131925e-06,None,None,None,None, , , , 
3186, ,0.016831803533309566,4.0554607358408275e-06,None,None,None,None, , , , 
3187, ,0.016831803533309566,4.3470131581250175e-06,None,None,None,None, , , , 
3188, ,0.016831803533309566,4.6595256686646765e-06,None,None,None,None, , , , 
3189, ,0.016831803533309566,4.99450511585514e-06,None,None,None,None, , , , 
3190, ,0.016831803533309566,5.353566677410719e-06,None,None,None,None, , , , 
3191, ,0.016831803533309566,5.738441648302393e-06,None,None,None,None, , , , 
3192, ,0.016831803533309566,6.150985788580505e-06,None,None,None,None, , , , 
3193, ,0.016831803533309566,6.593188271333541e-06,None,None,None,None, , , , 
3194, ,0.016831803533309566,7.067181273927492e-06,None,None,None,None, , , , 
3195, ,0.016831803533309566,7.575250258771904e-06,None,None,None,None, , , , 
3196, ,0.016831803533309566,8.119844993184007e-06,None,None,None,None, , , , 
3197, ,0.016831803533309566,8.703591361485167e-06,None,None,None,None, , , , 
3198, ,0.016831803533309566,9.329304026284676e-06,None,None,None,None, , , , 
3199, ,0.016831803533309566,1e-05,None,None,None,None, , , , 
3200, ,0.0174263338600965,1e-11,None,None,None,None, , , , 
3201, ,0.0174263338600965,1.0718913192051263e-11,None,None,None,None, , , , 
3202, ,0.0174263338600965,1.1489510001873107e-11,None,None,None,None, , , , 
3203, ,0.0174263338600965,1.2315506032928262e-11,None,None,None,None, , , , 
3204, ,0.0174263338600965,1.3200884008314167e-11,None,None,None,None, , , , 
3205, ,0.0174263338600965,1.4149912974345786e-11,None,None,None,None, , , , 
3206, ,0.0174263338600965,1.5167168884709242e-11,None,None,None,None, , , , 
3207, ,0.0174263338600965,1.6257556664437934e-11,None,None,None,None, , , , 
3208, ,0.0174263338600965,1.7426333860096473e-11,None,None,None,None, , , , 
3209, ,0.0174263338600965,1.8679135990207848e-11,None,None,None,None, , , , 
3210, ,0.0174263338600965,2.0022003718155844e-11,None,None,None,None, , , , 
3211, ,0.0174263338600965,2.1461411978584013e-11,None,None,None,None, , , , 
3212, ,0.0174263338600965,2.300430119772921e-11,None,None,None,None, , , , 
3213, ,0.0174263338600965,2.465811075822604e-11,None,None,None,None, , , , 
3214, ,0.0174263338600965,2.643081486974103e-11,None,None,None,None, , , , 
3215, ,0.0174263338600965,2.8330961018393178e-11,None,None,None,None, , , , 
3216, ,0.0174263338600965,3.036771118035461e-11,None,None,None,None, , , , 
3217, ,0.0174263338600965,3.255088599835057e-11,None,None,None,None, , , , 
3218, ,0.0174263338600965,3.4891012134067674e-11,None,None,None,None, , , , 
3219, ,0.0174263338600965,3.739937302478801e-11,None,None,None,None, , , , 
3220, ,0.0174263338600965,4.0088063288984646e-11,None,None,None,None, , , , 
3221, ,0.0174263338600965,4.297004704320835e-11,None,None,None,None, , , , 
3222, ,0.0174263338600965,4.605922041145113e-11,None,None,None,None, , , , 
3223, ,0.0174263338600965,4.937047852839004e-11,None,None,None,None, , , , 
3224, ,0.0174263338600965,5.2919787359584366e-11,None,None,None,None, , , , 
3225, ,0.0174263338600965,5.672426068491989e-11,None,None,None,None, , , , 
3226, ,0.0174263338600965,6.080224261649427e-11,None,None,None,None, , , , 
3227, ,0.0174263338600965,6.517339604882421e-11,None,None,None,None, , , , 
3228, ,0.0174263338600965,6.985879746785235e-11,None,None,None,None, , , , 
3229, ,0.0174263338600965,7.48810385759003e-11,None,None,None,None, , , , 
3230, ,0.0174263338600965,8.026433522257174e-11,None,None,None,None, , , , 
3231, ,0.0174263338600965,8.603464416684492e-11,None,None,None,None, , , , 
3232, ,0.0174263338600965,9.221978823334341e-11,None,None,None,None, , , , 
3233, ,0.0174263338600965,9.884959046625586e-11,None,None,None,None, , , , 
3234, ,0.0174263338600965,1.0595601792776149e-10,None,None,None,None, , , , 
3235, ,0.0174263338600965,1.1357333583431027e-10,None,None,None,None, , , , 
3236, ,0.0174263338600965,1.217382727739662e-10,None,None,None,None, , , , 
3237, ,0.0174263338600965,1.3049019780144016e-10,None,None,None,None, , , , 
3238, ,0.0174263338600965,1.398713102647236e-10,None,None,None,None, , , , 
3239, ,0.0174263338600965,1.4992684327860468e-10,None,None,None,None, , , , 
3240, ,0.0174263338600965,1.6070528182616384e-10,None,None,None,None, , , , 
3241, ,0.0174263338600965,1.722585965398784e-10,None,None,None,None, , , , 
3242, ,0.0174263338600965,1.8464249428955463e-10,None,None,None,None, , , , 
3243, ,0.0174263338600965,1.9791668678535569e-10,None,None,None,None, , , , 
3244, ,0.0174263338600965,2.121451784910628e-10,None,None,None,None, , , , 
3245, ,0.0174263338600965,2.273965752357932e-10,None,None,None,None, , , , 
3246, ,0.0174263338600965,2.4374441501222216e-10,None,None,None,None, , , , 
3247, ,0.0174263338600965,2.6126752255633265e-10,None,None,None,None, , , , 
3248, ,0.0174263338600965,2.8005038941836253e-10,None,None,None,None, , , , 
3249, ,0.0174263338600965,3.0018358135755917e-10,None,None,None,None, , , , 
3250, ,0.0174263338600965,3.2176417502507347e-10,None,None,None,None, , , , 
3251, ,0.0174263338600965,3.4489622604057533e-10,None,None,None,None, , , , 
3252, ,0.0174263338600965,3.696912707195032e-10,None,None,None,None, , , , 
3253, ,0.0174263338600965,3.9626886387014783e-10,None,None,None,None, , , , 
3254, ,0.0174263338600965,4.2475715525368935e-10,None,None,None,None, , , , 
3255, ,0.0174263338600965,4.552935074866938e-10,None,None,None,None, , , , 
3256, ,0.0174263338600965,4.880251583654433e-10,None,None,None,None, , , , 
3257, ,0.0174263338600965,5.231099308056258e-10,None,None,None,None, , , , 
3258, ,0.0174263338600965,5.60716993820547e-10,None,None,None,None, , , , 
3259, ,0.0174263338600965,6.010276782070387e-10,None,None,None,None, , , , 
3260, ,0.0174263338600965,6.442363508721371e-10,None,None,None,None, , , , 
3261, ,0.0174263338600965,6.905513520162316e-10,None,None,None,None, , , , 
3262, ,0.0174263338600965,7.401959996915653e-10,None,None,None,None, , , , 
3263, ,0.0174263338600965,7.934096665797492e-10,None,None,None,None, , , , 
3264, ,0.0174263338600965,8.504489341802668e-10,None,None,None,None, , , , 
3265, ,0.0174263338600965,9.115888299750837e-10,None,None,None,None, , , , 
3266, ,0.0174263338600965,9.771241535346502e-10,None,None,None,None, , , , 
3267, ,0.0174263338600965,1.0473708979594486e-09,None,None,None,None, , , , 
3268, ,0.0174263338600965,1.1226677735108114e-09,None,None,None,None, , , , 
3269, ,0.0174263338600965,1.2033778407775904e-09,None,None,None,None, , , , 
3270, ,0.0174263338600965,1.289890261253308e-09,None,None,None,None, , , , 
3271, ,0.0174263338600965,1.3826221737646535e-09,None,None,None,None, , , , 
3272, ,0.0174263338600965,1.4820207057988602e-09,None,None,None,None, , , , 
3273, ,0.0174263338600965,1.5885651294280526e-09,None,None,None,None, , , , 
3274, ,0.0174263338600965,1.702769172225898e-09,None,None,None,None, , , , 
3275, ,0.0174263338600965,1.825183494319039e-09,None,None,None,None, , , , 
3276, ,0.0174263338600965,1.956398343517065e-09,None,None,None,None, , , , 
3277, ,0.0174263338600965,2.0970464013232305e-09,None,None,None,None, , , , 
3278, ,0.0174263338600965,2.2478058335487307e-09,None,None,None,None, , , , 
3279, ,0.0174263338600965,2.409403560239527e-09,None,None,None,None, , , , 
3280, ,0.0174263338600965,2.582618760682675e-09,None,None,None,None, , , , 
3281, ,0.0174263338600965,2.768286630392061e-09,None,None,None,None, , , , 
3282, ,0.0174263338600965,2.9673024081888724e-09,None,None,None,None, , , , 
3283, ,0.0174263338600965,3.180625692794119e-09,None,None,None,None, , , , 
3284, ,0.0174263338600965,3.409285069746807e-09,None,None,None,None, , , , 
3285, ,0.0174263338600965,3.654383070957262e-09,None,None,None,None, , , , 
3286, ,0.0174263338600965,3.917101490809261e-09,None,None,None,None, , , , 
3287, ,0.0174263338600965,4.198707084443906e-09,None,None,None,None, , , , 
3288, ,0.0174263338600965,4.500557675700488e-09,None,None,None,None, , , , 
3289, ,0.0174263338600965,4.824108704165374e-09,None,None,None,None, , , , 
3290, ,0.0174263338600965,5.170920242896755e-09,None,None,None,None, , , , 
3291, ,0.0174263338600965,5.542664520663096e-09,None,None,None,None, , , , 
3292, ,0.0174263338600965,5.941133984965041e-09,None,None,None,None, , , , 
3293, ,0.0174263338600965,6.3682499447185856e-09,None,None,None,None, , , , 
3294, ,0.0174263338600965,6.826071834272379e-09,None,None,None,None, , , , 
3295, ,0.0174263338600965,7.316807143427175e-09,None,None,None,None, , , , 
3296, ,0.0174263338600965,7.842822061337681e-09,None,None,None,None, , , , 
3297, ,0.0174263338600965,8.406652885618316e-09,None,None,None,None, , , , 
3298, ,0.0174263338600965,9.011018251665036e-09,None,None,None,None, , , , 
3299, ,0.0174263338600965,9.658832241158707e-09,None,None,None,None, , , , 
3300, ,0.0174263338600965,1.0353218432956616e-08,None,None,None,None, , , , 
3301, ,0.0174263338600965,1.1097524964120722e-08,None,None,None,None, , , , 
3302, ,0.0174263338600965,1.1895340673703208e-08,None,None,None,None, , , , 
3303, ,0.0174263338600965,1.2750512407130128e-08,None,None,None,None, , , , 
3304, ,0.0174263338600965,1.3667163564620044e-08,None,None,None,None, , , , 
3305, ,0.0174263338600965,1.4649713983072853e-08,None,None,None,None, , , , 
3306, ,0.0174263338600965,1.5702901247293774e-08,None,None,None,None, , , , 
3307, ,0.0174263338600965,1.683180353330955e-08,None,None,None,None, , , , 
3308, ,0.0174263338600965,1.8041864093920717e-08,None,None,None,None, , , , 
3309, ,0.0174263338600965,1.933891750455232e-08,None,None,None,None, , , , 
3310, ,0.0174263338600965,2.0729217795953697e-08,None,None,None,None, , , , 
3311, ,0.0174263338600965,2.221946860939524e-08,None,None,None,None, , , , 
3312, ,0.0174263338600965,2.3816855519761606e-08,None,None,None,None, , , , 
3313, ,0.0174263338600965,2.552908068239516e-08,None,None,None,None, , , , 
3314, ,0.0174263338600965,2.7364399970746666e-08,None,None,None,None, , , , 
3315, ,0.0174263338600965,2.933166278390042e-08,None,None,None,None, , , , 
3316, ,0.0174263338600965,3.1440354715915e-08,None,None,None,None, , , , 
3317, ,0.0174263338600965,3.370064329271925e-08,None,None,None,None, , , , 
3318, ,0.0174263338600965,3.612342699709431e-08,None,None,None,None, , , , 
3319, ,0.0174263338600965,3.872038781812557e-08,None,None,None,None, , , , 
3320, ,0.0174263338600965,4.1504047578504727e-08,None,None,None,None, , , , 
3321, ,0.0174263338600965,4.448782831127585e-08,None,None,None,None, , , , 
3322, ,0.0174263338600965,4.768611697714474e-08,None,None,None,None, , , , 
3323, ,0.0174263338600965,5.111433483440165e-08,None,None,None,None, , , , 
3324, ,0.0174263338600965,5.478901179593934e-08,None,None,None,None, , , , 
3325, ,0.0174263338600965,5.872786613189478e-08,None,None,None,None, , , , 
3326, ,0.0174263338600965,6.294988990221888e-08,None,None,None,None, , , , 
3327, ,0.0174263338600965,6.747544053110687e-08,None,None,None,None, , , , 
3328, ,0.0174263338600965,7.232633896483534e-08,None,None,None,None, , , , 
3329, ,0.0174263338600965,7.752597488629465e-08,None,None,None,None, , , , 
3330, ,0.0174263338600965,8.309941949353386e-08,None,None,None,None, , , , 
3331, ,0.0174263338600965,8.907354638610439e-08,None,None,None,None, , , , 
3332, ,0.0174263338600965,9.547716114208066e-08,None,None,None,None, , , , 
3333, ,0.0174263338600965,1.0234114021054528e-07,None,None,None,None, , , , 
3334, ,0.0174263338600965,1.0969857978923841e-07,None,None,None,None, , , , 
3335, ,0.0174263338600965,1.1758495540521555e-07,None,None,None,None, , , , 
3336, ,0.0174263338600965,1.2603829296797277e-07,None,None,None,None, , , , 
3337, ,0.0174263338600965,1.350993521198025e-07,None,None,None,None, , , , 
3338, ,0.0174263338600965,1.4481182276745328e-07,None,None,None,None, , , , 
3339, ,0.0174263338600965,1.552225357427048e-07,None,None,None,None, , , , 
3340, ,0.0174263338600965,1.6638168860761273e-07,None,None,None,None, , , , 
3341, ,0.0174263338600965,1.7834308769319093e-07,None,None,None,None, , , , 
3342, ,0.0174263338600965,1.9116440753857e-07,None,None,None,None, , , , 
3343, ,0.0174263338600965,2.049074689815846e-07,None,None,None,None, , , , 
3344, ,0.0174263338600965,2.1963853724165468e-07,None,None,None,None, , , , 
3345, ,0.0174263338600965,2.3542864143224158e-07,None,None,None,None, , , , 
3346, ,0.0174263338600965,2.523539170434766e-07,None,None,None,None, , , , 
3347, ,0.0174263338600965,2.7049597304631316e-07,None,None,None,None, , , , 
3348, ,0.0174263338600965,2.899422853882875e-07,None,None,None,None, , , , 
3349, ,0.0174263338600965,3.107866187782014e-07,None,None,None,None, , , , 
3350, ,0.0174263338600965,3.33129478793467e-07,None,None,None,None, , , , 
3351, ,0.0174263338600965,3.5707859649004626e-07,None,None,None,None, , , , 
3352, ,0.0174263338600965,3.827494478516307e-07,None,None,None,None, , , , 
3353, ,0.0174263338600965,4.1026581058271904e-07,None,None,None,None, , , , 
3354, ,0.0174263338600965,4.397603609302722e-07,None,None,None,None, , , , 
3355, ,0.0174263338600965,4.7137531341167185e-07,None,None,None,None, , , , 
3356, ,0.0174263338600965,5.052631065335679e-07,None,None,None,None, , , , 
3357, ,0.0174263338600965,5.415871378079465e-07,None,None,None,None, , , , 
3358, ,0.0174263338600965,5.805225516094896e-07,None,None,None,None, , , , 
3359, ,0.0174263338600965,6.222570836730232e-07,None,None,None,None, , , , 
3360, ,0.0174263338600965,6.669919663030115e-07,None,None,None,None, , , , 
3361, ,0.0174263338600965,7.149428986597576e-07,None,None,None,None, , , , 
3362, ,0.0174263338600965,7.663410868007445e-07,None,None,None,None, , , , 
3363, ,0.0174263338600965,8.214343584919422e-07,None,None,None,None, , , , 
3364, ,0.0174263338600965,8.804883581643463e-07,None,None,None,None, , , , 
3365, ,0.0174263338600965,9.437878277775371e-07,None,None,None,None, , , , 
3366, ,0.0174263338600965,1.0116379797662072e-06,None,None,None,None, , , , 
3367, ,0.0174263338600965,1.0843659686896086e-06,None,None,None,None, , , , 
3368, ,0.0174263338600965,1.1623224686798522e-06,None,None,None,None, , , , 
3369, ,0.0174263338600965,1.2458833642950078e-06,None,None,None,None, , , , 
3370, ,0.0174263338600965,1.3354515629298971e-06,None,None,None,None, , , , 
3371, ,0.0174263338600965,1.4314589375234786e-06,None,None,None,None, , , , 
3372, ,0.0174263338600965,1.53436840893001e-06,None,None,None,None, , , , 
3373, ,0.0174263338600965,1.6446761779946631e-06,None,None,None,None, , , , 
3374, ,0.0174263338600965,1.762914118095948e-06,None,None,None,None, , , , 
3375, ,0.0174263338600965,1.8896523396912082e-06,None,None,None,None, , , , 
3376, ,0.0174263338600965,2.0255019392306664e-06,None,None,None,None, , , , 
3377, ,0.0174263338600965,2.171117945694501e-06,None,None,None,None, , , , 
3378, ,0.0174263338600965,2.327202478960408e-06,None,None,None,None, , , , 
3379, ,0.0174263338600965,2.494508135230317e-06,None,None,None,None, , , , 
3380, ,0.0174263338600965,2.673841615839944e-06,None,None,None,None, , , , 
3381, ,0.0174263338600965,2.8660676169482507e-06,None,None,None,None, , , , 
3382, ,0.0174263338600965,3.0721129988617524e-06,None,None,None,None, , , , 
3383, ,0.0174263338600965,3.292971255097148e-06,None,None,None,None, , , , 
3384, ,0.0174263338600965,3.5297073027306505e-06,None,None,None,None, , , , 
3385, ,0.0174263338600965,3.783462617131925e-06,None,None,None,None, , , , 
3386, ,0.0174263338600965,4.0554607358408275e-06,None,None,None,None, , , , 
3387, ,0.0174263338600965,4.3470131581250175e-06,None,None,None,None, , , , 
3388, ,0.0174263338600965,4.6595256686646765e-06,None,None,None,None, , , , 
3389, ,0.0174263338600965,4.99450511585514e-06,None,None,None,None, , , , 
3390, ,0.0174263338600965,5.353566677410719e-06,None,None,None,None, , , , 
3391, ,0.0174263338600965,5.738441648302393e-06,None,None,None,None, , , , 
3392, ,0.0174263338600965,6.150985788580505e-06,None,None,None,None, , , , 
3393, ,0.0174263338600965,6.593188271333541e-06,None,None,None,None, , , , 
3394, ,0.0174263338600965,7.067181273927492e-06,None,None,None,None, , , , 
3395, ,0.0174263338600965,7.575250258771904e-06,None,None,None,None, , , , 
3396, ,0.0174263338600965,8.119844993184007e-06,None,None,None,None, , , , 
3397, ,0.0174263338600965,8.703591361485167e-06,None,None,None,None, , , , 
3398, ,0.0174263338600965,9.329304026284676e-06,None,None,None,None, , , , 
3399, ,0.0174263338600965,1e-05,None,None,None,None, , , , 
3400, ,0.01804186409392072,1e-11,None,None,None,None, , , , 
3401, ,0.01804186409392072,1.0718913192051263e-11,None,None,None,None, , , , 
3402, ,0.01804186409392072,1.1489510001873107e-11,None,None,None,None, , , , 
3403, ,0.01804186409392072,1.2315506032928262e-11,None,None,None,None, , , , 
3404, ,0.01804186409392072,1.3200884008314167e-11,None,None,None,None, , , , 
3405, ,0.01804186409392072,1.4149912974345786e-11,None,None,None,None, , , , 
3406, ,0.01804186409392072,1.5167168884709242e-11,None,None,None,None, , , , 
3407, ,0.01804186409392072,1.6257556664437934e-11,None,None,None,None, , , , 
3408, ,0.01804186409392072,1.7426333860096473e-11,None,None,None,None, , , , 
3409, ,0.01804186409392072,1.8679135990207848e-11,None,None,None,None, , , , 
3410, ,0.01804186409392072,2.0022003718155844e-11,None,None,None,None, , , , 
3411, ,0.01804186409392072,2.1461411978584013e-11,None,None,None,None, , , , 
3412, ,0.01804186409392072,2.300430119772921e-11,None,None,None,None, , , , 
3413, ,0.01804186409392072,2.465811075822604e-11,None,None,None,None, , , , 
3414, ,0.01804186409392072,2.643081486974103e-11,None,None,None,None, , , , 
3415, ,0.01804186409392072,2.8330961018393178e-11,None,None,None,None, , , , 
3416, ,0.01804186409392072,3.036771118035461e-11,None,None,None,None, , , , 
3417, ,0.01804186409392072,3.255088599835057e-11,None,None,None,None, , , , 
3418, ,0.01804186409392072,3.4891012134067674e-11,None,None,None,None, , , , 
3419, ,0.01804186409392072,3.739937302478801e-11,None,None,None,None, , , , 
3420, ,0.01804186409392072,4.0088063288984646e-11,None,None,None,None, , , , 
3421, ,0.01804186409392072,4.297004704320835e-11,None,None,None,None, , , , 
3422, ,0.01804186409392072,4.605922041145113e-11,None,None,None,None, , , , 
3423, ,0.01804186409392072,4.937047852839004e-11,None,None,None,None, , , , 
3424, ,0.01804186409392072,5.2919787359584366e-11,None,None,None,None, , , , 
3425, ,0.01804186409392072,5.672426068491989e-11,None,None,None,None, , , , 
3426, ,0.01804186409392072,6.080224261649427e-11,None,None,None,None, , , , 
3427, ,0.01804186409392072,6.517339604882421e-11,None,None,None,None, , , , 
3428, ,0.01804186409392072,6.985879746785235e-11,None,None,None,None, , , , 
3429, ,0.01804186409392072,7.48810385759003e-11,None,None,None,None, , , , 
3430, ,0.01804186409392072,8.026433522257174e-11,None,None,None,None, , , , 
3431, ,0.01804186409392072,8.603464416684492e-11,None,None,None,None, , , , 
3432, ,0.01804186409392072,9.221978823334341e-11,None,None,None,None, , , , 
3433, ,0.01804186409392072,9.884959046625586e-11,None,None,None,None, , , , 
3434, ,0.01804186409392072,1.0595601792776149e-10,None,None,None,None, , , , 
3435, ,0.01804186409392072,1.1357333583431027e-10,None,None,None,None, , , , 
3436, ,0.01804186409392072,1.217382727739662e-10,None,None,None,None, , , , 
3437, ,0.01804186409392072,1.3049019780144016e-10,None,None,None,None, , , , 
3438, ,0.01804186409392072,1.398713102647236e-10,None,None,None,None, , , , 
3439, ,0.01804186409392072,1.4992684327860468e-10,None,None,None,None, , , , 
3440, ,0.01804186409392072,1.6070528182616384e-10,None,None,None,None, , , , 
3441, ,0.01804186409392072,1.722585965398784e-10,None,None,None,None, , , , 
3442, ,0.01804186409392072,1.8464249428955463e-10,None,None,None,None, , , , 
3443, ,0.01804186409392072,1.9791668678535569e-10,None,None,None,None, , , , 
3444, ,0.01804186409392072,2.121451784910628e-10,None,None,None,None, , , , 
3445, ,0.01804186409392072,2.273965752357932e-10,None,None,None,None, , , , 
3446, ,0.01804186409392072,2.4374441501222216e-10,None,None,None,None, , , , 
3447, ,0.01804186409392072,2.6126752255633265e-10,None,None,None,None, , , , 
3448, ,0.01804186409392072,2.8005038941836253e-10,None,None,None,None, , , , 
3449, ,0.01804186409392072,3.0018358135755917e-10,None,None,None,None, , , , 
3450, ,0.01804186409392072,3.2176417502507347e-10,None,None,None,None, , , , 
3451, ,0.01804186409392072,3.4489622604057533e-10,None,None,None,None, , , , 
3452, ,0.01804186409392072,3.696912707195032e-10,None,None,None,None, , , , 
3453, ,0.01804186409392072,3.9626886387014783e-10,None,None,None,None, , , , 
3454, ,0.01804186409392072,4.2475715525368935e-10,None,None,None,None, , , , 
3455, ,0.01804186409392072,4.552935074866938e-10,None,None,None,None, , , , 
3456, ,0.01804186409392072,4.880251583654433e-10,None,None,None,None, , , , 
3457, ,0.01804186409392072,5.231099308056258e-10,None,None,None,None, , , , 
3458, ,0.01804186409392072,5.60716993820547e-10,None,None,None,None, , , , 
3459, ,0.01804186409392072,6.010276782070387e-10,None,None,None,None, , , , 
3460, ,0.01804186409392072,6.442363508721371e-10,None,None,None,None, , , , 
3461, ,0.01804186409392072,6.905513520162316e-10,None,None,None,None, , , , 
3462, ,0.01804186409392072,7.401959996915653e-10,None,None,None,None, , , , 
3463, ,0.01804186409392072,7.934096665797492e-10,None,None,None,None, , , , 
3464, ,0.01804186409392072,8.504489341802668e-10,None,None,None,None, , , , 
3465, ,0.01804186409392072,9.115888299750837e-10,None,None,None,None, , , , 
3466, ,0.01804186409392072,9.771241535346502e-10,None,None,None,None, , , , 
3467, ,0.01804186409392072,1.0473708979594486e-09,None,None,None,None, , , , 
3468, ,0.01804186409392072,1.1226677735108114e-09,None,None,None,None, , , , 
3469, ,0.01804186409392072,1.2033778407775904e-09,None,None,None,None, , , , 
3470, ,0.01804186409392072,1.289890261253308e-09,None,None,None,None, , , , 
3471, ,0.01804186409392072,1.3826221737646535e-09,None,None,None,None, , , , 
3472, ,0.01804186409392072,1.4820207057988602e-09,None,None,None,None, , , , 
3473, ,0.01804186409392072,1.5885651294280526e-09,None,None,None,None, , , , 
3474, ,0.01804186409392072,1.702769172225898e-09,None,None,None,None, , , , 
3475, ,0.01804186409392072,1.825183494319039e-09,None,None,None,None, , , , 
3476, ,0.01804186409392072,1.956398343517065e-09,None,None,None,None, , , , 
3477, ,0.01804186409392072,2.0970464013232305e-09,None,None,None,None, , , , 
3478, ,0.01804186409392072,2.2478058335487307e-09,None,None,None,None, , , , 
3479, ,0.01804186409392072,2.409403560239527e-09,None,None,None,None, , , , 
3480, ,0.01804186409392072,2.582618760682675e-09,None,None,None,None, , , , 
3481, ,0.01804186409392072,2.768286630392061e-09,None,None,None,None, , , , 
3482, ,0.01804186409392072,2.9673024081888724e-09,None,None,None,None, , , , 
3483, ,0.01804186409392072,3.180625692794119e-09,None,None,None,None, , , , 
3484, ,0.01804186409392072,3.409285069746807e-09,None,None,None,None, , , , 
3485, ,0.01804186409392072,3.654383070957262e-09,None,None,None,None, , , , 
3486, ,0.01804186409392072,3.917101490809261e-09,None,None,None,None, , , , 
3487, ,0.01804186409392072,4.198707084443906e-09,None,None,None,None, , , , 
3488, ,0.01804186409392072,4.500557675700488e-09,None,None,None,None, , , , 
3489, ,0.01804186409392072,4.824108704165374e-09,None,None,None,None, , , , 
3490, ,0.01804186409392072,5.170920242896755e-09,None,None,None,None, , , , 
3491, ,0.01804186409392072,5.542664520663096e-09,None,None,None,None, , , , 
3492, ,0.01804186409392072,5.941133984965041e-09,None,None,None,None, , , , 
3493, ,0.01804186409392072,6.3682499447185856e-09,None,None,None,None, , , , 
3494, ,0.01804186409392072,6.826071834272379e-09,None,None,None,None, , , , 
3495, ,0.01804186409392072,7.316807143427175e-09,None,None,None,None, , , , 
3496, ,0.01804186409392072,7.842822061337681e-09,None,None,None,None, , , , 
3497, ,0.01804186409392072,8.406652885618316e-09,None,None,None,None, , , , 
3498, ,0.01804186409392072,9.011018251665036e-09,None,None,None,None, , , , 
3499, ,0.01804186409392072,9.658832241158707e-09,None,None,None,None, , , , 
3500, ,0.01804186409392072,1.0353218432956616e-08,None,None,None,None, , , , 
3501, ,0.01804186409392072,1.1097524964120722e-08,None,None,None,None, , , , 
3502, ,0.01804186409392072,1.1895340673703208e-08,None,None,None,None, , , , 
3503, ,0.01804186409392072,1.2750512407130128e-08,None,None,None,None, , , , 
3504, ,0.01804186409392072,1.3667163564620044e-08,None,None,None,None, , , , 
3505, ,0.01804186409392072,1.4649713983072853e-08,None,None,None,None, , , , 
3506, ,0.01804186409392072,1.5702901247293774e-08,None,None,None,None, , , , 
3507, ,0.01804186409392072,1.683180353330955e-08,None,None,None,None, , , , 
3508, ,0.01804186409392072,1.8041864093920717e-08,None,None,None,None, , , , 
3509, ,0.01804186409392072,1.933891750455232e-08,None,None,None,None, , , , 
3510, ,0.01804186409392072,2.0729217795953697e-08,None,None,None,None, , , , 
3511, ,0.01804186409392072,2.221946860939524e-08,None,None,None,None, , , , 
3512, ,0.01804186409392072,2.3816855519761606e-08,None,None,None,None, , , , 
3513, ,0.01804186409392072,2.552908068239516e-08,None,None,None,None, , , , 
3514, ,0.01804186409392072,2.7364399970746666e-08,None,None,None,None, , , , 
3515, ,0.01804186409392072,2.933166278390042e-08,None,None,None,None, , , , 
3516, ,0.01804186409392072,3.1440354715915e-08,None,None,None,None, , , , 
3517, ,0.01804186409392072,3.370064329271925e-08,None,None,None,None, , , , 
3518, ,0.01804186409392072,3.612342699709431e-08,None,None,None,None, , , , 
3519, ,0.01804186409392072,3.872038781812557e-08,None,None,None,None, , , , 
3520, ,0.01804186409392072,4.1504047578504727e-08,None,None,None,None, , , , 
3521, ,0.01804186409392072,4.448782831127585e-08,None,None,None,None, , , , 
3522, ,0.01804186409392072,4.768611697714474e-08,None,None,None,None, , , , 
3523, ,0.01804186409392072,5.111433483440165e-08,None,None,None,None, , , , 
3524, ,0.01804186409392072,5.478901179593934e-08,None,None,None,None, , , , 
3525, ,0.01804186409392072,5.872786613189478e-08,None,None,None,None, , , , 
3526, ,0.01804186409392072,6.294988990221888e-08,None,None,None,None, , , , 
3527, ,0.01804186409392072,6.747544053110687e-08,None,None,None,None, , , , 
3528, ,0.01804186409392072,7.232633896483534e-08,None,None,None,None, , , , 
3529, ,0.01804186409392072,7.752597488629465e-08,None,None,None,None, , , , 
3530, ,0.01804186409392072,8.309941949353386e-08,None,None,None,None, , , , 
3531, ,0.01804186409392072,8.907354638610439e-08,None,None,None,None, , , , 
3532, ,0.01804186409392072,9.547716114208066e-08,None,None,None,None, , , , 
3533, ,0.01804186409392072,1.0234114021054528e-07,None,None,None,None, , , , 
3534, ,0.01804186409392072,1.0969857978923841e-07,None,None,None,None, , , , 
3535, ,0.01804186409392072,1.1758495540521555e-07,None,None,None,None, , , , 
3536, ,0.01804186409392072,1.2603829296797277e-07,None,None,None,None, , , , 
3537, ,0.01804186409392072,1.350993521198025e-07,None,None,None,None, , , , 
3538, ,0.01804186409392072,1.4481182276745328e-07,None,None,None,None, , , , 
3539, ,0.01804186409392072,1.552225357427048e-07,None,None,None,None, , , , 
3540, ,0.01804186409392072,1.6638168860761273e-07,None,None,None,None, , , , 
3541, ,0.01804186409392072,1.7834308769319093e-07,None,None,None,None, , , , 
3542, ,0.01804186409392072,1.9116440753857e-07,None,None,None,None, , , , 
3543, ,0.01804186409392072,2.049074689815846e-07,None,None,None,None, , , , 
3544, ,0.01804186409392072,2.1963853724165468e-07,None,None,None,None, , , , 
3545, ,0.01804186409392072,2.3542864143224158e-07,None,None,None,None, , , , 
3546, ,0.01804186409392072,2.523539170434766e-07,None,None,None,None, , , , 
3547, ,0.01804186409392072,2.7049597304631316e-07,None,None,None,None, , , , 
3548, ,0.01804186409392072,2.899422853882875e-07,None,None,None,None, , , , 
3549, ,0.01804186409392072,3.107866187782014e-07,None,None,None,None, , , , 
3550, ,0.01804186409392072,3.33129478793467e-07,None,None,None,None, , , , 
3551, ,0.01804186409392072,3.5707859649004626e-07,None,None,None,None, , , , 
3552, ,0.01804186409392072,3.827494478516307e-07,None,None,None,None, , , , 
3553, ,0.01804186409392072,4.1026581058271904e-07,None,None,None,None, , , , 
3554, ,0.01804186409392072,4.397603609302722e-07,None,None,None,None, , , , 
3555, ,0.01804186409392072,4.7137531341167185e-07,None,None,None,None, , , , 
3556, ,0.01804186409392072,5.052631065335679e-07,None,None,None,None, , , , 
3557, ,0.01804186409392072,5.415871378079465e-07,None,None,None,None, , , , 
3558, ,0.01804186409392072,5.805225516094896e-07,None,None,None,None, , , , 
3559, ,0.01804186409392072,6.222570836730232e-07,None,None,None,None, , , , 
3560, ,0.01804186409392072,6.669919663030115e-07,None,None,None,None, , , , 
3561, ,0.01804186409392072,7.149428986597576e-07,None,None,None,None, , , , 
3562, ,0.01804186409392072,7.663410868007445e-07,None,None,None,None, , , , 
3563, ,0.01804186409392072,8.214343584919422e-07,None,None,None,None, , , , 
3564, ,0.01804186409392072,8.804883581643463e-07,None,None,None,None, , , , 
3565, ,0.01804186409392072,9.437878277775371e-07,None,None,None,None, , , , 
3566, ,0.01804186409392072,1.0116379797662072e-06,None,None,None,None, , , , 
3567, ,0.01804186409392072,1.0843659686896086e-06,None,None,None,None, , , , 
3568, ,0.01804186409392072,1.1623224686798522e-06,None,None,None,None, , , , 
3569, ,0.01804186409392072,1.2458833642950078e-06,None,None,None,None, , , , 
3570, ,0.01804186409392072,1.3354515629298971e-06,None,None,None,None, , , , 
3571, ,0.01804186409392072,1.4314589375234786e-06,None,None,None,None, , , , 
3572, ,0.01804186409392072,1.53436840893001e-06,None,None,None,None, , , , 
3573, ,0.01804186409392072,1.6446761779946631e-06,None,None,None,None, , , , 
3574, ,0.01804186409392072,1.762914118095948e-06,None,None,None,None, , , , 
3575, ,0.01804186409392072,1.8896523396912082e-06,None,None,None,None, , , , 
3576, ,0.01804186409392072,2.0255019392306664e-06,None,None,None,None, , , , 
3577, ,0.01804186409392072,2.171117945694501e-06,None,None,None,None, , , , 
3578, ,0.01804186409392072,2.327202478960408e-06,None,None,None,None, , , , 
3579, ,0.01804186409392072,2.494508135230317e-06,None,None,None,None, , , , 
3580, ,0.01804186409392072,2.673841615839944e-06,None,None,None,None, , , , 
3581, ,0.01804186409392072,2.8660676169482507e-06,None,None,None,None, , , , 
3582, ,0.01804186409392072,3.0721129988617524e-06,None,None,None,None, , , , 
3583, ,0.01804186409392072,3.292971255097148e-06,None,None,None,None, , , , 
3584, ,0.01804186409392072,3.5297073027306505e-06,None,None,None,None, , , , 
3585, ,0.01804186409392072,3.783462617131925e-06,None,None,None,None, , , , 
3586, ,0.01804186409392072,4.0554607358408275e-06,None,None,None,None, , , , 
3587, ,0.01804186409392072,4.3470131581250175e-06,None,None,None,None, , , , 
3588, ,0.01804186409392072,4.6595256686646765e-06,None,None,None,None, , , , 
3589, ,0.01804186409392072,4.99450511585514e-06,None,None,None,None, , , , 
3590, ,0.01804186409392072,5.353566677410719e-06,None,None,None,None, , , , 
3591, ,0.01804186409392072,5.738441648302393e-06,None,None,None,None, , , , 
3592, ,0.01804186409392072,6.150985788580505e-06,None,None,None,None, , , , 
3593, ,0.01804186409392072,6.593188271333541e-06,None,None,None,None, , , , 
3594, ,0.01804186409392072,7.067181273927492e-06,None,None,None,None, , , , 
3595, ,0.01804186409392072,7.575250258771904e-06,None,None,None,None, , , , 
3596, ,0.01804186409392072,8.119844993184007e-06,None,None,None,None, , , , 
3597, ,0.01804186409392072,8.703591361485167e-06,None,None,None,None, , , , 
3598, ,0.01804186409392072,9.329304026284676e-06,None,None,None,None, , , , 
3599, ,0.01804186409392072,1e-05,None,None,None,None, , , , 
3600, ,0.018679135990207832,1e-11,None,None,None,None, , , , 
3601, ,0.018679135990207832,1.0718913192051263e-11,None,None,None,None, , , , 
3602, ,0.018679135990207832,1.1489510001873107e-11,None,None,None,None, , , , 
3603, ,0.018679135990207832,1.2315506032928262e-11,None,None,None,None, , , , 
3604, ,0.018679135990207832,1.3200884008314167e-11,None,None,None,None, , , , 
3605, ,0.018679135990207832,1.4149912974345786e-11,None,None,None,None, , , , 
3606, ,0.018679135990207832,1.5167168884709242e-11,None,None,None,None, , , , 
3607, ,0.018679135990207832,1.6257556664437934e-11,None,None,None,None, , , , 
3608, ,0.018679135990207832,1.7426333860096473e-11,None,None,None,None, , , , 
3609, ,0.018679135990207832,1.8679135990207848e-11,None,None,None,None, , , , 
3610, ,0.018679135990207832,2.0022003718155844e-11,None,None,None,None, , , , 
3611, ,0.018679135990207832,2.1461411978584013e-11,None,None,None,None, , , , 
3612, ,0.018679135990207832,2.300430119772921e-11,None,None,None,None, , , , 
3613, ,0.018679135990207832,2.465811075822604e-11,None,None,None,None, , , , 
3614, ,0.018679135990207832,2.643081486974103e-11,None,None,None,None, , , , 
3615, ,0.018679135990207832,2.8330961018393178e-11,None,None,None,None, , , , 
3616, ,0.018679135990207832,3.036771118035461e-11,None,None,None,None, , , , 
3617, ,0.018679135990207832,3.255088599835057e-11,None,None,None,None, , , , 
3618, ,0.018679135990207832,3.4891012134067674e-11,None,None,None,None, , , , 
3619, ,0.018679135990207832,3.739937302478801e-11,None,None,None,None, , , , 
3620, ,0.018679135990207832,4.0088063288984646e-11,None,None,None,None, , , , 
3621, ,0.018679135990207832,4.297004704320835e-11,None,None,None,None, , , , 
3622, ,0.018679135990207832,4.605922041145113e-11,None,None,None,None, , , , 
3623, ,0.018679135990207832,4.937047852839004e-11,None,None,None,None, , , , 
3624, ,0.018679135990207832,5.2919787359584366e-11,None,None,None,None, , , , 
3625, ,0.018679135990207832,5.672426068491989e-11,None,None,None,None, , , , 
3626, ,0.018679135990207832,6.080224261649427e-11,None,None,None,None, , , , 
3627, ,0.018679135990207832,6.517339604882421e-11,None,None,None,None, , , , 
3628, ,0.018679135990207832,6.985879746785235e-11,None,None,None,None, , , , 
3629, ,0.018679135990207832,7.48810385759003e-11,None,None,None,None, , , , 
3630, ,0.018679135990207832,8.026433522257174e-11,None,None,None,None, , , , 
3631, ,0.018679135990207832,8.603464416684492e-11,None,None,None,None, , , , 
3632, ,0.018679135990207832,9.221978823334341e-11,None,None,None,None, , , , 
3633, ,0.018679135990207832,9.884959046625586e-11,None,None,None,None, , , , 
3634, ,0.018679135990207832,1.0595601792776149e-10,None,None,None,None, , , , 
3635, ,0.018679135990207832,1.1357333583431027e-10,None,None,None,None, , , , 
3636, ,0.018679135990207832,1.217382727739662e-10,None,None,None,None, , , , 
3637, ,0.018679135990207832,1.3049019780144016e-10,None,None,None,None, , , , 
3638, ,0.018679135990207832,1.398713102647236e-10,None,None,None,None, , , , 
3639, ,0.018679135990207832,1.4992684327860468e-10,None,None,None,None, , , , 
3640, ,0.018679135990207832,1.6070528182616384e-10,None,None,None,None, , , , 
3641, ,0.018679135990207832,1.722585965398784e-10,None,None,None,None, , , , 
3642, ,0.018679135990207832,1.8464249428955463e-10,None,None,None,None, , , , 
3643, ,0.018679135990207832,1.9791668678535569e-10,None,None,None,None, , , , 
3644, ,0.018679135990207832,2.121451784910628e-10,None,None,None,None, , , , 
3645, ,0.018679135990207832,2.273965752357932e-10,None,None,None,None, , , , 
3646, ,0.018679135990207832,2.4374441501222216e-10,None,None,None,None, , , , 
3647, ,0.018679135990207832,2.6126752255633265e-10,None,None,None,None, , , , 
3648, ,0.018679135990207832,2.8005038941836253e-10,None,None,None,None, , , , 
3649, ,0.018679135990207832,3.0018358135755917e-10,None,None,None,None, , , , 
3650, ,0.018679135990207832,3.2176417502507347e-10,None,None,None,None, , , , 
3651, ,0.018679135990207832,3.4489622604057533e-10,None,None,None,None, , , , 
3652, ,0.018679135990207832,3.696912707195032e-10,None,None,None,None, , , , 
3653, ,0.018679135990207832,3.9626886387014783e-10,None,None,None,None, , , , 
3654, ,0.018679135990207832,4.2475715525368935e-10,None,None,None,None, , , , 
3655, ,0.018679135990207832,4.552935074866938e-10,None,None,None,None, , , , 
3656, ,0.018679135990207832,4.880251583654433e-10,None,None,None,None, , , , 
3657, ,0.018679135990207832,5.231099308056258e-10,None,None,None,None, , , , 
3658, ,0.018679135990207832,5.60716993820547e-10,None,None,None,None, , , , 
3659, ,0.018679135990207832,6.010276782070387e-10,None,None,None,None, , , , 
3660, ,0.018679135990207832,6.442363508721371e-10,None,None,None,None, , , , 
3661, ,0.018679135990207832,6.905513520162316e-10,None,None,None,None, , , , 
3662, ,0.018679135990207832,7.401959996915653e-10,None,None,None,None, , , , 
3663, ,0.018679135990207832,7.934096665797492e-10,None,None,None,None, , , , 
3664, ,0.018679135990207832,8.504489341802668e-10,None,None,None,None, , , , 
3665, ,0.018679135990207832,9.115888299750837e-10,None,None,None,None, , , , 
3666, ,0.018679135990207832,9.771241535346502e-10,None,None,None,None, , , , 
3667, ,0.018679135990207832,1.0473708979594486e-09,None,None,None,None, , , , 
3668, ,0.018679135990207832,1.1226677735108114e-09,None,None,None,None, , , , 
3669, ,0.018679135990207832,1.2033778407775904e-09,None,None,None,None, , , , 
3670, ,0.018679135990207832,1.289890261253308e-09,None,None,None,None, , , , 
3671, ,0.018679135990207832,1.3826221737646535e-09,None,None,None,None, , , , 
3672, ,0.018679135990207832,1.4820207057988602e-09,None,None,None,None, , , , 
3673, ,0.018679135990207832,1.5885651294280526e-09,None,None,None,None, , , , 
3674, ,0.018679135990207832,1.702769172225898e-09,None,None,None,None, , , , 
3675, ,0.018679135990207832,1.825183494319039e-09,None,None,None,None, , , , 
3676, ,0.018679135990207832,1.956398343517065e-09,None,None,None,None, , , , 
3677, ,0.018679135990207832,2.0970464013232305e-09,None,None,None,None, , , , 
3678, ,0.018679135990207832,2.2478058335487307e-09,None,None,None,None, , , , 
3679, ,0.018679135990207832,2.409403560239527e-09,None,None,None,None, , , , 
3680, ,0.018679135990207832,2.582618760682675e-09,None,None,None,None, , , , 
3681, ,0.018679135990207832,2.768286630392061e-09,None,None,None,None, , , , 
3682, ,0.018679135990207832,2.9673024081888724e-09,None,None,None,None, , , , 
3683, ,0.018679135990207832,3.180625692794119e-09,None,None,None,None, , , , 
3684, ,0.018679135990207832,3.409285069746807e-09,None,None,None,None, , , , 
3685, ,0.018679135990207832,3.654383070957262e-09,None,None,None,None, , , , 
3686, ,0.018679135990207832,3.917101490809261e-09,None,None,None,None, , , , 
3687, ,0.018679135990207832,4.198707084443906e-09,None,None,None,None, , , , 
3688, ,0.018679135990207832,4.500557675700488e-09,None,None,None,None, , , , 
3689, ,0.018679135990207832,4.824108704165374e-09,None,None,None,None, , , , 
3690, ,0.018679135990207832,5.170920242896755e-09,None,None,None,None, , , , 
3691, ,0.018679135990207832,5.542664520663096e-09,None,None,None,None, , , , 
3692, ,0.018679135990207832,5.941133984965041e-09,None,None,None,None, , , , 
3693, ,0.018679135990207832,6.3682499447185856e-09,None,None,None,None, , , , 
3694, ,0.018679135990207832,6.826071834272379e-09,None,None,None,None, , , , 
3695, ,0.018679135990207832,7.316807143427175e-09,None,None,None,None, , , , 
3696, ,0.018679135990207832,7.842822061337681e-09,None,None,None,None, , , , 
3697, ,0.018679135990207832,8.406652885618316e-09,None,None,None,None, , , , 
3698, ,0.018679135990207832,9.011018251665036e-09,None,None,None,None, , , , 
3699, ,0.018679135990207832,9.658832241158707e-09,None,None,None,None, , , , 
3700, ,0.018679135990207832,1.0353218432956616e-08,None,None,None,None, , , , 
3701, ,0.018679135990207832,1.1097524964120722e-08,None,None,None,None, , , , 
3702, ,0.018679135990207832,1.1895340673703208e-08,None,None,None,None, , , , 
3703, ,0.018679135990207832,1.2750512407130128e-08,None,None,None,None, , , , 
3704, ,0.018679135990207832,1.3667163564620044e-08,None,None,None,None, , , , 
3705, ,0.018679135990207832,1.4649713983072853e-08,None,None,None,None, , , , 
3706, ,0.018679135990207832,1.5702901247293774e-08,None,None,None,None, , , , 
3707, ,0.018679135990207832,1.683180353330955e-08,None,None,None,None, , , , 
3708, ,0.018679135990207832,1.8041864093920717e-08,None,None,None,None, , , , 
3709, ,0.018679135990207832,1.933891750455232e-08,None,None,None,None, , , , 
3710, ,0.018679135990207832,2.0729217795953697e-08,None,None,None,None, , , , 
3711, ,0.018679135990207832,2.221946860939524e-08,None,None,None,None, , , , 
3712, ,0.018679135990207832,2.3816855519761606e-08,None,None,None,None, , , , 
3713, ,0.018679135990207832,2.552908068239516e-08,None,None,None,None, , , , 
3714, ,0.018679135990207832,2.7364399970746666e-08,None,None,None,None, , , , 
3715, ,0.018679135990207832,2.933166278390042e-08,None,None,None,None, , , , 
3716, ,0.018679135990207832,3.1440354715915e-08,None,None,None,None, , , , 
3717, ,0.018679135990207832,3.370064329271925e-08,None,None,None,None, , , , 
3718, ,0.018679135990207832,3.612342699709431e-08,None,None,None,None, , , , 
3719, ,0.018679135990207832,3.872038781812557e-08,None,None,None,None, , , , 
3720, ,0.018679135990207832,4.1504047578504727e-08,None,None,None,None, , , , 
3721, ,0.018679135990207832,4.448782831127585e-08,None,None,None,None, , , , 
3722, ,0.018679135990207832,4.768611697714474e-08,None,None,None,None, , , , 
3723, ,0.018679135990207832,5.111433483440165e-08,None,None,None,None, , , , 
3724, ,0.018679135990207832,5.478901179593934e-08,None,None,None,None, , , , 
3725, ,0.018679135990207832,5.872786613189478e-08,None,None,None,None, , , , 
3726, ,0.018679135990207832,6.294988990221888e-08,None,None,None,None, , , , 
3727, ,0.018679135990207832,6.747544053110687e-08,None,None,None,None, , , , 
3728, ,0.018679135990207832,7.232633896483534e-08,None,None,None,None, , , , 
3729, ,0.018679135990207832,7.752597488629465e-08,None,None,None,None, , , , 
3730, ,0.018679135990207832,8.309941949353386e-08,None,None,None,None, , , , 
3731, ,0.018679135990207832,8.907354638610439e-08,None,None,None,None, , , , 
3732, ,0.018679135990207832,9.547716114208066e-08,None,None,None,None, , , , 
3733, ,0.018679135990207832,1.0234114021054528e-07,None,None,None,None, , , , 
3734, ,0.018679135990207832,1.0969857978923841e-07,None,None,None,None, , , , 
3735, ,0.018679135990207832,1.1758495540521555e-07,None,None,None,None, , , , 
3736, ,0.018679135990207832,1.2603829296797277e-07,None,None,None,None, , , , 
3737, ,0.018679135990207832,1.350993521198025e-07,None,None,None,None, , , , 
3738, ,0.018679135990207832,1.4481182276745328e-07,None,None,None,None, , , , 
3739, ,0.018679135990207832,1.552225357427048e-07,None,None,None,None, , , , 
3740, ,0.018679135990207832,1.6638168860761273e-07,None,None,None,None, , , , 
3741, ,0.018679135990207832,1.7834308769319093e-07,None,None,None,None, , , , 
3742, ,0.018679135990207832,1.9116440753857e-07,None,None,None,None, , , , 
3743, ,0.018679135990207832,2.049074689815846e-07,None,None,None,None, , , , 
3744, ,0.018679135990207832,2.1963853724165468e-07,None,None,None,None, , , , 
3745, ,0.018679135990207832,2.3542864143224158e-07,None,None,None,None, , , , 
3746, ,0.018679135990207832,2.523539170434766e-07,None,None,None,None, , , , 
3747, ,0.018679135990207832,2.7049597304631316e-07,None,None,None,None, , , , 
3748, ,0.018679135990207832,2.899422853882875e-07,None,None,None,None, , , , 
3749, ,0.018679135990207832,3.107866187782014e-07,None,None,None,None, , , , 
3750, ,0.018679135990207832,3.33129478793467e-07,None,None,None,None, , , , 
3751, ,0.018679135990207832,3.5707859649004626e-07,None,None,None,None, , , , 
3752, ,0.018679135990207832,3.827494478516307e-07,None,None,None,None, , , , 
3753, ,0.018679135990207832,4.1026581058271904e-07,None,None,None,None, , , , 
3754, ,0.018679135990207832,4.397603609302722e-07,None,None,None,None, , , , 
3755, ,0.018679135990207832,4.7137531341167185e-07,None,None,None,None, , , , 
3756, ,0.018679135990207832,5.052631065335679e-07,None,None,None,None, , , , 
3757, ,0.018679135990207832,5.415871378079465e-07,None,None,None,None, , , , 
3758, ,0.018679135990207832,5.805225516094896e-07,None,None,None,None, , , , 
3759, ,0.018679135990207832,6.222570836730232e-07,None,None,None,None, , , , 
3760, ,0.018679135990207832,6.669919663030115e-07,None,None,None,None, , , , 
3761, ,0.018679135990207832,7.149428986597576e-07,None,None,None,None, , , , 
3762, ,0.018679135990207832,7.663410868007445e-07,None,None,None,None, , , , 
3763, ,0.018679135990207832,8.214343584919422e-07,None,None,None,None, , , , 
3764, ,0.018679135990207832,8.804883581643463e-07,None,None,None,None, , , , 
3765, ,0.018679135990207832,9.437878277775371e-07,None,None,None,None, , , , 
3766, ,0.018679135990207832,1.0116379797662072e-06,None,None,None,None, , , , 
3767, ,0.018679135990207832,1.0843659686896086e-06,None,None,None,None, , , , 
3768, ,0.018679135990207832,1.1623224686798522e-06,None,None,None,None, , , , 
3769, ,0.018679135990207832,1.2458833642950078e-06,None,None,None,None, , , , 
3770, ,0.018679135990207832,1.3354515629298971e-06,None,None,None,None, , , , 
3771, ,0.018679135990207832,1.4314589375234786e-06,None,None,None,None, , , , 
3772, ,0.018679135990207832,1.53436840893001e-06,None,None,None,None, , , , 
3773, ,0.018679135990207832,1.6446761779946631e-06,None,None,None,None, , , , 
3774, ,0.018679135990207832,1.762914118095948e-06,None,None,None,None, , , , 
3775, ,0.018679135990207832,1.8896523396912082e-06,None,None,None,None, , , , 
3776, ,0.018679135990207832,2.0255019392306664e-06,None,None,None,None, , , , 
3777, ,0.018679135990207832,2.171117945694501e-06,None,None,None,None, , , , 
3778, ,0.018679135990207832,2.327202478960408e-06,None,None,None,None, , , , 
3779, ,0.018679135990207832,2.494508135230317e-06,None,None,None,None, , , , 
3780, ,0.018679135990207832,2.673841615839944e-06,None,None,None,None, , , , 
3781, ,0.018679135990207832,2.8660676169482507e-06,None,None,None,None, , , , 
3782, ,0.018679135990207832,3.0721129988617524e-06,None,None,None,None, , , , 
3783, ,0.018679135990207832,3.292971255097148e-06,None,None,None,None, , , , 
3784, ,0.018679135990207832,3.5297073027306505e-06,None,None,None,None, , , , 
3785, ,0.018679135990207832,3.783462617131925e-06,None,None,None,None, , , , 
3786, ,0.018679135990207832,4.0554607358408275e-06,None,None,None,None, , , , 
3787, ,0.018679135990207832,4.3470131581250175e-06,None,None,None,None, , , , 
3788, ,0.018679135990207832,4.6595256686646765e-06,None,None,None,None, , , , 
3789, ,0.018679135990207832,4.99450511585514e-06,None,None,None,None, , , , 
3790, ,0.018679135990207832,5.353566677410719e-06,None,None,None,None, , , , 
3791, ,0.018679135990207832,5.738441648302393e-06,None,None,None,None, , , , 
3792, ,0.018679135990207832,6.150985788580505e-06,None,None,None,None, , , , 
3793, ,0.018679135990207832,6.593188271333541e-06,None,None,None,None, , , , 
3794, ,0.018679135990207832,7.067181273927492e-06,None,None,None,None, , , , 
3795, ,0.018679135990207832,7.575250258771904e-06,None,None,None,None, , , , 
3796, ,0.018679135990207832,8.119844993184007e-06,None,None,None,None, , , , 
3797, ,0.018679135990207832,8.703591361485167e-06,None,None,None,None, , , , 
3798, ,0.018679135990207832,9.329304026284676e-06,None,None,None,None, , , , 
3799, ,0.018679135990207832,1e-05,None,None,None,None, , , , 
3800, ,0.01933891750455231,1e-11,None,None,None,None, , , , 
3801, ,0.01933891750455231,1.0718913192051263e-11,None,None,None,None, , , , 
3802, ,0.01933891750455231,1.1489510001873107e-11,None,None,None,None, , , , 
3803, ,0.01933891750455231,1.2315506032928262e-11,None,None,None,None, , , , 
3804, ,0.01933891750455231,1.3200884008314167e-11,None,None,None,None, , , , 
3805, ,0.01933891750455231,1.4149912974345786e-11,None,None,None,None, , , , 
3806, ,0.01933891750455231,1.5167168884709242e-11,None,None,None,None, , , , 
3807, ,0.01933891750455231,1.6257556664437934e-11,None,None,None,None, , , , 
3808, ,0.01933891750455231,1.7426333860096473e-11,None,None,None,None, , , , 
3809, ,0.01933891750455231,1.8679135990207848e-11,None,None,None,None, , , , 
3810, ,0.01933891750455231,2.0022003718155844e-11,None,None,None,None, , , , 
3811, ,0.01933891750455231,2.1461411978584013e-11,None,None,None,None, , , , 
3812, ,0.01933891750455231,2.300430119772921e-11,None,None,None,None, , , , 
3813, ,0.01933891750455231,2.465811075822604e-11,None,None,None,None, , , , 
3814, ,0.01933891750455231,2.643081486974103e-11,None,None,None,None, , , , 
3815, ,0.01933891750455231,2.8330961018393178e-11,None,None,None,None, , , , 
3816, ,0.01933891750455231,3.036771118035461e-11,None,None,None,None, , , , 
3817, ,0.01933891750455231,3.255088599835057e-11,None,None,None,None, , , , 
3818, ,0.01933891750455231,3.4891012134067674e-11,None,None,None,None, , , , 
3819, ,0.01933891750455231,3.739937302478801e-11,None,None,None,None, , , , 
3820, ,0.01933891750455231,4.0088063288984646e-11,None,None,None,None, , , , 
3821, ,0.01933891750455231,4.297004704320835e-11,None,None,None,None, , , , 
3822, ,0.01933891750455231,4.605922041145113e-11,None,None,None,None, , , , 
3823, ,0.01933891750455231,4.937047852839004e-11,None,None,None,None, , , , 
3824, ,0.01933891750455231,5.2919787359584366e-11,None,None,None,None, , , , 
3825, ,0.01933891750455231,5.672426068491989e-11,None,None,None,None, , , , 
3826, ,0.01933891750455231,6.080224261649427e-11,None,None,None,None, , , , 
3827, ,0.01933891750455231,6.517339604882421e-11,None,None,None,None, , , , 
3828, ,0.01933891750455231,6.985879746785235e-11,None,None,None,None, , , , 
3829, ,0.01933891750455231,7.48810385759003e-11,None,None,None,None, , , , 
3830, ,0.01933891750455231,8.026433522257174e-11,None,None,None,None, , , , 
3831, ,0.01933891750455231,8.603464416684492e-11,None,None,None,None, , , , 
3832, ,0.01933891750455231,9.221978823334341e-11,None,None,None,None, , , , 
3833, ,0.01933891750455231,9.884959046625586e-11,None,None,None,None, , , , 
3834, ,0.01933891750455231,1.0595601792776149e-10,None,None,None,None, , , , 
3835, ,0.01933891750455231,1.1357333583431027e-10,None,None,None,None, , , , 
3836, ,0.01933891750455231,1.217382727739662e-10,None,None,None,None, , , , 
3837, ,0.01933891750455231,1.3049019780144016e-10,None,None,None,None, , , , 
3838, ,0.01933891750455231,1.398713102647236e-10,None,None,None,None, , , , 
3839, ,0.01933891750455231,1.4992684327860468e-10,None,None,None,None, , , , 
3840, ,0.01933891750455231,1.6070528182616384e-10,None,None,None,None, , , , 
3841, ,0.01933891750455231,1.722585965398784e-10,None,None,None,None, , , , 
3842, ,0.01933891750455231,1.8464249428955463e-10,None,None,None,None, , , , 
3843, ,0.01933891750455231,1.9791668678535569e-10,None,None,None,None, , , , 
3844, ,0.01933891750455231,2.121451784910628e-10,None,None,None,None, , , , 
3845, ,0.01933891750455231,2.273965752357932e-10,None,None,None,None, , , , 
3846, ,0.01933891750455231,2.4374441501222216e-10,None,None,None,None, , , , 
3847, ,0.01933891750455231,2.6126752255633265e-10,None,None,None,None, , , , 
3848, ,0.01933891750455231,2.8005038941836253e-10,None,None,None,None, , , , 
3849, ,0.01933891750455231,3.0018358135755917e-10,None,None,None,None, , , , 
3850, ,0.01933891750455231,3.2176417502507347e-10,None,None,None,None, , , , 
3851, ,0.01933891750455231,3.4489622604057533e-10,None,None,None,None, , , , 
3852, ,0.01933891750455231,3.696912707195032e-10,None,None,None,None, , , , 
3853, ,0.01933891750455231,3.9626886387014783e-10,None,None,None,None, , , , 
3854, ,0.01933891750455231,4.2475715525368935e-10,None,None,None,None, , , , 
3855, ,0.01933891750455231,4.552935074866938e-10,None,None,None,None, , , , 
3856, ,0.01933891750455231,4.880251583654433e-10,None,None,None,None, , , , 
3857, ,0.01933891750455231,5.231099308056258e-10,None,None,None,None, , , , 
3858, ,0.01933891750455231,5.60716993820547e-10,None,None,None,None, , , , 
3859, ,0.01933891750455231,6.010276782070387e-10,None,None,None,None, , , , 
3860, ,0.01933891750455231,6.442363508721371e-10,None,None,None,None, , , , 
3861, ,0.01933891750455231,6.905513520162316e-10,None,None,None,None, , , , 
3862, ,0.01933891750455231,7.401959996915653e-10,None,None,None,None, , , , 
3863, ,0.01933891750455231,7.934096665797492e-10,None,None,None,None, , , , 
3864, ,0.01933891750455231,8.504489341802668e-10,None,None,None,None, , , , 
3865, ,0.01933891750455231,9.115888299750837e-10,None,None,None,None, , , , 
3866, ,0.01933891750455231,9.771241535346502e-10,None,None,None,None, , , , 
3867, ,0.01933891750455231,1.0473708979594486e-09,None,None,None,None, , , , 
3868, ,0.01933891750455231,1.1226677735108114e-09,None,None,None,None, , , , 
3869, ,0.01933891750455231,1.2033778407775904e-09,None,None,None,None, , , , 
3870, ,0.01933891750455231,1.289890261253308e-09,None,None,None,None, , , , 
3871, ,0.01933891750455231,1.3826221737646535e-09,None,None,None,None, , , , 
3872, ,0.01933891750455231,1.4820207057988602e-09,None,None,None,None, , , , 
3873, ,0.01933891750455231,1.5885651294280526e-09,None,None,None,None, , , , 
3874, ,0.01933891750455231,1.702769172225898e-09,None,None,None,None, , , , 
3875, ,0.01933891750455231,1.825183494319039e-09,None,None,None,None, , , , 
3876, ,0.01933891750455231,1.956398343517065e-09,None,None,None,None, , , , 
3877, ,0.01933891750455231,2.0970464013232305e-09,None,None,None,None, , , , 
3878, ,0.01933891750455231,2.2478058335487307e-09,None,None,None,None, , , , 
3879, ,0.01933891750455231,2.409403560239527e-09,None,None,None,None, , , , 
3880, ,0.01933891750455231,2.582618760682675e-09,None,None,None,None, , , , 
3881, ,0.01933891750455231,2.768286630392061e-09,None,None,None,None, , , , 
3882, ,0.01933891750455231,2.9673024081888724e-09,None,None,None,None, , , , 
3883, ,0.01933891750455231,3.180625692794119e-09,None,None,None,None, , , , 
3884, ,0.01933891750455231,3.409285069746807e-09,None,None,None,None, , , , 
3885, ,0.01933891750455231,3.654383070957262e-09,None,None,None,None, , , , 
3886, ,0.01933891750455231,3.917101490809261e-09,None,None,None,None, , , , 
3887, ,0.01933891750455231,4.198707084443906e-09,None,None,None,None, , , , 
3888, ,0.01933891750455231,4.500557675700488e-09,None,None,None,None, , , , 
3889, ,0.01933891750455231,4.824108704165374e-09,None,None,None,None, , , , 
3890, ,0.01933891750455231,5.170920242896755e-09,None,None,None,None, , , , 
3891, ,0.01933891750455231,5.542664520663096e-09,None,None,None,None, , , , 
3892, ,0.01933891750455231,5.941133984965041e-09,None,None,None,None, , , , 
3893, ,0.01933891750455231,6.3682499447185856e-09,None,None,None,None, , , , 
3894, ,0.01933891750455231,6.826071834272379e-09,None,None,None,None, , , , 
3895, ,0.01933891750455231,7.316807143427175e-09,None,None,None,None, , , , 
3896, ,0.01933891750455231,7.842822061337681e-09,None,None,None,None, , , , 
3897, ,0.01933891750455231,8.406652885618316e-09,None,None,None,None, , , , 
3898, ,0.01933891750455231,9.011018251665036e-09,None,None,None,None, , , , 
3899, ,0.01933891750455231,9.658832241158707e-09,None,None,None,None, , , , 
3900, ,0.01933891750455231,1.0353218432956616e-08,None,None,None,None, , , , 
3901, ,0.01933891750455231,1.1097524964120722e-08,None,None,None,None, , , , 
3902, ,0.01933891750455231,1.1895340673703208e-08,None,None,None,None, , , , 
3903, ,0.01933891750455231,1.2750512407130128e-08,None,None,None,None, , , , 
3904, ,0.01933891750455231,1.3667163564620044e-08,None,None,None,None, , , , 
3905, ,0.01933891750455231,1.4649713983072853e-08,None,None,None,None, , , , 
3906, ,0.01933891750455231,1.5702901247293774e-08,None,None,None,None, , , , 
3907, ,0.01933891750455231,1.683180353330955e-08,None,None,None,None, , , , 
3908, ,0.01933891750455231,1.8041864093920717e-08,None,None,None,None, , , , 
3909, ,0.01933891750455231,1.933891750455232e-08,None,None,None,None, , , , 
3910, ,0.01933891750455231,2.0729217795953697e-08,None,None,None,None, , , , 
3911, ,0.01933891750455231,2.221946860939524e-08,None,None,None,None, , , , 
3912, ,0.01933891750455231,2.3816855519761606e-08,None,None,None,None, , , , 
3913, ,0.01933891750455231,2.552908068239516e-08,None,None,None,None, , , , 
3914, ,0.01933891750455231,2.7364399970746666e-08,None,None,None,None, , , , 
3915, ,0.01933891750455231,2.933166278390042e-08,None,None,None,None, , , , 
3916, ,0.01933891750455231,3.1440354715915e-08,None,None,None,None, , , , 
3917, ,0.01933891750455231,3.370064329271925e-08,None,None,None,None, , , , 
3918, ,0.01933891750455231,3.612342699709431e-08,None,None,None,None, , , , 
3919, ,0.01933891750455231,3.872038781812557e-08,None,None,None,None, , , , 
3920, ,0.01933891750455231,4.1504047578504727e-08,None,None,None,None, , , , 
3921, ,0.01933891750455231,4.448782831127585e-08,None,None,None,None, , , , 
3922, ,0.01933891750455231,4.768611697714474e-08,None,None,None,None, , , , 
3923, ,0.01933891750455231,5.111433483440165e-08,None,None,None,None, , , , 
3924, ,0.01933891750455231,5.478901179593934e-08,None,None,None,None, , , , 
3925, ,0.01933891750455231,5.872786613189478e-08,None,None,None,None, , , , 
3926, ,0.01933891750455231,6.294988990221888e-08,None,None,None,None, , , , 
3927, ,0.01933891750455231,6.747544053110687e-08,None,None,None,None, , , , 
3928, ,0.01933891750455231,7.232633896483534e-08,None,None,None,None, , , , 
3929, ,0.01933891750455231,7.752597488629465e-08,None,None,None,None, , , , 
3930, ,0.01933891750455231,8.309941949353386e-08,None,None,None,None, , , , 
3931, ,0.01933891750455231,8.907354638610439e-08,None,None,None,None, , , , 
3932, ,0.01933891750455231,9.547716114208066e-08,None,None,None,None, , , , 
3933, ,0.01933891750455231,1.0234114021054528e-07,None,None,None,None, , , , 
3934, ,0.01933891750455231,1.0969857978923841e-07,None,None,None,None, , , , 
3935, ,0.01933891750455231,1.1758495540521555e-07,None,None,None,None, , , , 
3936, ,0.01933891750455231,1.2603829296797277e-07,None,None,None,None, , , , 
3937, ,0.01933891750455231,1.350993521198025e-07,None,None,None,None, , , , 
3938, ,0.01933891750455231,1.4481182276745328e-07,None,None,None,None, , , , 
3939, ,0.01933891750455231,1.552225357427048e-07,None,None,None,None, , , , 
3940, ,0.01933891750455231,1.6638168860761273e-07,None,None,None,None, , , , 
3941, ,0.01933891750455231,1.7834308769319093e-07,None,None,None,None, , , , 
3942, ,0.01933891750455231,1.9116440753857e-07,None,None,None,None, , , , 
3943, ,0.01933891750455231,2.049074689815846e-07,None,None,None,None, , , , 
3944, ,0.01933891750455231,2.1963853724165468e-07,None,None,None,None, , , , 
3945, ,0.01933891750455231,2.3542864143224158e-07,None,None,None,None, , , , 
3946, ,0.01933891750455231,2.523539170434766e-07,None,None,None,None, , , , 
3947, ,0.01933891750455231,2.7049597304631316e-07,None,None,None,None, , , , 
3948, ,0.01933891750455231,2.899422853882875e-07,None,None,None,None, , , , 
3949, ,0.01933891750455231,3.107866187782014e-07,None,None,None,None, , , , 
3950, ,0.01933891750455231,3.33129478793467e-07,None,None,None,None, , , , 
3951, ,0.01933891750455231,3.5707859649004626e-07,None,None,None,None, , , , 
3952, ,0.01933891750455231,3.827494478516307e-07,None,None,None,None, , , , 
3953, ,0.01933891750455231,4.1026581058271904e-07,None,None,None,None, , , , 
3954, ,0.01933891750455231,4.397603609302722e-07,None,None,None,None, , , , 
3955, ,0.01933891750455231,4.7137531341167185e-07,None,None,None,None, , , , 
3956, ,0.01933891750455231,5.052631065335679e-07,None,None,None,None, , , , 
3957, ,0.01933891750455231,5.415871378079465e-07,None,None,None,None, , , , 
3958, ,0.01933891750455231,5.805225516094896e-07,None,None,None,None, , , , 
3959, ,0.01933891750455231,6.222570836730232e-07,None,None,None,None, , , , 
3960, ,0.01933891750455231,6.669919663030115e-07,None,None,None,None, , , , 
3961, ,0.01933891750455231,7.149428986597576e-07,None,None,None,None, , , , 
3962, ,0.01933891750455231,7.663410868007445e-07,None,None,None,None, , , , 
3963, ,0.01933891750455231,8.214343584919422e-07,None,None,None,None, , , , 
3964, ,0.01933891750455231,8.804883581643463e-07,None,None,None,None, , , , 
3965, ,0.01933891750455231,9.437878277775371e-07,None,None,None,None, , , , 
3966, ,0.01933891750455231,1.0116379797662072e-06,None,None,None,None, , , , 
3967, ,0.01933891750455231,1.0843659686896086e-06,None,None,None,None, , , , 
3968, ,0.01933891750455231,1.1623224686798522e-06,None,None,None,None, , , , 
3969, ,0.01933891750455231,1.2458833642950078e-06,None,None,None,None, , , , 
3970, ,0.01933891750455231,1.3354515629298971e-06,None,None,None,None, , , , 
3971, ,0.01933891750455231,1.4314589375234786e-06,None,None,None,None, , , , 
3972, ,0.01933891750455231,1.53436840893001e-06,None,None,None,None, , , , 
3973, ,0.01933891750455231,1.6446761779946631e-06,None,None,None,None, , , , 
3974, ,0.01933891750455231,1.762914118095948e-06,None,None,None,None, , , , 
3975, ,0.01933891750455231,1.8896523396912082e-06,None,None,None,None, , , , 
3976, ,0.01933891750455231,2.0255019392306664e-06,None,None,None,None, , , , 
3977, ,0.01933891750455231,2.171117945694501e-06,None,None,None,None, , , , 
3978, ,0.01933891750455231,2.327202478960408e-06,None,None,None,None, , , , 
3979, ,0.01933891750455231,2.494508135230317e-06,None,None,None,None, , , , 
3980, ,0.01933891750455231,2.673841615839944e-06,None,None,None,None, , , , 
3981, ,0.01933891750455231,2.8660676169482507e-06,None,None,None,None, , , , 
3982, ,0.01933891750455231,3.0721129988617524e-06,None,None,None,None, , , , 
3983, ,0.01933891750455231,3.292971255097148e-06,None,None,None,None, , , , 
3984, ,0.01933891750455231,3.5297073027306505e-06,None,None,None,None, , , , 
3985, ,0.01933891750455231,3.783462617131925e-06,None,None,None,None, , , , 
3986, ,0.01933891750455231,4.0554607358408275e-06,None,None,None,None, , , , 
3987, ,0.01933891750455231,4.3470131581250175e-06,None,None,None,None, , , , 
3988, ,0.01933891750455231,4.6595256686646765e-06,None,None,None,None, , , , 
3989, ,0.01933891750455231,4.99450511585514e-06,None,None,None,None, , , , 
3990, ,0.01933891750455231,5.353566677410719e-06,None,None,None,None, , , , 
3991, ,0.01933891750455231,5.738441648302393e-06,None,None,None,None, , , , 
3992, ,0.01933891750455231,6.150985788580505e-06,None,None,None,None, , , , 
3993, ,0.01933891750455231,6.593188271333541e-06,None,None,None,None, , , , 
3994, ,0.01933891750455231,7.067181273927492e-06,None,None,None,None, , , , 
3995, ,0.01933891750455231,7.575250258771904e-06,None,None,None,None, , , , 
3996, ,0.01933891750455231,8.119844993184007e-06,None,None,None,None, , , , 
3997, ,0.01933891750455231,8.703591361485167e-06,None,None,None,None, , , , 
3998, ,0.01933891750455231,9.329304026284676e-06,None,None,None,None, , , , 
3999, ,0.01933891750455231,1e-05,None,None,None,None, , , , 
4000, ,0.020022003718155844,1e-11,None,None,None,None, , , , 
4001, ,0.020022003718155844,1.0718913192051263e-11,None,None,None,None, , , , 
4002, ,0.020022003718155844,1.1489510001873107e-11,None,None,None,None, , , , 
4003, ,0.020022003718155844,1.2315506032928262e-11,None,None,None,None, , , , 
4004, ,0.020022003718155844,1.3200884008314167e-11,None,None,None,None, , , , 
4005, ,0.020022003718155844,1.4149912974345786e-11,None,None,None,None, , , , 
4006, ,0.020022003718155844,1.5167168884709242e-11,None,None,None,None, , , , 
4007, ,0.020022003718155844,1.6257556664437934e-11,None,None,None,None, , , , 
4008, ,0.020022003718155844,1.7426333860096473e-11,None,None,None,None, , , , 
4009, ,0.020022003718155844,1.8679135990207848e-11,None,None,None,None, , , , 
4010, ,0.020022003718155844,2.0022003718155844e-11,None,None,None,None, , , , 
4011, ,0.020022003718155844,2.1461411978584013e-11,None,None,None,None, , , , 
4012, ,0.020022003718155844,2.300430119772921e-11,None,None,None,None, , , , 
4013, ,0.020022003718155844,2.465811075822604e-11,None,None,None,None, , , , 
4014, ,0.020022003718155844,2.643081486974103e-11,None,None,None,None, , , , 
4015, ,0.020022003718155844,2.8330961018393178e-11,None,None,None,None, , , , 
4016, ,0.020022003718155844,3.036771118035461e-11,None,None,None,None, , , , 
4017, ,0.020022003718155844,3.255088599835057e-11,None,None,None,None, , , , 
4018, ,0.020022003718155844,3.4891012134067674e-11,None,None,None,None, , , , 
4019, ,0.020022003718155844,3.739937302478801e-11,None,None,None,None, , , , 
4020, ,0.020022003718155844,4.0088063288984646e-11,None,None,None,None, , , , 
4021, ,0.020022003718155844,4.297004704320835e-11,None,None,None,None, , , , 
4022, ,0.020022003718155844,4.605922041145113e-11,None,None,None,None, , , , 
4023, ,0.020022003718155844,4.937047852839004e-11,None,None,None,None, , , , 
4024, ,0.020022003718155844,5.2919787359584366e-11,None,None,None,None, , , , 
4025, ,0.020022003718155844,5.672426068491989e-11,None,None,None,None, , , , 
4026, ,0.020022003718155844,6.080224261649427e-11,None,None,None,None, , , , 
4027, ,0.020022003718155844,6.517339604882421e-11,None,None,None,None, , , , 
4028, ,0.020022003718155844,6.985879746785235e-11,None,None,None,None, , , , 
4029, ,0.020022003718155844,7.48810385759003e-11,None,None,None,None, , , , 
4030, ,0.020022003718155844,8.026433522257174e-11,None,None,None,None, , , , 
4031, ,0.020022003718155844,8.603464416684492e-11,None,None,None,None, , , , 
4032, ,0.020022003718155844,9.221978823334341e-11,None,None,None,None, , , , 
4033, ,0.020022003718155844,9.884959046625586e-11,None,None,None,None, , , , 
4034, ,0.020022003718155844,1.0595601792776149e-10,None,None,None,None, , , , 
4035, ,0.020022003718155844,1.1357333583431027e-10,None,None,None,None, , , , 
4036, ,0.020022003718155844,1.217382727739662e-10,None,None,None,None, , , , 
4037, ,0.020022003718155844,1.3049019780144016e-10,None,None,None,None, , , , 
4038, ,0.020022003718155844,1.398713102647236e-10,None,None,None,None, , , , 
4039, ,0.020022003718155844,1.4992684327860468e-10,None,None,None,None, , , , 
4040, ,0.020022003718155844,1.6070528182616384e-10,None,None,None,None, , , , 
4041, ,0.020022003718155844,1.722585965398784e-10,None,None,None,None, , , , 
4042, ,0.020022003718155844,1.8464249428955463e-10,None,None,None,None, , , , 
4043, ,0.020022003718155844,1.9791668678535569e-10,None,None,None,None, , , , 
4044, ,0.020022003718155844,2.121451784910628e-10,None,None,None,None, , , , 
4045, ,0.020022003718155844,2.273965752357932e-10,None,None,None,None, , , , 
4046, ,0.020022003718155844,2.4374441501222216e-10,None,None,None,None, , , , 
4047, ,0.020022003718155844,2.6126752255633265e-10,None,None,None,None, , , , 
4048, ,0.020022003718155844,2.8005038941836253e-10,None,None,None,None, , , , 
4049, ,0.020022003718155844,3.0018358135755917e-10,None,None,None,None, , , , 
4050, ,0.020022003718155844,3.2176417502507347e-10,None,None,None,None, , , , 
4051, ,0.020022003718155844,3.4489622604057533e-10,None,None,None,None, , , , 
4052, ,0.020022003718155844,3.696912707195032e-10,None,None,None,None, , , , 
4053, ,0.020022003718155844,3.9626886387014783e-10,None,None,None,None, , , , 
4054, ,0.020022003718155844,4.2475715525368935e-10,None,None,None,None, , , , 
4055, ,0.020022003718155844,4.552935074866938e-10,None,None,None,None, , , , 
4056, ,0.020022003718155844,4.880251583654433e-10,None,None,None,None, , , , 
4057, ,0.020022003718155844,5.231099308056258e-10,None,None,None,None, , , , 
4058, ,0.020022003718155844,5.60716993820547e-10,None,None,None,None, , , , 
4059, ,0.020022003718155844,6.010276782070387e-10,None,None,None,None, , , , 
4060, ,0.020022003718155844,6.442363508721371e-10,None,None,None,None, , , , 
4061, ,0.020022003718155844,6.905513520162316e-10,None,None,None,None, , , , 
4062, ,0.020022003718155844,7.401959996915653e-10,None,None,None,None, , , , 
4063, ,0.020022003718155844,7.934096665797492e-10,None,None,None,None, , , , 
4064, ,0.020022003718155844,8.504489341802668e-10,None,None,None,None, , , , 
4065, ,0.020022003718155844,9.115888299750837e-10,None,None,None,None, , , , 
4066, ,0.020022003718155844,9.771241535346502e-10,None,None,None,None, , , , 
4067, ,0.020022003718155844,1.0473708979594486e-09,None,None,None,None, , , , 
4068, ,0.020022003718155844,1.1226677735108114e-09,None,None,None,None, , , , 
4069, ,0.020022003718155844,1.2033778407775904e-09,None,None,None,None, , , , 
4070, ,0.020022003718155844,1.289890261253308e-09,None,None,None,None, , , , 
4071, ,0.020022003718155844,1.3826221737646535e-09,None,None,None,None, , , , 
4072, ,0.020022003718155844,1.4820207057988602e-09,None,None,None,None, , , , 
4073, ,0.020022003718155844,1.5885651294280526e-09,None,None,None,None, , , , 
4074, ,0.020022003718155844,1.702769172225898e-09,None,None,None,None, , , , 
4075, ,0.020022003718155844,1.825183494319039e-09,None,None,None,None, , , , 
4076, ,0.020022003718155844,1.956398343517065e-09,None,None,None,None, , , , 
4077, ,0.020022003718155844,2.0970464013232305e-09,None,None,None,None, , , , 
4078, ,0.020022003718155844,2.2478058335487307e-09,None,None,None,None, , , , 
4079, ,0.020022003718155844,2.409403560239527e-09,None,None,None,None, , , , 
4080, ,0.020022003718155844,2.582618760682675e-09,None,None,None,None, , , , 
4081, ,0.020022003718155844,2.768286630392061e-09,None,None,None,None, , , , 
4082, ,0.020022003718155844,2.9673024081888724e-09,None,None,None,None, , , , 
4083, ,0.020022003718155844,3.180625692794119e-09,None,None,None,None, , , , 
4084, ,0.020022003718155844,3.409285069746807e-09,None,None,None,None, , , , 
4085, ,0.020022003718155844,3.654383070957262e-09,None,None,None,None, , , , 
4086, ,0.020022003718155844,3.917101490809261e-09,None,None,None,None, , , , 
4087, ,0.020022003718155844,4.198707084443906e-09,None,None,None,None, , , , 
4088, ,0.020022003718155844,4.500557675700488e-09,None,None,None,None, , , , 
4089, ,0.020022003718155844,4.824108704165374e-09,None,None,None,None, , , , 
4090, ,0.020022003718155844,5.170920242896755e-09,None,None,None,None, , , , 
4091, ,0.020022003718155844,5.542664520663096e-09,None,None,None,None, , , , 
4092, ,0.020022003718155844,5.941133984965041e-09,None,None,None,None, , , , 
4093, ,0.020022003718155844,6.3682499447185856e-09,None,None,None,None, , , , 
4094, ,0.020022003718155844,6.826071834272379e-09,None,None,None,None, , , , 
4095, ,0.020022003718155844,7.316807143427175e-09,None,None,None,None, , , , 
4096, ,0.020022003718155844,7.842822061337681e-09,None,None,None,None, , , , 
4097, ,0.020022003718155844,8.406652885618316e-09,None,None,None,None, , , , 
4098, ,0.020022003718155844,9.011018251665036e-09,None,None,None,None, , , , 
4099, ,0.020022003718155844,9.658832241158707e-09,None,None,None,None, , , , 
4100, ,0.020022003718155844,1.0353218432956616e-08,None,None,None,None, , , , 
4101, ,0.020022003718155844,1.1097524964120722e-08,None,None,None,None, , , , 
4102, ,0.020022003718155844,1.1895340673703208e-08,None,None,None,None, , , , 
4103, ,0.020022003718155844,1.2750512407130128e-08,None,None,None,None, , , , 
4104, ,0.020022003718155844,1.3667163564620044e-08,None,None,None,None, , , , 
4105, ,0.020022003718155844,1.4649713983072853e-08,None,None,None,None, , , , 
4106, ,0.020022003718155844,1.5702901247293774e-08,None,None,None,None, , , , 
4107, ,0.020022003718155844,1.683180353330955e-08,None,None,None,None, , , , 
4108, ,0.020022003718155844,1.8041864093920717e-08,None,None,None,None, , , , 
4109, ,0.020022003718155844,1.933891750455232e-08,None,None,None,None, , , , 
4110, ,0.020022003718155844,2.0729217795953697e-08,None,None,None,None, , , , 
4111, ,0.020022003718155844,2.221946860939524e-08,None,None,None,None, , , , 
4112, ,0.020022003718155844,2.3816855519761606e-08,None,None,None,None, , , , 
4113, ,0.020022003718155844,2.552908068239516e-08,None,None,None,None, , , , 
4114, ,0.020022003718155844,2.7364399970746666e-08,None,None,None,None, , , , 
4115, ,0.020022003718155844,2.933166278390042e-08,None,None,None,None, , , , 
4116, ,0.020022003718155844,3.1440354715915e-08,None,None,None,None, , , , 
4117, ,0.020022003718155844,3.370064329271925e-08,None,None,None,None, , , , 
4118, ,0.020022003718155844,3.612342699709431e-08,None,None,None,None, , , , 
4119, ,0.020022003718155844,3.872038781812557e-08,None,None,None,None, , , , 
4120, ,0.020022003718155844,4.1504047578504727e-08,None,None,None,None, , , , 
4121, ,0.020022003718155844,4.448782831127585e-08,None,None,None,None, , , , 
4122, ,0.020022003718155844,4.768611697714474e-08,None,None,None,None, , , , 
4123, ,0.020022003718155844,5.111433483440165e-08,None,None,None,None, , , , 
4124, ,0.020022003718155844,5.478901179593934e-08,None,None,None,None, , , , 
4125, ,0.020022003718155844,5.872786613189478e-08,None,None,None,None, , , , 
4126, ,0.020022003718155844,6.294988990221888e-08,None,None,None,None, , , , 
4127, ,0.020022003718155844,6.747544053110687e-08,None,None,None,None, , , , 
4128, ,0.020022003718155844,7.232633896483534e-08,None,None,None,None, , , , 
4129, ,0.020022003718155844,7.752597488629465e-08,None,None,None,None, , , , 
4130, ,0.020022003718155844,8.309941949353386e-08,None,None,None,None, , , , 
4131, ,0.020022003718155844,8.907354638610439e-08,None,None,None,None, , , , 
4132, ,0.020022003718155844,9.547716114208066e-08,None,None,None,None, , , , 
4133, ,0.020022003718155844,1.0234114021054528e-07,None,None,None,None, , , , 
4134, ,0.020022003718155844,1.0969857978923841e-07,None,None,None,None, , , , 
4135, ,0.020022003718155844,1.1758495540521555e-07,None,None,None,None, , , , 
4136, ,0.020022003718155844,1.2603829296797277e-07,None,None,None,None, , , , 
4137, ,0.020022003718155844,1.350993521198025e-07,None,None,None,None, , , , 
4138, ,0.020022003718155844,1.4481182276745328e-07,None,None,None,None, , , , 
4139, ,0.020022003718155844,1.552225357427048e-07,None,None,None,None, , , , 
4140, ,0.020022003718155844,1.6638168860761273e-07,None,None,None,None, , , , 
4141, ,0.020022003718155844,1.7834308769319093e-07,None,None,None,None, , , , 
4142, ,0.020022003718155844,1.9116440753857e-07,None,None,None,None, , , , 
4143, ,0.020022003718155844,2.049074689815846e-07,None,None,None,None, , , , 
4144, ,0.020022003718155844,2.1963853724165468e-07,None,None,None,None, , , , 
4145, ,0.020022003718155844,2.3542864143224158e-07,None,None,None,None, , , , 
4146, ,0.020022003718155844,2.523539170434766e-07,None,None,None,None, , , , 
4147, ,0.020022003718155844,2.7049597304631316e-07,None,None,None,None, , , , 
4148, ,0.020022003718155844,2.899422853882875e-07,None,None,None,None, , , , 
4149, ,0.020022003718155844,3.107866187782014e-07,None,None,None,None, , , , 
4150, ,0.020022003718155844,3.33129478793467e-07,None,None,None,None, , , , 
4151, ,0.020022003718155844,3.5707859649004626e-07,None,None,None,None, , , , 
4152, ,0.020022003718155844,3.827494478516307e-07,None,None,None,None, , , , 
4153, ,0.020022003718155844,4.1026581058271904e-07,None,None,None,None, , , , 
4154, ,0.020022003718155844,4.397603609302722e-07,None,None,None,None, , , , 
4155, ,0.020022003718155844,4.7137531341167185e-07,None,None,None,None, , , , 
4156, ,0.020022003718155844,5.052631065335679e-07,None,None,None,None, , , , 
4157, ,0.020022003718155844,5.415871378079465e-07,None,None,None,None, , , , 
4158, ,0.020022003718155844,5.805225516094896e-07,None,None,None,None, , , , 
4159, ,0.020022003718155844,6.222570836730232e-07,None,None,None,None, , , , 
4160, ,0.020022003718155844,6.669919663030115e-07,None,None,None,None, , , , 
4161, ,0.020022003718155844,7.149428986597576e-07,None,None,None,None, , , , 
4162, ,0.020022003718155844,7.663410868007445e-07,None,None,None,None, , , , 
4163, ,0.020022003718155844,8.214343584919422e-07,None,None,None,None, , , , 
4164, ,0.020022003718155844,8.804883581643463e-07,None,None,None,None, , , , 
4165, ,0.020022003718155844,9.437878277775371e-07,None,None,None,None, , , , 
4166, ,0.020022003718155844,1.0116379797662072e-06,None,None,None,None, , , , 
4167, ,0.020022003718155844,1.0843659686896086e-06,None,None,None,None, , , , 
4168, ,0.020022003718155844,1.1623224686798522e-06,None,None,None,None, , , , 
4169, ,0.020022003718155844,1.2458833642950078e-06,None,None,None,None, , , , 
4170, ,0.020022003718155844,1.3354515629298971e-06,None,None,None,None, , , , 
4171, ,0.020022003718155844,1.4314589375234786e-06,None,None,None,None, , , , 
4172, ,0.020022003718155844,1.53436840893001e-06,None,None,None,None, , , , 
4173, ,0.020022003718155844,1.6446761779946631e-06,None,None,None,None, , , , 
4174, ,0.020022003718155844,1.762914118095948e-06,None,None,None,None, , , , 
4175, ,0.020022003718155844,1.8896523396912082e-06,None,None,None,None, , , , 
4176, ,0.020022003718155844,2.0255019392306664e-06,None,None,None,None, , , , 
4177, ,0.020022003718155844,2.171117945694501e-06,None,None,None,None, , , , 
4178, ,0.020022003718155844,2.327202478960408e-06,None,None,None,None, , , , 
4179, ,0.020022003718155844,2.494508135230317e-06,None,None,None,None, , , , 
4180, ,0.020022003718155844,2.673841615839944e-06,None,None,None,None, , , , 
4181, ,0.020022003718155844,2.8660676169482507e-06,None,None,None,None, , , , 
4182, ,0.020022003718155844,3.0721129988617524e-06,None,None,None,None, , , , 
4183, ,0.020022003718155844,3.292971255097148e-06,None,None,None,None, , , , 
4184, ,0.020022003718155844,3.5297073027306505e-06,None,None,None,None, , , , 
4185, ,0.020022003718155844,3.783462617131925e-06,None,None,None,None, , , , 
4186, ,0.020022003718155844,4.0554607358408275e-06,None,None,None,None, , , , 
4187, ,0.020022003718155844,4.3470131581250175e-06,None,None,None,None, , , , 
4188, ,0.020022003718155844,4.6595256686646765e-06,None,None,None,None, , , , 
4189, ,0.020022003718155844,4.99450511585514e-06,None,None,None,None, , , , 
4190, ,0.020022003718155844,5.353566677410719e-06,None,None,None,None, , , , 
4191, ,0.020022003718155844,5.738441648302393e-06,None,None,None,None, , , , 
4192, ,0.020022003718155844,6.150985788580505e-06,None,None,None,None, , , , 
4193, ,0.020022003718155844,6.593188271333541e-06,None,None,None,None, , , , 
4194, ,0.020022003718155844,7.067181273927492e-06,None,None,None,None, , , , 
4195, ,0.020022003718155844,7.575250258771904e-06,None,None,None,None, , , , 
4196, ,0.020022003718155844,8.119844993184007e-06,None,None,None,None, , , , 
4197, ,0.020022003718155844,8.703591361485167e-06,None,None,None,None, , , , 
4198, ,0.020022003718155844,9.329304026284676e-06,None,None,None,None, , , , 
4199, ,0.020022003718155844,1e-05,None,None,None,None, , , , 
4200, ,0.02072921779595371,1e-11,None,None,None,None, , , , 
4201, ,0.02072921779595371,1.0718913192051263e-11,None,None,None,None, , , , 
4202, ,0.02072921779595371,1.1489510001873107e-11,None,None,None,None, , , , 
4203, ,0.02072921779595371,1.2315506032928262e-11,None,None,None,None, , , , 
4204, ,0.02072921779595371,1.3200884008314167e-11,None,None,None,None, , , , 
4205, ,0.02072921779595371,1.4149912974345786e-11,None,None,None,None, , , , 
4206, ,0.02072921779595371,1.5167168884709242e-11,None,None,None,None, , , , 
4207, ,0.02072921779595371,1.6257556664437934e-11,None,None,None,None, , , , 
4208, ,0.02072921779595371,1.7426333860096473e-11,None,None,None,None, , , , 
4209, ,0.02072921779595371,1.8679135990207848e-11,None,None,None,None, , , , 
4210, ,0.02072921779595371,2.0022003718155844e-11,None,None,None,None, , , , 
4211, ,0.02072921779595371,2.1461411978584013e-11,None,None,None,None, , , , 
4212, ,0.02072921779595371,2.300430119772921e-11,None,None,None,None, , , , 
4213, ,0.02072921779595371,2.465811075822604e-11,None,None,None,None, , , , 
4214, ,0.02072921779595371,2.643081486974103e-11,None,None,None,None, , , , 
4215, ,0.02072921779595371,2.8330961018393178e-11,None,None,None,None, , , , 
4216, ,0.02072921779595371,3.036771118035461e-11,None,None,None,None, , , , 
4217, ,0.02072921779595371,3.255088599835057e-11,None,None,None,None, , , , 
4218, ,0.02072921779595371,3.4891012134067674e-11,None,None,None,None, , , , 
4219, ,0.02072921779595371,3.739937302478801e-11,None,None,None,None, , , , 
4220, ,0.02072921779595371,4.0088063288984646e-11,None,None,None,None, , , , 
4221, ,0.02072921779595371,4.297004704320835e-11,None,None,None,None, , , , 
4222, ,0.02072921779595371,4.605922041145113e-11,None,None,None,None, , , , 
4223, ,0.02072921779595371,4.937047852839004e-11,None,None,None,None, , , , 
4224, ,0.02072921779595371,5.2919787359584366e-11,None,None,None,None, , , , 
4225, ,0.02072921779595371,5.672426068491989e-11,None,None,None,None, , , , 
4226, ,0.02072921779595371,6.080224261649427e-11,None,None,None,None, , , , 
4227, ,0.02072921779595371,6.517339604882421e-11,None,None,None,None, , , , 
4228, ,0.02072921779595371,6.985879746785235e-11,None,None,None,None, , , , 
4229, ,0.02072921779595371,7.48810385759003e-11,None,None,None,None, , , , 
4230, ,0.02072921779595371,8.026433522257174e-11,None,None,None,None, , , , 
4231, ,0.02072921779595371,8.603464416684492e-11,None,None,None,None, , , , 
4232, ,0.02072921779595371,9.221978823334341e-11,None,None,None,None, , , , 
4233, ,0.02072921779595371,9.884959046625586e-11,None,None,None,None, , , , 
4234, ,0.02072921779595371,1.0595601792776149e-10,None,None,None,None, , , , 
4235, ,0.02072921779595371,1.1357333583431027e-10,None,None,None,None, , , , 
4236, ,0.02072921779595371,1.217382727739662e-10,None,None,None,None, , , , 
4237, ,0.02072921779595371,1.3049019780144016e-10,None,None,None,None, , , , 
4238, ,0.02072921779595371,1.398713102647236e-10,None,None,None,None, , , , 
4239, ,0.02072921779595371,1.4992684327860468e-10,None,None,None,None, , , , 
4240, ,0.02072921779595371,1.6070528182616384e-10,None,None,None,None, , , , 
4241, ,0.02072921779595371,1.722585965398784e-10,None,None,None,None, , , , 
4242, ,0.02072921779595371,1.8464249428955463e-10,None,None,None,None, , , , 
4243, ,0.02072921779595371,1.9791668678535569e-10,None,None,None,None, , , , 
4244, ,0.02072921779595371,2.121451784910628e-10,None,None,None,None, , , , 
4245, ,0.02072921779595371,2.273965752357932e-10,None,None,None,None, , , , 
4246, ,0.02072921779595371,2.4374441501222216e-10,None,None,None,None, , , , 
4247, ,0.02072921779595371,2.6126752255633265e-10,None,None,None,None, , , , 
4248, ,0.02072921779595371,2.8005038941836253e-10,None,None,None,None, , , , 
4249, ,0.02072921779595371,3.0018358135755917e-10,None,None,None,None, , , , 
4250, ,0.02072921779595371,3.2176417502507347e-10,None,None,None,None, , , , 
4251, ,0.02072921779595371,3.4489622604057533e-10,None,None,None,None, , , , 
4252, ,0.02072921779595371,3.696912707195032e-10,None,None,None,None, , , , 
4253, ,0.02072921779595371,3.9626886387014783e-10,None,None,None,None, , , , 
4254, ,0.02072921779595371,4.2475715525368935e-10,None,None,None,None, , , , 
4255, ,0.02072921779595371,4.552935074866938e-10,None,None,None,None, , , , 
4256, ,0.02072921779595371,4.880251583654433e-10,None,None,None,None, , , , 
4257, ,0.02072921779595371,5.231099308056258e-10,None,None,None,None, , , , 
4258, ,0.02072921779595371,5.60716993820547e-10,None,None,None,None, , , , 
4259, ,0.02072921779595371,6.010276782070387e-10,None,None,None,None, , , , 
4260, ,0.02072921779595371,6.442363508721371e-10,None,None,None,None, , , , 
4261, ,0.02072921779595371,6.905513520162316e-10,None,None,None,None, , , , 
4262, ,0.02072921779595371,7.401959996915653e-10,None,None,None,None, , , , 
4263, ,0.02072921779595371,7.934096665797492e-10,None,None,None,None, , , , 
4264, ,0.02072921779595371,8.504489341802668e-10,None,None,None,None, , , , 
4265, ,0.02072921779595371,9.115888299750837e-10,None,None,None,None, , , , 
4266, ,0.02072921779595371,9.771241535346502e-10,None,None,None,None, , , , 
4267, ,0.02072921779595371,1.0473708979594486e-09,None,None,None,None, , , , 
4268, ,0.02072921779595371,1.1226677735108114e-09,None,None,None,None, , , , 
4269, ,0.02072921779595371,1.2033778407775904e-09,None,None,None,None, , , , 
4270, ,0.02072921779595371,1.289890261253308e-09,None,None,None,None, , , , 
4271, ,0.02072921779595371,1.3826221737646535e-09,None,None,None,None, , , , 
4272, ,0.02072921779595371,1.4820207057988602e-09,None,None,None,None, , , , 
4273, ,0.02072921779595371,1.5885651294280526e-09,None,None,None,None, , , , 
4274, ,0.02072921779595371,1.702769172225898e-09,None,None,None,None, , , , 
4275, ,0.02072921779595371,1.825183494319039e-09,None,None,None,None, , , , 
4276, ,0.02072921779595371,1.956398343517065e-09,None,None,None,None, , , , 
4277, ,0.02072921779595371,2.0970464013232305e-09,None,None,None,None, , , , 
4278, ,0.02072921779595371,2.2478058335487307e-09,None,None,None,None, , , , 
4279, ,0.02072921779595371,2.409403560239527e-09,None,None,None,None, , , , 
4280, ,0.02072921779595371,2.582618760682675e-09,None,None,None,None, , , , 
4281, ,0.02072921779595371,2.768286630392061e-09,None,None,None,None, , , , 
4282, ,0.02072921779595371,2.9673024081888724e-09,None,None,None,None, , , , 
4283, ,0.02072921779595371,3.180625692794119e-09,None,None,None,None, , , , 
4284, ,0.02072921779595371,3.409285069746807e-09,None,None,None,None, , , , 
4285, ,0.02072921779595371,3.654383070957262e-09,None,None,None,None, , , , 
4286, ,0.02072921779595371,3.917101490809261e-09,None,None,None,None, , , , 
4287, ,0.02072921779595371,4.198707084443906e-09,None,None,None,None, , , , 
4288, ,0.02072921779595371,4.500557675700488e-09,None,None,None,None, , , , 
4289, ,0.02072921779595371,4.824108704165374e-09,None,None,None,None, , , , 
4290, ,0.02072921779595371,5.170920242896755e-09,None,None,None,None, , , , 
4291, ,0.02072921779595371,5.542664520663096e-09,None,None,None,None, , , , 
4292, ,0.02072921779595371,5.941133984965041e-09,None,None,None,None, , , , 
4293, ,0.02072921779595371,6.3682499447185856e-09,None,None,None,None, , , , 
4294, ,0.02072921779595371,6.826071834272379e-09,None,None,None,None, , , , 
4295, ,0.02072921779595371,7.316807143427175e-09,None,None,None,None, , , , 
4296, ,0.02072921779595371,7.842822061337681e-09,None,None,None,None, , , , 
4297, ,0.02072921779595371,8.406652885618316e-09,None,None,None,None, , , , 
4298, ,0.02072921779595371,9.011018251665036e-09,None,None,None,None, , , , 
4299, ,0.02072921779595371,9.658832241158707e-09,None,None,None,None, , , , 
4300, ,0.02072921779595371,1.0353218432956616e-08,None,None,None,None, , , , 
4301, ,0.02072921779595371,1.1097524964120722e-08,None,None,None,None, , , , 
4302, ,0.02072921779595371,1.1895340673703208e-08,None,None,None,None, , , , 
4303, ,0.02072921779595371,1.2750512407130128e-08,None,None,None,None, , , , 
4304, ,0.02072921779595371,1.3667163564620044e-08,None,None,None,None, , , , 
4305, ,0.02072921779595371,1.4649713983072853e-08,None,None,None,None, , , , 
4306, ,0.02072921779595371,1.5702901247293774e-08,None,None,None,None, , , , 
4307, ,0.02072921779595371,1.683180353330955e-08,None,None,None,None, , , , 
4308, ,0.02072921779595371,1.8041864093920717e-08,None,None,None,None, , , , 
4309, ,0.02072921779595371,1.933891750455232e-08,None,None,None,None, , , , 
4310, ,0.02072921779595371,2.0729217795953697e-08,None,None,None,None, , , , 
4311, ,0.02072921779595371,2.221946860939524e-08,None,None,None,None, , , , 
4312, ,0.02072921779595371,2.3816855519761606e-08,None,None,None,None, , , , 
4313, ,0.02072921779595371,2.552908068239516e-08,None,None,None,None, , , , 
4314, ,0.02072921779595371,2.7364399970746666e-08,None,None,None,None, , , , 
4315, ,0.02072921779595371,2.933166278390042e-08,None,None,None,None, , , , 
4316, ,0.02072921779595371,3.1440354715915e-08,None,None,None,None, , , , 
4317, ,0.02072921779595371,3.370064329271925e-08,None,None,None,None, , , , 
4318, ,0.02072921779595371,3.612342699709431e-08,None,None,None,None, , , , 
4319, ,0.02072921779595371,3.872038781812557e-08,None,None,None,None, , , , 
4320, ,0.02072921779595371,4.1504047578504727e-08,None,None,None,None, , , , 
4321, ,0.02072921779595371,4.448782831127585e-08,None,None,None,None, , , , 
4322, ,0.02072921779595371,4.768611697714474e-08,None,None,None,None, , , , 
4323, ,0.02072921779595371,5.111433483440165e-08,None,None,None,None, , , , 
4324, ,0.02072921779595371,5.478901179593934e-08,None,None,None,None, , , , 
4325, ,0.02072921779595371,5.872786613189478e-08,None,None,None,None, , , , 
4326, ,0.02072921779595371,6.294988990221888e-08,None,None,None,None, , , , 
4327, ,0.02072921779595371,6.747544053110687e-08,None,None,None,None, , , , 
4328, ,0.02072921779595371,7.232633896483534e-08,None,None,None,None, , , , 
4329, ,0.02072921779595371,7.752597488629465e-08,None,None,None,None, , , , 
4330, ,0.02072921779595371,8.309941949353386e-08,None,None,None,None, , , , 
4331, ,0.02072921779595371,8.907354638610439e-08,None,None,None,None, , , , 
4332, ,0.02072921779595371,9.547716114208066e-08,None,None,None,None, , , , 
4333, ,0.02072921779595371,1.0234114021054528e-07,None,None,None,None, , , , 
4334, ,0.02072921779595371,1.0969857978923841e-07,None,None,None,None, , , , 
4335, ,0.02072921779595371,1.1758495540521555e-07,None,None,None,None, , , , 
4336, ,0.02072921779595371,1.2603829296797277e-07,None,None,None,None, , , , 
4337, ,0.02072921779595371,1.350993521198025e-07,None,None,None,None, , , , 
4338, ,0.02072921779595371,1.4481182276745328e-07,None,None,None,None, , , , 
4339, ,0.02072921779595371,1.552225357427048e-07,None,None,None,None, , , , 
4340, ,0.02072921779595371,1.6638168860761273e-07,None,None,None,None, , , , 
4341, ,0.02072921779595371,1.7834308769319093e-07,None,None,None,None, , , , 
4342, ,0.02072921779595371,1.9116440753857e-07,None,None,None,None, , , , 
4343, ,0.02072921779595371,2.049074689815846e-07,None,None,None,None, , , , 
4344, ,0.02072921779595371,2.1963853724165468e-07,None,None,None,None, , , , 
4345, ,0.02072921779595371,2.3542864143224158e-07,None,None,None,None, , , , 
4346, ,0.02072921779595371,2.523539170434766e-07,None,None,None,None, , , , 
4347, ,0.02072921779595371,2.7049597304631316e-07,None,None,None,None, , , , 
4348, ,0.02072921779595371,2.899422853882875e-07,None,None,None,None, , , , 
4349, ,0.02072921779595371,3.107866187782014e-07,None,None,None,None, , , , 
4350, ,0.02072921779595371,3.33129478793467e-07,None,None,None,None, , , , 
4351, ,0.02072921779595371,3.5707859649004626e-07,None,None,None,None, , , , 
4352, ,0.02072921779595371,3.827494478516307e-07,None,None,None,None, , , , 
4353, ,0.02072921779595371,4.1026581058271904e-07,None,None,None,None, , , , 
4354, ,0.02072921779595371,4.397603609302722e-07,None,None,None,None, , , , 
4355, ,0.02072921779595371,4.7137531341167185e-07,None,None,None,None, , , , 
4356, ,0.02072921779595371,5.052631065335679e-07,None,None,None,None, , , , 
4357, ,0.02072921779595371,5.415871378079465e-07,None,None,None,None, , , , 
4358, ,0.02072921779595371,5.805225516094896e-07,None,None,None,None, , , , 
4359, ,0.02072921779595371,6.222570836730232e-07,None,None,None,None, , , , 
4360, ,0.02072921779595371,6.669919663030115e-07,None,None,None,None, , , , 
4361, ,0.02072921779595371,7.149428986597576e-07,None,None,None,None, , , , 
4362, ,0.02072921779595371,7.663410868007445e-07,None,None,None,None, , , , 
4363, ,0.02072921779595371,8.214343584919422e-07,None,None,None,None, , , , 
4364, ,0.02072921779595371,8.804883581643463e-07,None,None,None,None, , , , 
4365, ,0.02072921779595371,9.437878277775371e-07,None,None,None,None, , , , 
4366, ,0.02072921779595371,1.0116379797662072e-06,None,None,None,None, , , , 
4367, ,0.02072921779595371,1.0843659686896086e-06,None,None,None,None, , , , 
4368, ,0.02072921779595371,1.1623224686798522e-06,None,None,None,None, , , , 
4369, ,0.02072921779595371,1.2458833642950078e-06,None,None,None,None, , , , 
4370, ,0.02072921779595371,1.3354515629298971e-06,None,None,None,None, , , , 
4371, ,0.02072921779595371,1.4314589375234786e-06,None,None,None,None, , , , 
4372, ,0.02072921779595371,1.53436840893001e-06,None,None,None,None, , , , 
4373, ,0.02072921779595371,1.6446761779946631e-06,None,None,None,None, , , , 
4374, ,0.02072921779595371,1.762914118095948e-06,None,None,None,None, , , , 
4375, ,0.02072921779595371,1.8896523396912082e-06,None,None,None,None, , , , 
4376, ,0.02072921779595371,2.0255019392306664e-06,None,None,None,None, , , , 
4377, ,0.02072921779595371,2.171117945694501e-06,None,None,None,None, , , , 
4378, ,0.02072921779595371,2.327202478960408e-06,None,None,None,None, , , , 
4379, ,0.02072921779595371,2.494508135230317e-06,None,None,None,None, , , , 
4380, ,0.02072921779595371,2.673841615839944e-06,None,None,None,None, , , , 
4381, ,0.02072921779595371,2.8660676169482507e-06,None,None,None,None, , , , 
4382, ,0.02072921779595371,3.0721129988617524e-06,None,None,None,None, , , , 
4383, ,0.02072921779595371,3.292971255097148e-06,None,None,None,None, , , , 
4384, ,0.02072921779595371,3.5297073027306505e-06,None,None,None,None, , , , 
4385, ,0.02072921779595371,3.783462617131925e-06,None,None,None,None, , , , 
4386, ,0.02072921779595371,4.0554607358408275e-06,None,None,None,None, , , , 
4387, ,0.02072921779595371,4.3470131581250175e-06,None,None,None,None, , , , 
4388, ,0.02072921779595371,4.6595256686646765e-06,None,None,None,None, , , , 
4389, ,0.02072921779595371,4.99450511585514e-06,None,None,None,None, , , , 
4390, ,0.02072921779595371,5.353566677410719e-06,None,None,None,None, , , , 
4391, ,0.02072921779595371,5.738441648302393e-06,None,None,None,None, , , , 
4392, ,0.02072921779595371,6.150985788580505e-06,None,None,None,None, , , , 
4393, ,0.02072921779595371,6.593188271333541e-06,None,None,None,None, , , , 
4394, ,0.02072921779595371,7.067181273927492e-06,None,None,None,None, , , , 
4395, ,0.02072921779595371,7.575250258771904e-06,None,None,None,None, , , , 
4396, ,0.02072921779595371,8.119844993184007e-06,None,None,None,None, , , , 
4397, ,0.02072921779595371,8.703591361485167e-06,None,None,None,None, , , , 
4398, ,0.02072921779595371,9.329304026284676e-06,None,None,None,None, , , , 
4399, ,0.02072921779595371,1e-05,None,None,None,None, , , , 
4400, ,0.02146141197858404,1e-11,None,None,None,None, , , , 
4401, ,0.02146141197858404,1.0718913192051263e-11,None,None,None,None, , , , 
4402, ,0.02146141197858404,1.1489510001873107e-11,None,None,None,None, , , , 
4403, ,0.02146141197858404,1.2315506032928262e-11,None,None,None,None, , , , 
4404, ,0.02146141197858404,1.3200884008314167e-11,None,None,None,None, , , , 
4405, ,0.02146141197858404,1.4149912974345786e-11,None,None,None,None, , , , 
4406, ,0.02146141197858404,1.5167168884709242e-11,None,None,None,None, , , , 
4407, ,0.02146141197858404,1.6257556664437934e-11,None,None,None,None, , , , 
4408, ,0.02146141197858404,1.7426333860096473e-11,None,None,None,None, , , , 
4409, ,0.02146141197858404,1.8679135990207848e-11,None,None,None,None, , , , 
4410, ,0.02146141197858404,2.0022003718155844e-11,None,None,None,None, , , , 
4411, ,0.02146141197858404,2.1461411978584013e-11,None,None,None,None, , , , 
4412, ,0.02146141197858404,2.300430119772921e-11,None,None,None,None, , , , 
4413, ,0.02146141197858404,2.465811075822604e-11,None,None,None,None, , , , 
4414, ,0.02146141197858404,2.643081486974103e-11,None,None,None,None, , , , 
4415, ,0.02146141197858404,2.8330961018393178e-11,None,None,None,None, , , , 
4416, ,0.02146141197858404,3.036771118035461e-11,None,None,None,None, , , , 
4417, ,0.02146141197858404,3.255088599835057e-11,None,None,None,None, , , , 
4418, ,0.02146141197858404,3.4891012134067674e-11,None,None,None,None, , , , 
4419, ,0.02146141197858404,3.739937302478801e-11,None,None,None,None, , , , 
4420, ,0.02146141197858404,4.0088063288984646e-11,None,None,None,None, , , , 
4421, ,0.02146141197858404,4.297004704320835e-11,None,None,None,None, , , , 
4422, ,0.02146141197858404,4.605922041145113e-11,None,None,None,None, , , , 
4423, ,0.02146141197858404,4.937047852839004e-11,None,None,None,None, , , , 
4424, ,0.02146141197858404,5.2919787359584366e-11,None,None,None,None, , , , 
4425, ,0.02146141197858404,5.672426068491989e-11,None,None,None,None, , , , 
4426, ,0.02146141197858404,6.080224261649427e-11,None,None,None,None, , , , 
4427, ,0.02146141197858404,6.517339604882421e-11,None,None,None,None, , , , 
4428, ,0.02146141197858404,6.985879746785235e-11,None,None,None,None, , , , 
4429, ,0.02146141197858404,7.48810385759003e-11,None,None,None,None, , , , 
4430, ,0.02146141197858404,8.026433522257174e-11,None,None,None,None, , , , 
4431, ,0.02146141197858404,8.603464416684492e-11,None,None,None,None, , , , 
4432, ,0.02146141197858404,9.221978823334341e-11,None,None,None,None, , , , 
4433, ,0.02146141197858404,9.884959046625586e-11,None,None,None,None, , , , 
4434, ,0.02146141197858404,1.0595601792776149e-10,None,None,None,None, , , , 
4435, ,0.02146141197858404,1.1357333583431027e-10,None,None,None,None, , , , 
4436, ,0.02146141197858404,1.217382727739662e-10,None,None,None,None, , , , 
4437, ,0.02146141197858404,1.3049019780144016e-10,None,None,None,None, , , , 
4438, ,0.02146141197858404,1.398713102647236e-10,None,None,None,None, , , , 
4439, ,0.02146141197858404,1.4992684327860468e-10,None,None,None,None, , , , 
4440, ,0.02146141197858404,1.6070528182616384e-10,None,None,None,None, , , , 
4441, ,0.02146141197858404,1.722585965398784e-10,None,None,None,None, , , , 
4442, ,0.02146141197858404,1.8464249428955463e-10,None,None,None,None, , , , 
4443, ,0.02146141197858404,1.9791668678535569e-10,None,None,None,None, , , , 
4444, ,0.02146141197858404,2.121451784910628e-10,None,None,None,None, , , , 
4445, ,0.02146141197858404,2.273965752357932e-10,None,None,None,None, , , , 
4446, ,0.02146141197858404,2.4374441501222216e-10,None,None,None,None, , , , 
4447, ,0.02146141197858404,2.6126752255633265e-10,None,None,None,None, , , , 
4448, ,0.02146141197858404,2.8005038941836253e-10,None,None,None,None, , , , 
4449, ,0.02146141197858404,3.0018358135755917e-10,None,None,None,None, , , , 
4450, ,0.02146141197858404,3.2176417502507347e-10,None,None,None,None, , , , 
4451, ,0.02146141197858404,3.4489622604057533e-10,None,None,None,None, , , , 
4452, ,0.02146141197858404,3.696912707195032e-10,None,None,None,None, , , , 
4453, ,0.02146141197858404,3.9626886387014783e-10,None,None,None,None, , , , 
4454, ,0.02146141197858404,4.2475715525368935e-10,None,None,None,None, , , , 
4455, ,0.02146141197858404,4.552935074866938e-10,None,None,None,None, , , , 
4456, ,0.02146141197858404,4.880251583654433e-10,None,None,None,None, , , , 
4457, ,0.02146141197858404,5.231099308056258e-10,None,None,None,None, , , , 
4458, ,0.02146141197858404,5.60716993820547e-10,None,None,None,None, , , , 
4459, ,0.02146141197858404,6.010276782070387e-10,None,None,None,None, , , , 
4460, ,0.02146141197858404,6.442363508721371e-10,None,None,None,None, , , , 
4461, ,0.02146141197858404,6.905513520162316e-10,None,None,None,None, , , , 
4462, ,0.02146141197858404,7.401959996915653e-10,None,None,None,None, , , , 
4463, ,0.02146141197858404,7.934096665797492e-10,None,None,None,None, , , , 
4464, ,0.02146141197858404,8.504489341802668e-10,None,None,None,None, , , , 
4465, ,0.02146141197858404,9.115888299750837e-10,None,None,None,None, , , , 
4466, ,0.02146141197858404,9.771241535346502e-10,None,None,None,None, , , , 
4467, ,0.02146141197858404,1.0473708979594486e-09,None,None,None,None, , , , 
4468, ,0.02146141197858404,1.1226677735108114e-09,None,None,None,None, , , , 
4469, ,0.02146141197858404,1.2033778407775904e-09,None,None,None,None, , , , 
4470, ,0.02146141197858404,1.289890261253308e-09,None,None,None,None, , , , 
4471, ,0.02146141197858404,1.3826221737646535e-09,None,None,None,None, , , , 
4472, ,0.02146141197858404,1.4820207057988602e-09,None,None,None,None, , , , 
4473, ,0.02146141197858404,1.5885651294280526e-09,None,None,None,None, , , , 
4474, ,0.02146141197858404,1.702769172225898e-09,None,None,None,None, , , , 
4475, ,0.02146141197858404,1.825183494319039e-09,None,None,None,None, , , , 
4476, ,0.02146141197858404,1.956398343517065e-09,None,None,None,None, , , , 
4477, ,0.02146141197858404,2.0970464013232305e-09,None,None,None,None, , , , 
4478, ,0.02146141197858404,2.2478058335487307e-09,None,None,None,None, , , , 
4479, ,0.02146141197858404,2.409403560239527e-09,None,None,None,None, , , , 
4480, ,0.02146141197858404,2.582618760682675e-09,None,None,None,None, , , , 
4481, ,0.02146141197858404,2.768286630392061e-09,None,None,None,None, , , , 
4482, ,0.02146141197858404,2.9673024081888724e-09,None,None,None,None, , , , 
4483, ,0.02146141197858404,3.180625692794119e-09,None,None,None,None, , , , 
4484, ,0.02146141197858404,3.409285069746807e-09,None,None,None,None, , , , 
4485, ,0.02146141197858404,3.654383070957262e-09,None,None,None,None, , , , 
4486, ,0.02146141197858404,3.917101490809261e-09,None,None,None,None, , , , 
4487, ,0.02146141197858404,4.198707084443906e-09,None,None,None,None, , , , 
4488, ,0.02146141197858404,4.500557675700488e-09,None,None,None,None, , , , 
4489, ,0.02146141197858404,4.824108704165374e-09,None,None,None,None, , , , 
4490, ,0.02146141197858404,5.170920242896755e-09,None,None,None,None, , , , 
4491, ,0.02146141197858404,5.542664520663096e-09,None,None,None,None, , , , 
4492, ,0.02146141197858404,5.941133984965041e-09,None,None,None,None, , , , 
4493, ,0.02146141197858404,6.3682499447185856e-09,None,None,None,None, , , , 
4494, ,0.02146141197858404,6.826071834272379e-09,None,None,None,None, , , , 
4495, ,0.02146141197858404,7.316807143427175e-09,None,None,None,None, , , , 
4496, ,0.02146141197858404,7.842822061337681e-09,None,None,None,None, , , , 
4497, ,0.02146141197858404,8.406652885618316e-09,None,None,None,None, , , , 
4498, ,0.02146141197858404,9.011018251665036e-09,None,None,None,None, , , , 
4499, ,0.02146141197858404,9.658832241158707e-09,None,None,None,None, , , , 
4500, ,0.02146141197858404,1.0353218432956616e-08,None,None,None,None, , , , 
4501, ,0.02146141197858404,1.1097524964120722e-08,None,None,None,None, , , , 
4502, ,0.02146141197858404,1.1895340673703208e-08,None,None,None,None, , , , 
4503, ,0.02146141197858404,1.2750512407130128e-08,None,None,None,None, , , , 
4504, ,0.02146141197858404,1.3667163564620044e-08,None,None,None,None, , , , 
4505, ,0.02146141197858404,1.4649713983072853e-08,None,None,None,None, , , , 
4506, ,0.02146141197858404,1.5702901247293774e-08,None,None,None,None, , , , 
4507, ,0.02146141197858404,1.683180353330955e-08,None,None,None,None, , , , 
4508, ,0.02146141197858404,1.8041864093920717e-08,None,None,None,None, , , , 
4509, ,0.02146141197858404,1.933891750455232e-08,None,None,None,None, , , , 
4510, ,0.02146141197858404,2.0729217795953697e-08,None,None,None,None, , , , 
4511, ,0.02146141197858404,2.221946860939524e-08,None,None,None,None, , , , 
4512, ,0.02146141197858404,2.3816855519761606e-08,None,None,None,None, , , , 
4513, ,0.02146141197858404,2.552908068239516e-08,None,None,None,None, , , , 
4514, ,0.02146141197858404,2.7364399970746666e-08,None,None,None,None, , , , 
4515, ,0.02146141197858404,2.933166278390042e-08,None,None,None,None, , , , 
4516, ,0.02146141197858404,3.1440354715915e-08,None,None,None,None, , , , 
4517, ,0.02146141197858404,3.370064329271925e-08,None,None,None,None, , , , 
4518, ,0.02146141197858404,3.612342699709431e-08,None,None,None,None, , , , 
4519, ,0.02146141197858404,3.872038781812557e-08,None,None,None,None, , , , 
4520, ,0.02146141197858404,4.1504047578504727e-08,None,None,None,None, , , , 
4521, ,0.02146141197858404,4.448782831127585e-08,None,None,None,None, , , , 
4522, ,0.02146141197858404,4.768611697714474e-08,None,None,None,None, , , , 
4523, ,0.02146141197858404,5.111433483440165e-08,None,None,None,None, , , , 
4524, ,0.02146141197858404,5.478901179593934e-08,None,None,None,None, , , , 
4525, ,0.02146141197858404,5.872786613189478e-08,None,None,None,None, , , , 
4526, ,0.02146141197858404,6.294988990221888e-08,None,None,None,None, , , , 
4527, ,0.02146141197858404,6.747544053110687e-08,None,None,None,None, , , , 
4528, ,0.02146141197858404,7.232633896483534e-08,None,None,None,None, , , , 
4529, ,0.02146141197858404,7.752597488629465e-08,None,None,None,None, , , , 
4530, ,0.02146141197858404,8.309941949353386e-08,None,None,None,None, , , , 
4531, ,0.02146141197858404,8.907354638610439e-08,None,None,None,None, , , , 
4532, ,0.02146141197858404,9.547716114208066e-08,None,None,None,None, , , , 
4533, ,0.02146141197858404,1.0234114021054528e-07,None,None,None,None, , , , 
4534, ,0.02146141197858404,1.0969857978923841e-07,None,None,None,None, , , , 
4535, ,0.02146141197858404,1.1758495540521555e-07,None,None,None,None, , , , 
4536, ,0.02146141197858404,1.2603829296797277e-07,None,None,None,None, , , , 
4537, ,0.02146141197858404,1.350993521198025e-07,None,None,None,None, , , , 
4538, ,0.02146141197858404,1.4481182276745328e-07,None,None,None,None, , , , 
4539, ,0.02146141197858404,1.552225357427048e-07,None,None,None,None, , , , 
4540, ,0.02146141197858404,1.6638168860761273e-07,None,None,None,None, , , , 
4541, ,0.02146141197858404,1.7834308769319093e-07,None,None,None,None, , , , 
4542, ,0.02146141197858404,1.9116440753857e-07,None,None,None,None, , , , 
4543, ,0.02146141197858404,2.049074689815846e-07,None,None,None,None, , , , 
4544, ,0.02146141197858404,2.1963853724165468e-07,None,None,None,None, , , , 
4545, ,0.02146141197858404,2.3542864143224158e-07,None,None,None,None, , , , 
4546, ,0.02146141197858404,2.523539170434766e-07,None,None,None,None, , , , 
4547, ,0.02146141197858404,2.7049597304631316e-07,None,None,None,None, , , , 
4548, ,0.02146141197858404,2.899422853882875e-07,None,None,None,None, , , , 
4549, ,0.02146141197858404,3.107866187782014e-07,None,None,None,None, , , , 
4550, ,0.02146141197858404,3.33129478793467e-07,None,None,None,None, , , , 
4551, ,0.02146141197858404,3.5707859649004626e-07,None,None,None,None, , , , 
4552, ,0.02146141197858404,3.827494478516307e-07,None,None,None,None, , , , 
4553, ,0.02146141197858404,4.1026581058271904e-07,None,None,None,None, , , , 
4554, ,0.02146141197858404,4.397603609302722e-07,None,None,None,None, , , , 
4555, ,0.02146141197858404,4.7137531341167185e-07,None,None,None,None, , , , 
4556, ,0.02146141197858404,5.052631065335679e-07,None,None,None,None, , , , 
4557, ,0.02146141197858404,5.415871378079465e-07,None,None,None,None, , , , 
4558, ,0.02146141197858404,5.805225516094896e-07,None,None,None,None, , , , 
4559, ,0.02146141197858404,6.222570836730232e-07,None,None,None,None, , , , 
4560, ,0.02146141197858404,6.669919663030115e-07,None,None,None,None, , , , 
4561, ,0.02146141197858404,7.149428986597576e-07,None,None,None,None, , , , 
4562, ,0.02146141197858404,7.663410868007445e-07,None,None,None,None, , , , 
4563, ,0.02146141197858404,8.214343584919422e-07,None,None,None,None, , , , 
4564, ,0.02146141197858404,8.804883581643463e-07,None,None,None,None, , , , 
4565, ,0.02146141197858404,9.437878277775371e-07,None,None,None,None, , , , 
4566, ,0.02146141197858404,1.0116379797662072e-06,None,None,None,None, , , , 
4567, ,0.02146141197858404,1.0843659686896086e-06,None,None,None,None, , , , 
4568, ,0.02146141197858404,1.1623224686798522e-06,None,None,None,None, , , , 
4569, ,0.02146141197858404,1.2458833642950078e-06,None,None,None,None, , , , 
4570, ,0.02146141197858404,1.3354515629298971e-06,None,None,None,None, , , , 
4571, ,0.02146141197858404,1.4314589375234786e-06,None,None,None,None, , , , 
4572, ,0.02146141197858404,1.53436840893001e-06,None,None,None,None, , , , 
4573, ,0.02146141197858404,1.6446761779946631e-06,None,None,None,None, , , , 
4574, ,0.02146141197858404,1.762914118095948e-06,None,None,None,None, , , , 
4575, ,0.02146141197858404,1.8896523396912082e-06,None,None,None,None, , , , 
4576, ,0.02146141197858404,2.0255019392306664e-06,None,None,None,None, , , , 
4577, ,0.02146141197858404,2.171117945694501e-06,None,None,None,None, , , , 
4578, ,0.02146141197858404,2.327202478960408e-06,None,None,None,None, , , , 
4579, ,0.02146141197858404,2.494508135230317e-06,None,None,None,None, , , , 
4580, ,0.02146141197858404,2.673841615839944e-06,None,None,None,None, , , , 
4581, ,0.02146141197858404,2.8660676169482507e-06,None,None,None,None, , , , 
4582, ,0.02146141197858404,3.0721129988617524e-06,None,None,None,None, , , , 
4583, ,0.02146141197858404,3.292971255097148e-06,None,None,None,None, , , , 
4584, ,0.02146141197858404,3.5297073027306505e-06,None,None,None,None, , , , 
4585, ,0.02146141197858404,3.783462617131925e-06,None,None,None,None, , , , 
4586, ,0.02146141197858404,4.0554607358408275e-06,None,None,None,None, , , , 
4587, ,0.02146141197858404,4.3470131581250175e-06,None,None,None,None, , , , 
4588, ,0.02146141197858404,4.6595256686646765e-06,None,None,None,None, , , , 
4589, ,0.02146141197858404,4.99450511585514e-06,None,None,None,None, , , , 
4590, ,0.02146141197858404,5.353566677410719e-06,None,None,None,None, , , , 
4591, ,0.02146141197858404,5.738441648302393e-06,None,None,None,None, , , , 
4592, ,0.02146141197858404,6.150985788580505e-06,None,None,None,None, , , , 
4593, ,0.02146141197858404,6.593188271333541e-06,None,None,None,None, , , , 
4594, ,0.02146141197858404,7.067181273927492e-06,None,None,None,None, , , , 
4595, ,0.02146141197858404,7.575250258771904e-06,None,None,None,None, , , , 
4596, ,0.02146141197858404,8.119844993184007e-06,None,None,None,None, , , , 
4597, ,0.02146141197858404,8.703591361485167e-06,None,None,None,None, , , , 
4598, ,0.02146141197858404,9.329304026284676e-06,None,None,None,None, , , , 
4599, ,0.02146141197858404,1e-05,None,None,None,None, , , , 
4600, ,0.022219468609395242,1e-11,None,None,None,None, , , , 
4601, ,0.022219468609395242,1.0718913192051263e-11,None,None,None,None, , , , 
4602, ,0.022219468609395242,1.1489510001873107e-11,None,None,None,None, , , , 
4603, ,0.022219468609395242,1.2315506032928262e-11,None,None,None,None, , , , 
4604, ,0.022219468609395242,1.3200884008314167e-11,None,None,None,None, , , , 
4605, ,0.022219468609395242,1.4149912974345786e-11,None,None,None,None, , , , 
4606, ,0.022219468609395242,1.5167168884709242e-11,None,None,None,None, , , , 
4607, ,0.022219468609395242,1.6257556664437934e-11,None,None,None,None, , , , 
4608, ,0.022219468609395242,1.7426333860096473e-11,None,None,None,None, , , , 
4609, ,0.022219468609395242,1.8679135990207848e-11,None,None,None,None, , , , 
4610, ,0.022219468609395242,2.0022003718155844e-11,None,None,None,None, , , , 
4611, ,0.022219468609395242,2.1461411978584013e-11,None,None,None,None, , , , 
4612, ,0.022219468609395242,2.300430119772921e-11,None,None,None,None, , , , 
4613, ,0.022219468609395242,2.465811075822604e-11,None,None,None,None, , , , 
4614, ,0.022219468609395242,2.643081486974103e-11,None,None,None,None, , , , 
4615, ,0.022219468609395242,2.8330961018393178e-11,None,None,None,None, , , , 
4616, ,0.022219468609395242,3.036771118035461e-11,None,None,None,None, , , , 
4617, ,0.022219468609395242,3.255088599835057e-11,None,None,None,None, , , , 
4618, ,0.022219468609395242,3.4891012134067674e-11,None,None,None,None, , , , 
4619, ,0.022219468609395242,3.739937302478801e-11,None,None,None,None, , , , 
4620, ,0.022219468609395242,4.0088063288984646e-11,None,None,None,None, , , , 
4621, ,0.022219468609395242,4.297004704320835e-11,None,None,None,None, , , , 
4622, ,0.022219468609395242,4.605922041145113e-11,None,None,None,None, , , , 
4623, ,0.022219468609395242,4.937047852839004e-11,None,None,None,None, , , , 
4624, ,0.022219468609395242,5.2919787359584366e-11,None,None,None,None, , , , 
4625, ,0.022219468609395242,5.672426068491989e-11,None,None,None,None, , , , 
4626, ,0.022219468609395242,6.080224261649427e-11,None,None,None,None, , , , 
4627, ,0.022219468609395242,6.517339604882421e-11,None,None,None,None, , , , 
4628, ,0.022219468609395242,6.985879746785235e-11,None,None,None,None, , , , 
4629, ,0.022219468609395242,7.48810385759003e-11,None,None,None,None, , , , 
4630, ,0.022219468609395242,8.026433522257174e-11,None,None,None,None, , , , 
4631, ,0.022219468609395242,8.603464416684492e-11,None,None,None,None, , , , 
4632, ,0.022219468609395242,9.221978823334341e-11,None,None,None,None, , , , 
4633, ,0.022219468609395242,9.884959046625586e-11,None,None,None,None, , , , 
4634, ,0.022219468609395242,1.0595601792776149e-10,None,None,None,None, , , , 
4635, ,0.022219468609395242,1.1357333583431027e-10,None,None,None,None, , , , 
4636, ,0.022219468609395242,1.217382727739662e-10,None,None,None,None, , , , 
4637, ,0.022219468609395242,1.3049019780144016e-10,None,None,None,None, , , , 
4638, ,0.022219468609395242,1.398713102647236e-10,None,None,None,None, , , , 
4639, ,0.022219468609395242,1.4992684327860468e-10,None,None,None,None, , , , 
4640, ,0.022219468609395242,1.6070528182616384e-10,None,None,None,None, , , , 
4641, ,0.022219468609395242,1.722585965398784e-10,None,None,None,None, , , , 
4642, ,0.022219468609395242,1.8464249428955463e-10,None,None,None,None, , , , 
4643, ,0.022219468609395242,1.9791668678535569e-10,None,None,None,None, , , , 
4644, ,0.022219468609395242,2.121451784910628e-10,None,None,None,None, , , , 
4645, ,0.022219468609395242,2.273965752357932e-10,None,None,None,None, , , , 
4646, ,0.022219468609395242,2.4374441501222216e-10,None,None,None,None, , , , 
4647, ,0.022219468609395242,2.6126752255633265e-10,None,None,None,None, , , , 
4648, ,0.022219468609395242,2.8005038941836253e-10,None,None,None,None, , , , 
4649, ,0.022219468609395242,3.0018358135755917e-10,None,None,None,None, , , , 
4650, ,0.022219468609395242,3.2176417502507347e-10,None,None,None,None, , , , 
4651, ,0.022219468609395242,3.4489622604057533e-10,None,None,None,None, , , , 
4652, ,0.022219468609395242,3.696912707195032e-10,None,None,None,None, , , , 
4653, ,0.022219468609395242,3.9626886387014783e-10,None,None,None,None, , , , 
4654, ,0.022219468609395242,4.2475715525368935e-10,None,None,None,None, , , , 
4655, ,0.022219468609395242,4.552935074866938e-10,None,None,None,None, , , , 
4656, ,0.022219468609395242,4.880251583654433e-10,None,None,None,None, , , , 
4657, ,0.022219468609395242,5.231099308056258e-10,None,None,None,None, , , , 
4658, ,0.022219468609395242,5.60716993820547e-10,None,None,None,None, , , , 
4659, ,0.022219468609395242,6.010276782070387e-10,None,None,None,None, , , , 
4660, ,0.022219468609395242,6.442363508721371e-10,None,None,None,None, , , , 
4661, ,0.022219468609395242,6.905513520162316e-10,None,None,None,None, , , , 
4662, ,0.022219468609395242,7.401959996915653e-10,None,None,None,None, , , , 
4663, ,0.022219468609395242,7.934096665797492e-10,None,None,None,None, , , , 
4664, ,0.022219468609395242,8.504489341802668e-10,None,None,None,None, , , , 
4665, ,0.022219468609395242,9.115888299750837e-10,None,None,None,None, , , , 
4666, ,0.022219468609395242,9.771241535346502e-10,None,None,None,None, , , , 
4667, ,0.022219468609395242,1.0473708979594486e-09,None,None,None,None, , , , 
4668, ,0.022219468609395242,1.1226677735108114e-09,None,None,None,None, , , , 
4669, ,0.022219468609395242,1.2033778407775904e-09,None,None,None,None, , , , 
4670, ,0.022219468609395242,1.289890261253308e-09,None,None,None,None, , , , 
4671, ,0.022219468609395242,1.3826221737646535e-09,None,None,None,None, , , , 
4672, ,0.022219468609395242,1.4820207057988602e-09,None,None,None,None, , , , 
4673, ,0.022219468609395242,1.5885651294280526e-09,None,None,None,None, , , , 
4674, ,0.022219468609395242,1.702769172225898e-09,None,None,None,None, , , , 
4675, ,0.022219468609395242,1.825183494319039e-09,None,None,None,None, , , , 
4676, ,0.022219468609395242,1.956398343517065e-09,None,None,None,None, , , , 
4677, ,0.022219468609395242,2.0970464013232305e-09,None,None,None,None, , , , 
4678, ,0.022219468609395242,2.2478058335487307e-09,None,None,None,None, , , , 
4679, ,0.022219468609395242,2.409403560239527e-09,None,None,None,None, , , , 
4680, ,0.022219468609395242,2.582618760682675e-09,None,None,None,None, , , , 
4681, ,0.022219468609395242,2.768286630392061e-09,None,None,None,None, , , , 
4682, ,0.022219468609395242,2.9673024081888724e-09,None,None,None,None, , , , 
4683, ,0.022219468609395242,3.180625692794119e-09,None,None,None,None, , , , 
4684, ,0.022219468609395242,3.409285069746807e-09,None,None,None,None, , , , 
4685, ,0.022219468609395242,3.654383070957262e-09,None,None,None,None, , , , 
4686, ,0.022219468609395242,3.917101490809261e-09,None,None,None,None, , , , 
4687, ,0.022219468609395242,4.198707084443906e-09,None,None,None,None, , , , 
4688, ,0.022219468609395242,4.500557675700488e-09,None,None,None,None, , , , 
4689, ,0.022219468609395242,4.824108704165374e-09,None,None,None,None, , , , 
4690, ,0.022219468609395242,5.170920242896755e-09,None,None,None,None, , , , 
4691, ,0.022219468609395242,5.542664520663096e-09,None,None,None,None, , , , 
4692, ,0.022219468609395242,5.941133984965041e-09,None,None,None,None, , , , 
4693, ,0.022219468609395242,6.3682499447185856e-09,None,None,None,None, , , , 
4694, ,0.022219468609395242,6.826071834272379e-09,None,None,None,None, , , , 
4695, ,0.022219468609395242,7.316807143427175e-09,None,None,None,None, , , , 
4696, ,0.022219468609395242,7.842822061337681e-09,None,None,None,None, , , , 
4697, ,0.022219468609395242,8.406652885618316e-09,None,None,None,None, , , , 
4698, ,0.022219468609395242,9.011018251665036e-09,None,None,None,None, , , , 
4699, ,0.022219468609395242,9.658832241158707e-09,None,None,None,None, , , , 
4700, ,0.022219468609395242,1.0353218432956616e-08,None,None,None,None, , , , 
4701, ,0.022219468609395242,1.1097524964120722e-08,None,None,None,None, , , , 
4702, ,0.022219468609395242,1.1895340673703208e-08,None,None,None,None, , , , 
4703, ,0.022219468609395242,1.2750512407130128e-08,None,None,None,None, , , , 
4704, ,0.022219468609395242,1.3667163564620044e-08,None,None,None,None, , , , 
4705, ,0.022219468609395242,1.4649713983072853e-08,None,None,None,None, , , , 
4706, ,0.022219468609395242,1.5702901247293774e-08,None,None,None,None, , , , 
4707, ,0.022219468609395242,1.683180353330955e-08,None,None,None,None, , , , 
4708, ,0.022219468609395242,1.8041864093920717e-08,None,None,None,None, , , , 
4709, ,0.022219468609395242,1.933891750455232e-08,None,None,None,None, , , , 
4710, ,0.022219468609395242,2.0729217795953697e-08,None,None,None,None, , , , 
4711, ,0.022219468609395242,2.221946860939524e-08,None,None,None,None, , , , 
4712, ,0.022219468609395242,2.3816855519761606e-08,None,None,None,None, , , , 
4713, ,0.022219468609395242,2.552908068239516e-08,None,None,None,None, , , , 
4714, ,0.022219468609395242,2.7364399970746666e-08,None,None,None,None, , , , 
4715, ,0.022219468609395242,2.933166278390042e-08,None,None,None,None, , , , 
4716, ,0.022219468609395242,3.1440354715915e-08,None,None,None,None, , , , 
4717, ,0.022219468609395242,3.370064329271925e-08,None,None,None,None, , , , 
4718, ,0.022219468609395242,3.612342699709431e-08,None,None,None,None, , , , 
4719, ,0.022219468609395242,3.872038781812557e-08,None,None,None,None, , , , 
4720, ,0.022219468609395242,4.1504047578504727e-08,None,None,None,None, , , , 
4721, ,0.022219468609395242,4.448782831127585e-08,None,None,None,None, , , , 
4722, ,0.022219468609395242,4.768611697714474e-08,None,None,None,None, , , , 
4723, ,0.022219468609395242,5.111433483440165e-08,None,None,None,None, , , , 
4724, ,0.022219468609395242,5.478901179593934e-08,None,None,None,None, , , , 
4725, ,0.022219468609395242,5.872786613189478e-08,None,None,None,None, , , , 
4726, ,0.022219468609395242,6.294988990221888e-08,None,None,None,None, , , , 
4727, ,0.022219468609395242,6.747544053110687e-08,None,None,None,None, , , , 
4728, ,0.022219468609395242,7.232633896483534e-08,None,None,None,None, , , , 
4729, ,0.022219468609395242,7.752597488629465e-08,None,None,None,None, , , , 
4730, ,0.022219468609395242,8.309941949353386e-08,None,None,None,None, , , , 
4731, ,0.022219468609395242,8.907354638610439e-08,None,None,None,None, , , , 
4732, ,0.022219468609395242,9.547716114208066e-08,None,None,None,None, , , , 
4733, ,0.022219468609395242,1.0234114021054528e-07,None,None,None,None, , , , 
4734, ,0.022219468609395242,1.0969857978923841e-07,None,None,None,None, , , , 
4735, ,0.022219468609395242,1.1758495540521555e-07,None,None,None,None, , , , 
4736, ,0.022219468609395242,1.2603829296797277e-07,None,None,None,None, , , , 
4737, ,0.022219468609395242,1.350993521198025e-07,None,None,None,None, , , , 
4738, ,0.022219468609395242,1.4481182276745328e-07,None,None,None,None, , , , 
4739, ,0.022219468609395242,1.552225357427048e-07,None,None,None,None, , , , 
4740, ,0.022219468609395242,1.6638168860761273e-07,None,None,None,None, , , , 
4741, ,0.022219468609395242,1.7834308769319093e-07,None,None,None,None, , , , 
4742, ,0.022219468609395242,1.9116440753857e-07,None,None,None,None, , , , 
4743, ,0.022219468609395242,2.049074689815846e-07,None,None,None,None, , , , 
4744, ,0.022219468609395242,2.1963853724165468e-07,None,None,None,None, , , , 
4745, ,0.022219468609395242,2.3542864143224158e-07,None,None,None,None, , , , 
4746, ,0.022219468609395242,2.523539170434766e-07,None,None,None,None, , , , 
4747, ,0.022219468609395242,2.7049597304631316e-07,None,None,None,None, , , , 
4748, ,0.022219468609395242,2.899422853882875e-07,None,None,None,None, , , , 
4749, ,0.022219468609395242,3.107866187782014e-07,None,None,None,None, , , , 
4750, ,0.022219468609395242,3.33129478793467e-07,None,None,None,None, , , , 
4751, ,0.022219468609395242,3.5707859649004626e-07,None,None,None,None, , , , 
4752, ,0.022219468609395242,3.827494478516307e-07,None,None,None,None, , , , 
4753, ,0.022219468609395242,4.1026581058271904e-07,None,None,None,None, , , , 
4754, ,0.022219468609395242,4.397603609302722e-07,None,None,None,None, , , , 
4755, ,0.022219468609395242,4.7137531341167185e-07,None,None,None,None, , , , 
4756, ,0.022219468609395242,5.052631065335679e-07,None,None,None,None, , , , 
4757, ,0.022219468609395242,5.415871378079465e-07,None,None,None,None, , , , 
4758, ,0.022219468609395242,5.805225516094896e-07,None,None,None,None, , , , 
4759, ,0.022219468609395242,6.222570836730232e-07,None,None,None,None, , , , 
4760, ,0.022219468609395242,6.669919663030115e-07,None,None,None,None, , , , 
4761, ,0.022219468609395242,7.149428986597576e-07,None,None,None,None, , , , 
4762, ,0.022219468609395242,7.663410868007445e-07,None,None,None,None, , , , 
4763, ,0.022219468609395242,8.214343584919422e-07,None,None,None,None, , , , 
4764, ,0.022219468609395242,8.804883581643463e-07,None,None,None,None, , , , 
4765, ,0.022219468609395242,9.437878277775371e-07,None,None,None,None, , , , 
4766, ,0.022219468609395242,1.0116379797662072e-06,None,None,None,None, , , , 
4767, ,0.022219468609395242,1.0843659686896086e-06,None,None,None,None, , , , 
4768, ,0.022219468609395242,1.1623224686798522e-06,None,None,None,None, , , , 
4769, ,0.022219468609395242,1.2458833642950078e-06,None,None,None,None, , , , 
4770, ,0.022219468609395242,1.3354515629298971e-06,None,None,None,None, , , , 
4771, ,0.022219468609395242,1.4314589375234786e-06,None,None,None,None, , , , 
4772, ,0.022219468609395242,1.53436840893001e-06,None,None,None,None, , , , 
4773, ,0.022219468609395242,1.6446761779946631e-06,None,None,None,None, , , , 
4774, ,0.022219468609395242,1.762914118095948e-06,None,None,None,None, , , , 
4775, ,0.022219468609395242,1.8896523396912082e-06,None,None,None,None, , , , 
4776, ,0.022219468609395242,2.0255019392306664e-06,None,None,None,None, , , , 
4777, ,0.022219468609395242,2.171117945694501e-06,None,None,None,None, , , , 
4778, ,0.022219468609395242,2.327202478960408e-06,None,None,None,None, , , , 
4779, ,0.022219468609395242,2.494508135230317e-06,None,None,None,None, , , , 
4780, ,0.022219468609395242,2.673841615839944e-06,None,None,None,None, , , , 
4781, ,0.022219468609395242,2.8660676169482507e-06,None,None,None,None, , , , 
4782, ,0.022219468609395242,3.0721129988617524e-06,None,None,None,None, , , , 
4783, ,0.022219468609395242,3.292971255097148e-06,None,None,None,None, , , , 
4784, ,0.022219468609395242,3.5297073027306505e-06,None,None,None,None, , , , 
4785, ,0.022219468609395242,3.783462617131925e-06,None,None,None,None, , , , 
4786, ,0.022219468609395242,4.0554607358408275e-06,None,None,None,None, , , , 
4787, ,0.022219468609395242,4.3470131581250175e-06,None,None,None,None, , , , 
4788, ,0.022219468609395242,4.6595256686646765e-06,None,None,None,None, , , , 
4789, ,0.022219468609395242,4.99450511585514e-06,None,None,None,None, , , , 
4790, ,0.022219468609395242,5.353566677410719e-06,None,None,None,None, , , , 
4791, ,0.022219468609395242,5.738441648302393e-06,None,None,None,None, , , , 
4792, ,0.022219468609395242,6.150985788580505e-06,None,None,None,None, , , , 
4793, ,0.022219468609395242,6.593188271333541e-06,None,None,None,None, , , , 
4794, ,0.022219468609395242,7.067181273927492e-06,None,None,None,None, , , , 
4795, ,0.022219468609395242,7.575250258771904e-06,None,None,None,None, , , , 
4796, ,0.022219468609395242,8.119844993184007e-06,None,None,None,None, , , , 
4797, ,0.022219468609395242,8.703591361485167e-06,None,None,None,None, , , , 
4798, ,0.022219468609395242,9.329304026284676e-06,None,None,None,None, , , , 
4799, ,0.022219468609395242,1e-05,None,None,None,None, , , , 
4800, ,0.02300430119772918,1e-11,None,None,None,None, , , , 
4801, ,0.02300430119772918,1.0718913192051263e-11,None,None,None,None, , , , 
4802, ,0.02300430119772918,1.1489510001873107e-11,None,None,None,None, , , , 
4803, ,0.02300430119772918,1.2315506032928262e-11,None,None,None,None, , , , 
4804, ,0.02300430119772918,1.3200884008314167e-11,None,None,None,None, , , , 
4805, ,0.02300430119772918,1.4149912974345786e-11,None,None,None,None, , , , 
4806, ,0.02300430119772918,1.5167168884709242e-11,None,None,None,None, , , , 
4807, ,0.02300430119772918,1.6257556664437934e-11,None,None,None,None, , , , 
4808, ,0.02300430119772918,1.7426333860096473e-11,None,None,None,None, , , , 
4809, ,0.02300430119772918,1.8679135990207848e-11,None,None,None,None, , , , 
4810, ,0.02300430119772918,2.0022003718155844e-11,None,None,None,None, , , , 
4811, ,0.02300430119772918,2.1461411978584013e-11,None,None,None,None, , , , 
4812, ,0.02300430119772918,2.300430119772921e-11,None,None,None,None, , , , 
4813, ,0.02300430119772918,2.465811075822604e-11,None,None,None,None, , , , 
4814, ,0.02300430119772918,2.643081486974103e-11,None,None,None,None, , , , 
4815, ,0.02300430119772918,2.8330961018393178e-11,None,None,None,None, , , , 
4816, ,0.02300430119772918,3.036771118035461e-11,None,None,None,None, , , , 
4817, ,0.02300430119772918,3.255088599835057e-11,None,None,None,None, , , , 
4818, ,0.02300430119772918,3.4891012134067674e-11,None,None,None,None, , , , 
4819, ,0.02300430119772918,3.739937302478801e-11,None,None,None,None, , , , 
4820, ,0.02300430119772918,4.0088063288984646e-11,None,None,None,None, , , , 
4821, ,0.02300430119772918,4.297004704320835e-11,None,None,None,None, , , , 
4822, ,0.02300430119772918,4.605922041145113e-11,None,None,None,None, , , , 
4823, ,0.02300430119772918,4.937047852839004e-11,None,None,None,None, , , , 
4824, ,0.02300430119772918,5.2919787359584366e-11,None,None,None,None, , , , 
4825, ,0.02300430119772918,5.672426068491989e-11,None,None,None,None, , , , 
4826, ,0.02300430119772918,6.080224261649427e-11,None,None,None,None, , , , 
4827, ,0.02300430119772918,6.517339604882421e-11,None,None,None,None, , , , 
4828, ,0.02300430119772918,6.985879746785235e-11,None,None,None,None, , , , 
4829, ,0.02300430119772918,7.48810385759003e-11,None,None,None,None, , , , 
4830, ,0.02300430119772918,8.026433522257174e-11,None,None,None,None, , , , 
4831, ,0.02300430119772918,8.603464416684492e-11,None,None,None,None, , , , 
4832, ,0.02300430119772918,9.221978823334341e-11,None,None,None,None, , , , 
4833, ,0.02300430119772918,9.884959046625586e-11,None,None,None,None, , , , 
4834, ,0.02300430119772918,1.0595601792776149e-10,None,None,None,None, , , , 
4835, ,0.02300430119772918,1.1357333583431027e-10,None,None,None,None, , , , 
4836, ,0.02300430119772918,1.217382727739662e-10,None,None,None,None, , , , 
4837, ,0.02300430119772918,1.3049019780144016e-10,None,None,None,None, , , , 
4838, ,0.02300430119772918,1.398713102647236e-10,None,None,None,None, , , , 
4839, ,0.02300430119772918,1.4992684327860468e-10,None,None,None,None, , , , 
4840, ,0.02300430119772918,1.6070528182616384e-10,None,None,None,None, , , , 
4841, ,0.02300430119772918,1.722585965398784e-10,None,None,None,None, , , , 
4842, ,0.02300430119772918,1.8464249428955463e-10,None,None,None,None, , , , 
4843, ,0.02300430119772918,1.9791668678535569e-10,None,None,None,None, , , , 
4844, ,0.02300430119772918,2.121451784910628e-10,None,None,None,None, , , , 
4845, ,0.02300430119772918,2.273965752357932e-10,None,None,None,None, , , , 
4846, ,0.02300430119772918,2.4374441501222216e-10,None,None,None,None, , , , 
4847, ,0.02300430119772918,2.6126752255633265e-10,None,None,None,None, , , , 
4848, ,0.02300430119772918,2.8005038941836253e-10,None,None,None,None, , , , 
4849, ,0.02300430119772918,3.0018358135755917e-10,None,None,None,None, , , , 
4850, ,0.02300430119772918,3.2176417502507347e-10,None,None,None,None, , , , 
4851, ,0.02300430119772918,3.4489622604057533e-10,None,None,None,None, , , , 
4852, ,0.02300430119772918,3.696912707195032e-10,None,None,None,None, , , , 
4853, ,0.02300430119772918,3.9626886387014783e-10,None,None,None,None, , , , 
4854, ,0.02300430119772918,4.2475715525368935e-10,None,None,None,None, , , , 
4855, ,0.02300430119772918,4.552935074866938e-10,None,None,None,None, , , , 
4856, ,0.02300430119772918,4.880251583654433e-10,None,None,None,None, , , , 
4857, ,0.02300430119772918,5.231099308056258e-10,None,None,None,None, , , , 
4858, ,0.02300430119772918,5.60716993820547e-10,None,None,None,None, , , , 
4859, ,0.02300430119772918,6.010276782070387e-10,None,None,None,None, , , , 
4860, ,0.02300430119772918,6.442363508721371e-10,None,None,None,None, , , , 
4861, ,0.02300430119772918,6.905513520162316e-10,None,None,None,None, , , , 
4862, ,0.02300430119772918,7.401959996915653e-10,None,None,None,None, , , , 
4863, ,0.02300430119772918,7.934096665797492e-10,None,None,None,None, , , , 
4864, ,0.02300430119772918,8.504489341802668e-10,None,None,None,None, , , , 
4865, ,0.02300430119772918,9.115888299750837e-10,None,None,None,None, , , , 
4866, ,0.02300430119772918,9.771241535346502e-10,None,None,None,None, , , , 
4867, ,0.02300430119772918,1.0473708979594486e-09,None,None,None,None, , , , 
4868, ,0.02300430119772918,1.1226677735108114e-09,None,None,None,None, , , , 
4869, ,0.02300430119772918,1.2033778407775904e-09,None,None,None,None, , , , 
4870, ,0.02300430119772918,1.289890261253308e-09,None,None,None,None, , , , 
4871, ,0.02300430119772918,1.3826221737646535e-09,None,None,None,None, , , , 
4872, ,0.02300430119772918,1.4820207057988602e-09,None,None,None,None, , , , 
4873, ,0.02300430119772918,1.5885651294280526e-09,None,None,None,None, , , , 
4874, ,0.02300430119772918,1.702769172225898e-09,None,None,None,None, , , , 
4875, ,0.02300430119772918,1.825183494319039e-09,None,None,None,None, , , , 
4876, ,0.02300430119772918,1.956398343517065e-09,None,None,None,None, , , , 
4877, ,0.02300430119772918,2.0970464013232305e-09,None,None,None,None, , , , 
4878, ,0.02300430119772918,2.2478058335487307e-09,None,None,None,None, , , , 
4879, ,0.02300430119772918,2.409403560239527e-09,None,None,None,None, , , , 
4880, ,0.02300430119772918,2.582618760682675e-09,None,None,None,None, , , , 
4881, ,0.02300430119772918,2.768286630392061e-09,None,None,None,None, , , , 
4882, ,0.02300430119772918,2.9673024081888724e-09,None,None,None,None, , , , 
4883, ,0.02300430119772918,3.180625692794119e-09,None,None,None,None, , , , 
4884, ,0.02300430119772918,3.409285069746807e-09,None,None,None,None, , , , 
4885, ,0.02300430119772918,3.654383070957262e-09,None,None,None,None, , , , 
4886, ,0.02300430119772918,3.917101490809261e-09,None,None,None,None, , , , 
4887, ,0.02300430119772918,4.198707084443906e-09,None,None,None,None, , , , 
4888, ,0.02300430119772918,4.500557675700488e-09,None,None,None,None, , , , 
4889, ,0.02300430119772918,4.824108704165374e-09,None,None,None,None, , , , 
4890, ,0.02300430119772918,5.170920242896755e-09,None,None,None,None, , , , 
4891, ,0.02300430119772918,5.542664520663096e-09,None,None,None,None, , , , 
4892, ,0.02300430119772918,5.941133984965041e-09,None,None,None,None, , , , 
4893, ,0.02300430119772918,6.3682499447185856e-09,None,None,None,None, , , , 
4894, ,0.02300430119772918,6.826071834272379e-09,None,None,None,None, , , , 
4895, ,0.02300430119772918,7.316807143427175e-09,None,None,None,None, , , , 
4896, ,0.02300430119772918,7.842822061337681e-09,None,None,None,None, , , , 
4897, ,0.02300430119772918,8.406652885618316e-09,None,None,None,None, , , , 
4898, ,0.02300430119772918,9.011018251665036e-09,None,None,None,None, , , , 
4899, ,0.02300430119772918,9.658832241158707e-09,None,None,None,None, , , , 
4900, ,0.02300430119772918,1.0353218432956616e-08,None,None,None,None, , , , 
4901, ,0.02300430119772918,1.1097524964120722e-08,None,None,None,None, , , , 
4902, ,0.02300430119772918,1.1895340673703208e-08,None,None,None,None, , , , 
4903, ,0.02300430119772918,1.2750512407130128e-08,None,None,None,None, , , , 
4904, ,0.02300430119772918,1.3667163564620044e-08,None,None,None,None, , , , 
4905, ,0.02300430119772918,1.4649713983072853e-08,None,None,None,None, , , , 
4906, ,0.02300430119772918,1.5702901247293774e-08,None,None,None,None, , , , 
4907, ,0.02300430119772918,1.683180353330955e-08,None,None,None,None, , , , 
4908, ,0.02300430119772918,1.8041864093920717e-08,None,None,None,None, , , , 
4909, ,0.02300430119772918,1.933891750455232e-08,None,None,None,None, , , , 
4910, ,0.02300430119772918,2.0729217795953697e-08,None,None,None,None, , , , 
4911, ,0.02300430119772918,2.221946860939524e-08,None,None,None,None, , , , 
4912, ,0.02300430119772918,2.3816855519761606e-08,None,None,None,None, , , , 
4913, ,0.02300430119772918,2.552908068239516e-08,None,None,None,None, , , , 
4914, ,0.02300430119772918,2.7364399970746666e-08,None,None,None,None, , , , 
4915, ,0.02300430119772918,2.933166278390042e-08,None,None,None,None, , , , 
4916, ,0.02300430119772918,3.1440354715915e-08,None,None,None,None, , , , 
4917, ,0.02300430119772918,3.370064329271925e-08,None,None,None,None, , , , 
4918, ,0.02300430119772918,3.612342699709431e-08,None,None,None,None, , , , 
4919, ,0.02300430119772918,3.872038781812557e-08,None,None,None,None, , , , 
4920, ,0.02300430119772918,4.1504047578504727e-08,None,None,None,None, , , , 
4921, ,0.02300430119772918,4.448782831127585e-08,None,None,None,None, , , , 
4922, ,0.02300430119772918,4.768611697714474e-08,None,None,None,None, , , , 
4923, ,0.02300430119772918,5.111433483440165e-08,None,None,None,None, , , , 
4924, ,0.02300430119772918,5.478901179593934e-08,None,None,None,None, , , , 
4925, ,0.02300430119772918,5.872786613189478e-08,None,None,None,None, , , , 
4926, ,0.02300430119772918,6.294988990221888e-08,None,None,None,None, , , , 
4927, ,0.02300430119772918,6.747544053110687e-08,None,None,None,None, , , , 
4928, ,0.02300430119772918,7.232633896483534e-08,None,None,None,None, , , , 
4929, ,0.02300430119772918,7.752597488629465e-08,None,None,None,None, , , , 
4930, ,0.02300430119772918,8.309941949353386e-08,None,None,None,None, , , , 
4931, ,0.02300430119772918,8.907354638610439e-08,None,None,None,None, , , , 
4932, ,0.02300430119772918,9.547716114208066e-08,None,None,None,None, , , , 
4933, ,0.02300430119772918,1.0234114021054528e-07,None,None,None,None, , , , 
4934, ,0.02300430119772918,1.0969857978923841e-07,None,None,None,None, , , , 
4935, ,0.02300430119772918,1.1758495540521555e-07,None,None,None,None, , , , 
4936, ,0.02300430119772918,1.2603829296797277e-07,None,None,None,None, , , , 
4937, ,0.02300430119772918,1.350993521198025e-07,None,None,None,None, , , , 
4938, ,0.02300430119772918,1.4481182276745328e-07,None,None,None,None, , , , 
4939, ,0.02300430119772918,1.552225357427048e-07,None,None,None,None, , , , 
4940, ,0.02300430119772918,1.6638168860761273e-07,None,None,None,None, , , , 
4941, ,0.02300430119772918,1.7834308769319093e-07,None,None,None,None, , , , 
4942, ,0.02300430119772918,1.9116440753857e-07,None,None,None,None, , , , 
4943, ,0.02300430119772918,2.049074689815846e-07,None,None,None,None, , , , 
4944, ,0.02300430119772918,2.1963853724165468e-07,None,None,None,None, , , , 
4945, ,0.02300430119772918,2.3542864143224158e-07,None,None,None,None, , , , 
4946, ,0.02300430119772918,2.523539170434766e-07,None,None,None,None, , , , 
4947, ,0.02300430119772918,2.7049597304631316e-07,None,None,None,None, , , , 
4948, ,0.02300430119772918,2.899422853882875e-07,None,None,None,None, , , , 
4949, ,0.02300430119772918,3.107866187782014e-07,None,None,None,None, , , , 
4950, ,0.02300430119772918,3.33129478793467e-07,None,None,None,None, , , , 
4951, ,0.02300430119772918,3.5707859649004626e-07,None,None,None,None, , , , 
4952, ,0.02300430119772918,3.827494478516307e-07,None,None,None,None, , , , 
4953, ,0.02300430119772918,4.1026581058271904e-07,None,None,None,None, , , , 
4954, ,0.02300430119772918,4.397603609302722e-07,None,None,None,None, , , , 
4955, ,0.02300430119772918,4.7137531341167185e-07,None,None,None,None, , , , 
4956, ,0.02300430119772918,5.052631065335679e-07,None,None,None,None, , , , 
4957, ,0.02300430119772918,5.415871378079465e-07,None,None,None,None, , , , 
4958, ,0.02300430119772918,5.805225516094896e-07,None,None,None,None, , , , 
4959, ,0.02300430119772918,6.222570836730232e-07,None,None,None,None, , , , 
4960, ,0.02300430119772918,6.669919663030115e-07,None,None,None,None, , , , 
4961, ,0.02300430119772918,7.149428986597576e-07,None,None,None,None, , , , 
4962, ,0.02300430119772918,7.663410868007445e-07,None,None,None,None, , , , 
4963, ,0.02300430119772918,8.214343584919422e-07,None,None,None,None, , , , 
4964, ,0.02300430119772918,8.804883581643463e-07,None,None,None,None, , , , 
4965, ,0.02300430119772918,9.437878277775371e-07,None,None,None,None, , , , 
4966, ,0.02300430119772918,1.0116379797662072e-06,None,None,None,None, , , , 
4967, ,0.02300430119772918,1.0843659686896086e-06,None,None,None,None, , , , 
4968, ,0.02300430119772918,1.1623224686798522e-06,None,None,None,None, , , , 
4969, ,0.02300430119772918,1.2458833642950078e-06,None,None,None,None, , , , 
4970, ,0.02300430119772918,1.3354515629298971e-06,None,None,None,None, , , , 
4971, ,0.02300430119772918,1.4314589375234786e-06,None,None,None,None, , , , 
4972, ,0.02300430119772918,1.53436840893001e-06,None,None,None,None, , , , 
4973, ,0.02300430119772918,1.6446761779946631e-06,None,None,None,None, , , , 
4974, ,0.02300430119772918,1.762914118095948e-06,None,None,None,None, , , , 
4975, ,0.02300430119772918,1.8896523396912082e-06,None,None,None,None, , , , 
4976, ,0.02300430119772918,2.0255019392306664e-06,None,None,None,None, , , , 
4977, ,0.02300430119772918,2.171117945694501e-06,None,None,None,None, , , , 
4978, ,0.02300430119772918,2.327202478960408e-06,None,None,None,None, , , , 
4979, ,0.02300430119772918,2.494508135230317e-06,None,None,None,None, , , , 
4980, ,0.02300430119772918,2.673841615839944e-06,None,None,None,None, , , , 
4981, ,0.02300430119772918,2.8660676169482507e-06,None,None,None,None, , , , 
4982, ,0.02300430119772918,3.0721129988617524e-06,None,None,None,None, , , , 
4983, ,0.02300430119772918,3.292971255097148e-06,None,None,None,None, , , , 
4984, ,0.02300430119772918,3.5297073027306505e-06,None,None,None,None, , , , 
4985, ,0.02300430119772918,3.783462617131925e-06,None,None,None,None, , , , 
4986, ,0.02300430119772918,4.0554607358408275e-06,None,None,None,None, , , , 
4987, ,0.02300430119772918,4.3470131581250175e-06,None,None,None,None, , , , 
4988, ,0.02300430119772918,4.6595256686646765e-06,None,None,None,None, , , , 
4989, ,0.02300430119772918,4.99450511585514e-06,None,None,None,None, , , , 
4990, ,0.02300430119772918,5.353566677410719e-06,None,None,None,None, , , , 
4991, ,0.02300430119772918,5.738441648302393e-06,None,None,None,None, , , , 
4992, ,0.02300430119772918,6.150985788580505e-06,None,None,None,None, , , , 
4993, ,0.02300430119772918,6.593188271333541e-06,None,None,None,None, , , , 
4994, ,0.02300430119772918,7.067181273927492e-06,None,None,None,None, , , , 
4995, ,0.02300430119772918,7.575250258771904e-06,None,None,None,None, , , , 
4996, ,0.02300430119772918,8.119844993184007e-06,None,None,None,None, , , , 
4997, ,0.02300430119772918,8.703591361485167e-06,None,None,None,None, , , , 
4998, ,0.02300430119772918,9.329304026284676e-06,None,None,None,None, , , , 
4999, ,0.02300430119772918,1e-05,None,None,None,None, , , , 
5000, ,0.023816855519761586,1e-11,None,None,None,None, , , , 
5001, ,0.023816855519761586,1.0718913192051263e-11,None,None,None,None, , , , 
5002, ,0.023816855519761586,1.1489510001873107e-11,None,None,None,None, , , , 
5003, ,0.023816855519761586,1.2315506032928262e-11,None,None,None,None, , , , 
5004, ,0.023816855519761586,1.3200884008314167e-11,None,None,None,None, , , , 
5005, ,0.023816855519761586,1.4149912974345786e-11,None,None,None,None, , , , 
5006, ,0.023816855519761586,1.5167168884709242e-11,None,None,None,None, , , , 
5007, ,0.023816855519761586,1.6257556664437934e-11,None,None,None,None, , , , 
5008, ,0.023816855519761586,1.7426333860096473e-11,None,None,None,None, , , , 
5009, ,0.023816855519761586,1.8679135990207848e-11,None,None,None,None, , , , 
5010, ,0.023816855519761586,2.0022003718155844e-11,None,None,None,None, , , , 
5011, ,0.023816855519761586,2.1461411978584013e-11,None,None,None,None, , , , 
5012, ,0.023816855519761586,2.300430119772921e-11,None,None,None,None, , , , 
5013, ,0.023816855519761586,2.465811075822604e-11,None,None,None,None, , , , 
5014, ,0.023816855519761586,2.643081486974103e-11,None,None,None,None, , , , 
5015, ,0.023816855519761586,2.8330961018393178e-11,None,None,None,None, , , , 
5016, ,0.023816855519761586,3.036771118035461e-11,None,None,None,None, , , , 
5017, ,0.023816855519761586,3.255088599835057e-11,None,None,None,None, , , , 
5018, ,0.023816855519761586,3.4891012134067674e-11,None,None,None,None, , , , 
5019, ,0.023816855519761586,3.739937302478801e-11,None,None,None,None, , , , 
5020, ,0.023816855519761586,4.0088063288984646e-11,None,None,None,None, , , , 
5021, ,0.023816855519761586,4.297004704320835e-11,None,None,None,None, , , , 
5022, ,0.023816855519761586,4.605922041145113e-11,None,None,None,None, , , , 
5023, ,0.023816855519761586,4.937047852839004e-11,None,None,None,None, , , , 
5024, ,0.023816855519761586,5.2919787359584366e-11,None,None,None,None, , , , 
5025, ,0.023816855519761586,5.672426068491989e-11,None,None,None,None, , , , 
5026, ,0.023816855519761586,6.080224261649427e-11,None,None,None,None, , , , 
5027, ,0.023816855519761586,6.517339604882421e-11,None,None,None,None, , , , 
5028, ,0.023816855519761586,6.985879746785235e-11,None,None,None,None, , , , 
5029, ,0.023816855519761586,7.48810385759003e-11,None,None,None,None, , , , 
5030, ,0.023816855519761586,8.026433522257174e-11,None,None,None,None, , , , 
5031, ,0.023816855519761586,8.603464416684492e-11,None,None,None,None, , , , 
5032, ,0.023816855519761586,9.221978823334341e-11,None,None,None,None, , , , 
5033, ,0.023816855519761586,9.884959046625586e-11,None,None,None,None, , , , 
5034, ,0.023816855519761586,1.0595601792776149e-10,None,None,None,None, , , , 
5035, ,0.023816855519761586,1.1357333583431027e-10,None,None,None,None, , , , 
5036, ,0.023816855519761586,1.217382727739662e-10,None,None,None,None, , , , 
5037, ,0.023816855519761586,1.3049019780144016e-10,None,None,None,None, , , , 
5038, ,0.023816855519761586,1.398713102647236e-10,None,None,None,None, , , , 
5039, ,0.023816855519761586,1.4992684327860468e-10,None,None,None,None, , , , 
5040, ,0.023816855519761586,1.6070528182616384e-10,None,None,None,None, , , , 
5041, ,0.023816855519761586,1.722585965398784e-10,None,None,None,None, , , , 
5042, ,0.023816855519761586,1.8464249428955463e-10,None,None,None,None, , , , 
5043, ,0.023816855519761586,1.9791668678535569e-10,None,None,None,None, , , , 
5044, ,0.023816855519761586,2.121451784910628e-10,None,None,None,None, , , , 
5045, ,0.023816855519761586,2.273965752357932e-10,None,None,None,None, , , , 
5046, ,0.023816855519761586,2.4374441501222216e-10,None,None,None,None, , , , 
5047, ,0.023816855519761586,2.6126752255633265e-10,None,None,None,None, , , , 
5048, ,0.023816855519761586,2.8005038941836253e-10,None,None,None,None, , , , 
5049, ,0.023816855519761586,3.0018358135755917e-10,None,None,None,None, , , , 
5050, ,0.023816855519761586,3.2176417502507347e-10,None,None,None,None, , , , 
5051, ,0.023816855519761586,3.4489622604057533e-10,None,None,None,None, , , , 
5052, ,0.023816855519761586,3.696912707195032e-10,None,None,None,None, , , , 
5053, ,0.023816855519761586,3.9626886387014783e-10,None,None,None,None, , , , 
5054, ,0.023816855519761586,4.2475715525368935e-10,None,None,None,None, , , , 
5055, ,0.023816855519761586,4.552935074866938e-10,None,None,None,None, , , , 
5056, ,0.023816855519761586,4.880251583654433e-10,None,None,None,None, , , , 
5057, ,0.023816855519761586,5.231099308056258e-10,None,None,None,None, , , , 
5058, ,0.023816855519761586,5.60716993820547e-10,None,None,None,None, , , , 
5059, ,0.023816855519761586,6.010276782070387e-10,None,None,None,None, , , , 
5060, ,0.023816855519761586,6.442363508721371e-10,None,None,None,None, , , , 
5061, ,0.023816855519761586,6.905513520162316e-10,None,None,None,None, , , , 
5062, ,0.023816855519761586,7.401959996915653e-10,None,None,None,None, , , , 
5063, ,0.023816855519761586,7.934096665797492e-10,None,None,None,None, , , , 
5064, ,0.023816855519761586,8.504489341802668e-10,None,None,None,None, , , , 
5065, ,0.023816855519761586,9.115888299750837e-10,None,None,None,None, , , , 
5066, ,0.023816855519761586,9.771241535346502e-10,None,None,None,None, , , , 
5067, ,0.023816855519761586,1.0473708979594486e-09,None,None,None,None, , , , 
5068, ,0.023816855519761586,1.1226677735108114e-09,None,None,None,None, , , , 
5069, ,0.023816855519761586,1.2033778407775904e-09,None,None,None,None, , , , 
5070, ,0.023816855519761586,1.289890261253308e-09,None,None,None,None, , , , 
5071, ,0.023816855519761586,1.3826221737646535e-09,None,None,None,None, , , , 
5072, ,0.023816855519761586,1.4820207057988602e-09,None,None,None,None, , , , 
5073, ,0.023816855519761586,1.5885651294280526e-09,None,None,None,None, , , , 
5074, ,0.023816855519761586,1.702769172225898e-09,None,None,None,None, , , , 
5075, ,0.023816855519761586,1.825183494319039e-09,None,None,None,None, , , , 
5076, ,0.023816855519761586,1.956398343517065e-09,None,None,None,None, , , , 
5077, ,0.023816855519761586,2.0970464013232305e-09,None,None,None,None, , , , 
5078, ,0.023816855519761586,2.2478058335487307e-09,None,None,None,None, , , , 
5079, ,0.023816855519761586,2.409403560239527e-09,None,None,None,None, , , , 
5080, ,0.023816855519761586,2.582618760682675e-09,None,None,None,None, , , , 
5081, ,0.023816855519761586,2.768286630392061e-09,None,None,None,None, , , , 
5082, ,0.023816855519761586,2.9673024081888724e-09,None,None,None,None, , , , 
5083, ,0.023816855519761586,3.180625692794119e-09,None,None,None,None, , , , 
5084, ,0.023816855519761586,3.409285069746807e-09,None,None,None,None, , , , 
5085, ,0.023816855519761586,3.654383070957262e-09,None,None,None,None, , , , 
5086, ,0.023816855519761586,3.917101490809261e-09,None,None,None,None, , , , 
5087, ,0.023816855519761586,4.198707084443906e-09,None,None,None,None, , , , 
5088, ,0.023816855519761586,4.500557675700488e-09,None,None,None,None, , , , 
5089, ,0.023816855519761586,4.824108704165374e-09,None,None,None,None, , , , 
5090, ,0.023816855519761586,5.170920242896755e-09,None,None,None,None, , , , 
5091, ,0.023816855519761586,5.542664520663096e-09,None,None,None,None, , , , 
5092, ,0.023816855519761586,5.941133984965041e-09,None,None,None,None, , , , 
5093, ,0.023816855519761586,6.3682499447185856e-09,None,None,None,None, , , , 
5094, ,0.023816855519761586,6.826071834272379e-09,None,None,None,None, , , , 
5095, ,0.023816855519761586,7.316807143427175e-09,None,None,None,None, , , , 
5096, ,0.023816855519761586,7.842822061337681e-09,None,None,None,None, , , , 
5097, ,0.023816855519761586,8.406652885618316e-09,None,None,None,None, , , , 
5098, ,0.023816855519761586,9.011018251665036e-09,None,None,None,None, , , , 
5099, ,0.023816855519761586,9.658832241158707e-09,None,None,None,None, , , , 
5100, ,0.023816855519761586,1.0353218432956616e-08,None,None,None,None, , , , 
5101, ,0.023816855519761586,1.1097524964120722e-08,None,None,None,None, , , , 
5102, ,0.023816855519761586,1.1895340673703208e-08,None,None,None,None, , , , 
5103, ,0.023816855519761586,1.2750512407130128e-08,None,None,None,None, , , , 
5104, ,0.023816855519761586,1.3667163564620044e-08,None,None,None,None, , , , 
5105, ,0.023816855519761586,1.4649713983072853e-08,None,None,None,None, , , , 
5106, ,0.023816855519761586,1.5702901247293774e-08,None,None,None,None, , , , 
5107, ,0.023816855519761586,1.683180353330955e-08,None,None,None,None, , , , 
5108, ,0.023816855519761586,1.8041864093920717e-08,None,None,None,None, , , , 
5109, ,0.023816855519761586,1.933891750455232e-08,None,None,None,None, , , , 
5110, ,0.023816855519761586,2.0729217795953697e-08,None,None,None,None, , , , 
5111, ,0.023816855519761586,2.221946860939524e-08,None,None,None,None, , , , 
5112, ,0.023816855519761586,2.3816855519761606e-08,None,None,None,None, , , , 
5113, ,0.023816855519761586,2.552908068239516e-08,None,None,None,None, , , , 
5114, ,0.023816855519761586,2.7364399970746666e-08,None,None,None,None, , , , 
5115, ,0.023816855519761586,2.933166278390042e-08,None,None,None,None, , , , 
5116, ,0.023816855519761586,3.1440354715915e-08,None,None,None,None, , , , 
5117, ,0.023816855519761586,3.370064329271925e-08,None,None,None,None, , , , 
5118, ,0.023816855519761586,3.612342699709431e-08,None,None,None,None, , , , 
5119, ,0.023816855519761586,3.872038781812557e-08,None,None,None,None, , , , 
5120, ,0.023816855519761586,4.1504047578504727e-08,None,None,None,None, , , , 
5121, ,0.023816855519761586,4.448782831127585e-08,None,None,None,None, , , , 
5122, ,0.023816855519761586,4.768611697714474e-08,None,None,None,None, , , , 
5123, ,0.023816855519761586,5.111433483440165e-08,None,None,None,None, , , , 
5124, ,0.023816855519761586,5.478901179593934e-08,None,None,None,None, , , , 
5125, ,0.023816855519761586,5.872786613189478e-08,None,None,None,None, , , , 
5126, ,0.023816855519761586,6.294988990221888e-08,None,None,None,None, , , , 
5127, ,0.023816855519761586,6.747544053110687e-08,None,None,None,None, , , , 
5128, ,0.023816855519761586,7.232633896483534e-08,None,None,None,None, , , , 
5129, ,0.023816855519761586,7.752597488629465e-08,None,None,None,None, , , , 
5130, ,0.023816855519761586,8.309941949353386e-08,None,None,None,None, , , , 
5131, ,0.023816855519761586,8.907354638610439e-08,None,None,None,None, , , , 
5132, ,0.023816855519761586,9.547716114208066e-08,None,None,None,None, , , , 
5133, ,0.023816855519761586,1.0234114021054528e-07,None,None,None,None, , , , 
5134, ,0.023816855519761586,1.0969857978923841e-07,None,None,None,None, , , , 
5135, ,0.023816855519761586,1.1758495540521555e-07,None,None,None,None, , , , 
5136, ,0.023816855519761586,1.2603829296797277e-07,None,None,None,None, , , , 
5137, ,0.023816855519761586,1.350993521198025e-07,None,None,None,None, , , , 
5138, ,0.023816855519761586,1.4481182276745328e-07,None,None,None,None, , , , 
5139, ,0.023816855519761586,1.552225357427048e-07,None,None,None,None, , , , 
5140, ,0.023816855519761586,1.6638168860761273e-07,None,None,None,None, , , , 
5141, ,0.023816855519761586,1.7834308769319093e-07,None,None,None,None, , , , 
5142, ,0.023816855519761586,1.9116440753857e-07,None,None,None,None, , , , 
5143, ,0.023816855519761586,2.049074689815846e-07,None,None,None,None, , , , 
5144, ,0.023816855519761586,2.1963853724165468e-07,None,None,None,None, , , , 
5145, ,0.023816855519761586,2.3542864143224158e-07,None,None,None,None, , , , 
5146, ,0.023816855519761586,2.523539170434766e-07,None,None,None,None, , , , 
5147, ,0.023816855519761586,2.7049597304631316e-07,None,None,None,None, , , , 
5148, ,0.023816855519761586,2.899422853882875e-07,None,None,None,None, , , , 
5149, ,0.023816855519761586,3.107866187782014e-07,None,None,None,None, , , , 
5150, ,0.023816855519761586,3.33129478793467e-07,None,None,None,None, , , , 
5151, ,0.023816855519761586,3.5707859649004626e-07,None,None,None,None, , , , 
5152, ,0.023816855519761586,3.827494478516307e-07,None,None,None,None, , , , 
5153, ,0.023816855519761586,4.1026581058271904e-07,None,None,None,None, , , , 
5154, ,0.023816855519761586,4.397603609302722e-07,None,None,None,None, , , , 
5155, ,0.023816855519761586,4.7137531341167185e-07,None,None,None,None, , , , 
5156, ,0.023816855519761586,5.052631065335679e-07,None,None,None,None, , , , 
5157, ,0.023816855519761586,5.415871378079465e-07,None,None,None,None, , , , 
5158, ,0.023816855519761586,5.805225516094896e-07,None,None,None,None, , , , 
5159, ,0.023816855519761586,6.222570836730232e-07,None,None,None,None, , , , 
5160, ,0.023816855519761586,6.669919663030115e-07,None,None,None,None, , , , 
5161, ,0.023816855519761586,7.149428986597576e-07,None,None,None,None, , , , 
5162, ,0.023816855519761586,7.663410868007445e-07,None,None,None,None, , , , 
5163, ,0.023816855519761586,8.214343584919422e-07,None,None,None,None, , , , 
5164, ,0.023816855519761586,8.804883581643463e-07,None,None,None,None, , , , 
5165, ,0.023816855519761586,9.437878277775371e-07,None,None,None,None, , , , 
5166, ,0.023816855519761586,1.0116379797662072e-06,None,None,None,None, , , , 
5167, ,0.023816855519761586,1.0843659686896086e-06,None,None,None,None, , , , 
5168, ,0.023816855519761586,1.1623224686798522e-06,None,None,None,None, , , , 
5169, ,0.023816855519761586,1.2458833642950078e-06,None,None,None,None, , , , 
5170, ,0.023816855519761586,1.3354515629298971e-06,None,None,None,None, , , , 
5171, ,0.023816855519761586,1.4314589375234786e-06,None,None,None,None, , , , 
5172, ,0.023816855519761586,1.53436840893001e-06,None,None,None,None, , , , 
5173, ,0.023816855519761586,1.6446761779946631e-06,None,None,None,None, , , , 
5174, ,0.023816855519761586,1.762914118095948e-06,None,None,None,None, , , , 
5175, ,0.023816855519761586,1.8896523396912082e-06,None,None,None,None, , , , 
5176, ,0.023816855519761586,2.0255019392306664e-06,None,None,None,None, , , , 
5177, ,0.023816855519761586,2.171117945694501e-06,None,None,None,None, , , , 
5178, ,0.023816855519761586,2.327202478960408e-06,None,None,None,None, , , , 
5179, ,0.023816855519761586,2.494508135230317e-06,None,None,None,None, , , , 
5180, ,0.023816855519761586,2.673841615839944e-06,None,None,None,None, , , , 
5181, ,0.023816855519761586,2.8660676169482507e-06,None,None,None,None, , , , 
5182, ,0.023816855519761586,3.0721129988617524e-06,None,None,None,None, , , , 
5183, ,0.023816855519761586,3.292971255097148e-06,None,None,None,None, , , , 
5184, ,0.023816855519761586,3.5297073027306505e-06,None,None,None,None, , , , 
5185, ,0.023816855519761586,3.783462617131925e-06,None,None,None,None, , , , 
5186, ,0.023816855519761586,4.0554607358408275e-06,None,None,None,None, , , , 
5187, ,0.023816855519761586,4.3470131581250175e-06,None,None,None,None, , , , 
5188, ,0.023816855519761586,4.6595256686646765e-06,None,None,None,None, , , , 
5189, ,0.023816855519761586,4.99450511585514e-06,None,None,None,None, , , , 
5190, ,0.023816855519761586,5.353566677410719e-06,None,None,None,None, , , , 
5191, ,0.023816855519761586,5.738441648302393e-06,None,None,None,None, , , , 
5192, ,0.023816855519761586,6.150985788580505e-06,None,None,None,None, , , , 
5193, ,0.023816855519761586,6.593188271333541e-06,None,None,None,None, , , , 
5194, ,0.023816855519761586,7.067181273927492e-06,None,None,None,None, , , , 
5195, ,0.023816855519761586,7.575250258771904e-06,None,None,None,None, , , , 
5196, ,0.023816855519761586,8.119844993184007e-06,None,None,None,None, , , , 
5197, ,0.023816855519761586,8.703591361485167e-06,None,None,None,None, , , , 
5198, ,0.023816855519761586,9.329304026284676e-06,None,None,None,None, , , , 
5199, ,0.023816855519761586,1e-05,None,None,None,None, , , , 
5200, ,0.024658110758226028,1e-11,None,None,None,None, , , , 
5201, ,0.024658110758226028,1.0718913192051263e-11,None,None,None,None, , , , 
5202, ,0.024658110758226028,1.1489510001873107e-11,None,None,None,None, , , , 
5203, ,0.024658110758226028,1.2315506032928262e-11,None,None,None,None, , , , 
5204, ,0.024658110758226028,1.3200884008314167e-11,None,None,None,None, , , , 
5205, ,0.024658110758226028,1.4149912974345786e-11,None,None,None,None, , , , 
5206, ,0.024658110758226028,1.5167168884709242e-11,None,None,None,None, , , , 
5207, ,0.024658110758226028,1.6257556664437934e-11,None,None,None,None, , , , 
5208, ,0.024658110758226028,1.7426333860096473e-11,None,None,None,None, , , , 
5209, ,0.024658110758226028,1.8679135990207848e-11,None,None,None,None, , , , 
5210, ,0.024658110758226028,2.0022003718155844e-11,None,None,None,None, , , , 
5211, ,0.024658110758226028,2.1461411978584013e-11,None,None,None,None, , , , 
5212, ,0.024658110758226028,2.300430119772921e-11,None,None,None,None, , , , 
5213, ,0.024658110758226028,2.465811075822604e-11,None,None,None,None, , , , 
5214, ,0.024658110758226028,2.643081486974103e-11,None,None,None,None, , , , 
5215, ,0.024658110758226028,2.8330961018393178e-11,None,None,None,None, , , , 
5216, ,0.024658110758226028,3.036771118035461e-11,None,None,None,None, , , , 
5217, ,0.024658110758226028,3.255088599835057e-11,None,None,None,None, , , , 
5218, ,0.024658110758226028,3.4891012134067674e-11,None,None,None,None, , , , 
5219, ,0.024658110758226028,3.739937302478801e-11,None,None,None,None, , , , 
5220, ,0.024658110758226028,4.0088063288984646e-11,None,None,None,None, , , , 
5221, ,0.024658110758226028,4.297004704320835e-11,None,None,None,None, , , , 
5222, ,0.024658110758226028,4.605922041145113e-11,None,None,None,None, , , , 
5223, ,0.024658110758226028,4.937047852839004e-11,None,None,None,None, , , , 
5224, ,0.024658110758226028,5.2919787359584366e-11,None,None,None,None, , , , 
5225, ,0.024658110758226028,5.672426068491989e-11,None,None,None,None, , , , 
5226, ,0.024658110758226028,6.080224261649427e-11,None,None,None,None, , , , 
5227, ,0.024658110758226028,6.517339604882421e-11,None,None,None,None, , , , 
5228, ,0.024658110758226028,6.985879746785235e-11,None,None,None,None, , , , 
5229, ,0.024658110758226028,7.48810385759003e-11,None,None,None,None, , , , 
5230, ,0.024658110758226028,8.026433522257174e-11,None,None,None,None, , , , 
5231, ,0.024658110758226028,8.603464416684492e-11,None,None,None,None, , , , 
5232, ,0.024658110758226028,9.221978823334341e-11,None,None,None,None, , , , 
5233, ,0.024658110758226028,9.884959046625586e-11,None,None,None,None, , , , 
5234, ,0.024658110758226028,1.0595601792776149e-10,None,None,None,None, , , , 
5235, ,0.024658110758226028,1.1357333583431027e-10,None,None,None,None, , , , 
5236, ,0.024658110758226028,1.217382727739662e-10,None,None,None,None, , , , 
5237, ,0.024658110758226028,1.3049019780144016e-10,None,None,None,None, , , , 
5238, ,0.024658110758226028,1.398713102647236e-10,None,None,None,None, , , , 
5239, ,0.024658110758226028,1.4992684327860468e-10,None,None,None,None, , , , 
5240, ,0.024658110758226028,1.6070528182616384e-10,None,None,None,None, , , , 
5241, ,0.024658110758226028,1.722585965398784e-10,None,None,None,None, , , , 
5242, ,0.024658110758226028,1.8464249428955463e-10,None,None,None,None, , , , 
5243, ,0.024658110758226028,1.9791668678535569e-10,None,None,None,None, , , , 
5244, ,0.024658110758226028,2.121451784910628e-10,None,None,None,None, , , , 
5245, ,0.024658110758226028,2.273965752357932e-10,None,None,None,None, , , , 
5246, ,0.024658110758226028,2.4374441501222216e-10,None,None,None,None, , , , 
5247, ,0.024658110758226028,2.6126752255633265e-10,None,None,None,None, , , , 
5248, ,0.024658110758226028,2.8005038941836253e-10,None,None,None,None, , , , 
5249, ,0.024658110758226028,3.0018358135755917e-10,None,None,None,None, , , , 
5250, ,0.024658110758226028,3.2176417502507347e-10,None,None,None,None, , , , 
5251, ,0.024658110758226028,3.4489622604057533e-10,None,None,None,None, , , , 
5252, ,0.024658110758226028,3.696912707195032e-10,None,None,None,None, , , , 
5253, ,0.024658110758226028,3.9626886387014783e-10,None,None,None,None, , , , 
5254, ,0.024658110758226028,4.2475715525368935e-10,None,None,None,None, , , , 
5255, ,0.024658110758226028,4.552935074866938e-10,None,None,None,None, , , , 
5256, ,0.024658110758226028,4.880251583654433e-10,None,None,None,None, , , , 
5257, ,0.024658110758226028,5.231099308056258e-10,None,None,None,None, , , , 
5258, ,0.024658110758226028,5.60716993820547e-10,None,None,None,None, , , , 
5259, ,0.024658110758226028,6.010276782070387e-10,None,None,None,None, , , , 
5260, ,0.024658110758226028,6.442363508721371e-10,None,None,None,None, , , , 
5261, ,0.024658110758226028,6.905513520162316e-10,None,None,None,None, , , , 
5262, ,0.024658110758226028,7.401959996915653e-10,None,None,None,None, , , , 
5263, ,0.024658110758226028,7.934096665797492e-10,None,None,None,None, , , , 
5264, ,0.024658110758226028,8.504489341802668e-10,None,None,None,None, , , , 
5265, ,0.024658110758226028,9.115888299750837e-10,None,None,None,None, , , , 
5266, ,0.024658110758226028,9.771241535346502e-10,None,None,None,None, , , , 
5267, ,0.024658110758226028,1.0473708979594486e-09,None,None,None,None, , , , 
5268, ,0.024658110758226028,1.1226677735108114e-09,None,None,None,None, , , , 
5269, ,0.024658110758226028,1.2033778407775904e-09,None,None,None,None, , , , 
5270, ,0.024658110758226028,1.289890261253308e-09,None,None,None,None, , , , 
5271, ,0.024658110758226028,1.3826221737646535e-09,None,None,None,None, , , , 
5272, ,0.024658110758226028,1.4820207057988602e-09,None,None,None,None, , , , 
5273, ,0.024658110758226028,1.5885651294280526e-09,None,None,None,None, , , , 
5274, ,0.024658110758226028,1.702769172225898e-09,None,None,None,None, , , , 
5275, ,0.024658110758226028,1.825183494319039e-09,None,None,None,None, , , , 
5276, ,0.024658110758226028,1.956398343517065e-09,None,None,None,None, , , , 
5277, ,0.024658110758226028,2.0970464013232305e-09,None,None,None,None, , , , 
5278, ,0.024658110758226028,2.2478058335487307e-09,None,None,None,None, , , , 
5279, ,0.024658110758226028,2.409403560239527e-09,None,None,None,None, , , , 
5280, ,0.024658110758226028,2.582618760682675e-09,None,None,None,None, , , , 
5281, ,0.024658110758226028,2.768286630392061e-09,None,None,None,None, , , , 
5282, ,0.024658110758226028,2.9673024081888724e-09,None,None,None,None, , , , 
5283, ,0.024658110758226028,3.180625692794119e-09,None,None,None,None, , , , 
5284, ,0.024658110758226028,3.409285069746807e-09,None,None,None,None, , , , 
5285, ,0.024658110758226028,3.654383070957262e-09,None,None,None,None, , , , 
5286, ,0.024658110758226028,3.917101490809261e-09,None,None,None,None, , , , 
5287, ,0.024658110758226028,4.198707084443906e-09,None,None,None,None, , , , 
5288, ,0.024658110758226028,4.500557675700488e-09,None,None,None,None, , , , 
5289, ,0.024658110758226028,4.824108704165374e-09,None,None,None,None, , , , 
5290, ,0.024658110758226028,5.170920242896755e-09,None,None,None,None, , , , 
5291, ,0.024658110758226028,5.542664520663096e-09,None,None,None,None, , , , 
5292, ,0.024658110758226028,5.941133984965041e-09,None,None,None,None, , , , 
5293, ,0.024658110758226028,6.3682499447185856e-09,None,None,None,None, , , , 
5294, ,0.024658110758226028,6.826071834272379e-09,None,None,None,None, , , , 
5295, ,0.024658110758226028,7.316807143427175e-09,None,None,None,None, , , , 
5296, ,0.024658110758226028,7.842822061337681e-09,None,None,None,None, , , , 
5297, ,0.024658110758226028,8.406652885618316e-09,None,None,None,None, , , , 
5298, ,0.024658110758226028,9.011018251665036e-09,None,None,None,None, , , , 
5299, ,0.024658110758226028,9.658832241158707e-09,None,None,None,None, , , , 
5300, ,0.024658110758226028,1.0353218432956616e-08,None,None,None,None, , , , 
5301, ,0.024658110758226028,1.1097524964120722e-08,None,None,None,None, , , , 
5302, ,0.024658110758226028,1.1895340673703208e-08,None,None,None,None, , , , 
5303, ,0.024658110758226028,1.2750512407130128e-08,None,None,None,None, , , , 
5304, ,0.024658110758226028,1.3667163564620044e-08,None,None,None,None, , , , 
5305, ,0.024658110758226028,1.4649713983072853e-08,None,None,None,None, , , , 
5306, ,0.024658110758226028,1.5702901247293774e-08,None,None,None,None, , , , 
5307, ,0.024658110758226028,1.683180353330955e-08,None,None,None,None, , , , 
5308, ,0.024658110758226028,1.8041864093920717e-08,None,None,None,None, , , , 
5309, ,0.024658110758226028,1.933891750455232e-08,None,None,None,None, , , , 
5310, ,0.024658110758226028,2.0729217795953697e-08,None,None,None,None, , , , 
5311, ,0.024658110758226028,2.221946860939524e-08,None,None,None,None, , , , 
5312, ,0.024658110758226028,2.3816855519761606e-08,None,None,None,None, , , , 
5313, ,0.024658110758226028,2.552908068239516e-08,None,None,None,None, , , , 
5314, ,0.024658110758226028,2.7364399970746666e-08,None,None,None,None, , , , 
5315, ,0.024658110758226028,2.933166278390042e-08,None,None,None,None, , , , 
5316, ,0.024658110758226028,3.1440354715915e-08,None,None,None,None, , , , 
5317, ,0.024658110758226028,3.370064329271925e-08,None,None,None,None, , , , 
5318, ,0.024658110758226028,3.612342699709431e-08,None,None,None,None, , , , 
5319, ,0.024658110758226028,3.872038781812557e-08,None,None,None,None, , , , 
5320, ,0.024658110758226028,4.1504047578504727e-08,None,None,None,None, , , , 
5321, ,0.024658110758226028,4.448782831127585e-08,None,None,None,None, , , , 
5322, ,0.024658110758226028,4.768611697714474e-08,None,None,None,None, , , , 
5323, ,0.024658110758226028,5.111433483440165e-08,None,None,None,None, , , , 
5324, ,0.024658110758226028,5.478901179593934e-08,None,None,None,None, , , , 
5325, ,0.024658110758226028,5.872786613189478e-08,None,None,None,None, , , , 
5326, ,0.024658110758226028,6.294988990221888e-08,None,None,None,None, , , , 
5327, ,0.024658110758226028,6.747544053110687e-08,None,None,None,None, , , , 
5328, ,0.024658110758226028,7.232633896483534e-08,None,None,None,None, , , , 
5329, ,0.024658110758226028,7.752597488629465e-08,None,None,None,None, , , , 
5330, ,0.024658110758226028,8.309941949353386e-08,None,None,None,None, , , , 
5331, ,0.024658110758226028,8.907354638610439e-08,None,None,None,None, , , , 
5332, ,0.024658110758226028,9.547716114208066e-08,None,None,None,None, , , , 
5333, ,0.024658110758226028,1.0234114021054528e-07,None,None,None,None, , , , 
5334, ,0.024658110758226028,1.0969857978923841e-07,None,None,None,None, , , , 
5335, ,0.024658110758226028,1.1758495540521555e-07,None,None,None,None, , , , 
5336, ,0.024658110758226028,1.2603829296797277e-07,None,None,None,None, , , , 
5337, ,0.024658110758226028,1.350993521198025e-07,None,None,None,None, , , , 
5338, ,0.024658110758226028,1.4481182276745328e-07,None,None,None,None, , , , 
5339, ,0.024658110758226028,1.552225357427048e-07,None,None,None,None, , , , 
5340, ,0.024658110758226028,1.6638168860761273e-07,None,None,None,None, , , , 
5341, ,0.024658110758226028,1.7834308769319093e-07,None,None,None,None, , , , 
5342, ,0.024658110758226028,1.9116440753857e-07,None,None,None,None, , , , 
5343, ,0.024658110758226028,2.049074689815846e-07,None,None,None,None, , , , 
5344, ,0.024658110758226028,2.1963853724165468e-07,None,None,None,None, , , , 
5345, ,0.024658110758226028,2.3542864143224158e-07,None,None,None,None, , , , 
5346, ,0.024658110758226028,2.523539170434766e-07,None,None,None,None, , , , 
5347, ,0.024658110758226028,2.7049597304631316e-07,None,None,None,None, , , , 
5348, ,0.024658110758226028,2.899422853882875e-07,None,None,None,None, , , , 
5349, ,0.024658110758226028,3.107866187782014e-07,None,None,None,None, , , , 
5350, ,0.024658110758226028,3.33129478793467e-07,None,None,None,None, , , , 
5351, ,0.024658110758226028,3.5707859649004626e-07,None,None,None,None, , , , 
5352, ,0.024658110758226028,3.827494478516307e-07,None,None,None,None, , , , 
5353, ,0.024658110758226028,4.1026581058271904e-07,None,None,None,None, , , , 
5354, ,0.024658110758226028,4.397603609302722e-07,None,None,None,None, , , , 
5355, ,0.024658110758226028,4.7137531341167185e-07,None,None,None,None, , , , 
5356, ,0.024658110758226028,5.052631065335679e-07,None,None,None,None, , , , 
5357, ,0.024658110758226028,5.415871378079465e-07,None,None,None,None, , , , 
5358, ,0.024658110758226028,5.805225516094896e-07,None,None,None,None, , , , 
5359, ,0.024658110758226028,6.222570836730232e-07,None,None,None,None, , , , 
5360, ,0.024658110758226028,6.669919663030115e-07,None,None,None,None, , , , 
5361, ,0.024658110758226028,7.149428986597576e-07,None,None,None,None, , , , 
5362, ,0.024658110758226028,7.663410868007445e-07,None,None,None,None, , , , 
5363, ,0.024658110758226028,8.214343584919422e-07,None,None,None,None, , , , 
5364, ,0.024658110758226028,8.804883581643463e-07,None,None,None,None, , , , 
5365, ,0.024658110758226028,9.437878277775371e-07,None,None,None,None, , , , 
5366, ,0.024658110758226028,1.0116379797662072e-06,None,None,None,None, , , , 
5367, ,0.024658110758226028,1.0843659686896086e-06,None,None,None,None, , , , 
5368, ,0.024658110758226028,1.1623224686798522e-06,None,None,None,None, , , , 
5369, ,0.024658110758226028,1.2458833642950078e-06,None,None,None,None, , , , 
5370, ,0.024658110758226028,1.3354515629298971e-06,None,None,None,None, , , , 
5371, ,0.024658110758226028,1.4314589375234786e-06,None,None,None,None, , , , 
5372, ,0.024658110758226028,1.53436840893001e-06,None,None,None,None, , , , 
5373, ,0.024658110758226028,1.6446761779946631e-06,None,None,None,None, , , , 
5374, ,0.024658110758226028,1.762914118095948e-06,None,None,None,None, , , , 
5375, ,0.024658110758226028,1.8896523396912082e-06,None,None,None,None, , , , 
5376, ,0.024658110758226028,2.0255019392306664e-06,None,None,None,None, , , , 
5377, ,0.024658110758226028,2.171117945694501e-06,None,None,None,None, , , , 
5378, ,0.024658110758226028,2.327202478960408e-06,None,None,None,None, , , , 
5379, ,0.024658110758226028,2.494508135230317e-06,None,None,None,None, , , , 
5380, ,0.024658110758226028,2.673841615839944e-06,None,None,None,None, , , , 
5381, ,0.024658110758226028,2.8660676169482507e-06,None,None,None,None, , , , 
5382, ,0.024658110758226028,3.0721129988617524e-06,None,None,None,None, , , , 
5383, ,0.024658110758226028,3.292971255097148e-06,None,None,None,None, , , , 
5384, ,0.024658110758226028,3.5297073027306505e-06,None,None,None,None, , , , 
5385, ,0.024658110758226028,3.783462617131925e-06,None,None,None,None, , , , 
5386, ,0.024658110758226028,4.0554607358408275e-06,None,None,None,None, , , , 
5387, ,0.024658110758226028,4.3470131581250175e-06,None,None,None,None, , , , 
5388, ,0.024658110758226028,4.6595256686646765e-06,None,None,None,None, , , , 
5389, ,0.024658110758226028,4.99450511585514e-06,None,None,None,None, , , , 
5390, ,0.024658110758226028,5.353566677410719e-06,None,None,None,None, , , , 
5391, ,0.024658110758226028,5.738441648302393e-06,None,None,None,None, , , , 
5392, ,0.024658110758226028,6.150985788580505e-06,None,None,None,None, , , , 
5393, ,0.024658110758226028,6.593188271333541e-06,None,None,None,None, , , , 
5394, ,0.024658110758226028,7.067181273927492e-06,None,None,None,None, , , , 
5395, ,0.024658110758226028,7.575250258771904e-06,None,None,None,None, , , , 
5396, ,0.024658110758226028,8.119844993184007e-06,None,None,None,None, , , , 
5397, ,0.024658110758226028,8.703591361485167e-06,None,None,None,None, , , , 
5398, ,0.024658110758226028,9.329304026284676e-06,None,None,None,None, , , , 
5399, ,0.024658110758226028,1e-05,None,None,None,None, , , , 
5400, ,0.025529080682395167,1e-11,None,None,None,None, , , , 
5401, ,0.025529080682395167,1.0718913192051263e-11,None,None,None,None, , , , 
5402, ,0.025529080682395167,1.1489510001873107e-11,None,None,None,None, , , , 
5403, ,0.025529080682395167,1.2315506032928262e-11,None,None,None,None, , , , 
5404, ,0.025529080682395167,1.3200884008314167e-11,None,None,None,None, , , , 
5405, ,0.025529080682395167,1.4149912974345786e-11,None,None,None,None, , , , 
5406, ,0.025529080682395167,1.5167168884709242e-11,None,None,None,None, , , , 
5407, ,0.025529080682395167,1.6257556664437934e-11,None,None,None,None, , , , 
5408, ,0.025529080682395167,1.7426333860096473e-11,None,None,None,None, , , , 
5409, ,0.025529080682395167,1.8679135990207848e-11,None,None,None,None, , , , 
5410, ,0.025529080682395167,2.0022003718155844e-11,None,None,None,None, , , , 
5411, ,0.025529080682395167,2.1461411978584013e-11,None,None,None,None, , , , 
5412, ,0.025529080682395167,2.300430119772921e-11,None,None,None,None, , , , 
5413, ,0.025529080682395167,2.465811075822604e-11,None,None,None,None, , , , 
5414, ,0.025529080682395167,2.643081486974103e-11,None,None,None,None, , , , 
5415, ,0.025529080682395167,2.8330961018393178e-11,None,None,None,None, , , , 
5416, ,0.025529080682395167,3.036771118035461e-11,None,None,None,None, , , , 
5417, ,0.025529080682395167,3.255088599835057e-11,None,None,None,None, , , , 
5418, ,0.025529080682395167,3.4891012134067674e-11,None,None,None,None, , , , 
5419, ,0.025529080682395167,3.739937302478801e-11,None,None,None,None, , , , 
5420, ,0.025529080682395167,4.0088063288984646e-11,None,None,None,None, , , , 
5421, ,0.025529080682395167,4.297004704320835e-11,None,None,None,None, , , , 
5422, ,0.025529080682395167,4.605922041145113e-11,None,None,None,None, , , , 
5423, ,0.025529080682395167,4.937047852839004e-11,None,None,None,None, , , , 
5424, ,0.025529080682395167,5.2919787359584366e-11,None,None,None,None, , , , 
5425, ,0.025529080682395167,5.672426068491989e-11,None,None,None,None, , , , 
5426, ,0.025529080682395167,6.080224261649427e-11,None,None,None,None, , , , 
5427, ,0.025529080682395167,6.517339604882421e-11,None,None,None,None, , , , 
5428, ,0.025529080682395167,6.985879746785235e-11,None,None,None,None, , , , 
5429, ,0.025529080682395167,7.48810385759003e-11,None,None,None,None, , , , 
5430, ,0.025529080682395167,8.026433522257174e-11,None,None,None,None, , , , 
5431, ,0.025529080682395167,8.603464416684492e-11,None,None,None,None, , , , 
5432, ,0.025529080682395167,9.221978823334341e-11,None,None,None,None, , , , 
5433, ,0.025529080682395167,9.884959046625586e-11,None,None,None,None, , , , 
5434, ,0.025529080682395167,1.0595601792776149e-10,None,None,None,None, , , , 
5435, ,0.025529080682395167,1.1357333583431027e-10,None,None,None,None, , , , 
5436, ,0.025529080682395167,1.217382727739662e-10,None,None,None,None, , , , 
5437, ,0.025529080682395167,1.3049019780144016e-10,None,None,None,None, , , , 
5438, ,0.025529080682395167,1.398713102647236e-10,None,None,None,None, , , , 
5439, ,0.025529080682395167,1.4992684327860468e-10,None,None,None,None, , , , 
5440, ,0.025529080682395167,1.6070528182616384e-10,None,None,None,None, , , , 
5441, ,0.025529080682395167,1.722585965398784e-10,None,None,None,None, , , , 
5442, ,0.025529080682395167,1.8464249428955463e-10,None,None,None,None, , , , 
5443, ,0.025529080682395167,1.9791668678535569e-10,None,None,None,None, , , , 
5444, ,0.025529080682395167,2.121451784910628e-10,None,None,None,None, , , , 
5445, ,0.025529080682395167,2.273965752357932e-10,None,None,None,None, , , , 
5446, ,0.025529080682395167,2.4374441501222216e-10,None,None,None,None, , , , 
5447, ,0.025529080682395167,2.6126752255633265e-10,None,None,None,None, , , , 
5448, ,0.025529080682395167,2.8005038941836253e-10,None,None,None,None, , , , 
5449, ,0.025529080682395167,3.0018358135755917e-10,None,None,None,None, , , , 
5450, ,0.025529080682395167,3.2176417502507347e-10,None,None,None,None, , , , 
5451, ,0.025529080682395167,3.4489622604057533e-10,None,None,None,None, , , , 
5452, ,0.025529080682395167,3.696912707195032e-10,None,None,None,None, , , , 
5453, ,0.025529080682395167,3.9626886387014783e-10,None,None,None,None, , , , 
5454, ,0.025529080682395167,4.2475715525368935e-10,None,None,None,None, , , , 
5455, ,0.025529080682395167,4.552935074866938e-10,None,None,None,None, , , , 
5456, ,0.025529080682395167,4.880251583654433e-10,None,None,None,None, , , , 
5457, ,0.025529080682395167,5.231099308056258e-10,None,None,None,None, , , , 
5458, ,0.025529080682395167,5.60716993820547e-10,None,None,None,None, , , , 
5459, ,0.025529080682395167,6.010276782070387e-10,None,None,None,None, , , , 
5460, ,0.025529080682395167,6.442363508721371e-10,None,None,None,None, , , , 
5461, ,0.025529080682395167,6.905513520162316e-10,None,None,None,None, , , , 
5462, ,0.025529080682395167,7.401959996915653e-10,None,None,None,None, , , , 
5463, ,0.025529080682395167,7.934096665797492e-10,None,None,None,None, , , , 
5464, ,0.025529080682395167,8.504489341802668e-10,None,None,None,None, , , , 
5465, ,0.025529080682395167,9.115888299750837e-10,None,None,None,None, , , , 
5466, ,0.025529080682395167,9.771241535346502e-10,None,None,None,None, , , , 
5467, ,0.025529080682395167,1.0473708979594486e-09,None,None,None,None, , , , 
5468, ,0.025529080682395167,1.1226677735108114e-09,None,None,None,None, , , , 
5469, ,0.025529080682395167,1.2033778407775904e-09,None,None,None,None, , , , 
5470, ,0.025529080682395167,1.289890261253308e-09,None,None,None,None, , , , 
5471, ,0.025529080682395167,1.3826221737646535e-09,None,None,None,None, , , , 
5472, ,0.025529080682395167,1.4820207057988602e-09,None,None,None,None, , , , 
5473, ,0.025529080682395167,1.5885651294280526e-09,None,None,None,None, , , , 
5474, ,0.025529080682395167,1.702769172225898e-09,None,None,None,None, , , , 
5475, ,0.025529080682395167,1.825183494319039e-09,None,None,None,None, , , , 
5476, ,0.025529080682395167,1.956398343517065e-09,None,None,None,None, , , , 
5477, ,0.025529080682395167,2.0970464013232305e-09,None,None,None,None, , , , 
5478, ,0.025529080682395167,2.2478058335487307e-09,None,None,None,None, , , , 
5479, ,0.025529080682395167,2.409403560239527e-09,None,None,None,None, , , , 
5480, ,0.025529080682395167,2.582618760682675e-09,None,None,None,None, , , , 
5481, ,0.025529080682395167,2.768286630392061e-09,None,None,None,None, , , , 
5482, ,0.025529080682395167,2.9673024081888724e-09,None,None,None,None, , , , 
5483, ,0.025529080682395167,3.180625692794119e-09,None,None,None,None, , , , 
5484, ,0.025529080682395167,3.409285069746807e-09,None,None,None,None, , , , 
5485, ,0.025529080682395167,3.654383070957262e-09,None,None,None,None, , , , 
5486, ,0.025529080682395167,3.917101490809261e-09,None,None,None,None, , , , 
5487, ,0.025529080682395167,4.198707084443906e-09,None,None,None,None, , , , 
5488, ,0.025529080682395167,4.500557675700488e-09,None,None,None,None, , , , 
5489, ,0.025529080682395167,4.824108704165374e-09,None,None,None,None, , , , 
5490, ,0.025529080682395167,5.170920242896755e-09,None,None,None,None, , , , 
5491, ,0.025529080682395167,5.542664520663096e-09,None,None,None,None, , , , 
5492, ,0.025529080682395167,5.941133984965041e-09,None,None,None,None, , , , 
5493, ,0.025529080682395167,6.3682499447185856e-09,None,None,None,None, , , , 
5494, ,0.025529080682395167,6.826071834272379e-09,None,None,None,None, , , , 
5495, ,0.025529080682395167,7.316807143427175e-09,None,None,None,None, , , , 
5496, ,0.025529080682395167,7.842822061337681e-09,None,None,None,None, , , , 
5497, ,0.025529080682395167,8.406652885618316e-09,None,None,None,None, , , , 
5498, ,0.025529080682395167,9.011018251665036e-09,None,None,None,None, , , , 
5499, ,0.025529080682395167,9.658832241158707e-09,None,None,None,None, , , , 
5500, ,0.025529080682395167,1.0353218432956616e-08,None,None,None,None, , , , 
5501, ,0.025529080682395167,1.1097524964120722e-08,None,None,None,None, , , , 
5502, ,0.025529080682395167,1.1895340673703208e-08,None,None,None,None, , , , 
5503, ,0.025529080682395167,1.2750512407130128e-08,None,None,None,None, , , , 
5504, ,0.025529080682395167,1.3667163564620044e-08,None,None,None,None, , , , 
5505, ,0.025529080682395167,1.4649713983072853e-08,None,None,None,None, , , , 
5506, ,0.025529080682395167,1.5702901247293774e-08,None,None,None,None, , , , 
5507, ,0.025529080682395167,1.683180353330955e-08,None,None,None,None, , , , 
5508, ,0.025529080682395167,1.8041864093920717e-08,None,None,None,None, , , , 
5509, ,0.025529080682395167,1.933891750455232e-08,None,None,None,None, , , , 
5510, ,0.025529080682395167,2.0729217795953697e-08,None,None,None,None, , , , 
5511, ,0.025529080682395167,2.221946860939524e-08,None,None,None,None, , , , 
5512, ,0.025529080682395167,2.3816855519761606e-08,None,None,None,None, , , , 
5513, ,0.025529080682395167,2.552908068239516e-08,None,None,None,None, , , , 
5514, ,0.025529080682395167,2.7364399970746666e-08,None,None,None,None, , , , 
5515, ,0.025529080682395167,2.933166278390042e-08,None,None,None,None, , , , 
5516, ,0.025529080682395167,3.1440354715915e-08,None,None,None,None, , , , 
5517, ,0.025529080682395167,3.370064329271925e-08,None,None,None,None, , , , 
5518, ,0.025529080682395167,3.612342699709431e-08,None,None,None,None, , , , 
5519, ,0.025529080682395167,3.872038781812557e-08,None,None,None,None, , , , 
5520, ,0.025529080682395167,4.1504047578504727e-08,None,None,None,None, , , , 
5521, ,0.025529080682395167,4.448782831127585e-08,None,None,None,None, , , , 
5522, ,0.025529080682395167,4.768611697714474e-08,None,None,None,None, , , , 
5523, ,0.025529080682395167,5.111433483440165e-08,None,None,None,None, , , , 
5524, ,0.025529080682395167,5.478901179593934e-08,None,None,None,None, , , , 
5525, ,0.025529080682395167,5.872786613189478e-08,None,None,None,None, , , , 
5526, ,0.025529080682395167,6.294988990221888e-08,None,None,None,None, , , , 
5527, ,0.025529080682395167,6.747544053110687e-08,None,None,None,None, , , , 
5528, ,0.025529080682395167,7.232633896483534e-08,None,None,None,None, , , , 
5529, ,0.025529080682395167,7.752597488629465e-08,None,None,None,None, , , , 
5530, ,0.025529080682395167,8.309941949353386e-08,None,None,None,None, , , , 
5531, ,0.025529080682395167,8.907354638610439e-08,None,None,None,None, , , , 
5532, ,0.025529080682395167,9.547716114208066e-08,None,None,None,None, , , , 
5533, ,0.025529080682395167,1.0234114021054528e-07,None,None,None,None, , , , 
5534, ,0.025529080682395167,1.0969857978923841e-07,None,None,None,None, , , , 
5535, ,0.025529080682395167,1.1758495540521555e-07,None,None,None,None, , , , 
5536, ,0.025529080682395167,1.2603829296797277e-07,None,None,None,None, , , , 
5537, ,0.025529080682395167,1.350993521198025e-07,None,None,None,None, , , , 
5538, ,0.025529080682395167,1.4481182276745328e-07,None,None,None,None, , , , 
5539, ,0.025529080682395167,1.552225357427048e-07,None,None,None,None, , , , 
5540, ,0.025529080682395167,1.6638168860761273e-07,None,None,None,None, , , , 
5541, ,0.025529080682395167,1.7834308769319093e-07,None,None,None,None, , , , 
5542, ,0.025529080682395167,1.9116440753857e-07,None,None,None,None, , , , 
5543, ,0.025529080682395167,2.049074689815846e-07,None,None,None,None, , , , 
5544, ,0.025529080682395167,2.1963853724165468e-07,None,None,None,None, , , , 
5545, ,0.025529080682395167,2.3542864143224158e-07,None,None,None,None, , , , 
5546, ,0.025529080682395167,2.523539170434766e-07,None,None,None,None, , , , 
5547, ,0.025529080682395167,2.7049597304631316e-07,None,None,None,None, , , , 
5548, ,0.025529080682395167,2.899422853882875e-07,None,None,None,None, , , , 
5549, ,0.025529080682395167,3.107866187782014e-07,None,None,None,None, , , , 
5550, ,0.025529080682395167,3.33129478793467e-07,None,None,None,None, , , , 
5551, ,0.025529080682395167,3.5707859649004626e-07,None,None,None,None, , , , 
5552, ,0.025529080682395167,3.827494478516307e-07,None,None,None,None, , , , 
5553, ,0.025529080682395167,4.1026581058271904e-07,None,None,None,None, , , , 
5554, ,0.025529080682395167,4.397603609302722e-07,None,None,None,None, , , , 
5555, ,0.025529080682395167,4.7137531341167185e-07,None,None,None,None, , , , 
5556, ,0.025529080682395167,5.052631065335679e-07,None,None,None,None, , , , 
5557, ,0.025529080682395167,5.415871378079465e-07,None,None,None,None, , , , 
5558, ,0.025529080682395167,5.805225516094896e-07,None,None,None,None, , , , 
5559, ,0.025529080682395167,6.222570836730232e-07,None,None,None,None, , , , 
5560, ,0.025529080682395167,6.669919663030115e-07,None,None,None,None, , , , 
5561, ,0.025529080682395167,7.149428986597576e-07,None,None,None,None, , , , 
5562, ,0.025529080682395167,7.663410868007445e-07,None,None,None,None, , , , 
5563, ,0.025529080682395167,8.214343584919422e-07,None,None,None,None, , , , 
5564, ,0.025529080682395167,8.804883581643463e-07,None,None,None,None, , , , 
5565, ,0.025529080682395167,9.437878277775371e-07,None,None,None,None, , , , 
5566, ,0.025529080682395167,1.0116379797662072e-06,None,None,None,None, , , , 
5567, ,0.025529080682395167,1.0843659686896086e-06,None,None,None,None, , , , 
5568, ,0.025529080682395167,1.1623224686798522e-06,None,None,None,None, , , , 
5569, ,0.025529080682395167,1.2458833642950078e-06,None,None,None,None, , , , 
5570, ,0.025529080682395167,1.3354515629298971e-06,None,None,None,None, , , , 
5571, ,0.025529080682395167,1.4314589375234786e-06,None,None,None,None, , , , 
5572, ,0.025529080682395167,1.53436840893001e-06,None,None,None,None, , , , 
5573, ,0.025529080682395167,1.6446761779946631e-06,None,None,None,None, , , , 
5574, ,0.025529080682395167,1.762914118095948e-06,None,None,None,None, , , , 
5575, ,0.025529080682395167,1.8896523396912082e-06,None,None,None,None, , , , 
5576, ,0.025529080682395167,2.0255019392306664e-06,None,None,None,None, , , , 
5577, ,0.025529080682395167,2.171117945694501e-06,None,None,None,None, , , , 
5578, ,0.025529080682395167,2.327202478960408e-06,None,None,None,None, , , , 
5579, ,0.025529080682395167,2.494508135230317e-06,None,None,None,None, , , , 
5580, ,0.025529080682395167,2.673841615839944e-06,None,None,None,None, , , , 
5581, ,0.025529080682395167,2.8660676169482507e-06,None,None,None,None, , , , 
5582, ,0.025529080682395167,3.0721129988617524e-06,None,None,None,None, , , , 
5583, ,0.025529080682395167,3.292971255097148e-06,None,None,None,None, , , , 
5584, ,0.025529080682395167,3.5297073027306505e-06,None,None,None,None, , , , 
5585, ,0.025529080682395167,3.783462617131925e-06,None,None,None,None, , , , 
5586, ,0.025529080682395167,4.0554607358408275e-06,None,None,None,None, , , , 
5587, ,0.025529080682395167,4.3470131581250175e-06,None,None,None,None, , , , 
5588, ,0.025529080682395167,4.6595256686646765e-06,None,None,None,None, , , , 
5589, ,0.025529080682395167,4.99450511585514e-06,None,None,None,None, , , , 
5590, ,0.025529080682395167,5.353566677410719e-06,None,None,None,None, , , , 
5591, ,0.025529080682395167,5.738441648302393e-06,None,None,None,None, , , , 
5592, ,0.025529080682395167,6.150985788580505e-06,None,None,None,None, , , , 
5593, ,0.025529080682395167,6.593188271333541e-06,None,None,None,None, , , , 
5594, ,0.025529080682395167,7.067181273927492e-06,None,None,None,None, , , , 
5595, ,0.025529080682395167,7.575250258771904e-06,None,None,None,None, , , , 
5596, ,0.025529080682395167,8.119844993184007e-06,None,None,None,None, , , , 
5597, ,0.025529080682395167,8.703591361485167e-06,None,None,None,None, , , , 
5598, ,0.025529080682395167,9.329304026284676e-06,None,None,None,None, , , , 
5599, ,0.025529080682395167,1e-05,None,None,None,None, , , , 
5600, ,0.026430814869741057,1e-11,None,None,None,None, , , , 
5601, ,0.026430814869741057,1.0718913192051263e-11,None,None,None,None, , , , 
5602, ,0.026430814869741057,1.1489510001873107e-11,None,None,None,None, , , , 
5603, ,0.026430814869741057,1.2315506032928262e-11,None,None,None,None, , , , 
5604, ,0.026430814869741057,1.3200884008314167e-11,None,None,None,None, , , , 
5605, ,0.026430814869741057,1.4149912974345786e-11,None,None,None,None, , , , 
5606, ,0.026430814869741057,1.5167168884709242e-11,None,None,None,None, , , , 
5607, ,0.026430814869741057,1.6257556664437934e-11,None,None,None,None, , , , 
5608, ,0.026430814869741057,1.7426333860096473e-11,None,None,None,None, , , , 
5609, ,0.026430814869741057,1.8679135990207848e-11,None,None,None,None, , , , 
5610, ,0.026430814869741057,2.0022003718155844e-11,None,None,None,None, , , , 
5611, ,0.026430814869741057,2.1461411978584013e-11,None,None,None,None, , , , 
5612, ,0.026430814869741057,2.300430119772921e-11,None,None,None,None, , , , 
5613, ,0.026430814869741057,2.465811075822604e-11,None,None,None,None, , , , 
5614, ,0.026430814869741057,2.643081486974103e-11,None,None,None,None, , , , 
5615, ,0.026430814869741057,2.8330961018393178e-11,None,None,None,None, , , , 
5616, ,0.026430814869741057,3.036771118035461e-11,None,None,None,None, , , , 
5617, ,0.026430814869741057,3.255088599835057e-11,None,None,None,None, , , , 
5618, ,0.026430814869741057,3.4891012134067674e-11,None,None,None,None, , , , 
5619, ,0.026430814869741057,3.739937302478801e-11,None,None,None,None, , , , 
5620, ,0.026430814869741057,4.0088063288984646e-11,None,None,None,None, , , , 
5621, ,0.026430814869741057,4.297004704320835e-11,None,None,None,None, , , , 
5622, ,0.026430814869741057,4.605922041145113e-11,None,None,None,None, , , , 
5623, ,0.026430814869741057,4.937047852839004e-11,None,None,None,None, , , , 
5624, ,0.026430814869741057,5.2919787359584366e-11,None,None,None,None, , , , 
5625, ,0.026430814869741057,5.672426068491989e-11,None,None,None,None, , , , 
5626, ,0.026430814869741057,6.080224261649427e-11,None,None,None,None, , , , 
5627, ,0.026430814869741057,6.517339604882421e-11,None,None,None,None, , , , 
5628, ,0.026430814869741057,6.985879746785235e-11,None,None,None,None, , , , 
5629, ,0.026430814869741057,7.48810385759003e-11,None,None,None,None, , , , 
5630, ,0.026430814869741057,8.026433522257174e-11,None,None,None,None, , , , 
5631, ,0.026430814869741057,8.603464416684492e-11,None,None,None,None, , , , 
5632, ,0.026430814869741057,9.221978823334341e-11,None,None,None,None, , , , 
5633, ,0.026430814869741057,9.884959046625586e-11,None,None,None,None, , , , 
5634, ,0.026430814869741057,1.0595601792776149e-10,None,None,None,None, , , , 
5635, ,0.026430814869741057,1.1357333583431027e-10,None,None,None,None, , , , 
5636, ,0.026430814869741057,1.217382727739662e-10,None,None,None,None, , , , 
5637, ,0.026430814869741057,1.3049019780144016e-10,None,None,None,None, , , , 
5638, ,0.026430814869741057,1.398713102647236e-10,None,None,None,None, , , , 
5639, ,0.026430814869741057,1.4992684327860468e-10,None,None,None,None, , , , 
5640, ,0.026430814869741057,1.6070528182616384e-10,None,None,None,None, , , , 
5641, ,0.026430814869741057,1.722585965398784e-10,None,None,None,None, , , , 
5642, ,0.026430814869741057,1.8464249428955463e-10,None,None,None,None, , , , 
5643, ,0.026430814869741057,1.9791668678535569e-10,None,None,None,None, , , , 
5644, ,0.026430814869741057,2.121451784910628e-10,None,None,None,None, , , , 
5645, ,0.026430814869741057,2.273965752357932e-10,None,None,None,None, , , , 
5646, ,0.026430814869741057,2.4374441501222216e-10,None,None,None,None, , , , 
5647, ,0.026430814869741057,2.6126752255633265e-10,None,None,None,None, , , , 
5648, ,0.026430814869741057,2.8005038941836253e-10,None,None,None,None, , , , 
5649, ,0.026430814869741057,3.0018358135755917e-10,None,None,None,None, , , , 
5650, ,0.026430814869741057,3.2176417502507347e-10,None,None,None,None, , , , 
5651, ,0.026430814869741057,3.4489622604057533e-10,None,None,None,None, , , , 
5652, ,0.026430814869741057,3.696912707195032e-10,None,None,None,None, , , , 
5653, ,0.026430814869741057,3.9626886387014783e-10,None,None,None,None, , , , 
5654, ,0.026430814869741057,4.2475715525368935e-10,None,None,None,None, , , , 
5655, ,0.026430814869741057,4.552935074866938e-10,None,None,None,None, , , , 
5656, ,0.026430814869741057,4.880251583654433e-10,None,None,None,None, , , , 
5657, ,0.026430814869741057,5.231099308056258e-10,None,None,None,None, , , , 
5658, ,0.026430814869741057,5.60716993820547e-10,None,None,None,None, , , , 
5659, ,0.026430814869741057,6.010276782070387e-10,None,None,None,None, , , , 
5660, ,0.026430814869741057,6.442363508721371e-10,None,None,None,None, , , , 
5661, ,0.026430814869741057,6.905513520162316e-10,None,None,None,None, , , , 
5662, ,0.026430814869741057,7.401959996915653e-10,None,None,None,None, , , , 
5663, ,0.026430814869741057,7.934096665797492e-10,None,None,None,None, , , , 
5664, ,0.026430814869741057,8.504489341802668e-10,None,None,None,None, , , , 
5665, ,0.026430814869741057,9.115888299750837e-10,None,None,None,None, , , , 
5666, ,0.026430814869741057,9.771241535346502e-10,None,None,None,None, , , , 
5667, ,0.026430814869741057,1.0473708979594486e-09,None,None,None,None, , , , 
5668, ,0.026430814869741057,1.1226677735108114e-09,None,None,None,None, , , , 
5669, ,0.026430814869741057,1.2033778407775904e-09,None,None,None,None, , , , 
5670, ,0.026430814869741057,1.289890261253308e-09,None,None,None,None, , , , 
5671, ,0.026430814869741057,1.3826221737646535e-09,None,None,None,None, , , , 
5672, ,0.026430814869741057,1.4820207057988602e-09,None,None,None,None, , , , 
5673, ,0.026430814869741057,1.5885651294280526e-09,None,None,None,None, , , , 
5674, ,0.026430814869741057,1.702769172225898e-09,None,None,None,None, , , , 
5675, ,0.026430814869741057,1.825183494319039e-09,None,None,None,None, , , , 
5676, ,0.026430814869741057,1.956398343517065e-09,None,None,None,None, , , , 
5677, ,0.026430814869741057,2.0970464013232305e-09,None,None,None,None, , , , 
5678, ,0.026430814869741057,2.2478058335487307e-09,None,None,None,None, , , , 
5679, ,0.026430814869741057,2.409403560239527e-09,None,None,None,None, , , , 
5680, ,0.026430814869741057,2.582618760682675e-09,None,None,None,None, , , , 
5681, ,0.026430814869741057,2.768286630392061e-09,None,None,None,None, , , , 
5682, ,0.026430814869741057,2.9673024081888724e-09,None,None,None,None, , , , 
5683, ,0.026430814869741057,3.180625692794119e-09,None,None,None,None, , , , 
5684, ,0.026430814869741057,3.409285069746807e-09,None,None,None,None, , , , 
5685, ,0.026430814869741057,3.654383070957262e-09,None,None,None,None, , , , 
5686, ,0.026430814869741057,3.917101490809261e-09,None,None,None,None, , , , 
5687, ,0.026430814869741057,4.198707084443906e-09,None,None,None,None, , , , 
5688, ,0.026430814869741057,4.500557675700488e-09,None,None,None,None, , , , 
5689, ,0.026430814869741057,4.824108704165374e-09,None,None,None,None, , , , 
5690, ,0.026430814869741057,5.170920242896755e-09,None,None,None,None, , , , 
5691, ,0.026430814869741057,5.542664520663096e-09,None,None,None,None, , , , 
5692, ,0.026430814869741057,5.941133984965041e-09,None,None,None,None, , , , 
5693, ,0.026430814869741057,6.3682499447185856e-09,None,None,None,None, , , , 
5694, ,0.026430814869741057,6.826071834272379e-09,None,None,None,None, , , , 
5695, ,0.026430814869741057,7.316807143427175e-09,None,None,None,None, , , , 
5696, ,0.026430814869741057,7.842822061337681e-09,None,None,None,None, , , , 
5697, ,0.026430814869741057,8.406652885618316e-09,None,None,None,None, , , , 
5698, ,0.026430814869741057,9.011018251665036e-09,None,None,None,None, , , , 
5699, ,0.026430814869741057,9.658832241158707e-09,None,None,None,None, , , , 
5700, ,0.026430814869741057,1.0353218432956616e-08,None,None,None,None, , , , 
5701, ,0.026430814869741057,1.1097524964120722e-08,None,None,None,None, , , , 
5702, ,0.026430814869741057,1.1895340673703208e-08,None,None,None,None, , , , 
5703, ,0.026430814869741057,1.2750512407130128e-08,None,None,None,None, , , , 
5704, ,0.026430814869741057,1.3667163564620044e-08,None,None,None,None, , , , 
5705, ,0.026430814869741057,1.4649713983072853e-08,None,None,None,None, , , , 
5706, ,0.026430814869741057,1.5702901247293774e-08,None,None,None,None, , , , 
5707, ,0.026430814869741057,1.683180353330955e-08,None,None,None,None, , , , 
5708, ,0.026430814869741057,1.8041864093920717e-08,None,None,None,None, , , , 
5709, ,0.026430814869741057,1.933891750455232e-08,None,None,None,None, , , , 
5710, ,0.026430814869741057,2.0729217795953697e-08,None,None,None,None, , , , 
5711, ,0.026430814869741057,2.221946860939524e-08,None,None,None,None, , , , 
5712, ,0.026430814869741057,2.3816855519761606e-08,None,None,None,None, , , , 
5713, ,0.026430814869741057,2.552908068239516e-08,None,None,None,None, , , , 
5714, ,0.026430814869741057,2.7364399970746666e-08,None,None,None,None, , , , 
5715, ,0.026430814869741057,2.933166278390042e-08,None,None,None,None, , , , 
5716, ,0.026430814869741057,3.1440354715915e-08,None,None,None,None, , , , 
5717, ,0.026430814869741057,3.370064329271925e-08,None,None,None,None, , , , 
5718, ,0.026430814869741057,3.612342699709431e-08,None,None,None,None, , , , 
5719, ,0.026430814869741057,3.872038781812557e-08,None,None,None,None, , , , 
5720, ,0.026430814869741057,4.1504047578504727e-08,None,None,None,None, , , , 
5721, ,0.026430814869741057,4.448782831127585e-08,None,None,None,None, , , , 
5722, ,0.026430814869741057,4.768611697714474e-08,None,None,None,None, , , , 
5723, ,0.026430814869741057,5.111433483440165e-08,None,None,None,None, , , , 
5724, ,0.026430814869741057,5.478901179593934e-08,None,None,None,None, , , , 
5725, ,0.026430814869741057,5.872786613189478e-08,None,None,None,None, , , , 
5726, ,0.026430814869741057,6.294988990221888e-08,None,None,None,None, , , , 
5727, ,0.026430814869741057,6.747544053110687e-08,None,None,None,None, , , , 
5728, ,0.026430814869741057,7.232633896483534e-08,None,None,None,None, , , , 
5729, ,0.026430814869741057,7.752597488629465e-08,None,None,None,None, , , , 
5730, ,0.026430814869741057,8.309941949353386e-08,None,None,None,None, , , , 
5731, ,0.026430814869741057,8.907354638610439e-08,None,None,None,None, , , , 
5732, ,0.026430814869741057,9.547716114208066e-08,None,None,None,None, , , , 
5733, ,0.026430814869741057,1.0234114021054528e-07,None,None,None,None, , , , 
5734, ,0.026430814869741057,1.0969857978923841e-07,None,None,None,None, , , , 
5735, ,0.026430814869741057,1.1758495540521555e-07,None,None,None,None, , , , 
5736, ,0.026430814869741057,1.2603829296797277e-07,None,None,None,None, , , , 
5737, ,0.026430814869741057,1.350993521198025e-07,None,None,None,None, , , , 
5738, ,0.026430814869741057,1.4481182276745328e-07,None,None,None,None, , , , 
5739, ,0.026430814869741057,1.552225357427048e-07,None,None,None,None, , , , 
5740, ,0.026430814869741057,1.6638168860761273e-07,None,None,None,None, , , , 
5741, ,0.026430814869741057,1.7834308769319093e-07,None,None,None,None, , , , 
5742, ,0.026430814869741057,1.9116440753857e-07,None,None,None,None, , , , 
5743, ,0.026430814869741057,2.049074689815846e-07,None,None,None,None, , , , 
5744, ,0.026430814869741057,2.1963853724165468e-07,None,None,None,None, , , , 
5745, ,0.026430814869741057,2.3542864143224158e-07,None,None,None,None, , , , 
5746, ,0.026430814869741057,2.523539170434766e-07,None,None,None,None, , , , 
5747, ,0.026430814869741057,2.7049597304631316e-07,None,None,None,None, , , , 
5748, ,0.026430814869741057,2.899422853882875e-07,None,None,None,None, , , , 
5749, ,0.026430814869741057,3.107866187782014e-07,None,None,None,None, , , , 
5750, ,0.026430814869741057,3.33129478793467e-07,None,None,None,None, , , , 
5751, ,0.026430814869741057,3.5707859649004626e-07,None,None,None,None, , , , 
5752, ,0.026430814869741057,3.827494478516307e-07,None,None,None,None, , , , 
5753, ,0.026430814869741057,4.1026581058271904e-07,None,None,None,None, , , , 
5754, ,0.026430814869741057,4.397603609302722e-07,None,None,None,None, , , , 
5755, ,0.026430814869741057,4.7137531341167185e-07,None,None,None,None, , , , 
5756, ,0.026430814869741057,5.052631065335679e-07,None,None,None,None, , , , 
5757, ,0.026430814869741057,5.415871378079465e-07,None,None,None,None, , , , 
5758, ,0.026430814869741057,5.805225516094896e-07,None,None,None,None, , , , 
5759, ,0.026430814869741057,6.222570836730232e-07,None,None,None,None, , , , 
5760, ,0.026430814869741057,6.669919663030115e-07,None,None,None,None, , , , 
5761, ,0.026430814869741057,7.149428986597576e-07,None,None,None,None, , , , 
5762, ,0.026430814869741057,7.663410868007445e-07,None,None,None,None, , , , 
5763, ,0.026430814869741057,8.214343584919422e-07,None,None,None,None, , , , 
5764, ,0.026430814869741057,8.804883581643463e-07,None,None,None,None, , , , 
5765, ,0.026430814869741057,9.437878277775371e-07,None,None,None,None, , , , 
5766, ,0.026430814869741057,1.0116379797662072e-06,None,None,None,None, , , , 
5767, ,0.026430814869741057,1.0843659686896086e-06,None,None,None,None, , , , 
5768, ,0.026430814869741057,1.1623224686798522e-06,None,None,None,None, , , , 
5769, ,0.026430814869741057,1.2458833642950078e-06,None,None,None,None, , , , 
5770, ,0.026430814869741057,1.3354515629298971e-06,None,None,None,None, , , , 
5771, ,0.026430814869741057,1.4314589375234786e-06,None,None,None,None, , , , 
5772, ,0.026430814869741057,1.53436840893001e-06,None,None,None,None, , , , 
5773, ,0.026430814869741057,1.6446761779946631e-06,None,None,None,None, , , , 
5774, ,0.026430814869741057,1.762914118095948e-06,None,None,None,None, , , , 
5775, ,0.026430814869741057,1.8896523396912082e-06,None,None,None,None, , , , 
5776, ,0.026430814869741057,2.0255019392306664e-06,None,None,None,None, , , , 
5777, ,0.026430814869741057,2.171117945694501e-06,None,None,None,None, , , , 
5778, ,0.026430814869741057,2.327202478960408e-06,None,None,None,None, , , , 
5779, ,0.026430814869741057,2.494508135230317e-06,None,None,None,None, , , , 
5780, ,0.026430814869741057,2.673841615839944e-06,None,None,None,None, , , , 
5781, ,0.026430814869741057,2.8660676169482507e-06,None,None,None,None, , , , 
5782, ,0.026430814869741057,3.0721129988617524e-06,None,None,None,None, , , , 
5783, ,0.026430814869741057,3.292971255097148e-06,None,None,None,None, , , , 
5784, ,0.026430814869741057,3.5297073027306505e-06,None,None,None,None, , , , 
5785, ,0.026430814869741057,3.783462617131925e-06,None,None,None,None, , , , 
5786, ,0.026430814869741057,4.0554607358408275e-06,None,None,None,None, , , , 
5787, ,0.026430814869741057,4.3470131581250175e-06,None,None,None,None, , , , 
5788, ,0.026430814869741057,4.6595256686646765e-06,None,None,None,None, , , , 
5789, ,0.026430814869741057,4.99450511585514e-06,None,None,None,None, , , , 
5790, ,0.026430814869741057,5.353566677410719e-06,None,None,None,None, , , , 
5791, ,0.026430814869741057,5.738441648302393e-06,None,None,None,None, , , , 
5792, ,0.026430814869741057,6.150985788580505e-06,None,None,None,None, , , , 
5793, ,0.026430814869741057,6.593188271333541e-06,None,None,None,None, , , , 
5794, ,0.026430814869741057,7.067181273927492e-06,None,None,None,None, , , , 
5795, ,0.026430814869741057,7.575250258771904e-06,None,None,None,None, , , , 
5796, ,0.026430814869741057,8.119844993184007e-06,None,None,None,None, , , , 
5797, ,0.026430814869741057,8.703591361485167e-06,None,None,None,None, , , , 
5798, ,0.026430814869741057,9.329304026284676e-06,None,None,None,None, , , , 
5799, ,0.026430814869741057,1e-05,None,None,None,None, , , , 
5800, ,0.027364399970746703,1e-11,None,None,None,None, , , , 
5801, ,0.027364399970746703,1.0718913192051263e-11,None,None,None,None, , , , 
5802, ,0.027364399970746703,1.1489510001873107e-11,None,None,None,None, , , , 
5803, ,0.027364399970746703,1.2315506032928262e-11,None,None,None,None, , , , 
5804, ,0.027364399970746703,1.3200884008314167e-11,None,None,None,None, , , , 
5805, ,0.027364399970746703,1.4149912974345786e-11,None,None,None,None, , , , 
5806, ,0.027364399970746703,1.5167168884709242e-11,None,None,None,None, , , , 
5807, ,0.027364399970746703,1.6257556664437934e-11,None,None,None,None, , , , 
5808, ,0.027364399970746703,1.7426333860096473e-11,None,None,None,None, , , , 
5809, ,0.027364399970746703,1.8679135990207848e-11,None,None,None,None, , , , 
5810, ,0.027364399970746703,2.0022003718155844e-11,None,None,None,None, , , , 
5811, ,0.027364399970746703,2.1461411978584013e-11,None,None,None,None, , , , 
5812, ,0.027364399970746703,2.300430119772921e-11,None,None,None,None, , , , 
5813, ,0.027364399970746703,2.465811075822604e-11,None,None,None,None, , , , 
5814, ,0.027364399970746703,2.643081486974103e-11,None,None,None,None, , , , 
5815, ,0.027364399970746703,2.8330961018393178e-11,None,None,None,None, , , , 
5816, ,0.027364399970746703,3.036771118035461e-11,None,None,None,None, , , , 
5817, ,0.027364399970746703,3.255088599835057e-11,None,None,None,None, , , , 
5818, ,0.027364399970746703,3.4891012134067674e-11,None,None,None,None, , , , 
5819, ,0.027364399970746703,3.739937302478801e-11,None,None,None,None, , , , 
5820, ,0.027364399970746703,4.0088063288984646e-11,None,None,None,None, , , , 
5821, ,0.027364399970746703,4.297004704320835e-11,None,None,None,None, , , , 
5822, ,0.027364399970746703,4.605922041145113e-11,None,None,None,None, , , , 
5823, ,0.027364399970746703,4.937047852839004e-11,None,None,None,None, , , , 
5824, ,0.027364399970746703,5.2919787359584366e-11,None,None,None,None, , , , 
5825, ,0.027364399970746703,5.672426068491989e-11,None,None,None,None, , , , 
5826, ,0.027364399970746703,6.080224261649427e-11,None,None,None,None, , , , 
5827, ,0.027364399970746703,6.517339604882421e-11,None,None,None,None, , , , 
5828, ,0.027364399970746703,6.985879746785235e-11,None,None,None,None, , , , 
5829, ,0.027364399970746703,7.48810385759003e-11,None,None,None,None, , , , 
5830, ,0.027364399970746703,8.026433522257174e-11,None,None,None,None, , , , 
5831, ,0.027364399970746703,8.603464416684492e-11,None,None,None,None, , , , 
5832, ,0.027364399970746703,9.221978823334341e-11,None,None,None,None, , , , 
5833, ,0.027364399970746703,9.884959046625586e-11,None,None,None,None, , , , 
5834, ,0.027364399970746703,1.0595601792776149e-10,None,None,None,None, , , , 
5835, ,0.027364399970746703,1.1357333583431027e-10,None,None,None,None, , , , 
5836, ,0.027364399970746703,1.217382727739662e-10,None,None,None,None, , , , 
5837, ,0.027364399970746703,1.3049019780144016e-10,None,None,None,None, , , , 
5838, ,0.027364399970746703,1.398713102647236e-10,None,None,None,None, , , , 
5839, ,0.027364399970746703,1.4992684327860468e-10,None,None,None,None, , , , 
5840, ,0.027364399970746703,1.6070528182616384e-10,None,None,None,None, , , , 
5841, ,0.027364399970746703,1.722585965398784e-10,None,None,None,None, , , , 
5842, ,0.027364399970746703,1.8464249428955463e-10,None,None,None,None, , , , 
5843, ,0.027364399970746703,1.9791668678535569e-10,None,None,None,None, , , , 
5844, ,0.027364399970746703,2.121451784910628e-10,None,None,None,None, , , , 
5845, ,0.027364399970746703,2.273965752357932e-10,None,None,None,None, , , , 
5846, ,0.027364399970746703,2.4374441501222216e-10,None,None,None,None, , , , 
5847, ,0.027364399970746703,2.6126752255633265e-10,None,None,None,None, , , , 
5848, ,0.027364399970746703,2.8005038941836253e-10,None,None,None,None, , , , 
5849, ,0.027364399970746703,3.0018358135755917e-10,None,None,None,None, , , , 
5850, ,0.027364399970746703,3.2176417502507347e-10,None,None,None,None, , , , 
5851, ,0.027364399970746703,3.4489622604057533e-10,None,None,None,None, , , , 
5852, ,0.027364399970746703,3.696912707195032e-10,None,None,None,None, , , , 
5853, ,0.027364399970746703,3.9626886387014783e-10,None,None,None,None, , , , 
5854, ,0.027364399970746703,4.2475715525368935e-10,None,None,None,None, , , , 
5855, ,0.027364399970746703,4.552935074866938e-10,None,None,None,None, , , , 
5856, ,0.027364399970746703,4.880251583654433e-10,None,None,None,None, , , , 
5857, ,0.027364399970746703,5.231099308056258e-10,None,None,None,None, , , , 
5858, ,0.027364399970746703,5.60716993820547e-10,None,None,None,None, , , , 
5859, ,0.027364399970746703,6.010276782070387e-10,None,None,None,None, , , , 
5860, ,0.027364399970746703,6.442363508721371e-10,None,None,None,None, , , , 
5861, ,0.027364399970746703,6.905513520162316e-10,None,None,None,None, , , , 
5862, ,0.027364399970746703,7.401959996915653e-10,None,None,None,None, , , , 
5863, ,0.027364399970746703,7.934096665797492e-10,None,None,None,None, , , , 
5864, ,0.027364399970746703,8.504489341802668e-10,None,None,None,None, , , , 
5865, ,0.027364399970746703,9.115888299750837e-10,None,None,None,None, , , , 
5866, ,0.027364399970746703,9.771241535346502e-10,None,None,None,None, , , , 
5867, ,0.027364399970746703,1.0473708979594486e-09,None,None,None,None, , , , 
5868, ,0.027364399970746703,1.1226677735108114e-09,None,None,None,None, , , , 
5869, ,0.027364399970746703,1.2033778407775904e-09,None,None,None,None, , , , 
5870, ,0.027364399970746703,1.289890261253308e-09,None,None,None,None, , , , 
5871, ,0.027364399970746703,1.3826221737646535e-09,None,None,None,None, , , , 
5872, ,0.027364399970746703,1.4820207057988602e-09,None,None,None,None, , , , 
5873, ,0.027364399970746703,1.5885651294280526e-09,None,None,None,None, , , , 
5874, ,0.027364399970746703,1.702769172225898e-09,None,None,None,None, , , , 
5875, ,0.027364399970746703,1.825183494319039e-09,None,None,None,None, , , , 
5876, ,0.027364399970746703,1.956398343517065e-09,None,None,None,None, , , , 
5877, ,0.027364399970746703,2.0970464013232305e-09,None,None,None,None, , , , 
5878, ,0.027364399970746703,2.2478058335487307e-09,None,None,None,None, , , , 
5879, ,0.027364399970746703,2.409403560239527e-09,None,None,None,None, , , , 
5880, ,0.027364399970746703,2.582618760682675e-09,None,None,None,None, , , , 
5881, ,0.027364399970746703,2.768286630392061e-09,None,None,None,None, , , , 
5882, ,0.027364399970746703,2.9673024081888724e-09,None,None,None,None, , , , 
5883, ,0.027364399970746703,3.180625692794119e-09,None,None,None,None, , , , 
5884, ,0.027364399970746703,3.409285069746807e-09,None,None,None,None, , , , 
5885, ,0.027364399970746703,3.654383070957262e-09,None,None,None,None, , , , 
5886, ,0.027364399970746703,3.917101490809261e-09,None,None,None,None, , , , 
5887, ,0.027364399970746703,4.198707084443906e-09,None,None,None,None, , , , 
5888, ,0.027364399970746703,4.500557675700488e-09,None,None,None,None, , , , 
5889, ,0.027364399970746703,4.824108704165374e-09,None,None,None,None, , , , 
5890, ,0.027364399970746703,5.170920242896755e-09,None,None,None,None, , , , 
5891, ,0.027364399970746703,5.542664520663096e-09,None,None,None,None, , , , 
5892, ,0.027364399970746703,5.941133984965041e-09,None,None,None,None, , , , 
5893, ,0.027364399970746703,6.3682499447185856e-09,None,None,None,None, , , , 
5894, ,0.027364399970746703,6.826071834272379e-09,None,None,None,None, , , , 
5895, ,0.027364399970746703,7.316807143427175e-09,None,None,None,None, , , , 
5896, ,0.027364399970746703,7.842822061337681e-09,None,None,None,None, , , , 
5897, ,0.027364399970746703,8.406652885618316e-09,None,None,None,None, , , , 
5898, ,0.027364399970746703,9.011018251665036e-09,None,None,None,None, , , , 
5899, ,0.027364399970746703,9.658832241158707e-09,None,None,None,None, , , , 
5900, ,0.027364399970746703,1.0353218432956616e-08,None,None,None,None, , , , 
5901, ,0.027364399970746703,1.1097524964120722e-08,None,None,None,None, , , , 
5902, ,0.027364399970746703,1.1895340673703208e-08,None,None,None,None, , , , 
5903, ,0.027364399970746703,1.2750512407130128e-08,None,None,None,None, , , , 
5904, ,0.027364399970746703,1.3667163564620044e-08,None,None,None,None, , , , 
5905, ,0.027364399970746703,1.4649713983072853e-08,None,None,None,None, , , , 
5906, ,0.027364399970746703,1.5702901247293774e-08,None,None,None,None, , , , 
5907, ,0.027364399970746703,1.683180353330955e-08,None,None,None,None, , , , 
5908, ,0.027364399970746703,1.8041864093920717e-08,None,None,None,None, , , , 
5909, ,0.027364399970746703,1.933891750455232e-08,None,None,None,None, , , , 
5910, ,0.027364399970746703,2.0729217795953697e-08,None,None,None,None, , , , 
5911, ,0.027364399970746703,2.221946860939524e-08,None,None,None,None, , , , 
5912, ,0.027364399970746703,2.3816855519761606e-08,None,None,None,None, , , , 
5913, ,0.027364399970746703,2.552908068239516e-08,None,None,None,None, , , , 
5914, ,0.027364399970746703,2.7364399970746666e-08,None,None,None,None, , , , 
5915, ,0.027364399970746703,2.933166278390042e-08,None,None,None,None, , , , 
5916, ,0.027364399970746703,3.1440354715915e-08,None,None,None,None, , , , 
5917, ,0.027364399970746703,3.370064329271925e-08,None,None,None,None, , , , 
5918, ,0.027364399970746703,3.612342699709431e-08,None,None,None,None, , , , 
5919, ,0.027364399970746703,3.872038781812557e-08,None,None,None,None, , , , 
5920, ,0.027364399970746703,4.1504047578504727e-08,None,None,None,None, , , , 
5921, ,0.027364399970746703,4.448782831127585e-08,None,None,None,None, , , , 
5922, ,0.027364399970746703,4.768611697714474e-08,None,None,None,None, , , , 
5923, ,0.027364399970746703,5.111433483440165e-08,None,None,None,None, , , , 
5924, ,0.027364399970746703,5.478901179593934e-08,None,None,None,None, , , , 
5925, ,0.027364399970746703,5.872786613189478e-08,None,None,None,None, , , , 
5926, ,0.027364399970746703,6.294988990221888e-08,None,None,None,None, , , , 
5927, ,0.027364399970746703,6.747544053110687e-08,None,None,None,None, , , , 
5928, ,0.027364399970746703,7.232633896483534e-08,None,None,None,None, , , , 
5929, ,0.027364399970746703,7.752597488629465e-08,None,None,None,None, , , , 
5930, ,0.027364399970746703,8.309941949353386e-08,None,None,None,None, , , , 
5931, ,0.027364399970746703,8.907354638610439e-08,None,None,None,None, , , , 
5932, ,0.027364399970746703,9.547716114208066e-08,None,None,None,None, , , , 
5933, ,0.027364399970746703,1.0234114021054528e-07,None,None,None,None, , , , 
5934, ,0.027364399970746703,1.0969857978923841e-07,None,None,None,None, , , , 
5935, ,0.027364399970746703,1.1758495540521555e-07,None,None,None,None, , , , 
5936, ,0.027364399970746703,1.2603829296797277e-07,None,None,None,None, , , , 
5937, ,0.027364399970746703,1.350993521198025e-07,None,None,None,None, , , , 
5938, ,0.027364399970746703,1.4481182276745328e-07,None,None,None,None, , , , 
5939, ,0.027364399970746703,1.552225357427048e-07,None,None,None,None, , , , 
5940, ,0.027364399970746703,1.6638168860761273e-07,None,None,None,None, , , , 
5941, ,0.027364399970746703,1.7834308769319093e-07,None,None,None,None, , , , 
5942, ,0.027364399970746703,1.9116440753857e-07,None,None,None,None, , , , 
5943, ,0.027364399970746703,2.049074689815846e-07,None,None,None,None, , , , 
5944, ,0.027364399970746703,2.1963853724165468e-07,None,None,None,None, , , , 
5945, ,0.027364399970746703,2.3542864143224158e-07,None,None,None,None, , , , 
5946, ,0.027364399970746703,2.523539170434766e-07,None,None,None,None, , , , 
5947, ,0.027364399970746703,2.7049597304631316e-07,None,None,None,None, , , , 
5948, ,0.027364399970746703,2.899422853882875e-07,None,None,None,None, , , , 
5949, ,0.027364399970746703,3.107866187782014e-07,None,None,None,None, , , , 
5950, ,0.027364399970746703,3.33129478793467e-07,None,None,None,None, , , , 
5951, ,0.027364399970746703,3.5707859649004626e-07,None,None,None,None, , , , 
5952, ,0.027364399970746703,3.827494478516307e-07,None,None,None,None, , , , 
5953, ,0.027364399970746703,4.1026581058271904e-07,None,None,None,None, , , , 
5954, ,0.027364399970746703,4.397603609302722e-07,None,None,None,None, , , , 
5955, ,0.027364399970746703,4.7137531341167185e-07,None,None,None,None, , , , 
5956, ,0.027364399970746703,5.052631065335679e-07,None,None,None,None, , , , 
5957, ,0.027364399970746703,5.415871378079465e-07,None,None,None,None, , , , 
5958, ,0.027364399970746703,5.805225516094896e-07,None,None,None,None, , , , 
5959, ,0.027364399970746703,6.222570836730232e-07,None,None,None,None, , , , 
5960, ,0.027364399970746703,6.669919663030115e-07,None,None,None,None, , , , 
5961, ,0.027364399970746703,7.149428986597576e-07,None,None,None,None, , , , 
5962, ,0.027364399970746703,7.663410868007445e-07,None,None,None,None, , , , 
5963, ,0.027364399970746703,8.214343584919422e-07,None,None,None,None, , , , 
5964, ,0.027364399970746703,8.804883581643463e-07,None,None,None,None, , , , 
5965, ,0.027364399970746703,9.437878277775371e-07,None,None,None,None, , , , 
5966, ,0.027364399970746703,1.0116379797662072e-06,None,None,None,None, , , , 
5967, ,0.027364399970746703,1.0843659686896086e-06,None,None,None,None, , , , 
5968, ,0.027364399970746703,1.1623224686798522e-06,None,None,None,None, , , , 
5969, ,0.027364399970746703,1.2458833642950078e-06,None,None,None,None, , , , 
5970, ,0.027364399970746703,1.3354515629298971e-06,None,None,None,None, , , , 
5971, ,0.027364399970746703,1.4314589375234786e-06,None,None,None,None, , , , 
5972, ,0.027364399970746703,1.53436840893001e-06,None,None,None,None, , , , 
5973, ,0.027364399970746703,1.6446761779946631e-06,None,None,None,None, , , , 
5974, ,0.027364399970746703,1.762914118095948e-06,None,None,None,None, , , , 
5975, ,0.027364399970746703,1.8896523396912082e-06,None,None,None,None, , , , 
5976, ,0.027364399970746703,2.0255019392306664e-06,None,None,None,None, , , , 
5977, ,0.027364399970746703,2.171117945694501e-06,None,None,None,None, , , , 
5978, ,0.027364399970746703,2.327202478960408e-06,None,None,None,None, , , , 
5979, ,0.027364399970746703,2.494508135230317e-06,None,None,None,None, , , , 
5980, ,0.027364399970746703,2.673841615839944e-06,None,None,None,None, , , , 
5981, ,0.027364399970746703,2.8660676169482507e-06,None,None,None,None, , , , 
5982, ,0.027364399970746703,3.0721129988617524e-06,None,None,None,None, , , , 
5983, ,0.027364399970746703,3.292971255097148e-06,None,None,None,None, , , , 
5984, ,0.027364399970746703,3.5297073027306505e-06,None,None,None,None, , , , 
5985, ,0.027364399970746703,3.783462617131925e-06,None,None,None,None, , , , 
5986, ,0.027364399970746703,4.0554607358408275e-06,None,None,None,None, , , , 
5987, ,0.027364399970746703,4.3470131581250175e-06,None,None,None,None, , , , 
5988, ,0.027364399970746703,4.6595256686646765e-06,None,None,None,None, , , , 
5989, ,0.027364399970746703,4.99450511585514e-06,None,None,None,None, , , , 
5990, ,0.027364399970746703,5.353566677410719e-06,None,None,None,None, , , , 
5991, ,0.027364399970746703,5.738441648302393e-06,None,None,None,None, , , , 
5992, ,0.027364399970746703,6.150985788580505e-06,None,None,None,None, , , , 
5993, ,0.027364399970746703,6.593188271333541e-06,None,None,None,None, , , , 
5994, ,0.027364399970746703,7.067181273927492e-06,None,None,None,None, , , , 
5995, ,0.027364399970746703,7.575250258771904e-06,None,None,None,None, , , , 
5996, ,0.027364399970746703,8.119844993184007e-06,None,None,None,None, , , , 
5997, ,0.027364399970746703,8.703591361485167e-06,None,None,None,None, , , , 
5998, ,0.027364399970746703,9.329304026284676e-06,None,None,None,None, , , , 
5999, ,0.027364399970746703,1e-05,None,None,None,None, , , , 
6000, ,0.028330961018393237,1e-11,None,None,None,None, , , , 
6001, ,0.028330961018393237,1.0718913192051263e-11,None,None,None,None, , , , 
6002, ,0.028330961018393237,1.1489510001873107e-11,None,None,None,None, , , , 
6003, ,0.028330961018393237,1.2315506032928262e-11,None,None,None,None, , , , 
6004, ,0.028330961018393237,1.3200884008314167e-11,None,None,None,None, , , , 
6005, ,0.028330961018393237,1.4149912974345786e-11,None,None,None,None, , , , 
6006, ,0.028330961018393237,1.5167168884709242e-11,None,None,None,None, , , , 
6007, ,0.028330961018393237,1.6257556664437934e-11,None,None,None,None, , , , 
6008, ,0.028330961018393237,1.7426333860096473e-11,None,None,None,None, , , , 
6009, ,0.028330961018393237,1.8679135990207848e-11,None,None,None,None, , , , 
6010, ,0.028330961018393237,2.0022003718155844e-11,None,None,None,None, , , , 
6011, ,0.028330961018393237,2.1461411978584013e-11,None,None,None,None, , , , 
6012, ,0.028330961018393237,2.300430119772921e-11,None,None,None,None, , , , 
6013, ,0.028330961018393237,2.465811075822604e-11,None,None,None,None, , , , 
6014, ,0.028330961018393237,2.643081486974103e-11,None,None,None,None, , , , 
6015, ,0.028330961018393237,2.8330961018393178e-11,None,None,None,None, , , , 
6016, ,0.028330961018393237,3.036771118035461e-11,None,None,None,None, , , , 
6017, ,0.028330961018393237,3.255088599835057e-11,None,None,None,None, , , , 
6018, ,0.028330961018393237,3.4891012134067674e-11,None,None,None,None, , , , 
6019, ,0.028330961018393237,3.739937302478801e-11,None,None,None,None, , , , 
6020, ,0.028330961018393237,4.0088063288984646e-11,None,None,None,None, , , , 
6021, ,0.028330961018393237,4.297004704320835e-11,None,None,None,None, , , , 
6022, ,0.028330961018393237,4.605922041145113e-11,None,None,None,None, , , , 
6023, ,0.028330961018393237,4.937047852839004e-11,None,None,None,None, , , , 
6024, ,0.028330961018393237,5.2919787359584366e-11,None,None,None,None, , , , 
6025, ,0.028330961018393237,5.672426068491989e-11,None,None,None,None, , , , 
6026, ,0.028330961018393237,6.080224261649427e-11,None,None,None,None, , , , 
6027, ,0.028330961018393237,6.517339604882421e-11,None,None,None,None, , , , 
6028, ,0.028330961018393237,6.985879746785235e-11,None,None,None,None, , , , 
6029, ,0.028330961018393237,7.48810385759003e-11,None,None,None,None, , , , 
6030, ,0.028330961018393237,8.026433522257174e-11,None,None,None,None, , , , 
6031, ,0.028330961018393237,8.603464416684492e-11,None,None,None,None, , , , 
6032, ,0.028330961018393237,9.221978823334341e-11,None,None,None,None, , , , 
6033, ,0.028330961018393237,9.884959046625586e-11,None,None,None,None, , , , 
6034, ,0.028330961018393237,1.0595601792776149e-10,None,None,None,None, , , , 
6035, ,0.028330961018393237,1.1357333583431027e-10,None,None,None,None, , , , 
6036, ,0.028330961018393237,1.217382727739662e-10,None,None,None,None, , , , 
6037, ,0.028330961018393237,1.3049019780144016e-10,None,None,None,None, , , , 
6038, ,0.028330961018393237,1.398713102647236e-10,None,None,None,None, , , , 
6039, ,0.028330961018393237,1.4992684327860468e-10,None,None,None,None, , , , 
6040, ,0.028330961018393237,1.6070528182616384e-10,None,None,None,None, , , , 
6041, ,0.028330961018393237,1.722585965398784e-10,None,None,None,None, , , , 
6042, ,0.028330961018393237,1.8464249428955463e-10,None,None,None,None, , , , 
6043, ,0.028330961018393237,1.9791668678535569e-10,None,None,None,None, , , , 
6044, ,0.028330961018393237,2.121451784910628e-10,None,None,None,None, , , , 
6045, ,0.028330961018393237,2.273965752357932e-10,None,None,None,None, , , , 
6046, ,0.028330961018393237,2.4374441501222216e-10,None,None,None,None, , , , 
6047, ,0.028330961018393237,2.6126752255633265e-10,None,None,None,None, , , , 
6048, ,0.028330961018393237,2.8005038941836253e-10,None,None,None,None, , , , 
6049, ,0.028330961018393237,3.0018358135755917e-10,None,None,None,None, , , , 
6050, ,0.028330961018393237,3.2176417502507347e-10,None,None,None,None, , , , 
6051, ,0.028330961018393237,3.4489622604057533e-10,None,None,None,None, , , , 
6052, ,0.028330961018393237,3.696912707195032e-10,None,None,None,None, , , , 
6053, ,0.028330961018393237,3.9626886387014783e-10,None,None,None,None, , , , 
6054, ,0.028330961018393237,4.2475715525368935e-10,None,None,None,None, , , , 
6055, ,0.028330961018393237,4.552935074866938e-10,None,None,None,None, , , , 
6056, ,0.028330961018393237,4.880251583654433e-10,None,None,None,None, , , , 
6057, ,0.028330961018393237,5.231099308056258e-10,None,None,None,None, , , , 
6058, ,0.028330961018393237,5.60716993820547e-10,None,None,None,None, , , , 
6059, ,0.028330961018393237,6.010276782070387e-10,None,None,None,None, , , , 
6060, ,0.028330961018393237,6.442363508721371e-10,None,None,None,None, , , , 
6061, ,0.028330961018393237,6.905513520162316e-10,None,None,None,None, , , , 
6062, ,0.028330961018393237,7.401959996915653e-10,None,None,None,None, , , , 
6063, ,0.028330961018393237,7.934096665797492e-10,None,None,None,None, , , , 
6064, ,0.028330961018393237,8.504489341802668e-10,None,None,None,None, , , , 
6065, ,0.028330961018393237,9.115888299750837e-10,None,None,None,None, , , , 
6066, ,0.028330961018393237,9.771241535346502e-10,None,None,None,None, , , , 
6067, ,0.028330961018393237,1.0473708979594486e-09,None,None,None,None, , , , 
6068, ,0.028330961018393237,1.1226677735108114e-09,None,None,None,None, , , , 
6069, ,0.028330961018393237,1.2033778407775904e-09,None,None,None,None, , , , 
6070, ,0.028330961018393237,1.289890261253308e-09,None,None,None,None, , , , 
6071, ,0.028330961018393237,1.3826221737646535e-09,None,None,None,None, , , , 
6072, ,0.028330961018393237,1.4820207057988602e-09,None,None,None,None, , , , 
6073, ,0.028330961018393237,1.5885651294280526e-09,None,None,None,None, , , , 
6074, ,0.028330961018393237,1.702769172225898e-09,None,None,None,None, , , , 
6075, ,0.028330961018393237,1.825183494319039e-09,None,None,None,None, , , , 
6076, ,0.028330961018393237,1.956398343517065e-09,None,None,None,None, , , , 
6077, ,0.028330961018393237,2.0970464013232305e-09,None,None,None,None, , , , 
6078, ,0.028330961018393237,2.2478058335487307e-09,None,None,None,None, , , , 
6079, ,0.028330961018393237,2.409403560239527e-09,None,None,None,None, , , , 
6080, ,0.028330961018393237,2.582618760682675e-09,None,None,None,None, , , , 
6081, ,0.028330961018393237,2.768286630392061e-09,None,None,None,None, , , , 
6082, ,0.028330961018393237,2.9673024081888724e-09,None,None,None,None, , , , 
6083, ,0.028330961018393237,3.180625692794119e-09,None,None,None,None, , , , 
6084, ,0.028330961018393237,3.409285069746807e-09,None,None,None,None, , , , 
6085, ,0.028330961018393237,3.654383070957262e-09,None,None,None,None, , , , 
6086, ,0.028330961018393237,3.917101490809261e-09,None,None,None,None, , , , 
6087, ,0.028330961018393237,4.198707084443906e-09,None,None,None,None, , , , 
6088, ,0.028330961018393237,4.500557675700488e-09,None,None,None,None, , , , 
6089, ,0.028330961018393237,4.824108704165374e-09,None,None,None,None, , , , 
6090, ,0.028330961018393237,5.170920242896755e-09,None,None,None,None, , , , 
6091, ,0.028330961018393237,5.542664520663096e-09,None,None,None,None, , , , 
6092, ,0.028330961018393237,5.941133984965041e-09,None,None,None,None, , , , 
6093, ,0.028330961018393237,6.3682499447185856e-09,None,None,None,None, , , , 
6094, ,0.028330961018393237,6.826071834272379e-09,None,None,None,None, , , , 
6095, ,0.028330961018393237,7.316807143427175e-09,None,None,None,None, , , , 
6096, ,0.028330961018393237,7.842822061337681e-09,None,None,None,None, , , , 
6097, ,0.028330961018393237,8.406652885618316e-09,None,None,None,None, , , , 
6098, ,0.028330961018393237,9.011018251665036e-09,None,None,None,None, , , , 
6099, ,0.028330961018393237,9.658832241158707e-09,None,None,None,None, , , , 
6100, ,0.028330961018393237,1.0353218432956616e-08,None,None,None,None, , , , 
6101, ,0.028330961018393237,1.1097524964120722e-08,None,None,None,None, , , , 
6102, ,0.028330961018393237,1.1895340673703208e-08,None,None,None,None, , , , 
6103, ,0.028330961018393237,1.2750512407130128e-08,None,None,None,None, , , , 
6104, ,0.028330961018393237,1.3667163564620044e-08,None,None,None,None, , , , 
6105, ,0.028330961018393237,1.4649713983072853e-08,None,None,None,None, , , , 
6106, ,0.028330961018393237,1.5702901247293774e-08,None,None,None,None, , , , 
6107, ,0.028330961018393237,1.683180353330955e-08,None,None,None,None, , , , 
6108, ,0.028330961018393237,1.8041864093920717e-08,None,None,None,None, , , , 
6109, ,0.028330961018393237,1.933891750455232e-08,None,None,None,None, , , , 
6110, ,0.028330961018393237,2.0729217795953697e-08,None,None,None,None, , , , 
6111, ,0.028330961018393237,2.221946860939524e-08,None,None,None,None, , , , 
6112, ,0.028330961018393237,2.3816855519761606e-08,None,None,None,None, , , , 
6113, ,0.028330961018393237,2.552908068239516e-08,None,None,None,None, , , , 
6114, ,0.028330961018393237,2.7364399970746666e-08,None,None,None,None, , , , 
6115, ,0.028330961018393237,2.933166278390042e-08,None,None,None,None, , , , 
6116, ,0.028330961018393237,3.1440354715915e-08,None,None,None,None, , , , 
6117, ,0.028330961018393237,3.370064329271925e-08,None,None,None,None, , , , 
6118, ,0.028330961018393237,3.612342699709431e-08,None,None,None,None, , , , 
6119, ,0.028330961018393237,3.872038781812557e-08,None,None,None,None, , , , 
6120, ,0.028330961018393237,4.1504047578504727e-08,None,None,None,None, , , , 
6121, ,0.028330961018393237,4.448782831127585e-08,None,None,None,None, , , , 
6122, ,0.028330961018393237,4.768611697714474e-08,None,None,None,None, , , , 
6123, ,0.028330961018393237,5.111433483440165e-08,None,None,None,None, , , , 
6124, ,0.028330961018393237,5.478901179593934e-08,None,None,None,None, , , , 
6125, ,0.028330961018393237,5.872786613189478e-08,None,None,None,None, , , , 
6126, ,0.028330961018393237,6.294988990221888e-08,None,None,None,None, , , , 
6127, ,0.028330961018393237,6.747544053110687e-08,None,None,None,None, , , , 
6128, ,0.028330961018393237,7.232633896483534e-08,None,None,None,None, , , , 
6129, ,0.028330961018393237,7.752597488629465e-08,None,None,None,None, , , , 
6130, ,0.028330961018393237,8.309941949353386e-08,None,None,None,None, , , , 
6131, ,0.028330961018393237,8.907354638610439e-08,None,None,None,None, , , , 
6132, ,0.028330961018393237,9.547716114208066e-08,None,None,None,None, , , , 
6133, ,0.028330961018393237,1.0234114021054528e-07,None,None,None,None, , , , 
6134, ,0.028330961018393237,1.0969857978923841e-07,None,None,None,None, , , , 
6135, ,0.028330961018393237,1.1758495540521555e-07,None,None,None,None, , , , 
6136, ,0.028330961018393237,1.2603829296797277e-07,None,None,None,None, , , , 
6137, ,0.028330961018393237,1.350993521198025e-07,None,None,None,None, , , , 
6138, ,0.028330961018393237,1.4481182276745328e-07,None,None,None,None, , , , 
6139, ,0.028330961018393237,1.552225357427048e-07,None,None,None,None, , , , 
6140, ,0.028330961018393237,1.6638168860761273e-07,None,None,None,None, , , , 
6141, ,0.028330961018393237,1.7834308769319093e-07,None,None,None,None, , , , 
6142, ,0.028330961018393237,1.9116440753857e-07,None,None,None,None, , , , 
6143, ,0.028330961018393237,2.049074689815846e-07,None,None,None,None, , , , 
6144, ,0.028330961018393237,2.1963853724165468e-07,None,None,None,None, , , , 
6145, ,0.028330961018393237,2.3542864143224158e-07,None,None,None,None, , , , 
6146, ,0.028330961018393237,2.523539170434766e-07,None,None,None,None, , , , 
6147, ,0.028330961018393237,2.7049597304631316e-07,None,None,None,None, , , , 
6148, ,0.028330961018393237,2.899422853882875e-07,None,None,None,None, , , , 
6149, ,0.028330961018393237,3.107866187782014e-07,None,None,None,None, , , , 
6150, ,0.028330961018393237,3.33129478793467e-07,None,None,None,None, , , , 
6151, ,0.028330961018393237,3.5707859649004626e-07,None,None,None,None, , , , 
6152, ,0.028330961018393237,3.827494478516307e-07,None,None,None,None, , , , 
6153, ,0.028330961018393237,4.1026581058271904e-07,None,None,None,None, , , , 
6154, ,0.028330961018393237,4.397603609302722e-07,None,None,None,None, , , , 
6155, ,0.028330961018393237,4.7137531341167185e-07,None,None,None,None, , , , 
6156, ,0.028330961018393237,5.052631065335679e-07,None,None,None,None, , , , 
6157, ,0.028330961018393237,5.415871378079465e-07,None,None,None,None, , , , 
6158, ,0.028330961018393237,5.805225516094896e-07,None,None,None,None, , , , 
6159, ,0.028330961018393237,6.222570836730232e-07,None,None,None,None, , , , 
6160, ,0.028330961018393237,6.669919663030115e-07,None,None,None,None, , , , 
6161, ,0.028330961018393237,7.149428986597576e-07,None,None,None,None, , , , 
6162, ,0.028330961018393237,7.663410868007445e-07,None,None,None,None, , , , 
6163, ,0.028330961018393237,8.214343584919422e-07,None,None,None,None, , , , 
6164, ,0.028330961018393237,8.804883581643463e-07,None,None,None,None, , , , 
6165, ,0.028330961018393237,9.437878277775371e-07,None,None,None,None, , , , 
6166, ,0.028330961018393237,1.0116379797662072e-06,None,None,None,None, , , , 
6167, ,0.028330961018393237,1.0843659686896086e-06,None,None,None,None, , , , 
6168, ,0.028330961018393237,1.1623224686798522e-06,None,None,None,None, , , , 
6169, ,0.028330961018393237,1.2458833642950078e-06,None,None,None,None, , , , 
6170, ,0.028330961018393237,1.3354515629298971e-06,None,None,None,None, , , , 
6171, ,0.028330961018393237,1.4314589375234786e-06,None,None,None,None, , , , 
6172, ,0.028330961018393237,1.53436840893001e-06,None,None,None,None, , , , 
6173, ,0.028330961018393237,1.6446761779946631e-06,None,None,None,None, , , , 
6174, ,0.028330961018393237,1.762914118095948e-06,None,None,None,None, , , , 
6175, ,0.028330961018393237,1.8896523396912082e-06,None,None,None,None, , , , 
6176, ,0.028330961018393237,2.0255019392306664e-06,None,None,None,None, , , , 
6177, ,0.028330961018393237,2.171117945694501e-06,None,None,None,None, , , , 
6178, ,0.028330961018393237,2.327202478960408e-06,None,None,None,None, , , , 
6179, ,0.028330961018393237,2.494508135230317e-06,None,None,None,None, , , , 
6180, ,0.028330961018393237,2.673841615839944e-06,None,None,None,None, , , , 
6181, ,0.028330961018393237,2.8660676169482507e-06,None,None,None,None, , , , 
6182, ,0.028330961018393237,3.0721129988617524e-06,None,None,None,None, , , , 
6183, ,0.028330961018393237,3.292971255097148e-06,None,None,None,None, , , , 
6184, ,0.028330961018393237,3.5297073027306505e-06,None,None,None,None, , , , 
6185, ,0.028330961018393237,3.783462617131925e-06,None,None,None,None, , , , 
6186, ,0.028330961018393237,4.0554607358408275e-06,None,None,None,None, , , , 
6187, ,0.028330961018393237,4.3470131581250175e-06,None,None,None,None, , , , 
6188, ,0.028330961018393237,4.6595256686646765e-06,None,None,None,None, , , , 
6189, ,0.028330961018393237,4.99450511585514e-06,None,None,None,None, , , , 
6190, ,0.028330961018393237,5.353566677410719e-06,None,None,None,None, , , , 
6191, ,0.028330961018393237,5.738441648302393e-06,None,None,None,None, , , , 
6192, ,0.028330961018393237,6.150985788580505e-06,None,None,None,None, , , , 
6193, ,0.028330961018393237,6.593188271333541e-06,None,None,None,None, , , , 
6194, ,0.028330961018393237,7.067181273927492e-06,None,None,None,None, , , , 
6195, ,0.028330961018393237,7.575250258771904e-06,None,None,None,None, , , , 
6196, ,0.028330961018393237,8.119844993184007e-06,None,None,None,None, , , , 
6197, ,0.028330961018393237,8.703591361485167e-06,None,None,None,None, , , , 
6198, ,0.028330961018393237,9.329304026284676e-06,None,None,None,None, , , , 
6199, ,0.028330961018393237,1e-05,None,None,None,None, , , , 
6200, ,0.02933166278390044,1e-11,None,None,None,None, , , , 
6201, ,0.02933166278390044,1.0718913192051263e-11,None,None,None,None, , , , 
6202, ,0.02933166278390044,1.1489510001873107e-11,None,None,None,None, , , , 
6203, ,0.02933166278390044,1.2315506032928262e-11,None,None,None,None, , , , 
6204, ,0.02933166278390044,1.3200884008314167e-11,None,None,None,None, , , , 
6205, ,0.02933166278390044,1.4149912974345786e-11,None,None,None,None, , , , 
6206, ,0.02933166278390044,1.5167168884709242e-11,None,None,None,None, , , , 
6207, ,0.02933166278390044,1.6257556664437934e-11,None,None,None,None, , , , 
6208, ,0.02933166278390044,1.7426333860096473e-11,None,None,None,None, , , , 
6209, ,0.02933166278390044,1.8679135990207848e-11,None,None,None,None, , , , 
6210, ,0.02933166278390044,2.0022003718155844e-11,None,None,None,None, , , , 
6211, ,0.02933166278390044,2.1461411978584013e-11,None,None,None,None, , , , 
6212, ,0.02933166278390044,2.300430119772921e-11,None,None,None,None, , , , 
6213, ,0.02933166278390044,2.465811075822604e-11,None,None,None,None, , , , 
6214, ,0.02933166278390044,2.643081486974103e-11,None,None,None,None, , , , 
6215, ,0.02933166278390044,2.8330961018393178e-11,None,None,None,None, , , , 
6216, ,0.02933166278390044,3.036771118035461e-11,None,None,None,None, , , , 
6217, ,0.02933166278390044,3.255088599835057e-11,None,None,None,None, , , , 
6218, ,0.02933166278390044,3.4891012134067674e-11,None,None,None,None, , , , 
6219, ,0.02933166278390044,3.739937302478801e-11,None,None,None,None, , , , 
6220, ,0.02933166278390044,4.0088063288984646e-11,None,None,None,None, , , , 
6221, ,0.02933166278390044,4.297004704320835e-11,None,None,None,None, , , , 
6222, ,0.02933166278390044,4.605922041145113e-11,None,None,None,None, , , , 
6223, ,0.02933166278390044,4.937047852839004e-11,None,None,None,None, , , , 
6224, ,0.02933166278390044,5.2919787359584366e-11,None,None,None,None, , , , 
6225, ,0.02933166278390044,5.672426068491989e-11,None,None,None,None, , , , 
6226, ,0.02933166278390044,6.080224261649427e-11,None,None,None,None, , , , 
6227, ,0.02933166278390044,6.517339604882421e-11,None,None,None,None, , , , 
6228, ,0.02933166278390044,6.985879746785235e-11,None,None,None,None, , , , 
6229, ,0.02933166278390044,7.48810385759003e-11,None,None,None,None, , , , 
6230, ,0.02933166278390044,8.026433522257174e-11,None,None,None,None, , , , 
6231, ,0.02933166278390044,8.603464416684492e-11,None,None,None,None, , , , 
6232, ,0.02933166278390044,9.221978823334341e-11,None,None,None,None, , , , 
6233, ,0.02933166278390044,9.884959046625586e-11,None,None,None,None, , , , 
6234, ,0.02933166278390044,1.0595601792776149e-10,None,None,None,None, , , , 
6235, ,0.02933166278390044,1.1357333583431027e-10,None,None,None,None, , , , 
6236, ,0.02933166278390044,1.217382727739662e-10,None,None,None,None, , , , 
6237, ,0.02933166278390044,1.3049019780144016e-10,None,None,None,None, , , , 
6238, ,0.02933166278390044,1.398713102647236e-10,None,None,None,None, , , , 
6239, ,0.02933166278390044,1.4992684327860468e-10,None,None,None,None, , , , 
6240, ,0.02933166278390044,1.6070528182616384e-10,None,None,None,None, , , , 
6241, ,0.02933166278390044,1.722585965398784e-10,None,None,None,None, , , , 
6242, ,0.02933166278390044,1.8464249428955463e-10,None,None,None,None, , , , 
6243, ,0.02933166278390044,1.9791668678535569e-10,None,None,None,None, , , , 
6244, ,0.02933166278390044,2.121451784910628e-10,None,None,None,None, , , , 
6245, ,0.02933166278390044,2.273965752357932e-10,None,None,None,None, , , , 
6246, ,0.02933166278390044,2.4374441501222216e-10,None,None,None,None, , , , 
6247, ,0.02933166278390044,2.6126752255633265e-10,None,None,None,None, , , , 
6248, ,0.02933166278390044,2.8005038941836253e-10,None,None,None,None, , , , 
6249, ,0.02933166278390044,3.0018358135755917e-10,None,None,None,None, , , , 
6250, ,0.02933166278390044,3.2176417502507347e-10,None,None,None,None, , , , 
6251, ,0.02933166278390044,3.4489622604057533e-10,None,None,None,None, , , , 
6252, ,0.02933166278390044,3.696912707195032e-10,None,None,None,None, , , , 
6253, ,0.02933166278390044,3.9626886387014783e-10,None,None,None,None, , , , 
6254, ,0.02933166278390044,4.2475715525368935e-10,None,None,None,None, , , , 
6255, ,0.02933166278390044,4.552935074866938e-10,None,None,None,None, , , , 
6256, ,0.02933166278390044,4.880251583654433e-10,None,None,None,None, , , , 
6257, ,0.02933166278390044,5.231099308056258e-10,None,None,None,None, , , , 
6258, ,0.02933166278390044,5.60716993820547e-10,None,None,None,None, , , , 
6259, ,0.02933166278390044,6.010276782070387e-10,None,None,None,None, , , , 
6260, ,0.02933166278390044,6.442363508721371e-10,None,None,None,None, , , , 
6261, ,0.02933166278390044,6.905513520162316e-10,None,None,None,None, , , , 
6262, ,0.02933166278390044,7.401959996915653e-10,None,None,None,None, , , , 
6263, ,0.02933166278390044,7.934096665797492e-10,None,None,None,None, , , , 
6264, ,0.02933166278390044,8.504489341802668e-10,None,None,None,None, , , , 
6265, ,0.02933166278390044,9.115888299750837e-10,None,None,None,None, , , , 
6266, ,0.02933166278390044,9.771241535346502e-10,None,None,None,None, , , , 
6267, ,0.02933166278390044,1.0473708979594486e-09,None,None,None,None, , , , 
6268, ,0.02933166278390044,1.1226677735108114e-09,None,None,None,None, , , , 
6269, ,0.02933166278390044,1.2033778407775904e-09,None,None,None,None, , , , 
6270, ,0.02933166278390044,1.289890261253308e-09,None,None,None,None, , , , 
6271, ,0.02933166278390044,1.3826221737646535e-09,None,None,None,None, , , , 
6272, ,0.02933166278390044,1.4820207057988602e-09,None,None,None,None, , , , 
6273, ,0.02933166278390044,1.5885651294280526e-09,None,None,None,None, , , , 
6274, ,0.02933166278390044,1.702769172225898e-09,None,None,None,None, , , , 
6275, ,0.02933166278390044,1.825183494319039e-09,None,None,None,None, , , , 
6276, ,0.02933166278390044,1.956398343517065e-09,None,None,None,None, , , , 
6277, ,0.02933166278390044,2.0970464013232305e-09,None,None,None,None, , , , 
6278, ,0.02933166278390044,2.2478058335487307e-09,None,None,None,None, , , , 
6279, ,0.02933166278390044,2.409403560239527e-09,None,None,None,None, , , , 
6280, ,0.02933166278390044,2.582618760682675e-09,None,None,None,None, , , , 
6281, ,0.02933166278390044,2.768286630392061e-09,None,None,None,None, , , , 
6282, ,0.02933166278390044,2.9673024081888724e-09,None,None,None,None, , , , 
6283, ,0.02933166278390044,3.180625692794119e-09,None,None,None,None, , , , 
6284, ,0.02933166278390044,3.409285069746807e-09,None,None,None,None, , , , 
6285, ,0.02933166278390044,3.654383070957262e-09,None,None,None,None, , , , 
6286, ,0.02933166278390044,3.917101490809261e-09,None,None,None,None, , , , 
6287, ,0.02933166278390044,4.198707084443906e-09,None,None,None,None, , , , 
6288, ,0.02933166278390044,4.500557675700488e-09,None,None,None,None, , , , 
6289, ,0.02933166278390044,4.824108704165374e-09,None,None,None,None, , , , 
6290, ,0.02933166278390044,5.170920242896755e-09,None,None,None,None, , , , 
6291, ,0.02933166278390044,5.542664520663096e-09,None,None,None,None, , , , 
6292, ,0.02933166278390044,5.941133984965041e-09,None,None,None,None, , , , 
6293, ,0.02933166278390044,6.3682499447185856e-09,None,None,None,None, , , , 
6294, ,0.02933166278390044,6.826071834272379e-09,None,None,None,None, , , , 
6295, ,0.02933166278390044,7.316807143427175e-09,None,None,None,None, , , , 
6296, ,0.02933166278390044,7.842822061337681e-09,None,None,None,None, , , , 
6297, ,0.02933166278390044,8.406652885618316e-09,None,None,None,None, , , , 
6298, ,0.02933166278390044,9.011018251665036e-09,None,None,None,None, , , , 
6299, ,0.02933166278390044,9.658832241158707e-09,None,None,None,None, , , , 
6300, ,0.02933166278390044,1.0353218432956616e-08,None,None,None,None, , , , 
6301, ,0.02933166278390044,1.1097524964120722e-08,None,None,None,None, , , , 
6302, ,0.02933166278390044,1.1895340673703208e-08,None,None,None,None, , , , 
6303, ,0.02933166278390044,1.2750512407130128e-08,None,None,None,None, , , , 
6304, ,0.02933166278390044,1.3667163564620044e-08,None,None,None,None, , , , 
6305, ,0.02933166278390044,1.4649713983072853e-08,None,None,None,None, , , , 
6306, ,0.02933166278390044,1.5702901247293774e-08,None,None,None,None, , , , 
6307, ,0.02933166278390044,1.683180353330955e-08,None,None,None,None, , , , 
6308, ,0.02933166278390044,1.8041864093920717e-08,None,None,None,None, , , , 
6309, ,0.02933166278390044,1.933891750455232e-08,None,None,None,None, , , , 
6310, ,0.02933166278390044,2.0729217795953697e-08,None,None,None,None, , , , 
6311, ,0.02933166278390044,2.221946860939524e-08,None,None,None,None, , , , 
6312, ,0.02933166278390044,2.3816855519761606e-08,None,None,None,None, , , , 
6313, ,0.02933166278390044,2.552908068239516e-08,None,None,None,None, , , , 
6314, ,0.02933166278390044,2.7364399970746666e-08,None,None,None,None, , , , 
6315, ,0.02933166278390044,2.933166278390042e-08,None,None,None,None, , , , 
6316, ,0.02933166278390044,3.1440354715915e-08,None,None,None,None, , , , 
6317, ,0.02933166278390044,3.370064329271925e-08,None,None,None,None, , , , 
6318, ,0.02933166278390044,3.612342699709431e-08,None,None,None,None, , , , 
6319, ,0.02933166278390044,3.872038781812557e-08,None,None,None,None, , , , 
6320, ,0.02933166278390044,4.1504047578504727e-08,None,None,None,None, , , , 
6321, ,0.02933166278390044,4.448782831127585e-08,None,None,None,None, , , , 
6322, ,0.02933166278390044,4.768611697714474e-08,None,None,None,None, , , , 
6323, ,0.02933166278390044,5.111433483440165e-08,None,None,None,None, , , , 
6324, ,0.02933166278390044,5.478901179593934e-08,None,None,None,None, , , , 
6325, ,0.02933166278390044,5.872786613189478e-08,None,None,None,None, , , , 
6326, ,0.02933166278390044,6.294988990221888e-08,None,None,None,None, , , , 
6327, ,0.02933166278390044,6.747544053110687e-08,None,None,None,None, , , , 
6328, ,0.02933166278390044,7.232633896483534e-08,None,None,None,None, , , , 
6329, ,0.02933166278390044,7.752597488629465e-08,None,None,None,None, , , , 
6330, ,0.02933166278390044,8.309941949353386e-08,None,None,None,None, , , , 
6331, ,0.02933166278390044,8.907354638610439e-08,None,None,None,None, , , , 
6332, ,0.02933166278390044,9.547716114208066e-08,None,None,None,None, , , , 
6333, ,0.02933166278390044,1.0234114021054528e-07,None,None,None,None, , , , 
6334, ,0.02933166278390044,1.0969857978923841e-07,None,None,None,None, , , , 
6335, ,0.02933166278390044,1.1758495540521555e-07,None,None,None,None, , , , 
6336, ,0.02933166278390044,1.2603829296797277e-07,None,None,None,None, , , , 
6337, ,0.02933166278390044,1.350993521198025e-07,None,None,None,None, , , , 
6338, ,0.02933166278390044,1.4481182276745328e-07,None,None,None,None, , , , 
6339, ,0.02933166278390044,1.552225357427048e-07,None,None,None,None, , , , 
6340, ,0.02933166278390044,1.6638168860761273e-07,None,None,None,None, , , , 
6341, ,0.02933166278390044,1.7834308769319093e-07,None,None,None,None, , , , 
6342, ,0.02933166278390044,1.9116440753857e-07,None,None,None,None, , , , 
6343, ,0.02933166278390044,2.049074689815846e-07,None,None,None,None, , , , 
6344, ,0.02933166278390044,2.1963853724165468e-07,None,None,None,None, , , , 
6345, ,0.02933166278390044,2.3542864143224158e-07,None,None,None,None, , , , 
6346, ,0.02933166278390044,2.523539170434766e-07,None,None,None,None, , , , 
6347, ,0.02933166278390044,2.7049597304631316e-07,None,None,None,None, , , , 
6348, ,0.02933166278390044,2.899422853882875e-07,None,None,None,None, , , , 
6349, ,0.02933166278390044,3.107866187782014e-07,None,None,None,None, , , , 
6350, ,0.02933166278390044,3.33129478793467e-07,None,None,None,None, , , , 
6351, ,0.02933166278390044,3.5707859649004626e-07,None,None,None,None, , , , 
6352, ,0.02933166278390044,3.827494478516307e-07,None,None,None,None, , , , 
6353, ,0.02933166278390044,4.1026581058271904e-07,None,None,None,None, , , , 
6354, ,0.02933166278390044,4.397603609302722e-07,None,None,None,None, , , , 
6355, ,0.02933166278390044,4.7137531341167185e-07,None,None,None,None, , , , 
6356, ,0.02933166278390044,5.052631065335679e-07,None,None,None,None, , , , 
6357, ,0.02933166278390044,5.415871378079465e-07,None,None,None,None, , , , 
6358, ,0.02933166278390044,5.805225516094896e-07,None,None,None,None, , , , 
6359, ,0.02933166278390044,6.222570836730232e-07,None,None,None,None, , , , 
6360, ,0.02933166278390044,6.669919663030115e-07,None,None,None,None, , , , 
6361, ,0.02933166278390044,7.149428986597576e-07,None,None,None,None, , , , 
6362, ,0.02933166278390044,7.663410868007445e-07,None,None,None,None, , , , 
6363, ,0.02933166278390044,8.214343584919422e-07,None,None,None,None, , , , 
6364, ,0.02933166278390044,8.804883581643463e-07,None,None,None,None, , , , 
6365, ,0.02933166278390044,9.437878277775371e-07,None,None,None,None, , , , 
6366, ,0.02933166278390044,1.0116379797662072e-06,None,None,None,None, , , , 
6367, ,0.02933166278390044,1.0843659686896086e-06,None,None,None,None, , , , 
6368, ,0.02933166278390044,1.1623224686798522e-06,None,None,None,None, , , , 
6369, ,0.02933166278390044,1.2458833642950078e-06,None,None,None,None, , , , 
6370, ,0.02933166278390044,1.3354515629298971e-06,None,None,None,None, , , , 
6371, ,0.02933166278390044,1.4314589375234786e-06,None,None,None,None, , , , 
6372, ,0.02933166278390044,1.53436840893001e-06,None,None,None,None, , , , 
6373, ,0.02933166278390044,1.6446761779946631e-06,None,None,None,None, , , , 
6374, ,0.02933166278390044,1.762914118095948e-06,None,None,None,None, , , , 
6375, ,0.02933166278390044,1.8896523396912082e-06,None,None,None,None, , , , 
6376, ,0.02933166278390044,2.0255019392306664e-06,None,None,None,None, , , , 
6377, ,0.02933166278390044,2.171117945694501e-06,None,None,None,None, , , , 
6378, ,0.02933166278390044,2.327202478960408e-06,None,None,None,None, , , , 
6379, ,0.02933166278390044,2.494508135230317e-06,None,None,None,None, , , , 
6380, ,0.02933166278390044,2.673841615839944e-06,None,None,None,None, , , , 
6381, ,0.02933166278390044,2.8660676169482507e-06,None,None,None,None, , , , 
6382, ,0.02933166278390044,3.0721129988617524e-06,None,None,None,None, , , , 
6383, ,0.02933166278390044,3.292971255097148e-06,None,None,None,None, , , , 
6384, ,0.02933166278390044,3.5297073027306505e-06,None,None,None,None, , , , 
6385, ,0.02933166278390044,3.783462617131925e-06,None,None,None,None, , , , 
6386, ,0.02933166278390044,4.0554607358408275e-06,None,None,None,None, , , , 
6387, ,0.02933166278390044,4.3470131581250175e-06,None,None,None,None, , , , 
6388, ,0.02933166278390044,4.6595256686646765e-06,None,None,None,None, , , , 
6389, ,0.02933166278390044,4.99450511585514e-06,None,None,None,None, , , , 
6390, ,0.02933166278390044,5.353566677410719e-06,None,None,None,None, , , , 
6391, ,0.02933166278390044,5.738441648302393e-06,None,None,None,None, , , , 
6392, ,0.02933166278390044,6.150985788580505e-06,None,None,None,None, , , , 
6393, ,0.02933166278390044,6.593188271333541e-06,None,None,None,None, , , , 
6394, ,0.02933166278390044,7.067181273927492e-06,None,None,None,None, , , , 
6395, ,0.02933166278390044,7.575250258771904e-06,None,None,None,None, , , , 
6396, ,0.02933166278390044,8.119844993184007e-06,None,None,None,None, , , , 
6397, ,0.02933166278390044,8.703591361485167e-06,None,None,None,None, , , , 
6398, ,0.02933166278390044,9.329304026284676e-06,None,None,None,None, , , , 
6399, ,0.02933166278390044,1e-05,None,None,None,None, , , , 
6400, ,0.030367711180354574,1e-11,None,None,None,None, , , , 
6401, ,0.030367711180354574,1.0718913192051263e-11,None,None,None,None, , , , 
6402, ,0.030367711180354574,1.1489510001873107e-11,None,None,None,None, , , , 
6403, ,0.030367711180354574,1.2315506032928262e-11,None,None,None,None, , , , 
6404, ,0.030367711180354574,1.3200884008314167e-11,None,None,None,None, , , , 
6405, ,0.030367711180354574,1.4149912974345786e-11,None,None,None,None, , , , 
6406, ,0.030367711180354574,1.5167168884709242e-11,None,None,None,None, , , , 
6407, ,0.030367711180354574,1.6257556664437934e-11,None,None,None,None, , , , 
6408, ,0.030367711180354574,1.7426333860096473e-11,None,None,None,None, , , , 
6409, ,0.030367711180354574,1.8679135990207848e-11,None,None,None,None, , , , 
6410, ,0.030367711180354574,2.0022003718155844e-11,None,None,None,None, , , , 
6411, ,0.030367711180354574,2.1461411978584013e-11,None,None,None,None, , , , 
6412, ,0.030367711180354574,2.300430119772921e-11,None,None,None,None, , , , 
6413, ,0.030367711180354574,2.465811075822604e-11,None,None,None,None, , , , 
6414, ,0.030367711180354574,2.643081486974103e-11,None,None,None,None, , , , 
6415, ,0.030367711180354574,2.8330961018393178e-11,None,None,None,None, , , , 
6416, ,0.030367711180354574,3.036771118035461e-11,None,None,None,None, , , , 
6417, ,0.030367711180354574,3.255088599835057e-11,None,None,None,None, , , , 
6418, ,0.030367711180354574,3.4891012134067674e-11,None,None,None,None, , , , 
6419, ,0.030367711180354574,3.739937302478801e-11,None,None,None,None, , , , 
6420, ,0.030367711180354574,4.0088063288984646e-11,None,None,None,None, , , , 
6421, ,0.030367711180354574,4.297004704320835e-11,None,None,None,None, , , , 
6422, ,0.030367711180354574,4.605922041145113e-11,None,None,None,None, , , , 
6423, ,0.030367711180354574,4.937047852839004e-11,None,None,None,None, , , , 
6424, ,0.030367711180354574,5.2919787359584366e-11,None,None,None,None, , , , 
6425, ,0.030367711180354574,5.672426068491989e-11,None,None,None,None, , , , 
6426, ,0.030367711180354574,6.080224261649427e-11,None,None,None,None, , , , 
6427, ,0.030367711180354574,6.517339604882421e-11,None,None,None,None, , , , 
6428, ,0.030367711180354574,6.985879746785235e-11,None,None,None,None, , , , 
6429, ,0.030367711180354574,7.48810385759003e-11,None,None,None,None, , , , 
6430, ,0.030367711180354574,8.026433522257174e-11,None,None,None,None, , , , 
6431, ,0.030367711180354574,8.603464416684492e-11,None,None,None,None, , , , 
6432, ,0.030367711180354574,9.221978823334341e-11,None,None,None,None, , , , 
6433, ,0.030367711180354574,9.884959046625586e-11,None,None,None,None, , , , 
6434, ,0.030367711180354574,1.0595601792776149e-10,None,None,None,None, , , , 
6435, ,0.030367711180354574,1.1357333583431027e-10,None,None,None,None, , , , 
6436, ,0.030367711180354574,1.217382727739662e-10,None,None,None,None, , , , 
6437, ,0.030367711180354574,1.3049019780144016e-10,None,None,None,None, , , , 
6438, ,0.030367711180354574,1.398713102647236e-10,None,None,None,None, , , , 
6439, ,0.030367711180354574,1.4992684327860468e-10,None,None,None,None, , , , 
6440, ,0.030367711180354574,1.6070528182616384e-10,None,None,None,None, , , , 
6441, ,0.030367711180354574,1.722585965398784e-10,None,None,None,None, , , , 
6442, ,0.030367711180354574,1.8464249428955463e-10,None,None,None,None, , , , 
6443, ,0.030367711180354574,1.9791668678535569e-10,None,None,None,None, , , , 
6444, ,0.030367711180354574,2.121451784910628e-10,None,None,None,None, , , , 
6445, ,0.030367711180354574,2.273965752357932e-10,None,None,None,None, , , , 
6446, ,0.030367711180354574,2.4374441501222216e-10,None,None,None,None, , , , 
6447, ,0.030367711180354574,2.6126752255633265e-10,None,None,None,None, , , , 
6448, ,0.030367711180354574,2.8005038941836253e-10,None,None,None,None, , , , 
6449, ,0.030367711180354574,3.0018358135755917e-10,None,None,None,None, , , , 
6450, ,0.030367711180354574,3.2176417502507347e-10,None,None,None,None, , , , 
6451, ,0.030367711180354574,3.4489622604057533e-10,None,None,None,None, , , , 
6452, ,0.030367711180354574,3.696912707195032e-10,None,None,None,None, , , , 
6453, ,0.030367711180354574,3.9626886387014783e-10,None,None,None,None, , , , 
6454, ,0.030367711180354574,4.2475715525368935e-10,None,None,None,None, , , , 
6455, ,0.030367711180354574,4.552935074866938e-10,None,None,None,None, , , , 
6456, ,0.030367711180354574,4.880251583654433e-10,None,None,None,None, , , , 
6457, ,0.030367711180354574,5.231099308056258e-10,None,None,None,None, , , , 
6458, ,0.030367711180354574,5.60716993820547e-10,None,None,None,None, , , , 
6459, ,0.030367711180354574,6.010276782070387e-10,None,None,None,None, , , , 
6460, ,0.030367711180354574,6.442363508721371e-10,None,None,None,None, , , , 
6461, ,0.030367711180354574,6.905513520162316e-10,None,None,None,None, , , , 
6462, ,0.030367711180354574,7.401959996915653e-10,None,None,None,None, , , , 
6463, ,0.030367711180354574,7.934096665797492e-10,None,None,None,None, , , , 
6464, ,0.030367711180354574,8.504489341802668e-10,None,None,None,None, , , , 
6465, ,0.030367711180354574,9.115888299750837e-10,None,None,None,None, , , , 
6466, ,0.030367711180354574,9.771241535346502e-10,None,None,None,None, , , , 
6467, ,0.030367711180354574,1.0473708979594486e-09,None,None,None,None, , , , 
6468, ,0.030367711180354574,1.1226677735108114e-09,None,None,None,None, , , , 
6469, ,0.030367711180354574,1.2033778407775904e-09,None,None,None,None, , , , 
6470, ,0.030367711180354574,1.289890261253308e-09,None,None,None,None, , , , 
6471, ,0.030367711180354574,1.3826221737646535e-09,None,None,None,None, , , , 
6472, ,0.030367711180354574,1.4820207057988602e-09,None,None,None,None, , , , 
6473, ,0.030367711180354574,1.5885651294280526e-09,None,None,None,None, , , , 
6474, ,0.030367711180354574,1.702769172225898e-09,None,None,None,None, , , , 
6475, ,0.030367711180354574,1.825183494319039e-09,None,None,None,None, , , , 
6476, ,0.030367711180354574,1.956398343517065e-09,None,None,None,None, , , , 
6477, ,0.030367711180354574,2.0970464013232305e-09,None,None,None,None, , , , 
6478, ,0.030367711180354574,2.2478058335487307e-09,None,None,None,None, , , , 
6479, ,0.030367711180354574,2.409403560239527e-09,None,None,None,None, , , , 
6480, ,0.030367711180354574,2.582618760682675e-09,None,None,None,None, , , , 
6481, ,0.030367711180354574,2.768286630392061e-09,None,None,None,None, , , , 
6482, ,0.030367711180354574,2.9673024081888724e-09,None,None,None,None, , , , 
6483, ,0.030367711180354574,3.180625692794119e-09,None,None,None,None, , , , 
6484, ,0.030367711180354574,3.409285069746807e-09,None,None,None,None, , , , 
6485, ,0.030367711180354574,3.654383070957262e-09,None,None,None,None, , , , 
6486, ,0.030367711180354574,3.917101490809261e-09,None,None,None,None, , , , 
6487, ,0.030367711180354574,4.198707084443906e-09,None,None,None,None, , , , 
6488, ,0.030367711180354574,4.500557675700488e-09,None,None,None,None, , , , 
6489, ,0.030367711180354574,4.824108704165374e-09,None,None,None,None, , , , 
6490, ,0.030367711180354574,5.170920242896755e-09,None,None,None,None, , , , 
6491, ,0.030367711180354574,5.542664520663096e-09,None,None,None,None, , , , 
6492, ,0.030367711180354574,5.941133984965041e-09,None,None,None,None, , , , 
6493, ,0.030367711180354574,6.3682499447185856e-09,None,None,None,None, , , , 
6494, ,0.030367711180354574,6.826071834272379e-09,None,None,None,None, , , , 
6495, ,0.030367711180354574,7.316807143427175e-09,None,None,None,None, , , , 
6496, ,0.030367711180354574,7.842822061337681e-09,None,None,None,None, , , , 
6497, ,0.030367711180354574,8.406652885618316e-09,None,None,None,None, , , , 
6498, ,0.030367711180354574,9.011018251665036e-09,None,None,None,None, , , , 
6499, ,0.030367711180354574,9.658832241158707e-09,None,None,None,None, , , , 
6500, ,0.030367711180354574,1.0353218432956616e-08,None,None,None,None, , , , 
6501, ,0.030367711180354574,1.1097524964120722e-08,None,None,None,None, , , , 
6502, ,0.030367711180354574,1.1895340673703208e-08,None,None,None,None, , , , 
6503, ,0.030367711180354574,1.2750512407130128e-08,None,None,None,None, , , , 
6504, ,0.030367711180354574,1.3667163564620044e-08,None,None,None,None, , , , 
6505, ,0.030367711180354574,1.4649713983072853e-08,None,None,None,None, , , , 
6506, ,0.030367711180354574,1.5702901247293774e-08,None,None,None,None, , , , 
6507, ,0.030367711180354574,1.683180353330955e-08,None,None,None,None, , , , 
6508, ,0.030367711180354574,1.8041864093920717e-08,None,None,None,None, , , , 
6509, ,0.030367711180354574,1.933891750455232e-08,None,None,None,None, , , , 
6510, ,0.030367711180354574,2.0729217795953697e-08,None,None,None,None, , , , 
6511, ,0.030367711180354574,2.221946860939524e-08,None,None,None,None, , , , 
6512, ,0.030367711180354574,2.3816855519761606e-08,None,None,None,None, , , , 
6513, ,0.030367711180354574,2.552908068239516e-08,None,None,None,None, , , , 
6514, ,0.030367711180354574,2.7364399970746666e-08,None,None,None,None, , , , 
6515, ,0.030367711180354574,2.933166278390042e-08,None,None,None,None, , , , 
6516, ,0.030367711180354574,3.1440354715915e-08,None,None,None,None, , , , 
6517, ,0.030367711180354574,3.370064329271925e-08,None,None,None,None, , , , 
6518, ,0.030367711180354574,3.612342699709431e-08,None,None,None,None, , , , 
6519, ,0.030367711180354574,3.872038781812557e-08,None,None,None,None, , , , 
6520, ,0.030367711180354574,4.1504047578504727e-08,None,None,None,None, , , , 
6521, ,0.030367711180354574,4.448782831127585e-08,None,None,None,None, , , , 
6522, ,0.030367711180354574,4.768611697714474e-08,None,None,None,None, , , , 
6523, ,0.030367711180354574,5.111433483440165e-08,None,None,None,None, , , , 
6524, ,0.030367711180354574,5.478901179593934e-08,None,None,None,None, , , , 
6525, ,0.030367711180354574,5.872786613189478e-08,None,None,None,None, , , , 
6526, ,0.030367711180354574,6.294988990221888e-08,None,None,None,None, , , , 
6527, ,0.030367711180354574,6.747544053110687e-08,None,None,None,None, , , , 
6528, ,0.030367711180354574,7.232633896483534e-08,None,None,None,None, , , , 
6529, ,0.030367711180354574,7.752597488629465e-08,None,None,None,None, , , , 
6530, ,0.030367711180354574,8.309941949353386e-08,None,None,None,None, , , , 
6531, ,0.030367711180354574,8.907354638610439e-08,None,None,None,None, , , , 
6532, ,0.030367711180354574,9.547716114208066e-08,None,None,None,None, , , , 
6533, ,0.030367711180354574,1.0234114021054528e-07,None,None,None,None, , , , 
6534, ,0.030367711180354574,1.0969857978923841e-07,None,None,None,None, , , , 
6535, ,0.030367711180354574,1.1758495540521555e-07,None,None,None,None, , , , 
6536, ,0.030367711180354574,1.2603829296797277e-07,None,None,None,None, , , , 
6537, ,0.030367711180354574,1.350993521198025e-07,None,None,None,None, , , , 
6538, ,0.030367711180354574,1.4481182276745328e-07,None,None,None,None, , , , 
6539, ,0.030367711180354574,1.552225357427048e-07,None,None,None,None, , , , 
6540, ,0.030367711180354574,1.6638168860761273e-07,None,None,None,None, , , , 
6541, ,0.030367711180354574,1.7834308769319093e-07,None,None,None,None, , , , 
6542, ,0.030367711180354574,1.9116440753857e-07,None,None,None,None, , , , 
6543, ,0.030367711180354574,2.049074689815846e-07,None,None,None,None, , , , 
6544, ,0.030367711180354574,2.1963853724165468e-07,None,None,None,None, , , , 
6545, ,0.030367711180354574,2.3542864143224158e-07,None,None,None,None, , , , 
6546, ,0.030367711180354574,2.523539170434766e-07,None,None,None,None, , , , 
6547, ,0.030367711180354574,2.7049597304631316e-07,None,None,None,None, , , , 
6548, ,0.030367711180354574,2.899422853882875e-07,None,None,None,None, , , , 
6549, ,0.030367711180354574,3.107866187782014e-07,None,None,None,None, , , , 
6550, ,0.030367711180354574,3.33129478793467e-07,None,None,None,None, , , , 
6551, ,0.030367711180354574,3.5707859649004626e-07,None,None,None,None, , , , 
6552, ,0.030367711180354574,3.827494478516307e-07,None,None,None,None, , , , 
6553, ,0.030367711180354574,4.1026581058271904e-07,None,None,None,None, , , , 
6554, ,0.030367711180354574,4.397603609302722e-07,None,None,None,None, , , , 
6555, ,0.030367711180354574,4.7137531341167185e-07,None,None,None,None, , , , 
6556, ,0.030367711180354574,5.052631065335679e-07,None,None,None,None, , , , 
6557, ,0.030367711180354574,5.415871378079465e-07,None,None,None,None, , , , 
6558, ,0.030367711180354574,5.805225516094896e-07,None,None,None,None, , , , 
6559, ,0.030367711180354574,6.222570836730232e-07,None,None,None,None, , , , 
6560, ,0.030367711180354574,6.669919663030115e-07,None,None,None,None, , , , 
6561, ,0.030367711180354574,7.149428986597576e-07,None,None,None,None, , , , 
6562, ,0.030367711180354574,7.663410868007445e-07,None,None,None,None, , , , 
6563, ,0.030367711180354574,8.214343584919422e-07,None,None,None,None, , , , 
6564, ,0.030367711180354574,8.804883581643463e-07,None,None,None,None, , , , 
6565, ,0.030367711180354574,9.437878277775371e-07,None,None,None,None, , , , 
6566, ,0.030367711180354574,1.0116379797662072e-06,None,None,None,None, , , , 
6567, ,0.030367711180354574,1.0843659686896086e-06,None,None,None,None, , , , 
6568, ,0.030367711180354574,1.1623224686798522e-06,None,None,None,None, , , , 
6569, ,0.030367711180354574,1.2458833642950078e-06,None,None,None,None, , , , 
6570, ,0.030367711180354574,1.3354515629298971e-06,None,None,None,None, , , , 
6571, ,0.030367711180354574,1.4314589375234786e-06,None,None,None,None, , , , 
6572, ,0.030367711180354574,1.53436840893001e-06,None,None,None,None, , , , 
6573, ,0.030367711180354574,1.6446761779946631e-06,None,None,None,None, , , , 
6574, ,0.030367711180354574,1.762914118095948e-06,None,None,None,None, , , , 
6575, ,0.030367711180354574,1.8896523396912082e-06,None,None,None,None, , , , 
6576, ,0.030367711180354574,2.0255019392306664e-06,None,None,None,None, , , , 
6577, ,0.030367711180354574,2.171117945694501e-06,None,None,None,None, , , , 
6578, ,0.030367711180354574,2.327202478960408e-06,None,None,None,None, , , , 
6579, ,0.030367711180354574,2.494508135230317e-06,None,None,None,None, , , , 
6580, ,0.030367711180354574,2.673841615839944e-06,None,None,None,None, , , , 
6581, ,0.030367711180354574,2.8660676169482507e-06,None,None,None,None, , , , 
6582, ,0.030367711180354574,3.0721129988617524e-06,None,None,None,None, , , , 
6583, ,0.030367711180354574,3.292971255097148e-06,None,None,None,None, , , , 
6584, ,0.030367711180354574,3.5297073027306505e-06,None,None,None,None, , , , 
6585, ,0.030367711180354574,3.783462617131925e-06,None,None,None,None, , , , 
6586, ,0.030367711180354574,4.0554607358408275e-06,None,None,None,None, , , , 
6587, ,0.030367711180354574,4.3470131581250175e-06,None,None,None,None, , , , 
6588, ,0.030367711180354574,4.6595256686646765e-06,None,None,None,None, , , , 
6589, ,0.030367711180354574,4.99450511585514e-06,None,None,None,None, , , , 
6590, ,0.030367711180354574,5.353566677410719e-06,None,None,None,None, , , , 
6591, ,0.030367711180354574,5.738441648302393e-06,None,None,None,None, , , , 
6592, ,0.030367711180354574,6.150985788580505e-06,None,None,None,None, , , , 
6593, ,0.030367711180354574,6.593188271333541e-06,None,None,None,None, , , , 
6594, ,0.030367711180354574,7.067181273927492e-06,None,None,None,None, , , , 
6595, ,0.030367711180354574,7.575250258771904e-06,None,None,None,None, , , , 
6596, ,0.030367711180354574,8.119844993184007e-06,None,None,None,None, , , , 
6597, ,0.030367711180354574,8.703591361485167e-06,None,None,None,None, , , , 
6598, ,0.030367711180354574,9.329304026284676e-06,None,None,None,None, , , , 
6599, ,0.030367711180354574,1e-05,None,None,None,None, , , , 
6600, ,0.031440354715915,1e-11,None,None,None,None, , , , 
6601, ,0.031440354715915,1.0718913192051263e-11,None,None,None,None, , , , 
6602, ,0.031440354715915,1.1489510001873107e-11,None,None,None,None, , , , 
6603, ,0.031440354715915,1.2315506032928262e-11,None,None,None,None, , , , 
6604, ,0.031440354715915,1.3200884008314167e-11,None,None,None,None, , , , 
6605, ,0.031440354715915,1.4149912974345786e-11,None,None,None,None, , , , 
6606, ,0.031440354715915,1.5167168884709242e-11,None,None,None,None, , , , 
6607, ,0.031440354715915,1.6257556664437934e-11,None,None,None,None, , , , 
6608, ,0.031440354715915,1.7426333860096473e-11,None,None,None,None, , , , 
6609, ,0.031440354715915,1.8679135990207848e-11,None,None,None,None, , , , 
6610, ,0.031440354715915,2.0022003718155844e-11,None,None,None,None, , , , 
6611, ,0.031440354715915,2.1461411978584013e-11,None,None,None,None, , , , 
6612, ,0.031440354715915,2.300430119772921e-11,None,None,None,None, , , , 
6613, ,0.031440354715915,2.465811075822604e-11,None,None,None,None, , , , 
6614, ,0.031440354715915,2.643081486974103e-11,None,None,None,None, , , , 
6615, ,0.031440354715915,2.8330961018393178e-11,None,None,None,None, , , , 
6616, ,0.031440354715915,3.036771118035461e-11,None,None,None,None, , , , 
6617, ,0.031440354715915,3.255088599835057e-11,None,None,None,None, , , , 
6618, ,0.031440354715915,3.4891012134067674e-11,None,None,None,None, , , , 
6619, ,0.031440354715915,3.739937302478801e-11,None,None,None,None, , , , 
6620, ,0.031440354715915,4.0088063288984646e-11,None,None,None,None, , , , 
6621, ,0.031440354715915,4.297004704320835e-11,None,None,None,None, , , , 
6622, ,0.031440354715915,4.605922041145113e-11,None,None,None,None, , , , 
6623, ,0.031440354715915,4.937047852839004e-11,None,None,None,None, , , , 
6624, ,0.031440354715915,5.2919787359584366e-11,None,None,None,None, , , , 
6625, ,0.031440354715915,5.672426068491989e-11,None,None,None,None, , , , 
6626, ,0.031440354715915,6.080224261649427e-11,None,None,None,None, , , , 
6627, ,0.031440354715915,6.517339604882421e-11,None,None,None,None, , , , 
6628, ,0.031440354715915,6.985879746785235e-11,None,None,None,None, , , , 
6629, ,0.031440354715915,7.48810385759003e-11,None,None,None,None, , , , 
6630, ,0.031440354715915,8.026433522257174e-11,None,None,None,None, , , , 
6631, ,0.031440354715915,8.603464416684492e-11,None,None,None,None, , , , 
6632, ,0.031440354715915,9.221978823334341e-11,None,None,None,None, , , , 
6633, ,0.031440354715915,9.884959046625586e-11,None,None,None,None, , , , 
6634, ,0.031440354715915,1.0595601792776149e-10,None,None,None,None, , , , 
6635, ,0.031440354715915,1.1357333583431027e-10,None,None,None,None, , , , 
6636, ,0.031440354715915,1.217382727739662e-10,None,None,None,None, , , , 
6637, ,0.031440354715915,1.3049019780144016e-10,None,None,None,None, , , , 
6638, ,0.031440354715915,1.398713102647236e-10,None,None,None,None, , , , 
6639, ,0.031440354715915,1.4992684327860468e-10,None,None,None,None, , , , 
6640, ,0.031440354715915,1.6070528182616384e-10,None,None,None,None, , , , 
6641, ,0.031440354715915,1.722585965398784e-10,None,None,None,None, , , , 
6642, ,0.031440354715915,1.8464249428955463e-10,None,None,None,None, , , , 
6643, ,0.031440354715915,1.9791668678535569e-10,None,None,None,None, , , , 
6644, ,0.031440354715915,2.121451784910628e-10,None,None,None,None, , , , 
6645, ,0.031440354715915,2.273965752357932e-10,None,None,None,None, , , , 
6646, ,0.031440354715915,2.4374441501222216e-10,None,None,None,None, , , , 
6647, ,0.031440354715915,2.6126752255633265e-10,None,None,None,None, , , , 
6648, ,0.031440354715915,2.8005038941836253e-10,None,None,None,None, , , , 
6649, ,0.031440354715915,3.0018358135755917e-10,None,None,None,None, , , , 
6650, ,0.031440354715915,3.2176417502507347e-10,None,None,None,None, , , , 
6651, ,0.031440354715915,3.4489622604057533e-10,None,None,None,None, , , , 
6652, ,0.031440354715915,3.696912707195032e-10,None,None,None,None, , , , 
6653, ,0.031440354715915,3.9626886387014783e-10,None,None,None,None, , , , 
6654, ,0.031440354715915,4.2475715525368935e-10,None,None,None,None, , , , 
6655, ,0.031440354715915,4.552935074866938e-10,None,None,None,None, , , , 
6656, ,0.031440354715915,4.880251583654433e-10,None,None,None,None, , , , 
6657, ,0.031440354715915,5.231099308056258e-10,None,None,None,None, , , , 
6658, ,0.031440354715915,5.60716993820547e-10,None,None,None,None, , , , 
6659, ,0.031440354715915,6.010276782070387e-10,None,None,None,None, , , , 
6660, ,0.031440354715915,6.442363508721371e-10,None,None,None,None, , , , 
6661, ,0.031440354715915,6.905513520162316e-10,None,None,None,None, , , , 
6662, ,0.031440354715915,7.401959996915653e-10,None,None,None,None, , , , 
6663, ,0.031440354715915,7.934096665797492e-10,None,None,None,None, , , , 
6664, ,0.031440354715915,8.504489341802668e-10,None,None,None,None, , , , 
6665, ,0.031440354715915,9.115888299750837e-10,None,None,None,None, , , , 
6666, ,0.031440354715915,9.771241535346502e-10,None,None,None,None, , , , 
6667, ,0.031440354715915,1.0473708979594486e-09,None,None,None,None, , , , 
6668, ,0.031440354715915,1.1226677735108114e-09,None,None,None,None, , , , 
6669, ,0.031440354715915,1.2033778407775904e-09,None,None,None,None, , , , 
6670, ,0.031440354715915,1.289890261253308e-09,None,None,None,None, , , , 
6671, ,0.031440354715915,1.3826221737646535e-09,None,None,None,None, , , , 
6672, ,0.031440354715915,1.4820207057988602e-09,None,None,None,None, , , , 
6673, ,0.031440354715915,1.5885651294280526e-09,None,None,None,None, , , , 
6674, ,0.031440354715915,1.702769172225898e-09,None,None,None,None, , , , 
6675, ,0.031440354715915,1.825183494319039e-09,None,None,None,None, , , , 
6676, ,0.031440354715915,1.956398343517065e-09,None,None,None,None, , , , 
6677, ,0.031440354715915,2.0970464013232305e-09,None,None,None,None, , , , 
6678, ,0.031440354715915,2.2478058335487307e-09,None,None,None,None, , , , 
6679, ,0.031440354715915,2.409403560239527e-09,None,None,None,None, , , , 
6680, ,0.031440354715915,2.582618760682675e-09,None,None,None,None, , , , 
6681, ,0.031440354715915,2.768286630392061e-09,None,None,None,None, , , , 
6682, ,0.031440354715915,2.9673024081888724e-09,None,None,None,None, , , , 
6683, ,0.031440354715915,3.180625692794119e-09,None,None,None,None, , , , 
6684, ,0.031440354715915,3.409285069746807e-09,None,None,None,None, , , , 
6685, ,0.031440354715915,3.654383070957262e-09,None,None,None,None, , , , 
6686, ,0.031440354715915,3.917101490809261e-09,None,None,None,None, , , , 
6687, ,0.031440354715915,4.198707084443906e-09,None,None,None,None, , , , 
6688, ,0.031440354715915,4.500557675700488e-09,None,None,None,None, , , , 
6689, ,0.031440354715915,4.824108704165374e-09,None,None,None,None, , , , 
6690, ,0.031440354715915,5.170920242896755e-09,None,None,None,None, , , , 
6691, ,0.031440354715915,5.542664520663096e-09,None,None,None,None, , , , 
6692, ,0.031440354715915,5.941133984965041e-09,None,None,None,None, , , , 
6693, ,0.031440354715915,6.3682499447185856e-09,None,None,None,None, , , , 
6694, ,0.031440354715915,6.826071834272379e-09,None,None,None,None, , , , 
6695, ,0.031440354715915,7.316807143427175e-09,None,None,None,None, , , , 
6696, ,0.031440354715915,7.842822061337681e-09,None,None,None,None, , , , 
6697, ,0.031440354715915,8.406652885618316e-09,None,None,None,None, , , , 
6698, ,0.031440354715915,9.011018251665036e-09,None,None,None,None, , , , 
6699, ,0.031440354715915,9.658832241158707e-09,None,None,None,None, , , , 
6700, ,0.031440354715915,1.0353218432956616e-08,None,None,None,None, , , , 
6701, ,0.031440354715915,1.1097524964120722e-08,None,None,None,None, , , , 
6702, ,0.031440354715915,1.1895340673703208e-08,None,None,None,None, , , , 
6703, ,0.031440354715915,1.2750512407130128e-08,None,None,None,None, , , , 
6704, ,0.031440354715915,1.3667163564620044e-08,None,None,None,None, , , , 
6705, ,0.031440354715915,1.4649713983072853e-08,None,None,None,None, , , , 
6706, ,0.031440354715915,1.5702901247293774e-08,None,None,None,None, , , , 
6707, ,0.031440354715915,1.683180353330955e-08,None,None,None,None, , , , 
6708, ,0.031440354715915,1.8041864093920717e-08,None,None,None,None, , , , 
6709, ,0.031440354715915,1.933891750455232e-08,None,None,None,None, , , , 
6710, ,0.031440354715915,2.0729217795953697e-08,None,None,None,None, , , , 
6711, ,0.031440354715915,2.221946860939524e-08,None,None,None,None, , , , 
6712, ,0.031440354715915,2.3816855519761606e-08,None,None,None,None, , , , 
6713, ,0.031440354715915,2.552908068239516e-08,None,None,None,None, , , , 
6714, ,0.031440354715915,2.7364399970746666e-08,None,None,None,None, , , , 
6715, ,0.031440354715915,2.933166278390042e-08,None,None,None,None, , , , 
6716, ,0.031440354715915,3.1440354715915e-08,None,None,None,None, , , , 
6717, ,0.031440354715915,3.370064329271925e-08,None,None,None,None, , , , 
6718, ,0.031440354715915,3.612342699709431e-08,None,None,None,None, , , , 
6719, ,0.031440354715915,3.872038781812557e-08,None,None,None,None, , , , 
6720, ,0.031440354715915,4.1504047578504727e-08,None,None,None,None, , , , 
6721, ,0.031440354715915,4.448782831127585e-08,None,None,None,None, , , , 
6722, ,0.031440354715915,4.768611697714474e-08,None,None,None,None, , , , 
6723, ,0.031440354715915,5.111433483440165e-08,None,None,None,None, , , , 
6724, ,0.031440354715915,5.478901179593934e-08,None,None,None,None, , , , 
6725, ,0.031440354715915,5.872786613189478e-08,None,None,None,None, , , , 
6726, ,0.031440354715915,6.294988990221888e-08,None,None,None,None, , , , 
6727, ,0.031440354715915,6.747544053110687e-08,None,None,None,None, , , , 
6728, ,0.031440354715915,7.232633896483534e-08,None,None,None,None, , , , 
6729, ,0.031440354715915,7.752597488629465e-08,None,None,None,None, , , , 
6730, ,0.031440354715915,8.309941949353386e-08,None,None,None,None, , , , 
6731, ,0.031440354715915,8.907354638610439e-08,None,None,None,None, , , , 
6732, ,0.031440354715915,9.547716114208066e-08,None,None,None,None, , , , 
6733, ,0.031440354715915,1.0234114021054528e-07,None,None,None,None, , , , 
6734, ,0.031440354715915,1.0969857978923841e-07,None,None,None,None, , , , 
6735, ,0.031440354715915,1.1758495540521555e-07,None,None,None,None, , , , 
6736, ,0.031440354715915,1.2603829296797277e-07,None,None,None,None, , , , 
6737, ,0.031440354715915,1.350993521198025e-07,None,None,None,None, , , , 
6738, ,0.031440354715915,1.4481182276745328e-07,None,None,None,None, , , , 
6739, ,0.031440354715915,1.552225357427048e-07,None,None,None,None, , , , 
6740, ,0.031440354715915,1.6638168860761273e-07,None,None,None,None, , , , 
6741, ,0.031440354715915,1.7834308769319093e-07,None,None,None,None, , , , 
6742, ,0.031440354715915,1.9116440753857e-07,None,None,None,None, , , , 
6743, ,0.031440354715915,2.049074689815846e-07,None,None,None,None, , , , 
6744, ,0.031440354715915,2.1963853724165468e-07,None,None,None,None, , , , 
6745, ,0.031440354715915,2.3542864143224158e-07,None,None,None,None, , , , 
6746, ,0.031440354715915,2.523539170434766e-07,None,None,None,None, , , , 
6747, ,0.031440354715915,2.7049597304631316e-07,None,None,None,None, , , , 
6748, ,0.031440354715915,2.899422853882875e-07,None,None,None,None, , , , 
6749, ,0.031440354715915,3.107866187782014e-07,None,None,None,None, , , , 
6750, ,0.031440354715915,3.33129478793467e-07,None,None,None,None, , , , 
6751, ,0.031440354715915,3.5707859649004626e-07,None,None,None,None, , , , 
6752, ,0.031440354715915,3.827494478516307e-07,None,None,None,None, , , , 
6753, ,0.031440354715915,4.1026581058271904e-07,None,None,None,None, , , , 
6754, ,0.031440354715915,4.397603609302722e-07,None,None,None,None, , , , 
6755, ,0.031440354715915,4.7137531341167185e-07,None,None,None,None, , , , 
6756, ,0.031440354715915,5.052631065335679e-07,None,None,None,None, , , , 
6757, ,0.031440354715915,5.415871378079465e-07,None,None,None,None, , , , 
6758, ,0.031440354715915,5.805225516094896e-07,None,None,None,None, , , , 
6759, ,0.031440354715915,6.222570836730232e-07,None,None,None,None, , , , 
6760, ,0.031440354715915,6.669919663030115e-07,None,None,None,None, , , , 
6761, ,0.031440354715915,7.149428986597576e-07,None,None,None,None, , , , 
6762, ,0.031440354715915,7.663410868007445e-07,None,None,None,None, , , , 
6763, ,0.031440354715915,8.214343584919422e-07,None,None,None,None, , , , 
6764, ,0.031440354715915,8.804883581643463e-07,None,None,None,None, , , , 
6765, ,0.031440354715915,9.437878277775371e-07,None,None,None,None, , , , 
6766, ,0.031440354715915,1.0116379797662072e-06,None,None,None,None, , , , 
6767, ,0.031440354715915,1.0843659686896086e-06,None,None,None,None, , , , 
6768, ,0.031440354715915,1.1623224686798522e-06,None,None,None,None, , , , 
6769, ,0.031440354715915,1.2458833642950078e-06,None,None,None,None, , , , 
6770, ,0.031440354715915,1.3354515629298971e-06,None,None,None,None, , , , 
6771, ,0.031440354715915,1.4314589375234786e-06,None,None,None,None, , , , 
6772, ,0.031440354715915,1.53436840893001e-06,None,None,None,None, , , , 
6773, ,0.031440354715915,1.6446761779946631e-06,None,None,None,None, , , , 
6774, ,0.031440354715915,1.762914118095948e-06,None,None,None,None, , , , 
6775, ,0.031440354715915,1.8896523396912082e-06,None,None,None,None, , , , 
6776, ,0.031440354715915,2.0255019392306664e-06,None,None,None,None, , , , 
6777, ,0.031440354715915,2.171117945694501e-06,None,None,None,None, , , , 
6778, ,0.031440354715915,2.327202478960408e-06,None,None,None,None, , , , 
6779, ,0.031440354715915,2.494508135230317e-06,None,None,None,None, , , , 
6780, ,0.031440354715915,2.673841615839944e-06,None,None,None,None, , , , 
6781, ,0.031440354715915,2.8660676169482507e-06,None,None,None,None, , , , 
6782, ,0.031440354715915,3.0721129988617524e-06,None,None,None,None, , , , 
6783, ,0.031440354715915,3.292971255097148e-06,None,None,None,None, , , , 
6784, ,0.031440354715915,3.5297073027306505e-06,None,None,None,None, , , , 
6785, ,0.031440354715915,3.783462617131925e-06,None,None,None,None, , , , 
6786, ,0.031440354715915,4.0554607358408275e-06,None,None,None,None, , , , 
6787, ,0.031440354715915,4.3470131581250175e-06,None,None,None,None, , , , 
6788, ,0.031440354715915,4.6595256686646765e-06,None,None,None,None, , , , 
6789, ,0.031440354715915,4.99450511585514e-06,None,None,None,None, , , , 
6790, ,0.031440354715915,5.353566677410719e-06,None,None,None,None, , , , 
6791, ,0.031440354715915,5.738441648302393e-06,None,None,None,None, , , , 
6792, ,0.031440354715915,6.150985788580505e-06,None,None,None,None, , , , 
6793, ,0.031440354715915,6.593188271333541e-06,None,None,None,None, , , , 
6794, ,0.031440354715915,7.067181273927492e-06,None,None,None,None, , , , 
6795, ,0.031440354715915,7.575250258771904e-06,None,None,None,None, , , , 
6796, ,0.031440354715915,8.119844993184007e-06,None,None,None,None, , , , 
6797, ,0.031440354715915,8.703591361485167e-06,None,None,None,None, , , , 
6798, ,0.031440354715915,9.329304026284676e-06,None,None,None,None, , , , 
6799, ,0.031440354715915,1e-05,None,None,None,None, , , , 
6800, ,0.032550885998350584,1e-11,None,None,None,None, , , , 
6801, ,0.032550885998350584,1.0718913192051263e-11,None,None,None,None, , , , 
6802, ,0.032550885998350584,1.1489510001873107e-11,None,None,None,None, , , , 
6803, ,0.032550885998350584,1.2315506032928262e-11,None,None,None,None, , , , 
6804, ,0.032550885998350584,1.3200884008314167e-11,None,None,None,None, , , , 
6805, ,0.032550885998350584,1.4149912974345786e-11,None,None,None,None, , , , 
6806, ,0.032550885998350584,1.5167168884709242e-11,None,None,None,None, , , , 
6807, ,0.032550885998350584,1.6257556664437934e-11,None,None,None,None, , , , 
6808, ,0.032550885998350584,1.7426333860096473e-11,None,None,None,None, , , , 
6809, ,0.032550885998350584,1.8679135990207848e-11,None,None,None,None, , , , 
6810, ,0.032550885998350584,2.0022003718155844e-11,None,None,None,None, , , , 
6811, ,0.032550885998350584,2.1461411978584013e-11,None,None,None,None, , , , 
6812, ,0.032550885998350584,2.300430119772921e-11,None,None,None,None, , , , 
6813, ,0.032550885998350584,2.465811075822604e-11,None,None,None,None, , , , 
6814, ,0.032550885998350584,2.643081486974103e-11,None,None,None,None, , , , 
6815, ,0.032550885998350584,2.8330961018393178e-11,None,None,None,None, , , , 
6816, ,0.032550885998350584,3.036771118035461e-11,None,None,None,None, , , , 
6817, ,0.032550885998350584,3.255088599835057e-11,None,None,None,None, , , , 
6818, ,0.032550885998350584,3.4891012134067674e-11,None,None,None,None, , , , 
6819, ,0.032550885998350584,3.739937302478801e-11,None,None,None,None, , , , 
6820, ,0.032550885998350584,4.0088063288984646e-11,None,None,None,None, , , , 
6821, ,0.032550885998350584,4.297004704320835e-11,None,None,None,None, , , , 
6822, ,0.032550885998350584,4.605922041145113e-11,None,None,None,None, , , , 
6823, ,0.032550885998350584,4.937047852839004e-11,None,None,None,None, , , , 
6824, ,0.032550885998350584,5.2919787359584366e-11,None,None,None,None, , , , 
6825, ,0.032550885998350584,5.672426068491989e-11,None,None,None,None, , , , 
6826, ,0.032550885998350584,6.080224261649427e-11,None,None,None,None, , , , 
6827, ,0.032550885998350584,6.517339604882421e-11,None,None,None,None, , , , 
6828, ,0.032550885998350584,6.985879746785235e-11,None,None,None,None, , , , 
6829, ,0.032550885998350584,7.48810385759003e-11,None,None,None,None, , , , 
6830, ,0.032550885998350584,8.026433522257174e-11,None,None,None,None, , , , 
6831, ,0.032550885998350584,8.603464416684492e-11,None,None,None,None, , , , 
6832, ,0.032550885998350584,9.221978823334341e-11,None,None,None,None, , , , 
6833, ,0.032550885998350584,9.884959046625586e-11,None,None,None,None, , , , 
6834, ,0.032550885998350584,1.0595601792776149e-10,None,None,None,None, , , , 
6835, ,0.032550885998350584,1.1357333583431027e-10,None,None,None,None, , , , 
6836, ,0.032550885998350584,1.217382727739662e-10,None,None,None,None, , , , 
6837, ,0.032550885998350584,1.3049019780144016e-10,None,None,None,None, , , , 
6838, ,0.032550885998350584,1.398713102647236e-10,None,None,None,None, , , , 
6839, ,0.032550885998350584,1.4992684327860468e-10,None,None,None,None, , , , 
6840, ,0.032550885998350584,1.6070528182616384e-10,None,None,None,None, , , , 
6841, ,0.032550885998350584,1.722585965398784e-10,None,None,None,None, , , , 
6842, ,0.032550885998350584,1.8464249428955463e-10,None,None,None,None, , , , 
6843, ,0.032550885998350584,1.9791668678535569e-10,None,None,None,None, , , , 
6844, ,0.032550885998350584,2.121451784910628e-10,None,None,None,None, , , , 
6845, ,0.032550885998350584,2.273965752357932e-10,None,None,None,None, , , , 
6846, ,0.032550885998350584,2.4374441501222216e-10,None,None,None,None, , , , 
6847, ,0.032550885998350584,2.6126752255633265e-10,None,None,None,None, , , , 
6848, ,0.032550885998350584,2.8005038941836253e-10,None,None,None,None, , , , 
6849, ,0.032550885998350584,3.0018358135755917e-10,None,None,None,None, , , , 
6850, ,0.032550885998350584,3.2176417502507347e-10,None,None,None,None, , , , 
6851, ,0.032550885998350584,3.4489622604057533e-10,None,None,None,None, , , , 
6852, ,0.032550885998350584,3.696912707195032e-10,None,None,None,None, , , , 
6853, ,0.032550885998350584,3.9626886387014783e-10,None,None,None,None, , , , 
6854, ,0.032550885998350584,4.2475715525368935e-10,None,None,None,None, , , , 
6855, ,0.032550885998350584,4.552935074866938e-10,None,None,None,None, , , , 
6856, ,0.032550885998350584,4.880251583654433e-10,None,None,None,None, , , , 
6857, ,0.032550885998350584,5.231099308056258e-10,None,None,None,None, , , , 
6858, ,0.032550885998350584,5.60716993820547e-10,None,None,None,None, , , , 
6859, ,0.032550885998350584,6.010276782070387e-10,None,None,None,None, , , , 
6860, ,0.032550885998350584,6.442363508721371e-10,None,None,None,None, , , , 
6861, ,0.032550885998350584,6.905513520162316e-10,None,None,None,None, , , , 
6862, ,0.032550885998350584,7.401959996915653e-10,None,None,None,None, , , , 
6863, ,0.032550885998350584,7.934096665797492e-10,None,None,None,None, , , , 
6864, ,0.032550885998350584,8.504489341802668e-10,None,None,None,None, , , , 
6865, ,0.032550885998350584,9.115888299750837e-10,None,None,None,None, , , , 
6866, ,0.032550885998350584,9.771241535346502e-10,None,None,None,None, , , , 
6867, ,0.032550885998350584,1.0473708979594486e-09,None,None,None,None, , , , 
6868, ,0.032550885998350584,1.1226677735108114e-09,None,None,None,None, , , , 
6869, ,0.032550885998350584,1.2033778407775904e-09,None,None,None,None, , , , 
6870, ,0.032550885998350584,1.289890261253308e-09,None,None,None,None, , , , 
6871, ,0.032550885998350584,1.3826221737646535e-09,None,None,None,None, , , , 
6872, ,0.032550885998350584,1.4820207057988602e-09,None,None,None,None, , , , 
6873, ,0.032550885998350584,1.5885651294280526e-09,None,None,None,None, , , , 
6874, ,0.032550885998350584,1.702769172225898e-09,None,None,None,None, , , , 
6875, ,0.032550885998350584,1.825183494319039e-09,None,None,None,None, , , , 
6876, ,0.032550885998350584,1.956398343517065e-09,None,None,None,None, , , , 
6877, ,0.032550885998350584,2.0970464013232305e-09,None,None,None,None, , , , 
6878, ,0.032550885998350584,2.2478058335487307e-09,None,None,None,None, , , , 
6879, ,0.032550885998350584,2.409403560239527e-09,None,None,None,None, , , , 
6880, ,0.032550885998350584,2.582618760682675e-09,None,None,None,None, , , , 
6881, ,0.032550885998350584,2.768286630392061e-09,None,None,None,None, , , , 
6882, ,0.032550885998350584,2.9673024081888724e-09,None,None,None,None, , , , 
6883, ,0.032550885998350584,3.180625692794119e-09,None,None,None,None, , , , 
6884, ,0.032550885998350584,3.409285069746807e-09,None,None,None,None, , , , 
6885, ,0.032550885998350584,3.654383070957262e-09,None,None,None,None, , , , 
6886, ,0.032550885998350584,3.917101490809261e-09,None,None,None,None, , , , 
6887, ,0.032550885998350584,4.198707084443906e-09,None,None,None,None, , , , 
6888, ,0.032550885998350584,4.500557675700488e-09,None,None,None,None, , , , 
6889, ,0.032550885998350584,4.824108704165374e-09,None,None,None,None, , , , 
6890, ,0.032550885998350584,5.170920242896755e-09,None,None,None,None, , , , 
6891, ,0.032550885998350584,5.542664520663096e-09,None,None,None,None, , , , 
6892, ,0.032550885998350584,5.941133984965041e-09,None,None,None,None, , , , 
6893, ,0.032550885998350584,6.3682499447185856e-09,None,None,None,None, , , , 
6894, ,0.032550885998350584,6.826071834272379e-09,None,None,None,None, , , , 
6895, ,0.032550885998350584,7.316807143427175e-09,None,None,None,None, , , , 
6896, ,0.032550885998350584,7.842822061337681e-09,None,None,None,None, , , , 
6897, ,0.032550885998350584,8.406652885618316e-09,None,None,None,None, , , , 
6898, ,0.032550885998350584,9.011018251665036e-09,None,None,None,None, , , , 
6899, ,0.032550885998350584,9.658832241158707e-09,None,None,None,None, , , , 
6900, ,0.032550885998350584,1.0353218432956616e-08,None,None,None,None, , , , 
6901, ,0.032550885998350584,1.1097524964120722e-08,None,None,None,None, , , , 
6902, ,0.032550885998350584,1.1895340673703208e-08,None,None,None,None, , , , 
6903, ,0.032550885998350584,1.2750512407130128e-08,None,None,None,None, , , , 
6904, ,0.032550885998350584,1.3667163564620044e-08,None,None,None,None, , , , 
6905, ,0.032550885998350584,1.4649713983072853e-08,None,None,None,None, , , , 
6906, ,0.032550885998350584,1.5702901247293774e-08,None,None,None,None, , , , 
6907, ,0.032550885998350584,1.683180353330955e-08,None,None,None,None, , , , 
6908, ,0.032550885998350584,1.8041864093920717e-08,None,None,None,None, , , , 
6909, ,0.032550885998350584,1.933891750455232e-08,None,None,None,None, , , , 
6910, ,0.032550885998350584,2.0729217795953697e-08,None,None,None,None, , , , 
6911, ,0.032550885998350584,2.221946860939524e-08,None,None,None,None, , , , 
6912, ,0.032550885998350584,2.3816855519761606e-08,None,None,None,None, , , , 
6913, ,0.032550885998350584,2.552908068239516e-08,None,None,None,None, , , , 
6914, ,0.032550885998350584,2.7364399970746666e-08,None,None,None,None, , , , 
6915, ,0.032550885998350584,2.933166278390042e-08,None,None,None,None, , , , 
6916, ,0.032550885998350584,3.1440354715915e-08,None,None,None,None, , , , 
6917, ,0.032550885998350584,3.370064329271925e-08,None,None,None,None, , , , 
6918, ,0.032550885998350584,3.612342699709431e-08,None,None,None,None, , , , 
6919, ,0.032550885998350584,3.872038781812557e-08,None,None,None,None, , , , 
6920, ,0.032550885998350584,4.1504047578504727e-08,None,None,None,None, , , , 
6921, ,0.032550885998350584,4.448782831127585e-08,None,None,None,None, , , , 
6922, ,0.032550885998350584,4.768611697714474e-08,None,None,None,None, , , , 
6923, ,0.032550885998350584,5.111433483440165e-08,None,None,None,None, , , , 
6924, ,0.032550885998350584,5.478901179593934e-08,None,None,None,None, , , , 
6925, ,0.032550885998350584,5.872786613189478e-08,None,None,None,None, , , , 
6926, ,0.032550885998350584,6.294988990221888e-08,None,None,None,None, , , , 
6927, ,0.032550885998350584,6.747544053110687e-08,None,None,None,None, , , , 
6928, ,0.032550885998350584,7.232633896483534e-08,None,None,None,None, , , , 
6929, ,0.032550885998350584,7.752597488629465e-08,None,None,None,None, , , , 
6930, ,0.032550885998350584,8.309941949353386e-08,None,None,None,None, , , , 
6931, ,0.032550885998350584,8.907354638610439e-08,None,None,None,None, , , , 
6932, ,0.032550885998350584,9.547716114208066e-08,None,None,None,None, , , , 
6933, ,0.032550885998350584,1.0234114021054528e-07,None,None,None,None, , , , 
6934, ,0.032550885998350584,1.0969857978923841e-07,None,None,None,None, , , , 
6935, ,0.032550885998350584,1.1758495540521555e-07,None,None,None,None, , , , 
6936, ,0.032550885998350584,1.2603829296797277e-07,None,None,None,None, , , , 
6937, ,0.032550885998350584,1.350993521198025e-07,None,None,None,None, , , , 
6938, ,0.032550885998350584,1.4481182276745328e-07,None,None,None,None, , , , 
6939, ,0.032550885998350584,1.552225357427048e-07,None,None,None,None, , , , 
6940, ,0.032550885998350584,1.6638168860761273e-07,None,None,None,None, , , , 
6941, ,0.032550885998350584,1.7834308769319093e-07,None,None,None,None, , , , 
6942, ,0.032550885998350584,1.9116440753857e-07,None,None,None,None, , , , 
6943, ,0.032550885998350584,2.049074689815846e-07,None,None,None,None, , , , 
6944, ,0.032550885998350584,2.1963853724165468e-07,None,None,None,None, , , , 
6945, ,0.032550885998350584,2.3542864143224158e-07,None,None,None,None, , , , 
6946, ,0.032550885998350584,2.523539170434766e-07,None,None,None,None, , , , 
6947, ,0.032550885998350584,2.7049597304631316e-07,None,None,None,None, , , , 
6948, ,0.032550885998350584,2.899422853882875e-07,None,None,None,None, , , , 
6949, ,0.032550885998350584,3.107866187782014e-07,None,None,None,None, , , , 
6950, ,0.032550885998350584,3.33129478793467e-07,None,None,None,None, , , , 
6951, ,0.032550885998350584,3.5707859649004626e-07,None,None,None,None, , , , 
6952, ,0.032550885998350584,3.827494478516307e-07,None,None,None,None, , , , 
6953, ,0.032550885998350584,4.1026581058271904e-07,None,None,None,None, , , , 
6954, ,0.032550885998350584,4.397603609302722e-07,None,None,None,None, , , , 
6955, ,0.032550885998350584,4.7137531341167185e-07,None,None,None,None, , , , 
6956, ,0.032550885998350584,5.052631065335679e-07,None,None,None,None, , , , 
6957, ,0.032550885998350584,5.415871378079465e-07,None,None,None,None, , , , 
6958, ,0.032550885998350584,5.805225516094896e-07,None,None,None,None, , , , 
6959, ,0.032550885998350584,6.222570836730232e-07,None,None,None,None, , , , 
6960, ,0.032550885998350584,6.669919663030115e-07,None,None,None,None, , , , 
6961, ,0.032550885998350584,7.149428986597576e-07,None,None,None,None, , , , 
6962, ,0.032550885998350584,7.663410868007445e-07,None,None,None,None, , , , 
6963, ,0.032550885998350584,8.214343584919422e-07,None,None,None,None, , , , 
6964, ,0.032550885998350584,8.804883581643463e-07,None,None,None,None, , , , 
6965, ,0.032550885998350584,9.437878277775371e-07,None,None,None,None, , , , 
6966, ,0.032550885998350584,1.0116379797662072e-06,None,None,None,None, , , , 
6967, ,0.032550885998350584,1.0843659686896086e-06,None,None,None,None, , , , 
6968, ,0.032550885998350584,1.1623224686798522e-06,None,None,None,None, , , , 
6969, ,0.032550885998350584,1.2458833642950078e-06,None,None,None,None, , , , 
6970, ,0.032550885998350584,1.3354515629298971e-06,None,None,None,None, , , , 
6971, ,0.032550885998350584,1.4314589375234786e-06,None,None,None,None, , , , 
6972, ,0.032550885998350584,1.53436840893001e-06,None,None,None,None, , , , 
6973, ,0.032550885998350584,1.6446761779946631e-06,None,None,None,None, , , , 
6974, ,0.032550885998350584,1.762914118095948e-06,None,None,None,None, , , , 
6975, ,0.032550885998350584,1.8896523396912082e-06,None,None,None,None, , , , 
6976, ,0.032550885998350584,2.0255019392306664e-06,None,None,None,None, , , , 
6977, ,0.032550885998350584,2.171117945694501e-06,None,None,None,None, , , , 
6978, ,0.032550885998350584,2.327202478960408e-06,None,None,None,None, , , , 
6979, ,0.032550885998350584,2.494508135230317e-06,None,None,None,None, , , , 
6980, ,0.032550885998350584,2.673841615839944e-06,None,None,None,None, , , , 
6981, ,0.032550885998350584,2.8660676169482507e-06,None,None,None,None, , , , 
6982, ,0.032550885998350584,3.0721129988617524e-06,None,None,None,None, , , , 
6983, ,0.032550885998350584,3.292971255097148e-06,None,None,None,None, , , , 
6984, ,0.032550885998350584,3.5297073027306505e-06,None,None,None,None, , , , 
6985, ,0.032550885998350584,3.783462617131925e-06,None,None,None,None, , , , 
6986, ,0.032550885998350584,4.0554607358408275e-06,None,None,None,None, , , , 
6987, ,0.032550885998350584,4.3470131581250175e-06,None,None,None,None, , , , 
6988, ,0.032550885998350584,4.6595256686646765e-06,None,None,None,None, , , , 
6989, ,0.032550885998350584,4.99450511585514e-06,None,None,None,None, , , , 
6990, ,0.032550885998350584,5.353566677410719e-06,None,None,None,None, , , , 
6991, ,0.032550885998350584,5.738441648302393e-06,None,None,None,None, , , , 
6992, ,0.032550885998350584,6.150985788580505e-06,None,None,None,None, , , , 
6993, ,0.032550885998350584,6.593188271333541e-06,None,None,None,None, , , , 
6994, ,0.032550885998350584,7.067181273927492e-06,None,None,None,None, , , , 
6995, ,0.032550885998350584,7.575250258771904e-06,None,None,None,None, , , , 
6996, ,0.032550885998350584,8.119844993184007e-06,None,None,None,None, , , , 
6997, ,0.032550885998350584,8.703591361485167e-06,None,None,None,None, , , , 
6998, ,0.032550885998350584,9.329304026284676e-06,None,None,None,None, , , , 
6999, ,0.032550885998350584,1e-05,None,None,None,None, , , , 
7000, ,0.03370064329271928,1e-11,None,None,None,None, , , , 
7001, ,0.03370064329271928,1.0718913192051263e-11,None,None,None,None, , , , 
7002, ,0.03370064329271928,1.1489510001873107e-11,None,None,None,None, , , , 
7003, ,0.03370064329271928,1.2315506032928262e-11,None,None,None,None, , , , 
7004, ,0.03370064329271928,1.3200884008314167e-11,None,None,None,None, , , , 
7005, ,0.03370064329271928,1.4149912974345786e-11,None,None,None,None, , , , 
7006, ,0.03370064329271928,1.5167168884709242e-11,None,None,None,None, , , , 
7007, ,0.03370064329271928,1.6257556664437934e-11,None,None,None,None, , , , 
7008, ,0.03370064329271928,1.7426333860096473e-11,None,None,None,None, , , , 
7009, ,0.03370064329271928,1.8679135990207848e-11,None,None,None,None, , , , 
7010, ,0.03370064329271928,2.0022003718155844e-11,None,None,None,None, , , , 
7011, ,0.03370064329271928,2.1461411978584013e-11,None,None,None,None, , , , 
7012, ,0.03370064329271928,2.300430119772921e-11,None,None,None,None, , , , 
7013, ,0.03370064329271928,2.465811075822604e-11,None,None,None,None, , , , 
7014, ,0.03370064329271928,2.643081486974103e-11,None,None,None,None, , , , 
7015, ,0.03370064329271928,2.8330961018393178e-11,None,None,None,None, , , , 
7016, ,0.03370064329271928,3.036771118035461e-11,None,None,None,None, , , , 
7017, ,0.03370064329271928,3.255088599835057e-11,None,None,None,None, , , , 
7018, ,0.03370064329271928,3.4891012134067674e-11,None,None,None,None, , , , 
7019, ,0.03370064329271928,3.739937302478801e-11,None,None,None,None, , , , 
7020, ,0.03370064329271928,4.0088063288984646e-11,None,None,None,None, , , , 
7021, ,0.03370064329271928,4.297004704320835e-11,None,None,None,None, , , , 
7022, ,0.03370064329271928,4.605922041145113e-11,None,None,None,None, , , , 
7023, ,0.03370064329271928,4.937047852839004e-11,None,None,None,None, , , , 
7024, ,0.03370064329271928,5.2919787359584366e-11,None,None,None,None, , , , 
7025, ,0.03370064329271928,5.672426068491989e-11,None,None,None,None, , , , 
7026, ,0.03370064329271928,6.080224261649427e-11,None,None,None,None, , , , 
7027, ,0.03370064329271928,6.517339604882421e-11,None,None,None,None, , , , 
7028, ,0.03370064329271928,6.985879746785235e-11,None,None,None,None, , , , 
7029, ,0.03370064329271928,7.48810385759003e-11,None,None,None,None, , , , 
7030, ,0.03370064329271928,8.026433522257174e-11,None,None,None,None, , , , 
7031, ,0.03370064329271928,8.603464416684492e-11,None,None,None,None, , , , 
7032, ,0.03370064329271928,9.221978823334341e-11,None,None,None,None, , , , 
7033, ,0.03370064329271928,9.884959046625586e-11,None,None,None,None, , , , 
7034, ,0.03370064329271928,1.0595601792776149e-10,None,None,None,None, , , , 
7035, ,0.03370064329271928,1.1357333583431027e-10,None,None,None,None, , , , 
7036, ,0.03370064329271928,1.217382727739662e-10,None,None,None,None, , , , 
7037, ,0.03370064329271928,1.3049019780144016e-10,None,None,None,None, , , , 
7038, ,0.03370064329271928,1.398713102647236e-10,None,None,None,None, , , , 
7039, ,0.03370064329271928,1.4992684327860468e-10,None,None,None,None, , , , 
7040, ,0.03370064329271928,1.6070528182616384e-10,None,None,None,None, , , , 
7041, ,0.03370064329271928,1.722585965398784e-10,None,None,None,None, , , , 
7042, ,0.03370064329271928,1.8464249428955463e-10,None,None,None,None, , , , 
7043, ,0.03370064329271928,1.9791668678535569e-10,None,None,None,None, , , , 
7044, ,0.03370064329271928,2.121451784910628e-10,None,None,None,None, , , , 
7045, ,0.03370064329271928,2.273965752357932e-10,None,None,None,None, , , , 
7046, ,0.03370064329271928,2.4374441501222216e-10,None,None,None,None, , , , 
7047, ,0.03370064329271928,2.6126752255633265e-10,None,None,None,None, , , , 
7048, ,0.03370064329271928,2.8005038941836253e-10,None,None,None,None, , , , 
7049, ,0.03370064329271928,3.0018358135755917e-10,None,None,None,None, , , , 
7050, ,0.03370064329271928,3.2176417502507347e-10,None,None,None,None, , , , 
7051, ,0.03370064329271928,3.4489622604057533e-10,None,None,None,None, , , , 
7052, ,0.03370064329271928,3.696912707195032e-10,None,None,None,None, , , , 
7053, ,0.03370064329271928,3.9626886387014783e-10,None,None,None,None, , , , 
7054, ,0.03370064329271928,4.2475715525368935e-10,None,None,None,None, , , , 
7055, ,0.03370064329271928,4.552935074866938e-10,None,None,None,None, , , , 
7056, ,0.03370064329271928,4.880251583654433e-10,None,None,None,None, , , , 
7057, ,0.03370064329271928,5.231099308056258e-10,None,None,None,None, , , , 
7058, ,0.03370064329271928,5.60716993820547e-10,None,None,None,None, , , , 
7059, ,0.03370064329271928,6.010276782070387e-10,None,None,None,None, , , , 
7060, ,0.03370064329271928,6.442363508721371e-10,None,None,None,None, , , , 
7061, ,0.03370064329271928,6.905513520162316e-10,None,None,None,None, , , , 
7062, ,0.03370064329271928,7.401959996915653e-10,None,None,None,None, , , , 
7063, ,0.03370064329271928,7.934096665797492e-10,None,None,None,None, , , , 
7064, ,0.03370064329271928,8.504489341802668e-10,None,None,None,None, , , , 
7065, ,0.03370064329271928,9.115888299750837e-10,None,None,None,None, , , , 
7066, ,0.03370064329271928,9.771241535346502e-10,None,None,None,None, , , , 
7067, ,0.03370064329271928,1.0473708979594486e-09,None,None,None,None, , , , 
7068, ,0.03370064329271928,1.1226677735108114e-09,None,None,None,None, , , , 
7069, ,0.03370064329271928,1.2033778407775904e-09,None,None,None,None, , , , 
7070, ,0.03370064329271928,1.289890261253308e-09,None,None,None,None, , , , 
7071, ,0.03370064329271928,1.3826221737646535e-09,None,None,None,None, , , , 
7072, ,0.03370064329271928,1.4820207057988602e-09,None,None,None,None, , , , 
7073, ,0.03370064329271928,1.5885651294280526e-09,None,None,None,None, , , , 
7074, ,0.03370064329271928,1.702769172225898e-09,None,None,None,None, , , , 
7075, ,0.03370064329271928,1.825183494319039e-09,None,None,None,None, , , , 
7076, ,0.03370064329271928,1.956398343517065e-09,None,None,None,None, , , , 
7077, ,0.03370064329271928,2.0970464013232305e-09,None,None,None,None, , , , 
7078, ,0.03370064329271928,2.2478058335487307e-09,None,None,None,None, , , , 
7079, ,0.03370064329271928,2.409403560239527e-09,None,None,None,None, , , , 
7080, ,0.03370064329271928,2.582618760682675e-09,None,None,None,None, , , , 
7081, ,0.03370064329271928,2.768286630392061e-09,None,None,None,None, , , , 
7082, ,0.03370064329271928,2.9673024081888724e-09,None,None,None,None, , , , 
7083, ,0.03370064329271928,3.180625692794119e-09,None,None,None,None, , , , 
7084, ,0.03370064329271928,3.409285069746807e-09,None,None,None,None, , , , 
7085, ,0.03370064329271928,3.654383070957262e-09,None,None,None,None, , , , 
7086, ,0.03370064329271928,3.917101490809261e-09,None,None,None,None, , , , 
7087, ,0.03370064329271928,4.198707084443906e-09,None,None,None,None, , , , 
7088, ,0.03370064329271928,4.500557675700488e-09,None,None,None,None, , , , 
7089, ,0.03370064329271928,4.824108704165374e-09,None,None,None,None, , , , 
7090, ,0.03370064329271928,5.170920242896755e-09,None,None,None,None, , , , 
7091, ,0.03370064329271928,5.542664520663096e-09,None,None,None,None, , , , 
7092, ,0.03370064329271928,5.941133984965041e-09,None,None,None,None, , , , 
7093, ,0.03370064329271928,6.3682499447185856e-09,None,None,None,None, , , , 
7094, ,0.03370064329271928,6.826071834272379e-09,None,None,None,None, , , , 
7095, ,0.03370064329271928,7.316807143427175e-09,None,None,None,None, , , , 
7096, ,0.03370064329271928,7.842822061337681e-09,None,None,None,None, , , , 
7097, ,0.03370064329271928,8.406652885618316e-09,None,None,None,None, , , , 
7098, ,0.03370064329271928,9.011018251665036e-09,None,None,None,None, , , , 
7099, ,0.03370064329271928,9.658832241158707e-09,None,None,None,None, , , , 
7100, ,0.03370064329271928,1.0353218432956616e-08,None,None,None,None, , , , 
7101, ,0.03370064329271928,1.1097524964120722e-08,None,None,None,None, , , , 
7102, ,0.03370064329271928,1.1895340673703208e-08,None,None,None,None, , , , 
7103, ,0.03370064329271928,1.2750512407130128e-08,None,None,None,None, , , , 
7104, ,0.03370064329271928,1.3667163564620044e-08,None,None,None,None, , , , 
7105, ,0.03370064329271928,1.4649713983072853e-08,None,None,None,None, , , , 
7106, ,0.03370064329271928,1.5702901247293774e-08,None,None,None,None, , , , 
7107, ,0.03370064329271928,1.683180353330955e-08,None,None,None,None, , , , 
7108, ,0.03370064329271928,1.8041864093920717e-08,None,None,None,None, , , , 
7109, ,0.03370064329271928,1.933891750455232e-08,None,None,None,None, , , , 
7110, ,0.03370064329271928,2.0729217795953697e-08,None,None,None,None, , , , 
7111, ,0.03370064329271928,2.221946860939524e-08,None,None,None,None, , , , 
7112, ,0.03370064329271928,2.3816855519761606e-08,None,None,None,None, , , , 
7113, ,0.03370064329271928,2.552908068239516e-08,None,None,None,None, , , , 
7114, ,0.03370064329271928,2.7364399970746666e-08,None,None,None,None, , , , 
7115, ,0.03370064329271928,2.933166278390042e-08,None,None,None,None, , , , 
7116, ,0.03370064329271928,3.1440354715915e-08,None,None,None,None, , , , 
7117, ,0.03370064329271928,3.370064329271925e-08,None,None,None,None, , , , 
7118, ,0.03370064329271928,3.612342699709431e-08,None,None,None,None, , , , 
7119, ,0.03370064329271928,3.872038781812557e-08,None,None,None,None, , , , 
7120, ,0.03370064329271928,4.1504047578504727e-08,None,None,None,None, , , , 
7121, ,0.03370064329271928,4.448782831127585e-08,None,None,None,None, , , , 
7122, ,0.03370064329271928,4.768611697714474e-08,None,None,None,None, , , , 
7123, ,0.03370064329271928,5.111433483440165e-08,None,None,None,None, , , , 
7124, ,0.03370064329271928,5.478901179593934e-08,None,None,None,None, , , , 
7125, ,0.03370064329271928,5.872786613189478e-08,None,None,None,None, , , , 
7126, ,0.03370064329271928,6.294988990221888e-08,None,None,None,None, , , , 
7127, ,0.03370064329271928,6.747544053110687e-08,None,None,None,None, , , , 
7128, ,0.03370064329271928,7.232633896483534e-08,None,None,None,None, , , , 
7129, ,0.03370064329271928,7.752597488629465e-08,None,None,None,None, , , , 
7130, ,0.03370064329271928,8.309941949353386e-08,None,None,None,None, , , , 
7131, ,0.03370064329271928,8.907354638610439e-08,None,None,None,None, , , , 
7132, ,0.03370064329271928,9.547716114208066e-08,None,None,None,None, , , , 
7133, ,0.03370064329271928,1.0234114021054528e-07,None,None,None,None, , , , 
7134, ,0.03370064329271928,1.0969857978923841e-07,None,None,None,None, , , , 
7135, ,0.03370064329271928,1.1758495540521555e-07,None,None,None,None, , , , 
7136, ,0.03370064329271928,1.2603829296797277e-07,None,None,None,None, , , , 
7137, ,0.03370064329271928,1.350993521198025e-07,None,None,None,None, , , , 
7138, ,0.03370064329271928,1.4481182276745328e-07,None,None,None,None, , , , 
7139, ,0.03370064329271928,1.552225357427048e-07,None,None,None,None, , , , 
7140, ,0.03370064329271928,1.6638168860761273e-07,None,None,None,None, , , , 
7141, ,0.03370064329271928,1.7834308769319093e-07,None,None,None,None, , , , 
7142, ,0.03370064329271928,1.9116440753857e-07,None,None,None,None, , , , 
7143, ,0.03370064329271928,2.049074689815846e-07,None,None,None,None, , , , 
7144, ,0.03370064329271928,2.1963853724165468e-07,None,None,None,None, , , , 
7145, ,0.03370064329271928,2.3542864143224158e-07,None,None,None,None, , , , 
7146, ,0.03370064329271928,2.523539170434766e-07,None,None,None,None, , , , 
7147, ,0.03370064329271928,2.7049597304631316e-07,None,None,None,None, , , , 
7148, ,0.03370064329271928,2.899422853882875e-07,None,None,None,None, , , , 
7149, ,0.03370064329271928,3.107866187782014e-07,None,None,None,None, , , , 
7150, ,0.03370064329271928,3.33129478793467e-07,None,None,None,None, , , , 
7151, ,0.03370064329271928,3.5707859649004626e-07,None,None,None,None, , , , 
7152, ,0.03370064329271928,3.827494478516307e-07,None,None,None,None, , , , 
7153, ,0.03370064329271928,4.1026581058271904e-07,None,None,None,None, , , , 
7154, ,0.03370064329271928,4.397603609302722e-07,None,None,None,None, , , , 
7155, ,0.03370064329271928,4.7137531341167185e-07,None,None,None,None, , , , 
7156, ,0.03370064329271928,5.052631065335679e-07,None,None,None,None, , , , 
7157, ,0.03370064329271928,5.415871378079465e-07,None,None,None,None, , , , 
7158, ,0.03370064329271928,5.805225516094896e-07,None,None,None,None, , , , 
7159, ,0.03370064329271928,6.222570836730232e-07,None,None,None,None, , , , 
7160, ,0.03370064329271928,6.669919663030115e-07,None,None,None,None, , , , 
7161, ,0.03370064329271928,7.149428986597576e-07,None,None,None,None, , , , 
7162, ,0.03370064329271928,7.663410868007445e-07,None,None,None,None, , , , 
7163, ,0.03370064329271928,8.214343584919422e-07,None,None,None,None, , , , 
7164, ,0.03370064329271928,8.804883581643463e-07,None,None,None,None, , , , 
7165, ,0.03370064329271928,9.437878277775371e-07,None,None,None,None, , , , 
7166, ,0.03370064329271928,1.0116379797662072e-06,None,None,None,None, , , , 
7167, ,0.03370064329271928,1.0843659686896086e-06,None,None,None,None, , , , 
7168, ,0.03370064329271928,1.1623224686798522e-06,None,None,None,None, , , , 
7169, ,0.03370064329271928,1.2458833642950078e-06,None,None,None,None, , , , 
7170, ,0.03370064329271928,1.3354515629298971e-06,None,None,None,None, , , , 
7171, ,0.03370064329271928,1.4314589375234786e-06,None,None,None,None, , , , 
7172, ,0.03370064329271928,1.53436840893001e-06,None,None,None,None, , , , 
7173, ,0.03370064329271928,1.6446761779946631e-06,None,None,None,None, , , , 
7174, ,0.03370064329271928,1.762914118095948e-06,None,None,None,None, , , , 
7175, ,0.03370064329271928,1.8896523396912082e-06,None,None,None,None, , , , 
7176, ,0.03370064329271928,2.0255019392306664e-06,None,None,None,None, , , , 
7177, ,0.03370064329271928,2.171117945694501e-06,None,None,None,None, , , , 
7178, ,0.03370064329271928,2.327202478960408e-06,None,None,None,None, , , , 
7179, ,0.03370064329271928,2.494508135230317e-06,None,None,None,None, , , , 
7180, ,0.03370064329271928,2.673841615839944e-06,None,None,None,None, , , , 
7181, ,0.03370064329271928,2.8660676169482507e-06,None,None,None,None, , , , 
7182, ,0.03370064329271928,3.0721129988617524e-06,None,None,None,None, , , , 
7183, ,0.03370064329271928,3.292971255097148e-06,None,None,None,None, , , , 
7184, ,0.03370064329271928,3.5297073027306505e-06,None,None,None,None, , , , 
7185, ,0.03370064329271928,3.783462617131925e-06,None,None,None,None, , , , 
7186, ,0.03370064329271928,4.0554607358408275e-06,None,None,None,None, , , , 
7187, ,0.03370064329271928,4.3470131581250175e-06,None,None,None,None, , , , 
7188, ,0.03370064329271928,4.6595256686646765e-06,None,None,None,None, , , , 
7189, ,0.03370064329271928,4.99450511585514e-06,None,None,None,None, , , , 
7190, ,0.03370064329271928,5.353566677410719e-06,None,None,None,None, , , , 
7191, ,0.03370064329271928,5.738441648302393e-06,None,None,None,None, , , , 
7192, ,0.03370064329271928,6.150985788580505e-06,None,None,None,None, , , , 
7193, ,0.03370064329271928,6.593188271333541e-06,None,None,None,None, , , , 
7194, ,0.03370064329271928,7.067181273927492e-06,None,None,None,None, , , , 
7195, ,0.03370064329271928,7.575250258771904e-06,None,None,None,None, , , , 
7196, ,0.03370064329271928,8.119844993184007e-06,None,None,None,None, , , , 
7197, ,0.03370064329271928,8.703591361485167e-06,None,None,None,None, , , , 
7198, ,0.03370064329271928,9.329304026284676e-06,None,None,None,None, , , , 
7199, ,0.03370064329271928,1e-05,None,None,None,None, , , , 
7200, ,0.03489101213406773,1e-11,None,None,None,None, , , , 
7201, ,0.03489101213406773,1.0718913192051263e-11,None,None,None,None, , , , 
7202, ,0.03489101213406773,1.1489510001873107e-11,None,None,None,None, , , , 
7203, ,0.03489101213406773,1.2315506032928262e-11,None,None,None,None, , , , 
7204, ,0.03489101213406773,1.3200884008314167e-11,None,None,None,None, , , , 
7205, ,0.03489101213406773,1.4149912974345786e-11,None,None,None,None, , , , 
7206, ,0.03489101213406773,1.5167168884709242e-11,None,None,None,None, , , , 
7207, ,0.03489101213406773,1.6257556664437934e-11,None,None,None,None, , , , 
7208, ,0.03489101213406773,1.7426333860096473e-11,None,None,None,None, , , , 
7209, ,0.03489101213406773,1.8679135990207848e-11,None,None,None,None, , , , 
7210, ,0.03489101213406773,2.0022003718155844e-11,None,None,None,None, , , , 
7211, ,0.03489101213406773,2.1461411978584013e-11,None,None,None,None, , , , 
7212, ,0.03489101213406773,2.300430119772921e-11,None,None,None,None, , , , 
7213, ,0.03489101213406773,2.465811075822604e-11,None,None,None,None, , , , 
7214, ,0.03489101213406773,2.643081486974103e-11,None,None,None,None, , , , 
7215, ,0.03489101213406773,2.8330961018393178e-11,None,None,None,None, , , , 
7216, ,0.03489101213406773,3.036771118035461e-11,None,None,None,None, , , , 
7217, ,0.03489101213406773,3.255088599835057e-11,None,None,None,None, , , , 
7218, ,0.03489101213406773,3.4891012134067674e-11,None,None,None,None, , , , 
7219, ,0.03489101213406773,3.739937302478801e-11,None,None,None,None, , , , 
7220, ,0.03489101213406773,4.0088063288984646e-11,None,None,None,None, , , , 
7221, ,0.03489101213406773,4.297004704320835e-11,None,None,None,None, , , , 
7222, ,0.03489101213406773,4.605922041145113e-11,None,None,None,None, , , , 
7223, ,0.03489101213406773,4.937047852839004e-11,None,None,None,None, , , , 
7224, ,0.03489101213406773,5.2919787359584366e-11,None,None,None,None, , , , 
7225, ,0.03489101213406773,5.672426068491989e-11,None,None,None,None, , , , 
7226, ,0.03489101213406773,6.080224261649427e-11,None,None,None,None, , , , 
7227, ,0.03489101213406773,6.517339604882421e-11,None,None,None,None, , , , 
7228, ,0.03489101213406773,6.985879746785235e-11,None,None,None,None, , , , 
7229, ,0.03489101213406773,7.48810385759003e-11,None,None,None,None, , , , 
7230, ,0.03489101213406773,8.026433522257174e-11,None,None,None,None, , , , 
7231, ,0.03489101213406773,8.603464416684492e-11,None,None,None,None, , , , 
7232, ,0.03489101213406773,9.221978823334341e-11,None,None,None,None, , , , 
7233, ,0.03489101213406773,9.884959046625586e-11,None,None,None,None, , , , 
7234, ,0.03489101213406773,1.0595601792776149e-10,None,None,None,None, , , , 
7235, ,0.03489101213406773,1.1357333583431027e-10,None,None,None,None, , , , 
7236, ,0.03489101213406773,1.217382727739662e-10,None,None,None,None, , , , 
7237, ,0.03489101213406773,1.3049019780144016e-10,None,None,None,None, , , , 
7238, ,0.03489101213406773,1.398713102647236e-10,None,None,None,None, , , , 
7239, ,0.03489101213406773,1.4992684327860468e-10,None,None,None,None, , , , 
7240, ,0.03489101213406773,1.6070528182616384e-10,None,None,None,None, , , , 
7241, ,0.03489101213406773,1.722585965398784e-10,None,None,None,None, , , , 
7242, ,0.03489101213406773,1.8464249428955463e-10,None,None,None,None, , , , 
7243, ,0.03489101213406773,1.9791668678535569e-10,None,None,None,None, , , , 
7244, ,0.03489101213406773,2.121451784910628e-10,None,None,None,None, , , , 
7245, ,0.03489101213406773,2.273965752357932e-10,None,None,None,None, , , , 
7246, ,0.03489101213406773,2.4374441501222216e-10,None,None,None,None, , , , 
7247, ,0.03489101213406773,2.6126752255633265e-10,None,None,None,None, , , , 
7248, ,0.03489101213406773,2.8005038941836253e-10,None,None,None,None, , , , 
7249, ,0.03489101213406773,3.0018358135755917e-10,None,None,None,None, , , , 
7250, ,0.03489101213406773,3.2176417502507347e-10,None,None,None,None, , , , 
7251, ,0.03489101213406773,3.4489622604057533e-10,None,None,None,None, , , , 
7252, ,0.03489101213406773,3.696912707195032e-10,None,None,None,None, , , , 
7253, ,0.03489101213406773,3.9626886387014783e-10,None,None,None,None, , , , 
7254, ,0.03489101213406773,4.2475715525368935e-10,None,None,None,None, , , , 
7255, ,0.03489101213406773,4.552935074866938e-10,None,None,None,None, , , , 
7256, ,0.03489101213406773,4.880251583654433e-10,None,None,None,None, , , , 
7257, ,0.03489101213406773,5.231099308056258e-10,None,None,None,None, , , , 
7258, ,0.03489101213406773,5.60716993820547e-10,None,None,None,None, , , , 
7259, ,0.03489101213406773,6.010276782070387e-10,None,None,None,None, , , , 
7260, ,0.03489101213406773,6.442363508721371e-10,None,None,None,None, , , , 
7261, ,0.03489101213406773,6.905513520162316e-10,None,None,None,None, , , , 
7262, ,0.03489101213406773,7.401959996915653e-10,None,None,None,None, , , , 
7263, ,0.03489101213406773,7.934096665797492e-10,None,None,None,None, , , , 
7264, ,0.03489101213406773,8.504489341802668e-10,None,None,None,None, , , , 
7265, ,0.03489101213406773,9.115888299750837e-10,None,None,None,None, , , , 
7266, ,0.03489101213406773,9.771241535346502e-10,None,None,None,None, , , , 
7267, ,0.03489101213406773,1.0473708979594486e-09,None,None,None,None, , , , 
7268, ,0.03489101213406773,1.1226677735108114e-09,None,None,None,None, , , , 
7269, ,0.03489101213406773,1.2033778407775904e-09,None,None,None,None, , , , 
7270, ,0.03489101213406773,1.289890261253308e-09,None,None,None,None, , , , 
7271, ,0.03489101213406773,1.3826221737646535e-09,None,None,None,None, , , , 
7272, ,0.03489101213406773,1.4820207057988602e-09,None,None,None,None, , , , 
7273, ,0.03489101213406773,1.5885651294280526e-09,None,None,None,None, , , , 
7274, ,0.03489101213406773,1.702769172225898e-09,None,None,None,None, , , , 
7275, ,0.03489101213406773,1.825183494319039e-09,None,None,None,None, , , , 
7276, ,0.03489101213406773,1.956398343517065e-09,None,None,None,None, , , , 
7277, ,0.03489101213406773,2.0970464013232305e-09,None,None,None,None, , , , 
7278, ,0.03489101213406773,2.2478058335487307e-09,None,None,None,None, , , , 
7279, ,0.03489101213406773,2.409403560239527e-09,None,None,None,None, , , , 
7280, ,0.03489101213406773,2.582618760682675e-09,None,None,None,None, , , , 
7281, ,0.03489101213406773,2.768286630392061e-09,None,None,None,None, , , , 
7282, ,0.03489101213406773,2.9673024081888724e-09,None,None,None,None, , , , 
7283, ,0.03489101213406773,3.180625692794119e-09,None,None,None,None, , , , 
7284, ,0.03489101213406773,3.409285069746807e-09,None,None,None,None, , , , 
7285, ,0.03489101213406773,3.654383070957262e-09,None,None,None,None, , , , 
7286, ,0.03489101213406773,3.917101490809261e-09,None,None,None,None, , , , 
7287, ,0.03489101213406773,4.198707084443906e-09,None,None,None,None, , , , 
7288, ,0.03489101213406773,4.500557675700488e-09,None,None,None,None, , , , 
7289, ,0.03489101213406773,4.824108704165374e-09,None,None,None,None, , , , 
7290, ,0.03489101213406773,5.170920242896755e-09,None,None,None,None, , , , 
7291, ,0.03489101213406773,5.542664520663096e-09,None,None,None,None, , , , 
7292, ,0.03489101213406773,5.941133984965041e-09,None,None,None,None, , , , 
7293, ,0.03489101213406773,6.3682499447185856e-09,None,None,None,None, , , , 
7294, ,0.03489101213406773,6.826071834272379e-09,None,None,None,None, , , , 
7295, ,0.03489101213406773,7.316807143427175e-09,None,None,None,None, , , , 
7296, ,0.03489101213406773,7.842822061337681e-09,None,None,None,None, , , , 
7297, ,0.03489101213406773,8.406652885618316e-09,None,None,None,None, , , , 
7298, ,0.03489101213406773,9.011018251665036e-09,None,None,None,None, , , , 
7299, ,0.03489101213406773,9.658832241158707e-09,None,None,None,None, , , , 
7300, ,0.03489101213406773,1.0353218432956616e-08,None,None,None,None, , , , 
7301, ,0.03489101213406773,1.1097524964120722e-08,None,None,None,None, , , , 
7302, ,0.03489101213406773,1.1895340673703208e-08,None,None,None,None, , , , 
7303, ,0.03489101213406773,1.2750512407130128e-08,None,None,None,None, , , , 
7304, ,0.03489101213406773,1.3667163564620044e-08,None,None,None,None, , , , 
7305, ,0.03489101213406773,1.4649713983072853e-08,None,None,None,None, , , , 
7306, ,0.03489101213406773,1.5702901247293774e-08,None,None,None,None, , , , 
7307, ,0.03489101213406773,1.683180353330955e-08,None,None,None,None, , , , 
7308, ,0.03489101213406773,1.8041864093920717e-08,None,None,None,None, , , , 
7309, ,0.03489101213406773,1.933891750455232e-08,None,None,None,None, , , , 
7310, ,0.03489101213406773,2.0729217795953697e-08,None,None,None,None, , , , 
7311, ,0.03489101213406773,2.221946860939524e-08,None,None,None,None, , , , 
7312, ,0.03489101213406773,2.3816855519761606e-08,None,None,None,None, , , , 
7313, ,0.03489101213406773,2.552908068239516e-08,None,None,None,None, , , , 
7314, ,0.03489101213406773,2.7364399970746666e-08,None,None,None,None, , , , 
7315, ,0.03489101213406773,2.933166278390042e-08,None,None,None,None, , , , 
7316, ,0.03489101213406773,3.1440354715915e-08,None,None,None,None, , , , 
7317, ,0.03489101213406773,3.370064329271925e-08,None,None,None,None, , , , 
7318, ,0.03489101213406773,3.612342699709431e-08,None,None,None,None, , , , 
7319, ,0.03489101213406773,3.872038781812557e-08,None,None,None,None, , , , 
7320, ,0.03489101213406773,4.1504047578504727e-08,None,None,None,None, , , , 
7321, ,0.03489101213406773,4.448782831127585e-08,None,None,None,None, , , , 
7322, ,0.03489101213406773,4.768611697714474e-08,None,None,None,None, , , , 
7323, ,0.03489101213406773,5.111433483440165e-08,None,None,None,None, , , , 
7324, ,0.03489101213406773,5.478901179593934e-08,None,None,None,None, , , , 
7325, ,0.03489101213406773,5.872786613189478e-08,None,None,None,None, , , , 
7326, ,0.03489101213406773,6.294988990221888e-08,None,None,None,None, , , , 
7327, ,0.03489101213406773,6.747544053110687e-08,None,None,None,None, , , , 
7328, ,0.03489101213406773,7.232633896483534e-08,None,None,None,None, , , , 
7329, ,0.03489101213406773,7.752597488629465e-08,None,None,None,None, , , , 
7330, ,0.03489101213406773,8.309941949353386e-08,None,None,None,None, , , , 
7331, ,0.03489101213406773,8.907354638610439e-08,None,None,None,None, , , , 
7332, ,0.03489101213406773,9.547716114208066e-08,None,None,None,None, , , , 
7333, ,0.03489101213406773,1.0234114021054528e-07,None,None,None,None, , , , 
7334, ,0.03489101213406773,1.0969857978923841e-07,None,None,None,None, , , , 
7335, ,0.03489101213406773,1.1758495540521555e-07,None,None,None,None, , , , 
7336, ,0.03489101213406773,1.2603829296797277e-07,None,None,None,None, , , , 
7337, ,0.03489101213406773,1.350993521198025e-07,None,None,None,None, , , , 
7338, ,0.03489101213406773,1.4481182276745328e-07,None,None,None,None, , , , 
7339, ,0.03489101213406773,1.552225357427048e-07,None,None,None,None, , , , 
7340, ,0.03489101213406773,1.6638168860761273e-07,None,None,None,None, , , , 
7341, ,0.03489101213406773,1.7834308769319093e-07,None,None,None,None, , , , 
7342, ,0.03489101213406773,1.9116440753857e-07,None,None,None,None, , , , 
7343, ,0.03489101213406773,2.049074689815846e-07,None,None,None,None, , , , 
7344, ,0.03489101213406773,2.1963853724165468e-07,None,None,None,None, , , , 
7345, ,0.03489101213406773,2.3542864143224158e-07,None,None,None,None, , , , 
7346, ,0.03489101213406773,2.523539170434766e-07,None,None,None,None, , , , 
7347, ,0.03489101213406773,2.7049597304631316e-07,None,None,None,None, , , , 
7348, ,0.03489101213406773,2.899422853882875e-07,None,None,None,None, , , , 
7349, ,0.03489101213406773,3.107866187782014e-07,None,None,None,None, , , , 
7350, ,0.03489101213406773,3.33129478793467e-07,None,None,None,None, , , , 
7351, ,0.03489101213406773,3.5707859649004626e-07,None,None,None,None, , , , 
7352, ,0.03489101213406773,3.827494478516307e-07,None,None,None,None, , , , 
7353, ,0.03489101213406773,4.1026581058271904e-07,None,None,None,None, , , , 
7354, ,0.03489101213406773,4.397603609302722e-07,None,None,None,None, , , , 
7355, ,0.03489101213406773,4.7137531341167185e-07,None,None,None,None, , , , 
7356, ,0.03489101213406773,5.052631065335679e-07,None,None,None,None, , , , 
7357, ,0.03489101213406773,5.415871378079465e-07,None,None,None,None, , , , 
7358, ,0.03489101213406773,5.805225516094896e-07,None,None,None,None, , , , 
7359, ,0.03489101213406773,6.222570836730232e-07,None,None,None,None, , , , 
7360, ,0.03489101213406773,6.669919663030115e-07,None,None,None,None, , , , 
7361, ,0.03489101213406773,7.149428986597576e-07,None,None,None,None, , , , 
7362, ,0.03489101213406773,7.663410868007445e-07,None,None,None,None, , , , 
7363, ,0.03489101213406773,8.214343584919422e-07,None,None,None,None, , , , 
7364, ,0.03489101213406773,8.804883581643463e-07,None,None,None,None, , , , 
7365, ,0.03489101213406773,9.437878277775371e-07,None,None,None,None, , , , 
7366, ,0.03489101213406773,1.0116379797662072e-06,None,None,None,None, , , , 
7367, ,0.03489101213406773,1.0843659686896086e-06,None,None,None,None, , , , 
7368, ,0.03489101213406773,1.1623224686798522e-06,None,None,None,None, , , , 
7369, ,0.03489101213406773,1.2458833642950078e-06,None,None,None,None, , , , 
7370, ,0.03489101213406773,1.3354515629298971e-06,None,None,None,None, , , , 
7371, ,0.03489101213406773,1.4314589375234786e-06,None,None,None,None, , , , 
7372, ,0.03489101213406773,1.53436840893001e-06,None,None,None,None, , , , 
7373, ,0.03489101213406773,1.6446761779946631e-06,None,None,None,None, , , , 
7374, ,0.03489101213406773,1.762914118095948e-06,None,None,None,None, , , , 
7375, ,0.03489101213406773,1.8896523396912082e-06,None,None,None,None, , , , 
7376, ,0.03489101213406773,2.0255019392306664e-06,None,None,None,None, , , , 
7377, ,0.03489101213406773,2.171117945694501e-06,None,None,None,None, , , , 
7378, ,0.03489101213406773,2.327202478960408e-06,None,None,None,None, , , , 
7379, ,0.03489101213406773,2.494508135230317e-06,None,None,None,None, , , , 
7380, ,0.03489101213406773,2.673841615839944e-06,None,None,None,None, , , , 
7381, ,0.03489101213406773,2.8660676169482507e-06,None,None,None,None, , , , 
7382, ,0.03489101213406773,3.0721129988617524e-06,None,None,None,None, , , , 
7383, ,0.03489101213406773,3.292971255097148e-06,None,None,None,None, , , , 
7384, ,0.03489101213406773,3.5297073027306505e-06,None,None,None,None, , , , 
7385, ,0.03489101213406773,3.783462617131925e-06,None,None,None,None, , , , 
7386, ,0.03489101213406773,4.0554607358408275e-06,None,None,None,None, , , , 
7387, ,0.03489101213406773,4.3470131581250175e-06,None,None,None,None, , , , 
7388, ,0.03489101213406773,4.6595256686646765e-06,None,None,None,None, , , , 
7389, ,0.03489101213406773,4.99450511585514e-06,None,None,None,None, , , , 
7390, ,0.03489101213406773,5.353566677410719e-06,None,None,None,None, , , , 
7391, ,0.03489101213406773,5.738441648302393e-06,None,None,None,None, , , , 
7392, ,0.03489101213406773,6.150985788580505e-06,None,None,None,None, , , , 
7393, ,0.03489101213406773,6.593188271333541e-06,None,None,None,None, , , , 
7394, ,0.03489101213406773,7.067181273927492e-06,None,None,None,None, , , , 
7395, ,0.03489101213406773,7.575250258771904e-06,None,None,None,None, , , , 
7396, ,0.03489101213406773,8.119844993184007e-06,None,None,None,None, , , , 
7397, ,0.03489101213406773,8.703591361485167e-06,None,None,None,None, , , , 
7398, ,0.03489101213406773,9.329304026284676e-06,None,None,None,None, , , , 
7399, ,0.03489101213406773,1e-05,None,None,None,None, , , , 
7400, ,0.0361234269970943,1e-11,None,None,None,None, , , , 
7401, ,0.0361234269970943,1.0718913192051263e-11,None,None,None,None, , , , 
7402, ,0.0361234269970943,1.1489510001873107e-11,None,None,None,None, , , , 
7403, ,0.0361234269970943,1.2315506032928262e-11,None,None,None,None, , , , 
7404, ,0.0361234269970943,1.3200884008314167e-11,None,None,None,None, , , , 
7405, ,0.0361234269970943,1.4149912974345786e-11,None,None,None,None, , , , 
7406, ,0.0361234269970943,1.5167168884709242e-11,None,None,None,None, , , , 
7407, ,0.0361234269970943,1.6257556664437934e-11,None,None,None,None, , , , 
7408, ,0.0361234269970943,1.7426333860096473e-11,None,None,None,None, , , , 
7409, ,0.0361234269970943,1.8679135990207848e-11,None,None,None,None, , , , 
7410, ,0.0361234269970943,2.0022003718155844e-11,None,None,None,None, , , , 
7411, ,0.0361234269970943,2.1461411978584013e-11,None,None,None,None, , , , 
7412, ,0.0361234269970943,2.300430119772921e-11,None,None,None,None, , , , 
7413, ,0.0361234269970943,2.465811075822604e-11,None,None,None,None, , , , 
7414, ,0.0361234269970943,2.643081486974103e-11,None,None,None,None, , , , 
7415, ,0.0361234269970943,2.8330961018393178e-11,None,None,None,None, , , , 
7416, ,0.0361234269970943,3.036771118035461e-11,None,None,None,None, , , , 
7417, ,0.0361234269970943,3.255088599835057e-11,None,None,None,None, , , , 
7418, ,0.0361234269970943,3.4891012134067674e-11,None,None,None,None, , , , 
7419, ,0.0361234269970943,3.739937302478801e-11,None,None,None,None, , , , 
7420, ,0.0361234269970943,4.0088063288984646e-11,None,None,None,None, , , , 
7421, ,0.0361234269970943,4.297004704320835e-11,None,None,None,None, , , , 
7422, ,0.0361234269970943,4.605922041145113e-11,None,None,None,None, , , , 
7423, ,0.0361234269970943,4.937047852839004e-11,None,None,None,None, , , , 
7424, ,0.0361234269970943,5.2919787359584366e-11,None,None,None,None, , , , 
7425, ,0.0361234269970943,5.672426068491989e-11,None,None,None,None, , , , 
7426, ,0.0361234269970943,6.080224261649427e-11,None,None,None,None, , , , 
7427, ,0.0361234269970943,6.517339604882421e-11,None,None,None,None, , , , 
7428, ,0.0361234269970943,6.985879746785235e-11,None,None,None,None, , , , 
7429, ,0.0361234269970943,7.48810385759003e-11,None,None,None,None, , , , 
7430, ,0.0361234269970943,8.026433522257174e-11,None,None,None,None, , , , 
7431, ,0.0361234269970943,8.603464416684492e-11,None,None,None,None, , , , 
7432, ,0.0361234269970943,9.221978823334341e-11,None,None,None,None, , , , 
7433, ,0.0361234269970943,9.884959046625586e-11,None,None,None,None, , , , 
7434, ,0.0361234269970943,1.0595601792776149e-10,None,None,None,None, , , , 
7435, ,0.0361234269970943,1.1357333583431027e-10,None,None,None,None, , , , 
7436, ,0.0361234269970943,1.217382727739662e-10,None,None,None,None, , , , 
7437, ,0.0361234269970943,1.3049019780144016e-10,None,None,None,None, , , , 
7438, ,0.0361234269970943,1.398713102647236e-10,None,None,None,None, , , , 
7439, ,0.0361234269970943,1.4992684327860468e-10,None,None,None,None, , , , 
7440, ,0.0361234269970943,1.6070528182616384e-10,None,None,None,None, , , , 
7441, ,0.0361234269970943,1.722585965398784e-10,None,None,None,None, , , , 
7442, ,0.0361234269970943,1.8464249428955463e-10,None,None,None,None, , , , 
7443, ,0.0361234269970943,1.9791668678535569e-10,None,None,None,None, , , , 
7444, ,0.0361234269970943,2.121451784910628e-10,None,None,None,None, , , , 
7445, ,0.0361234269970943,2.273965752357932e-10,None,None,None,None, , , , 
7446, ,0.0361234269970943,2.4374441501222216e-10,None,None,None,None, , , , 
7447, ,0.0361234269970943,2.6126752255633265e-10,None,None,None,None, , , , 
7448, ,0.0361234269970943,2.8005038941836253e-10,None,None,None,None, , , , 
7449, ,0.0361234269970943,3.0018358135755917e-10,None,None,None,None, , , , 
7450, ,0.0361234269970943,3.2176417502507347e-10,None,None,None,None, , , , 
7451, ,0.0361234269970943,3.4489622604057533e-10,None,None,None,None, , , , 
7452, ,0.0361234269970943,3.696912707195032e-10,None,None,None,None, , , , 
7453, ,0.0361234269970943,3.9626886387014783e-10,None,None,None,None, , , , 
7454, ,0.0361234269970943,4.2475715525368935e-10,None,None,None,None, , , , 
7455, ,0.0361234269970943,4.552935074866938e-10,None,None,None,None, , , , 
7456, ,0.0361234269970943,4.880251583654433e-10,None,None,None,None, , , , 
7457, ,0.0361234269970943,5.231099308056258e-10,None,None,None,None, , , , 
7458, ,0.0361234269970943,5.60716993820547e-10,None,None,None,None, , , , 
7459, ,0.0361234269970943,6.010276782070387e-10,None,None,None,None, , , , 
7460, ,0.0361234269970943,6.442363508721371e-10,None,None,None,None, , , , 
7461, ,0.0361234269970943,6.905513520162316e-10,None,None,None,None, , , , 
7462, ,0.0361234269970943,7.401959996915653e-10,None,None,None,None, , , , 
7463, ,0.0361234269970943,7.934096665797492e-10,None,None,None,None, , , , 
7464, ,0.0361234269970943,8.504489341802668e-10,None,None,None,None, , , , 
7465, ,0.0361234269970943,9.115888299750837e-10,None,None,None,None, , , , 
7466, ,0.0361234269970943,9.771241535346502e-10,None,None,None,None, , , , 
7467, ,0.0361234269970943,1.0473708979594486e-09,None,None,None,None, , , , 
7468, ,0.0361234269970943,1.1226677735108114e-09,None,None,None,None, , , , 
7469, ,0.0361234269970943,1.2033778407775904e-09,None,None,None,None, , , , 
7470, ,0.0361234269970943,1.289890261253308e-09,None,None,None,None, , , , 
7471, ,0.0361234269970943,1.3826221737646535e-09,None,None,None,None, , , , 
7472, ,0.0361234269970943,1.4820207057988602e-09,None,None,None,None, , , , 
7473, ,0.0361234269970943,1.5885651294280526e-09,None,None,None,None, , , , 
7474, ,0.0361234269970943,1.702769172225898e-09,None,None,None,None, , , , 
7475, ,0.0361234269970943,1.825183494319039e-09,None,None,None,None, , , , 
7476, ,0.0361234269970943,1.956398343517065e-09,None,None,None,None, , , , 
7477, ,0.0361234269970943,2.0970464013232305e-09,None,None,None,None, , , , 
7478, ,0.0361234269970943,2.2478058335487307e-09,None,None,None,None, , , , 
7479, ,0.0361234269970943,2.409403560239527e-09,None,None,None,None, , , , 
7480, ,0.0361234269970943,2.582618760682675e-09,None,None,None,None, , , , 
7481, ,0.0361234269970943,2.768286630392061e-09,None,None,None,None, , , , 
7482, ,0.0361234269970943,2.9673024081888724e-09,None,None,None,None, , , , 
7483, ,0.0361234269970943,3.180625692794119e-09,None,None,None,None, , , , 
7484, ,0.0361234269970943,3.409285069746807e-09,None,None,None,None, , , , 
7485, ,0.0361234269970943,3.654383070957262e-09,None,None,None,None, , , , 
7486, ,0.0361234269970943,3.917101490809261e-09,None,None,None,None, , , , 
7487, ,0.0361234269970943,4.198707084443906e-09,None,None,None,None, , , , 
7488, ,0.0361234269970943,4.500557675700488e-09,None,None,None,None, , , , 
7489, ,0.0361234269970943,4.824108704165374e-09,None,None,None,None, , , , 
7490, ,0.0361234269970943,5.170920242896755e-09,None,None,None,None, , , , 
7491, ,0.0361234269970943,5.542664520663096e-09,None,None,None,None, , , , 
7492, ,0.0361234269970943,5.941133984965041e-09,None,None,None,None, , , , 
7493, ,0.0361234269970943,6.3682499447185856e-09,None,None,None,None, , , , 
7494, ,0.0361234269970943,6.826071834272379e-09,None,None,None,None, , , , 
7495, ,0.0361234269970943,7.316807143427175e-09,None,None,None,None, , , , 
7496, ,0.0361234269970943,7.842822061337681e-09,None,None,None,None, , , , 
7497, ,0.0361234269970943,8.406652885618316e-09,None,None,None,None, , , , 
7498, ,0.0361234269970943,9.011018251665036e-09,None,None,None,None, , , , 
7499, ,0.0361234269970943,9.658832241158707e-09,None,None,None,None, , , , 
7500, ,0.0361234269970943,1.0353218432956616e-08,None,None,None,None, , , , 
7501, ,0.0361234269970943,1.1097524964120722e-08,None,None,None,None, , , , 
7502, ,0.0361234269970943,1.1895340673703208e-08,None,None,None,None, , , , 
7503, ,0.0361234269970943,1.2750512407130128e-08,None,None,None,None, , , , 
7504, ,0.0361234269970943,1.3667163564620044e-08,None,None,None,None, , , , 
7505, ,0.0361234269970943,1.4649713983072853e-08,None,None,None,None, , , , 
7506, ,0.0361234269970943,1.5702901247293774e-08,None,None,None,None, , , , 
7507, ,0.0361234269970943,1.683180353330955e-08,None,None,None,None, , , , 
7508, ,0.0361234269970943,1.8041864093920717e-08,None,None,None,None, , , , 
7509, ,0.0361234269970943,1.933891750455232e-08,None,None,None,None, , , , 
7510, ,0.0361234269970943,2.0729217795953697e-08,None,None,None,None, , , , 
7511, ,0.0361234269970943,2.221946860939524e-08,None,None,None,None, , , , 
7512, ,0.0361234269970943,2.3816855519761606e-08,None,None,None,None, , , , 
7513, ,0.0361234269970943,2.552908068239516e-08,None,None,None,None, , , , 
7514, ,0.0361234269970943,2.7364399970746666e-08,None,None,None,None, , , , 
7515, ,0.0361234269970943,2.933166278390042e-08,None,None,None,None, , , , 
7516, ,0.0361234269970943,3.1440354715915e-08,None,None,None,None, , , , 
7517, ,0.0361234269970943,3.370064329271925e-08,None,None,None,None, , , , 
7518, ,0.0361234269970943,3.612342699709431e-08,None,None,None,None, , , , 
7519, ,0.0361234269970943,3.872038781812557e-08,None,None,None,None, , , , 
7520, ,0.0361234269970943,4.1504047578504727e-08,None,None,None,None, , , , 
7521, ,0.0361234269970943,4.448782831127585e-08,None,None,None,None, , , , 
7522, ,0.0361234269970943,4.768611697714474e-08,None,None,None,None, , , , 
7523, ,0.0361234269970943,5.111433483440165e-08,None,None,None,None, , , , 
7524, ,0.0361234269970943,5.478901179593934e-08,None,None,None,None, , , , 
7525, ,0.0361234269970943,5.872786613189478e-08,None,None,None,None, , , , 
7526, ,0.0361234269970943,6.294988990221888e-08,None,None,None,None, , , , 
7527, ,0.0361234269970943,6.747544053110687e-08,None,None,None,None, , , , 
7528, ,0.0361234269970943,7.232633896483534e-08,None,None,None,None, , , , 
7529, ,0.0361234269970943,7.752597488629465e-08,None,None,None,None, , , , 
7530, ,0.0361234269970943,8.309941949353386e-08,None,None,None,None, , , , 
7531, ,0.0361234269970943,8.907354638610439e-08,None,None,None,None, , , , 
7532, ,0.0361234269970943,9.547716114208066e-08,None,None,None,None, , , , 
7533, ,0.0361234269970943,1.0234114021054528e-07,None,None,None,None, , , , 
7534, ,0.0361234269970943,1.0969857978923841e-07,None,None,None,None, , , , 
7535, ,0.0361234269970943,1.1758495540521555e-07,None,None,None,None, , , , 
7536, ,0.0361234269970943,1.2603829296797277e-07,None,None,None,None, , , , 
7537, ,0.0361234269970943,1.350993521198025e-07,None,None,None,None, , , , 
7538, ,0.0361234269970943,1.4481182276745328e-07,None,None,None,None, , , , 
7539, ,0.0361234269970943,1.552225357427048e-07,None,None,None,None, , , , 
7540, ,0.0361234269970943,1.6638168860761273e-07,None,None,None,None, , , , 
7541, ,0.0361234269970943,1.7834308769319093e-07,None,None,None,None, , , , 
7542, ,0.0361234269970943,1.9116440753857e-07,None,None,None,None, , , , 
7543, ,0.0361234269970943,2.049074689815846e-07,None,None,None,None, , , , 
7544, ,0.0361234269970943,2.1963853724165468e-07,None,None,None,None, , , , 
7545, ,0.0361234269970943,2.3542864143224158e-07,None,None,None,None, , , , 
7546, ,0.0361234269970943,2.523539170434766e-07,None,None,None,None, , , , 
7547, ,0.0361234269970943,2.7049597304631316e-07,None,None,None,None, , , , 
7548, ,0.0361234269970943,2.899422853882875e-07,None,None,None,None, , , , 
7549, ,0.0361234269970943,3.107866187782014e-07,None,None,None,None, , , , 
7550, ,0.0361234269970943,3.33129478793467e-07,None,None,None,None, , , , 
7551, ,0.0361234269970943,3.5707859649004626e-07,None,None,None,None, , , , 
7552, ,0.0361234269970943,3.827494478516307e-07,None,None,None,None, , , , 
7553, ,0.0361234269970943,4.1026581058271904e-07,None,None,None,None, , , , 
7554, ,0.0361234269970943,4.397603609302722e-07,None,None,None,None, , , , 
7555, ,0.0361234269970943,4.7137531341167185e-07,None,None,None,None, , , , 
7556, ,0.0361234269970943,5.052631065335679e-07,None,None,None,None, , , , 
7557, ,0.0361234269970943,5.415871378079465e-07,None,None,None,None, , , , 
7558, ,0.0361234269970943,5.805225516094896e-07,None,None,None,None, , , , 
7559, ,0.0361234269970943,6.222570836730232e-07,None,None,None,None, , , , 
7560, ,0.0361234269970943,6.669919663030115e-07,None,None,None,None, , , , 
7561, ,0.0361234269970943,7.149428986597576e-07,None,None,None,None, , , , 
7562, ,0.0361234269970943,7.663410868007445e-07,None,None,None,None, , , , 
7563, ,0.0361234269970943,8.214343584919422e-07,None,None,None,None, , , , 
7564, ,0.0361234269970943,8.804883581643463e-07,None,None,None,None, , , , 
7565, ,0.0361234269970943,9.437878277775371e-07,None,None,None,None, , , , 
7566, ,0.0361234269970943,1.0116379797662072e-06,None,None,None,None, , , , 
7567, ,0.0361234269970943,1.0843659686896086e-06,None,None,None,None, , , , 
7568, ,0.0361234269970943,1.1623224686798522e-06,None,None,None,None, , , , 
7569, ,0.0361234269970943,1.2458833642950078e-06,None,None,None,None, , , , 
7570, ,0.0361234269970943,1.3354515629298971e-06,None,None,None,None, , , , 
7571, ,0.0361234269970943,1.4314589375234786e-06,None,None,None,None, , , , 
7572, ,0.0361234269970943,1.53436840893001e-06,None,None,None,None, , , , 
7573, ,0.0361234269970943,1.6446761779946631e-06,None,None,None,None, , , , 
7574, ,0.0361234269970943,1.762914118095948e-06,None,None,None,None, , , , 
7575, ,0.0361234269970943,1.8896523396912082e-06,None,None,None,None, , , , 
7576, ,0.0361234269970943,2.0255019392306664e-06,None,None,None,None, , , , 
7577, ,0.0361234269970943,2.171117945694501e-06,None,None,None,None, , , , 
7578, ,0.0361234269970943,2.327202478960408e-06,None,None,None,None, , , , 
7579, ,0.0361234269970943,2.494508135230317e-06,None,None,None,None, , , , 
7580, ,0.0361234269970943,2.673841615839944e-06,None,None,None,None, , , , 
7581, ,0.0361234269970943,2.8660676169482507e-06,None,None,None,None, , , , 
7582, ,0.0361234269970943,3.0721129988617524e-06,None,None,None,None, , , , 
7583, ,0.0361234269970943,3.292971255097148e-06,None,None,None,None, , , , 
7584, ,0.0361234269970943,3.5297073027306505e-06,None,None,None,None, , , , 
7585, ,0.0361234269970943,3.783462617131925e-06,None,None,None,None, , , , 
7586, ,0.0361234269970943,4.0554607358408275e-06,None,None,None,None, , , , 
7587, ,0.0361234269970943,4.3470131581250175e-06,None,None,None,None, , , , 
7588, ,0.0361234269970943,4.6595256686646765e-06,None,None,None,None, , , , 
7589, ,0.0361234269970943,4.99450511585514e-06,None,None,None,None, , , , 
7590, ,0.0361234269970943,5.353566677410719e-06,None,None,None,None, , , , 
7591, ,0.0361234269970943,5.738441648302393e-06,None,None,None,None, , , , 
7592, ,0.0361234269970943,6.150985788580505e-06,None,None,None,None, , , , 
7593, ,0.0361234269970943,6.593188271333541e-06,None,None,None,None, , , , 
7594, ,0.0361234269970943,7.067181273927492e-06,None,None,None,None, , , , 
7595, ,0.0361234269970943,7.575250258771904e-06,None,None,None,None, , , , 
7596, ,0.0361234269970943,8.119844993184007e-06,None,None,None,None, , , , 
7597, ,0.0361234269970943,8.703591361485167e-06,None,None,None,None, , , , 
7598, ,0.0361234269970943,9.329304026284676e-06,None,None,None,None, , , , 
7599, ,0.0361234269970943,1e-05,None,None,None,None, , , , 
7600, ,0.037399373024787984,1e-11,None,None,None,None, , , , 
7601, ,0.037399373024787984,1.0718913192051263e-11,None,None,None,None, , , , 
7602, ,0.037399373024787984,1.1489510001873107e-11,None,None,None,None, , , , 
7603, ,0.037399373024787984,1.2315506032928262e-11,None,None,None,None, , , , 
7604, ,0.037399373024787984,1.3200884008314167e-11,None,None,None,None, , , , 
7605, ,0.037399373024787984,1.4149912974345786e-11,None,None,None,None, , , , 
7606, ,0.037399373024787984,1.5167168884709242e-11,None,None,None,None, , , , 
7607, ,0.037399373024787984,1.6257556664437934e-11,None,None,None,None, , , , 
7608, ,0.037399373024787984,1.7426333860096473e-11,None,None,None,None, , , , 
7609, ,0.037399373024787984,1.8679135990207848e-11,None,None,None,None, , , , 
7610, ,0.037399373024787984,2.0022003718155844e-11,None,None,None,None, , , , 
7611, ,0.037399373024787984,2.1461411978584013e-11,None,None,None,None, , , , 
7612, ,0.037399373024787984,2.300430119772921e-11,None,None,None,None, , , , 
7613, ,0.037399373024787984,2.465811075822604e-11,None,None,None,None, , , , 
7614, ,0.037399373024787984,2.643081486974103e-11,None,None,None,None, , , , 
7615, ,0.037399373024787984,2.8330961018393178e-11,None,None,None,None, , , , 
7616, ,0.037399373024787984,3.036771118035461e-11,None,None,None,None, , , , 
7617, ,0.037399373024787984,3.255088599835057e-11,None,None,None,None, , , , 
7618, ,0.037399373024787984,3.4891012134067674e-11,None,None,None,None, , , , 
7619, ,0.037399373024787984,3.739937302478801e-11,None,None,None,None, , , , 
7620, ,0.037399373024787984,4.0088063288984646e-11,None,None,None,None, , , , 
7621, ,0.037399373024787984,4.297004704320835e-11,None,None,None,None, , , , 
7622, ,0.037399373024787984,4.605922041145113e-11,None,None,None,None, , , , 
7623, ,0.037399373024787984,4.937047852839004e-11,None,None,None,None, , , , 
7624, ,0.037399373024787984,5.2919787359584366e-11,None,None,None,None, , , , 
7625, ,0.037399373024787984,5.672426068491989e-11,None,None,None,None, , , , 
7626, ,0.037399373024787984,6.080224261649427e-11,None,None,None,None, , , , 
7627, ,0.037399373024787984,6.517339604882421e-11,None,None,None,None, , , , 
7628, ,0.037399373024787984,6.985879746785235e-11,None,None,None,None, , , , 
7629, ,0.037399373024787984,7.48810385759003e-11,None,None,None,None, , , , 
7630, ,0.037399373024787984,8.026433522257174e-11,None,None,None,None, , , , 
7631, ,0.037399373024787984,8.603464416684492e-11,None,None,None,None, , , , 
7632, ,0.037399373024787984,9.221978823334341e-11,None,None,None,None, , , , 
7633, ,0.037399373024787984,9.884959046625586e-11,None,None,None,None, , , , 
7634, ,0.037399373024787984,1.0595601792776149e-10,None,None,None,None, , , , 
7635, ,0.037399373024787984,1.1357333583431027e-10,None,None,None,None, , , , 
7636, ,0.037399373024787984,1.217382727739662e-10,None,None,None,None, , , , 
7637, ,0.037399373024787984,1.3049019780144016e-10,None,None,None,None, , , , 
7638, ,0.037399373024787984,1.398713102647236e-10,None,None,None,None, , , , 
7639, ,0.037399373024787984,1.4992684327860468e-10,None,None,None,None, , , , 
7640, ,0.037399373024787984,1.6070528182616384e-10,None,None,None,None, , , , 
7641, ,0.037399373024787984,1.722585965398784e-10,None,None,None,None, , , , 
7642, ,0.037399373024787984,1.8464249428955463e-10,None,None,None,None, , , , 
7643, ,0.037399373024787984,1.9791668678535569e-10,None,None,None,None, , , , 
7644, ,0.037399373024787984,2.121451784910628e-10,None,None,None,None, , , , 
7645, ,0.037399373024787984,2.273965752357932e-10,None,None,None,None, , , , 
7646, ,0.037399373024787984,2.4374441501222216e-10,None,None,None,None, , , , 
7647, ,0.037399373024787984,2.6126752255633265e-10,None,None,None,None, , , , 
7648, ,0.037399373024787984,2.8005038941836253e-10,None,None,None,None, , , , 
7649, ,0.037399373024787984,3.0018358135755917e-10,None,None,None,None, , , , 
7650, ,0.037399373024787984,3.2176417502507347e-10,None,None,None,None, , , , 
7651, ,0.037399373024787984,3.4489622604057533e-10,None,None,None,None, , , , 
7652, ,0.037399373024787984,3.696912707195032e-10,None,None,None,None, , , , 
7653, ,0.037399373024787984,3.9626886387014783e-10,None,None,None,None, , , , 
7654, ,0.037399373024787984,4.2475715525368935e-10,None,None,None,None, , , , 
7655, ,0.037399373024787984,4.552935074866938e-10,None,None,None,None, , , , 
7656, ,0.037399373024787984,4.880251583654433e-10,None,None,None,None, , , , 
7657, ,0.037399373024787984,5.231099308056258e-10,None,None,None,None, , , , 
7658, ,0.037399373024787984,5.60716993820547e-10,None,None,None,None, , , , 
7659, ,0.037399373024787984,6.010276782070387e-10,None,None,None,None, , , , 
7660, ,0.037399373024787984,6.442363508721371e-10,None,None,None,None, , , , 
7661, ,0.037399373024787984,6.905513520162316e-10,None,None,None,None, , , , 
7662, ,0.037399373024787984,7.401959996915653e-10,None,None,None,None, , , , 
7663, ,0.037399373024787984,7.934096665797492e-10,None,None,None,None, , , , 
7664, ,0.037399373024787984,8.504489341802668e-10,None,None,None,None, , , , 
7665, ,0.037399373024787984,9.115888299750837e-10,None,None,None,None, , , , 
7666, ,0.037399373024787984,9.771241535346502e-10,None,None,None,None, , , , 
7667, ,0.037399373024787984,1.0473708979594486e-09,None,None,None,None, , , , 
7668, ,0.037399373024787984,1.1226677735108114e-09,None,None,None,None, , , , 
7669, ,0.037399373024787984,1.2033778407775904e-09,None,None,None,None, , , , 
7670, ,0.037399373024787984,1.289890261253308e-09,None,None,None,None, , , , 
7671, ,0.037399373024787984,1.3826221737646535e-09,None,None,None,None, , , , 
7672, ,0.037399373024787984,1.4820207057988602e-09,None,None,None,None, , , , 
7673, ,0.037399373024787984,1.5885651294280526e-09,None,None,None,None, , , , 
7674, ,0.037399373024787984,1.702769172225898e-09,None,None,None,None, , , , 
7675, ,0.037399373024787984,1.825183494319039e-09,None,None,None,None, , , , 
7676, ,0.037399373024787984,1.956398343517065e-09,None,None,None,None, , , , 
7677, ,0.037399373024787984,2.0970464013232305e-09,None,None,None,None, , , , 
7678, ,0.037399373024787984,2.2478058335487307e-09,None,None,None,None, , , , 
7679, ,0.037399373024787984,2.409403560239527e-09,None,None,None,None, , , , 
7680, ,0.037399373024787984,2.582618760682675e-09,None,None,None,None, , , , 
7681, ,0.037399373024787984,2.768286630392061e-09,None,None,None,None, , , , 
7682, ,0.037399373024787984,2.9673024081888724e-09,None,None,None,None, , , , 
7683, ,0.037399373024787984,3.180625692794119e-09,None,None,None,None, , , , 
7684, ,0.037399373024787984,3.409285069746807e-09,None,None,None,None, , , , 
7685, ,0.037399373024787984,3.654383070957262e-09,None,None,None,None, , , , 
7686, ,0.037399373024787984,3.917101490809261e-09,None,None,None,None, , , , 
7687, ,0.037399373024787984,4.198707084443906e-09,None,None,None,None, , , , 
7688, ,0.037399373024787984,4.500557675700488e-09,None,None,None,None, , , , 
7689, ,0.037399373024787984,4.824108704165374e-09,None,None,None,None, , , , 
7690, ,0.037399373024787984,5.170920242896755e-09,None,None,None,None, , , , 
7691, ,0.037399373024787984,5.542664520663096e-09,None,None,None,None, , , , 
7692, ,0.037399373024787984,5.941133984965041e-09,None,None,None,None, , , , 
7693, ,0.037399373024787984,6.3682499447185856e-09,None,None,None,None, , , , 
7694, ,0.037399373024787984,6.826071834272379e-09,None,None,None,None, , , , 
7695, ,0.037399373024787984,7.316807143427175e-09,None,None,None,None, , , , 
7696, ,0.037399373024787984,7.842822061337681e-09,None,None,None,None, , , , 
7697, ,0.037399373024787984,8.406652885618316e-09,None,None,None,None, , , , 
7698, ,0.037399373024787984,9.011018251665036e-09,None,None,None,None, , , , 
7699, ,0.037399373024787984,9.658832241158707e-09,None,None,None,None, , , , 
7700, ,0.037399373024787984,1.0353218432956616e-08,None,None,None,None, , , , 
7701, ,0.037399373024787984,1.1097524964120722e-08,None,None,None,None, , , , 
7702, ,0.037399373024787984,1.1895340673703208e-08,None,None,None,None, , , , 
7703, ,0.037399373024787984,1.2750512407130128e-08,None,None,None,None, , , , 
7704, ,0.037399373024787984,1.3667163564620044e-08,None,None,None,None, , , , 
7705, ,0.037399373024787984,1.4649713983072853e-08,None,None,None,None, , , , 
7706, ,0.037399373024787984,1.5702901247293774e-08,None,None,None,None, , , , 
7707, ,0.037399373024787984,1.683180353330955e-08,None,None,None,None, , , , 
7708, ,0.037399373024787984,1.8041864093920717e-08,None,None,None,None, , , , 
7709, ,0.037399373024787984,1.933891750455232e-08,None,None,None,None, , , , 
7710, ,0.037399373024787984,2.0729217795953697e-08,None,None,None,None, , , , 
7711, ,0.037399373024787984,2.221946860939524e-08,None,None,None,None, , , , 
7712, ,0.037399373024787984,2.3816855519761606e-08,None,None,None,None, , , , 
7713, ,0.037399373024787984,2.552908068239516e-08,None,None,None,None, , , , 
7714, ,0.037399373024787984,2.7364399970746666e-08,None,None,None,None, , , , 
7715, ,0.037399373024787984,2.933166278390042e-08,None,None,None,None, , , , 
7716, ,0.037399373024787984,3.1440354715915e-08,None,None,None,None, , , , 
7717, ,0.037399373024787984,3.370064329271925e-08,None,None,None,None, , , , 
7718, ,0.037399373024787984,3.612342699709431e-08,None,None,None,None, , , , 
7719, ,0.037399373024787984,3.872038781812557e-08,None,None,None,None, , , , 
7720, ,0.037399373024787984,4.1504047578504727e-08,None,None,None,None, , , , 
7721, ,0.037399373024787984,4.448782831127585e-08,None,None,None,None, , , , 
7722, ,0.037399373024787984,4.768611697714474e-08,None,None,None,None, , , , 
7723, ,0.037399373024787984,5.111433483440165e-08,None,None,None,None, , , , 
7724, ,0.037399373024787984,5.478901179593934e-08,None,None,None,None, , , , 
7725, ,0.037399373024787984,5.872786613189478e-08,None,None,None,None, , , , 
7726, ,0.037399373024787984,6.294988990221888e-08,None,None,None,None, , , , 
7727, ,0.037399373024787984,6.747544053110687e-08,None,None,None,None, , , , 
7728, ,0.037399373024787984,7.232633896483534e-08,None,None,None,None, , , , 
7729, ,0.037399373024787984,7.752597488629465e-08,None,None,None,None, , , , 
7730, ,0.037399373024787984,8.309941949353386e-08,None,None,None,None, , , , 
7731, ,0.037399373024787984,8.907354638610439e-08,None,None,None,None, , , , 
7732, ,0.037399373024787984,9.547716114208066e-08,None,None,None,None, , , , 
7733, ,0.037399373024787984,1.0234114021054528e-07,None,None,None,None, , , , 
7734, ,0.037399373024787984,1.0969857978923841e-07,None,None,None,None, , , , 
7735, ,0.037399373024787984,1.1758495540521555e-07,None,None,None,None, , , , 
7736, ,0.037399373024787984,1.2603829296797277e-07,None,None,None,None, , , , 
7737, ,0.037399373024787984,1.350993521198025e-07,None,None,None,None, , , , 
7738, ,0.037399373024787984,1.4481182276745328e-07,None,None,None,None, , , , 
7739, ,0.037399373024787984,1.552225357427048e-07,None,None,None,None, , , , 
7740, ,0.037399373024787984,1.6638168860761273e-07,None,None,None,None, , , , 
7741, ,0.037399373024787984,1.7834308769319093e-07,None,None,None,None, , , , 
7742, ,0.037399373024787984,1.9116440753857e-07,None,None,None,None, , , , 
7743, ,0.037399373024787984,2.049074689815846e-07,None,None,None,None, , , , 
7744, ,0.037399373024787984,2.1963853724165468e-07,None,None,None,None, , , , 
7745, ,0.037399373024787984,2.3542864143224158e-07,None,None,None,None, , , , 
7746, ,0.037399373024787984,2.523539170434766e-07,None,None,None,None, , , , 
7747, ,0.037399373024787984,2.7049597304631316e-07,None,None,None,None, , , , 
7748, ,0.037399373024787984,2.899422853882875e-07,None,None,None,None, , , , 
7749, ,0.037399373024787984,3.107866187782014e-07,None,None,None,None, , , , 
7750, ,0.037399373024787984,3.33129478793467e-07,None,None,None,None, , , , 
7751, ,0.037399373024787984,3.5707859649004626e-07,None,None,None,None, , , , 
7752, ,0.037399373024787984,3.827494478516307e-07,None,None,None,None, , , , 
7753, ,0.037399373024787984,4.1026581058271904e-07,None,None,None,None, , , , 
7754, ,0.037399373024787984,4.397603609302722e-07,None,None,None,None, , , , 
7755, ,0.037399373024787984,4.7137531341167185e-07,None,None,None,None, , , , 
7756, ,0.037399373024787984,5.052631065335679e-07,None,None,None,None, , , , 
7757, ,0.037399373024787984,5.415871378079465e-07,None,None,None,None, , , , 
7758, ,0.037399373024787984,5.805225516094896e-07,None,None,None,None, , , , 
7759, ,0.037399373024787984,6.222570836730232e-07,None,None,None,None, , , , 
7760, ,0.037399373024787984,6.669919663030115e-07,None,None,None,None, , , , 
7761, ,0.037399373024787984,7.149428986597576e-07,None,None,None,None, , , , 
7762, ,0.037399373024787984,7.663410868007445e-07,None,None,None,None, , , , 
7763, ,0.037399373024787984,8.214343584919422e-07,None,None,None,None, , , , 
7764, ,0.037399373024787984,8.804883581643463e-07,None,None,None,None, , , , 
7765, ,0.037399373024787984,9.437878277775371e-07,None,None,None,None, , , , 
7766, ,0.037399373024787984,1.0116379797662072e-06,None,None,None,None, , , , 
7767, ,0.037399373024787984,1.0843659686896086e-06,None,None,None,None, , , , 
7768, ,0.037399373024787984,1.1623224686798522e-06,None,None,None,None, , , , 
7769, ,0.037399373024787984,1.2458833642950078e-06,None,None,None,None, , , , 
7770, ,0.037399373024787984,1.3354515629298971e-06,None,None,None,None, , , , 
7771, ,0.037399373024787984,1.4314589375234786e-06,None,None,None,None, , , , 
7772, ,0.037399373024787984,1.53436840893001e-06,None,None,None,None, , , , 
7773, ,0.037399373024787984,1.6446761779946631e-06,None,None,None,None, , , , 
7774, ,0.037399373024787984,1.762914118095948e-06,None,None,None,None, , , , 
7775, ,0.037399373024787984,1.8896523396912082e-06,None,None,None,None, , , , 
7776, ,0.037399373024787984,2.0255019392306664e-06,None,None,None,None, , , , 
7777, ,0.037399373024787984,2.171117945694501e-06,None,None,None,None, , , , 
7778, ,0.037399373024787984,2.327202478960408e-06,None,None,None,None, , , , 
7779, ,0.037399373024787984,2.494508135230317e-06,None,None,None,None, , , , 
7780, ,0.037399373024787984,2.673841615839944e-06,None,None,None,None, , , , 
7781, ,0.037399373024787984,2.8660676169482507e-06,None,None,None,None, , , , 
7782, ,0.037399373024787984,3.0721129988617524e-06,None,None,None,None, , , , 
7783, ,0.037399373024787984,3.292971255097148e-06,None,None,None,None, , , , 
7784, ,0.037399373024787984,3.5297073027306505e-06,None,None,None,None, , , , 
7785, ,0.037399373024787984,3.783462617131925e-06,None,None,None,None, , , , 
7786, ,0.037399373024787984,4.0554607358408275e-06,None,None,None,None, , , , 
7787, ,0.037399373024787984,4.3470131581250175e-06,None,None,None,None, , , , 
7788, ,0.037399373024787984,4.6595256686646765e-06,None,None,None,None, , , , 
7789, ,0.037399373024787984,4.99450511585514e-06,None,None,None,None, , , , 
7790, ,0.037399373024787984,5.353566677410719e-06,None,None,None,None, , , , 
7791, ,0.037399373024787984,5.738441648302393e-06,None,None,None,None, , , , 
7792, ,0.037399373024787984,6.150985788580505e-06,None,None,None,None, , , , 
7793, ,0.037399373024787984,6.593188271333541e-06,None,None,None,None, , , , 
7794, ,0.037399373024787984,7.067181273927492e-06,None,None,None,None, , , , 
7795, ,0.037399373024787984,7.575250258771904e-06,None,None,None,None, , , , 
7796, ,0.037399373024787984,8.119844993184007e-06,None,None,None,None, , , , 
7797, ,0.037399373024787984,8.703591361485167e-06,None,None,None,None, , , , 
7798, ,0.037399373024787984,9.329304026284676e-06,None,None,None,None, , , , 
7799, ,0.037399373024787984,1e-05,None,None,None,None, , , , 
7800, ,0.03872038781812555,1e-11,None,None,None,None, , , , 
7801, ,0.03872038781812555,1.0718913192051263e-11,None,None,None,None, , , , 
7802, ,0.03872038781812555,1.1489510001873107e-11,None,None,None,None, , , , 
7803, ,0.03872038781812555,1.2315506032928262e-11,None,None,None,None, , , , 
7804, ,0.03872038781812555,1.3200884008314167e-11,None,None,None,None, , , , 
7805, ,0.03872038781812555,1.4149912974345786e-11,None,None,None,None, , , , 
7806, ,0.03872038781812555,1.5167168884709242e-11,None,None,None,None, , , , 
7807, ,0.03872038781812555,1.6257556664437934e-11,None,None,None,None, , , , 
7808, ,0.03872038781812555,1.7426333860096473e-11,None,None,None,None, , , , 
7809, ,0.03872038781812555,1.8679135990207848e-11,None,None,None,None, , , , 
7810, ,0.03872038781812555,2.0022003718155844e-11,None,None,None,None, , , , 
7811, ,0.03872038781812555,2.1461411978584013e-11,None,None,None,None, , , , 
7812, ,0.03872038781812555,2.300430119772921e-11,None,None,None,None, , , , 
7813, ,0.03872038781812555,2.465811075822604e-11,None,None,None,None, , , , 
7814, ,0.03872038781812555,2.643081486974103e-11,None,None,None,None, , , , 
7815, ,0.03872038781812555,2.8330961018393178e-11,None,None,None,None, , , , 
7816, ,0.03872038781812555,3.036771118035461e-11,None,None,None,None, , , , 
7817, ,0.03872038781812555,3.255088599835057e-11,None,None,None,None, , , , 
7818, ,0.03872038781812555,3.4891012134067674e-11,None,None,None,None, , , , 
7819, ,0.03872038781812555,3.739937302478801e-11,None,None,None,None, , , , 
7820, ,0.03872038781812555,4.0088063288984646e-11,None,None,None,None, , , , 
7821, ,0.03872038781812555,4.297004704320835e-11,None,None,None,None, , , , 
7822, ,0.03872038781812555,4.605922041145113e-11,None,None,None,None, , , , 
7823, ,0.03872038781812555,4.937047852839004e-11,None,None,None,None, , , , 
7824, ,0.03872038781812555,5.2919787359584366e-11,None,None,None,None, , , , 
7825, ,0.03872038781812555,5.672426068491989e-11,None,None,None,None, , , , 
7826, ,0.03872038781812555,6.080224261649427e-11,None,None,None,None, , , , 
7827, ,0.03872038781812555,6.517339604882421e-11,None,None,None,None, , , , 
7828, ,0.03872038781812555,6.985879746785235e-11,None,None,None,None, , , , 
7829, ,0.03872038781812555,7.48810385759003e-11,None,None,None,None, , , , 
7830, ,0.03872038781812555,8.026433522257174e-11,None,None,None,None, , , , 
7831, ,0.03872038781812555,8.603464416684492e-11,None,None,None,None, , , , 
7832, ,0.03872038781812555,9.221978823334341e-11,None,None,None,None, , , , 
7833, ,0.03872038781812555,9.884959046625586e-11,None,None,None,None, , , , 
7834, ,0.03872038781812555,1.0595601792776149e-10,None,None,None,None, , , , 
7835, ,0.03872038781812555,1.1357333583431027e-10,None,None,None,None, , , , 
7836, ,0.03872038781812555,1.217382727739662e-10,None,None,None,None, , , , 
7837, ,0.03872038781812555,1.3049019780144016e-10,None,None,None,None, , , , 
7838, ,0.03872038781812555,1.398713102647236e-10,None,None,None,None, , , , 
7839, ,0.03872038781812555,1.4992684327860468e-10,None,None,None,None, , , , 
7840, ,0.03872038781812555,1.6070528182616384e-10,None,None,None,None, , , , 
7841, ,0.03872038781812555,1.722585965398784e-10,None,None,None,None, , , , 
7842, ,0.03872038781812555,1.8464249428955463e-10,None,None,None,None, , , , 
7843, ,0.03872038781812555,1.9791668678535569e-10,None,None,None,None, , , , 
7844, ,0.03872038781812555,2.121451784910628e-10,None,None,None,None, , , , 
7845, ,0.03872038781812555,2.273965752357932e-10,None,None,None,None, , , , 
7846, ,0.03872038781812555,2.4374441501222216e-10,None,None,None,None, , , , 
7847, ,0.03872038781812555,2.6126752255633265e-10,None,None,None,None, , , , 
7848, ,0.03872038781812555,2.8005038941836253e-10,None,None,None,None, , , , 
7849, ,0.03872038781812555,3.0018358135755917e-10,None,None,None,None, , , , 
7850, ,0.03872038781812555,3.2176417502507347e-10,None,None,None,None, , , , 
7851, ,0.03872038781812555,3.4489622604057533e-10,None,None,None,None, , , , 
7852, ,0.03872038781812555,3.696912707195032e-10,None,None,None,None, , , , 
7853, ,0.03872038781812555,3.9626886387014783e-10,None,None,None,None, , , , 
7854, ,0.03872038781812555,4.2475715525368935e-10,None,None,None,None, , , , 
7855, ,0.03872038781812555,4.552935074866938e-10,None,None,None,None, , , , 
7856, ,0.03872038781812555,4.880251583654433e-10,None,None,None,None, , , , 
7857, ,0.03872038781812555,5.231099308056258e-10,None,None,None,None, , , , 
7858, ,0.03872038781812555,5.60716993820547e-10,None,None,None,None, , , , 
7859, ,0.03872038781812555,6.010276782070387e-10,None,None,None,None, , , , 
7860, ,0.03872038781812555,6.442363508721371e-10,None,None,None,None, , , , 
7861, ,0.03872038781812555,6.905513520162316e-10,None,None,None,None, , , , 
7862, ,0.03872038781812555,7.401959996915653e-10,None,None,None,None, , , , 
7863, ,0.03872038781812555,7.934096665797492e-10,None,None,None,None, , , , 
7864, ,0.03872038781812555,8.504489341802668e-10,None,None,None,None, , , , 
7865, ,0.03872038781812555,9.115888299750837e-10,None,None,None,None, , , , 
7866, ,0.03872038781812555,9.771241535346502e-10,None,None,None,None, , , , 
7867, ,0.03872038781812555,1.0473708979594486e-09,None,None,None,None, , , , 
7868, ,0.03872038781812555,1.1226677735108114e-09,None,None,None,None, , , , 
7869, ,0.03872038781812555,1.2033778407775904e-09,None,None,None,None, , , , 
7870, ,0.03872038781812555,1.289890261253308e-09,None,None,None,None, , , , 
7871, ,0.03872038781812555,1.3826221737646535e-09,None,None,None,None, , , , 
7872, ,0.03872038781812555,1.4820207057988602e-09,None,None,None,None, , , , 
7873, ,0.03872038781812555,1.5885651294280526e-09,None,None,None,None, , , , 
7874, ,0.03872038781812555,1.702769172225898e-09,None,None,None,None, , , , 
7875, ,0.03872038781812555,1.825183494319039e-09,None,None,None,None, , , , 
7876, ,0.03872038781812555,1.956398343517065e-09,None,None,None,None, , , , 
7877, ,0.03872038781812555,2.0970464013232305e-09,None,None,None,None, , , , 
7878, ,0.03872038781812555,2.2478058335487307e-09,None,None,None,None, , , , 
7879, ,0.03872038781812555,2.409403560239527e-09,None,None,None,None, , , , 
7880, ,0.03872038781812555,2.582618760682675e-09,None,None,None,None, , , , 
7881, ,0.03872038781812555,2.768286630392061e-09,None,None,None,None, , , , 
7882, ,0.03872038781812555,2.9673024081888724e-09,None,None,None,None, , , , 
7883, ,0.03872038781812555,3.180625692794119e-09,None,None,None,None, , , , 
7884, ,0.03872038781812555,3.409285069746807e-09,None,None,None,None, , , , 
7885, ,0.03872038781812555,3.654383070957262e-09,None,None,None,None, , , , 
7886, ,0.03872038781812555,3.917101490809261e-09,None,None,None,None, , , , 
7887, ,0.03872038781812555,4.198707084443906e-09,None,None,None,None, , , , 
7888, ,0.03872038781812555,4.500557675700488e-09,None,None,None,None, , , , 
7889, ,0.03872038781812555,4.824108704165374e-09,None,None,None,None, , , , 
7890, ,0.03872038781812555,5.170920242896755e-09,None,None,None,None, , , , 
7891, ,0.03872038781812555,5.542664520663096e-09,None,None,None,None, , , , 
7892, ,0.03872038781812555,5.941133984965041e-09,None,None,None,None, , , , 
7893, ,0.03872038781812555,6.3682499447185856e-09,None,None,None,None, , , , 
7894, ,0.03872038781812555,6.826071834272379e-09,None,None,None,None, , , , 
7895, ,0.03872038781812555,7.316807143427175e-09,None,None,None,None, , , , 
7896, ,0.03872038781812555,7.842822061337681e-09,None,None,None,None, , , , 
7897, ,0.03872038781812555,8.406652885618316e-09,None,None,None,None, , , , 
7898, ,0.03872038781812555,9.011018251665036e-09,None,None,None,None, , , , 
7899, ,0.03872038781812555,9.658832241158707e-09,None,None,None,None, , , , 
7900, ,0.03872038781812555,1.0353218432956616e-08,None,None,None,None, , , , 
7901, ,0.03872038781812555,1.1097524964120722e-08,None,None,None,None, , , , 
7902, ,0.03872038781812555,1.1895340673703208e-08,None,None,None,None, , , , 
7903, ,0.03872038781812555,1.2750512407130128e-08,None,None,None,None, , , , 
7904, ,0.03872038781812555,1.3667163564620044e-08,None,None,None,None, , , , 
7905, ,0.03872038781812555,1.4649713983072853e-08,None,None,None,None, , , , 
7906, ,0.03872038781812555,1.5702901247293774e-08,None,None,None,None, , , , 
7907, ,0.03872038781812555,1.683180353330955e-08,None,None,None,None, , , , 
7908, ,0.03872038781812555,1.8041864093920717e-08,None,None,None,None, , , , 
7909, ,0.03872038781812555,1.933891750455232e-08,None,None,None,None, , , , 
7910, ,0.03872038781812555,2.0729217795953697e-08,None,None,None,None, , , , 
7911, ,0.03872038781812555,2.221946860939524e-08,None,None,None,None, , , , 
7912, ,0.03872038781812555,2.3816855519761606e-08,None,None,None,None, , , , 
7913, ,0.03872038781812555,2.552908068239516e-08,None,None,None,None, , , , 
7914, ,0.03872038781812555,2.7364399970746666e-08,None,None,None,None, , , , 
7915, ,0.03872038781812555,2.933166278390042e-08,None,None,None,None, , , , 
7916, ,0.03872038781812555,3.1440354715915e-08,None,None,None,None, , , , 
7917, ,0.03872038781812555,3.370064329271925e-08,None,None,None,None, , , , 
7918, ,0.03872038781812555,3.612342699709431e-08,None,None,None,None, , , , 
7919, ,0.03872038781812555,3.872038781812557e-08,None,None,None,None, , , , 
7920, ,0.03872038781812555,4.1504047578504727e-08,None,None,None,None, , , , 
7921, ,0.03872038781812555,4.448782831127585e-08,None,None,None,None, , , , 
7922, ,0.03872038781812555,4.768611697714474e-08,None,None,None,None, , , , 
7923, ,0.03872038781812555,5.111433483440165e-08,None,None,None,None, , , , 
7924, ,0.03872038781812555,5.478901179593934e-08,None,None,None,None, , , , 
7925, ,0.03872038781812555,5.872786613189478e-08,None,None,None,None, , , , 
7926, ,0.03872038781812555,6.294988990221888e-08,None,None,None,None, , , , 
7927, ,0.03872038781812555,6.747544053110687e-08,None,None,None,None, , , , 
7928, ,0.03872038781812555,7.232633896483534e-08,None,None,None,None, , , , 
7929, ,0.03872038781812555,7.752597488629465e-08,None,None,None,None, , , , 
7930, ,0.03872038781812555,8.309941949353386e-08,None,None,None,None, , , , 
7931, ,0.03872038781812555,8.907354638610439e-08,None,None,None,None, , , , 
7932, ,0.03872038781812555,9.547716114208066e-08,None,None,None,None, , , , 
7933, ,0.03872038781812555,1.0234114021054528e-07,None,None,None,None, , , , 
7934, ,0.03872038781812555,1.0969857978923841e-07,None,None,None,None, , , , 
7935, ,0.03872038781812555,1.1758495540521555e-07,None,None,None,None, , , , 
7936, ,0.03872038781812555,1.2603829296797277e-07,None,None,None,None, , , , 
7937, ,0.03872038781812555,1.350993521198025e-07,None,None,None,None, , , , 
7938, ,0.03872038781812555,1.4481182276745328e-07,None,None,None,None, , , , 
7939, ,0.03872038781812555,1.552225357427048e-07,None,None,None,None, , , , 
7940, ,0.03872038781812555,1.6638168860761273e-07,None,None,None,None, , , , 
7941, ,0.03872038781812555,1.7834308769319093e-07,None,None,None,None, , , , 
7942, ,0.03872038781812555,1.9116440753857e-07,None,None,None,None, , , , 
7943, ,0.03872038781812555,2.049074689815846e-07,None,None,None,None, , , , 
7944, ,0.03872038781812555,2.1963853724165468e-07,None,None,None,None, , , , 
7945, ,0.03872038781812555,2.3542864143224158e-07,None,None,None,None, , , , 
7946, ,0.03872038781812555,2.523539170434766e-07,None,None,None,None, , , , 
7947, ,0.03872038781812555,2.7049597304631316e-07,None,None,None,None, , , , 
7948, ,0.03872038781812555,2.899422853882875e-07,None,None,None,None, , , , 
7949, ,0.03872038781812555,3.107866187782014e-07,None,None,None,None, , , , 
7950, ,0.03872038781812555,3.33129478793467e-07,None,None,None,None, , , , 
7951, ,0.03872038781812555,3.5707859649004626e-07,None,None,None,None, , , , 
7952, ,0.03872038781812555,3.827494478516307e-07,None,None,None,None, , , , 
7953, ,0.03872038781812555,4.1026581058271904e-07,None,None,None,None, , , , 
7954, ,0.03872038781812555,4.397603609302722e-07,None,None,None,None, , , , 
7955, ,0.03872038781812555,4.7137531341167185e-07,None,None,None,None, , , , 
7956, ,0.03872038781812555,5.052631065335679e-07,None,None,None,None, , , , 
7957, ,0.03872038781812555,5.415871378079465e-07,None,None,None,None, , , , 
7958, ,0.03872038781812555,5.805225516094896e-07,None,None,None,None, , , , 
7959, ,0.03872038781812555,6.222570836730232e-07,None,None,None,None, , , , 
7960, ,0.03872038781812555,6.669919663030115e-07,None,None,None,None, , , , 
7961, ,0.03872038781812555,7.149428986597576e-07,None,None,None,None, , , , 
7962, ,0.03872038781812555,7.663410868007445e-07,None,None,None,None, , , , 
7963, ,0.03872038781812555,8.214343584919422e-07,None,None,None,None, , , , 
7964, ,0.03872038781812555,8.804883581643463e-07,None,None,None,None, , , , 
7965, ,0.03872038781812555,9.437878277775371e-07,None,None,None,None, , , , 
7966, ,0.03872038781812555,1.0116379797662072e-06,None,None,None,None, , , , 
7967, ,0.03872038781812555,1.0843659686896086e-06,None,None,None,None, , , , 
7968, ,0.03872038781812555,1.1623224686798522e-06,None,None,None,None, , , , 
7969, ,0.03872038781812555,1.2458833642950078e-06,None,None,None,None, , , , 
7970, ,0.03872038781812555,1.3354515629298971e-06,None,None,None,None, , , , 
7971, ,0.03872038781812555,1.4314589375234786e-06,None,None,None,None, , , , 
7972, ,0.03872038781812555,1.53436840893001e-06,None,None,None,None, , , , 
7973, ,0.03872038781812555,1.6446761779946631e-06,None,None,None,None, , , , 
7974, ,0.03872038781812555,1.762914118095948e-06,None,None,None,None, , , , 
7975, ,0.03872038781812555,1.8896523396912082e-06,None,None,None,None, , , , 
7976, ,0.03872038781812555,2.0255019392306664e-06,None,None,None,None, , , , 
7977, ,0.03872038781812555,2.171117945694501e-06,None,None,None,None, , , , 
7978, ,0.03872038781812555,2.327202478960408e-06,None,None,None,None, , , , 
7979, ,0.03872038781812555,2.494508135230317e-06,None,None,None,None, , , , 
7980, ,0.03872038781812555,2.673841615839944e-06,None,None,None,None, , , , 
7981, ,0.03872038781812555,2.8660676169482507e-06,None,None,None,None, , , , 
7982, ,0.03872038781812555,3.0721129988617524e-06,None,None,None,None, , , , 
7983, ,0.03872038781812555,3.292971255097148e-06,None,None,None,None, , , , 
7984, ,0.03872038781812555,3.5297073027306505e-06,None,None,None,None, , , , 
7985, ,0.03872038781812555,3.783462617131925e-06,None,None,None,None, , , , 
7986, ,0.03872038781812555,4.0554607358408275e-06,None,None,None,None, , , , 
7987, ,0.03872038781812555,4.3470131581250175e-06,None,None,None,None, , , , 
7988, ,0.03872038781812555,4.6595256686646765e-06,None,None,None,None, , , , 
7989, ,0.03872038781812555,4.99450511585514e-06,None,None,None,None, , , , 
7990, ,0.03872038781812555,5.353566677410719e-06,None,None,None,None, , , , 
7991, ,0.03872038781812555,5.738441648302393e-06,None,None,None,None, , , , 
7992, ,0.03872038781812555,6.150985788580505e-06,None,None,None,None, , , , 
7993, ,0.03872038781812555,6.593188271333541e-06,None,None,None,None, , , , 
7994, ,0.03872038781812555,7.067181273927492e-06,None,None,None,None, , , , 
7995, ,0.03872038781812555,7.575250258771904e-06,None,None,None,None, , , , 
7996, ,0.03872038781812555,8.119844993184007e-06,None,None,None,None, , , , 
7997, ,0.03872038781812555,8.703591361485167e-06,None,None,None,None, , , , 
7998, ,0.03872038781812555,9.329304026284676e-06,None,None,None,None, , , , 
7999, ,0.03872038781812555,1e-05,None,None,None,None, , , , 
8000, ,0.04008806328898465,1e-11,None,None,None,None, , , , 
8001, ,0.04008806328898465,1.0718913192051263e-11,None,None,None,None, , , , 
8002, ,0.04008806328898465,1.1489510001873107e-11,None,None,None,None, , , , 
8003, ,0.04008806328898465,1.2315506032928262e-11,None,None,None,None, , , , 
8004, ,0.04008806328898465,1.3200884008314167e-11,None,None,None,None, , , , 
8005, ,0.04008806328898465,1.4149912974345786e-11,None,None,None,None, , , , 
8006, ,0.04008806328898465,1.5167168884709242e-11,None,None,None,None, , , , 
8007, ,0.04008806328898465,1.6257556664437934e-11,None,None,None,None, , , , 
8008, ,0.04008806328898465,1.7426333860096473e-11,None,None,None,None, , , , 
8009, ,0.04008806328898465,1.8679135990207848e-11,None,None,None,None, , , , 
8010, ,0.04008806328898465,2.0022003718155844e-11,None,None,None,None, , , , 
8011, ,0.04008806328898465,2.1461411978584013e-11,None,None,None,None, , , , 
8012, ,0.04008806328898465,2.300430119772921e-11,None,None,None,None, , , , 
8013, ,0.04008806328898465,2.465811075822604e-11,None,None,None,None, , , , 
8014, ,0.04008806328898465,2.643081486974103e-11,None,None,None,None, , , , 
8015, ,0.04008806328898465,2.8330961018393178e-11,None,None,None,None, , , , 
8016, ,0.04008806328898465,3.036771118035461e-11,None,None,None,None, , , , 
8017, ,0.04008806328898465,3.255088599835057e-11,None,None,None,None, , , , 
8018, ,0.04008806328898465,3.4891012134067674e-11,None,None,None,None, , , , 
8019, ,0.04008806328898465,3.739937302478801e-11,None,None,None,None, , , , 
8020, ,0.04008806328898465,4.0088063288984646e-11,None,None,None,None, , , , 
8021, ,0.04008806328898465,4.297004704320835e-11,None,None,None,None, , , , 
8022, ,0.04008806328898465,4.605922041145113e-11,None,None,None,None, , , , 
8023, ,0.04008806328898465,4.937047852839004e-11,None,None,None,None, , , , 
8024, ,0.04008806328898465,5.2919787359584366e-11,None,None,None,None, , , , 
8025, ,0.04008806328898465,5.672426068491989e-11,None,None,None,None, , , , 
8026, ,0.04008806328898465,6.080224261649427e-11,None,None,None,None, , , , 
8027, ,0.04008806328898465,6.517339604882421e-11,None,None,None,None, , , , 
8028, ,0.04008806328898465,6.985879746785235e-11,None,None,None,None, , , , 
8029, ,0.04008806328898465,7.48810385759003e-11,None,None,None,None, , , , 
8030, ,0.04008806328898465,8.026433522257174e-11,None,None,None,None, , , , 
8031, ,0.04008806328898465,8.603464416684492e-11,None,None,None,None, , , , 
8032, ,0.04008806328898465,9.221978823334341e-11,None,None,None,None, , , , 
8033, ,0.04008806328898465,9.884959046625586e-11,None,None,None,None, , , , 
8034, ,0.04008806328898465,1.0595601792776149e-10,None,None,None,None, , , , 
8035, ,0.04008806328898465,1.1357333583431027e-10,None,None,None,None, , , , 
8036, ,0.04008806328898465,1.217382727739662e-10,None,None,None,None, , , , 
8037, ,0.04008806328898465,1.3049019780144016e-10,None,None,None,None, , , , 
8038, ,0.04008806328898465,1.398713102647236e-10,None,None,None,None, , , , 
8039, ,0.04008806328898465,1.4992684327860468e-10,None,None,None,None, , , , 
8040, ,0.04008806328898465,1.6070528182616384e-10,None,None,None,None, , , , 
8041, ,0.04008806328898465,1.722585965398784e-10,None,None,None,None, , , , 
8042, ,0.04008806328898465,1.8464249428955463e-10,None,None,None,None, , , , 
8043, ,0.04008806328898465,1.9791668678535569e-10,None,None,None,None, , , , 
8044, ,0.04008806328898465,2.121451784910628e-10,None,None,None,None, , , , 
8045, ,0.04008806328898465,2.273965752357932e-10,None,None,None,None, , , , 
8046, ,0.04008806328898465,2.4374441501222216e-10,None,None,None,None, , , , 
8047, ,0.04008806328898465,2.6126752255633265e-10,None,None,None,None, , , , 
8048, ,0.04008806328898465,2.8005038941836253e-10,None,None,None,None, , , , 
8049, ,0.04008806328898465,3.0018358135755917e-10,None,None,None,None, , , , 
8050, ,0.04008806328898465,3.2176417502507347e-10,None,None,None,None, , , , 
8051, ,0.04008806328898465,3.4489622604057533e-10,None,None,None,None, , , , 
8052, ,0.04008806328898465,3.696912707195032e-10,None,None,None,None, , , , 
8053, ,0.04008806328898465,3.9626886387014783e-10,None,None,None,None, , , , 
8054, ,0.04008806328898465,4.2475715525368935e-10,None,None,None,None, , , , 
8055, ,0.04008806328898465,4.552935074866938e-10,None,None,None,None, , , , 
8056, ,0.04008806328898465,4.880251583654433e-10,None,None,None,None, , , , 
8057, ,0.04008806328898465,5.231099308056258e-10,None,None,None,None, , , , 
8058, ,0.04008806328898465,5.60716993820547e-10,None,None,None,None, , , , 
8059, ,0.04008806328898465,6.010276782070387e-10,None,None,None,None, , , , 
8060, ,0.04008806328898465,6.442363508721371e-10,None,None,None,None, , , , 
8061, ,0.04008806328898465,6.905513520162316e-10,None,None,None,None, , , , 
8062, ,0.04008806328898465,7.401959996915653e-10,None,None,None,None, , , , 
8063, ,0.04008806328898465,7.934096665797492e-10,None,None,None,None, , , , 
8064, ,0.04008806328898465,8.504489341802668e-10,None,None,None,None, , , , 
8065, ,0.04008806328898465,9.115888299750837e-10,None,None,None,None, , , , 
8066, ,0.04008806328898465,9.771241535346502e-10,None,None,None,None, , , , 
8067, ,0.04008806328898465,1.0473708979594486e-09,None,None,None,None, , , , 
8068, ,0.04008806328898465,1.1226677735108114e-09,None,None,None,None, , , , 
8069, ,0.04008806328898465,1.2033778407775904e-09,None,None,None,None, , , , 
8070, ,0.04008806328898465,1.289890261253308e-09,None,None,None,None, , , , 
8071, ,0.04008806328898465,1.3826221737646535e-09,None,None,None,None, , , , 
8072, ,0.04008806328898465,1.4820207057988602e-09,None,None,None,None, , , , 
8073, ,0.04008806328898465,1.5885651294280526e-09,None,None,None,None, , , , 
8074, ,0.04008806328898465,1.702769172225898e-09,None,None,None,None, , , , 
8075, ,0.04008806328898465,1.825183494319039e-09,None,None,None,None, , , , 
8076, ,0.04008806328898465,1.956398343517065e-09,None,None,None,None, , , , 
8077, ,0.04008806328898465,2.0970464013232305e-09,None,None,None,None, , , , 
8078, ,0.04008806328898465,2.2478058335487307e-09,None,None,None,None, , , , 
8079, ,0.04008806328898465,2.409403560239527e-09,None,None,None,None, , , , 
8080, ,0.04008806328898465,2.582618760682675e-09,None,None,None,None, , , , 
8081, ,0.04008806328898465,2.768286630392061e-09,None,None,None,None, , , , 
8082, ,0.04008806328898465,2.9673024081888724e-09,None,None,None,None, , , , 
8083, ,0.04008806328898465,3.180625692794119e-09,None,None,None,None, , , , 
8084, ,0.04008806328898465,3.409285069746807e-09,None,None,None,None, , , , 
8085, ,0.04008806328898465,3.654383070957262e-09,None,None,None,None, , , , 
8086, ,0.04008806328898465,3.917101490809261e-09,None,None,None,None, , , , 
8087, ,0.04008806328898465,4.198707084443906e-09,None,None,None,None, , , , 
8088, ,0.04008806328898465,4.500557675700488e-09,None,None,None,None, , , , 
8089, ,0.04008806328898465,4.824108704165374e-09,None,None,None,None, , , , 
8090, ,0.04008806328898465,5.170920242896755e-09,None,None,None,None, , , , 
8091, ,0.04008806328898465,5.542664520663096e-09,None,None,None,None, , , , 
8092, ,0.04008806328898465,5.941133984965041e-09,None,None,None,None, , , , 
8093, ,0.04008806328898465,6.3682499447185856e-09,None,None,None,None, , , , 
8094, ,0.04008806328898465,6.826071834272379e-09,None,None,None,None, , , , 
8095, ,0.04008806328898465,7.316807143427175e-09,None,None,None,None, , , , 
8096, ,0.04008806328898465,7.842822061337681e-09,None,None,None,None, , , , 
8097, ,0.04008806328898465,8.406652885618316e-09,None,None,None,None, , , , 
8098, ,0.04008806328898465,9.011018251665036e-09,None,None,None,None, , , , 
8099, ,0.04008806328898465,9.658832241158707e-09,None,None,None,None, , , , 
8100, ,0.04008806328898465,1.0353218432956616e-08,None,None,None,None, , , , 
8101, ,0.04008806328898465,1.1097524964120722e-08,None,None,None,None, , , , 
8102, ,0.04008806328898465,1.1895340673703208e-08,None,None,None,None, , , , 
8103, ,0.04008806328898465,1.2750512407130128e-08,None,None,None,None, , , , 
8104, ,0.04008806328898465,1.3667163564620044e-08,None,None,None,None, , , , 
8105, ,0.04008806328898465,1.4649713983072853e-08,None,None,None,None, , , , 
8106, ,0.04008806328898465,1.5702901247293774e-08,None,None,None,None, , , , 
8107, ,0.04008806328898465,1.683180353330955e-08,None,None,None,None, , , , 
8108, ,0.04008806328898465,1.8041864093920717e-08,None,None,None,None, , , , 
8109, ,0.04008806328898465,1.933891750455232e-08,None,None,None,None, , , , 
8110, ,0.04008806328898465,2.0729217795953697e-08,None,None,None,None, , , , 
8111, ,0.04008806328898465,2.221946860939524e-08,None,None,None,None, , , , 
8112, ,0.04008806328898465,2.3816855519761606e-08,None,None,None,None, , , , 
8113, ,0.04008806328898465,2.552908068239516e-08,None,None,None,None, , , , 
8114, ,0.04008806328898465,2.7364399970746666e-08,None,None,None,None, , , , 
8115, ,0.04008806328898465,2.933166278390042e-08,None,None,None,None, , , , 
8116, ,0.04008806328898465,3.1440354715915e-08,None,None,None,None, , , , 
8117, ,0.04008806328898465,3.370064329271925e-08,None,None,None,None, , , , 
8118, ,0.04008806328898465,3.612342699709431e-08,None,None,None,None, , , , 
8119, ,0.04008806328898465,3.872038781812557e-08,None,None,None,None, , , , 
8120, ,0.04008806328898465,4.1504047578504727e-08,None,None,None,None, , , , 
8121, ,0.04008806328898465,4.448782831127585e-08,None,None,None,None, , , , 
8122, ,0.04008806328898465,4.768611697714474e-08,None,None,None,None, , , , 
8123, ,0.04008806328898465,5.111433483440165e-08,None,None,None,None, , , , 
8124, ,0.04008806328898465,5.478901179593934e-08,None,None,None,None, , , , 
8125, ,0.04008806328898465,5.872786613189478e-08,None,None,None,None, , , , 
8126, ,0.04008806328898465,6.294988990221888e-08,None,None,None,None, , , , 
8127, ,0.04008806328898465,6.747544053110687e-08,None,None,None,None, , , , 
8128, ,0.04008806328898465,7.232633896483534e-08,None,None,None,None, , , , 
8129, ,0.04008806328898465,7.752597488629465e-08,None,None,None,None, , , , 
8130, ,0.04008806328898465,8.309941949353386e-08,None,None,None,None, , , , 
8131, ,0.04008806328898465,8.907354638610439e-08,None,None,None,None, , , , 
8132, ,0.04008806328898465,9.547716114208066e-08,None,None,None,None, , , , 
8133, ,0.04008806328898465,1.0234114021054528e-07,None,None,None,None, , , , 
8134, ,0.04008806328898465,1.0969857978923841e-07,None,None,None,None, , , , 
8135, ,0.04008806328898465,1.1758495540521555e-07,None,None,None,None, , , , 
8136, ,0.04008806328898465,1.2603829296797277e-07,None,None,None,None, , , , 
8137, ,0.04008806328898465,1.350993521198025e-07,None,None,None,None, , , , 
8138, ,0.04008806328898465,1.4481182276745328e-07,None,None,None,None, , , , 
8139, ,0.04008806328898465,1.552225357427048e-07,None,None,None,None, , , , 
8140, ,0.04008806328898465,1.6638168860761273e-07,None,None,None,None, , , , 
8141, ,0.04008806328898465,1.7834308769319093e-07,None,None,None,None, , , , 
8142, ,0.04008806328898465,1.9116440753857e-07,None,None,None,None, , , , 
8143, ,0.04008806328898465,2.049074689815846e-07,None,None,None,None, , , , 
8144, ,0.04008806328898465,2.1963853724165468e-07,None,None,None,None, , , , 
8145, ,0.04008806328898465,2.3542864143224158e-07,None,None,None,None, , , , 
8146, ,0.04008806328898465,2.523539170434766e-07,None,None,None,None, , , , 
8147, ,0.04008806328898465,2.7049597304631316e-07,None,None,None,None, , , , 
8148, ,0.04008806328898465,2.899422853882875e-07,None,None,None,None, , , , 
8149, ,0.04008806328898465,3.107866187782014e-07,None,None,None,None, , , , 
8150, ,0.04008806328898465,3.33129478793467e-07,None,None,None,None, , , , 
8151, ,0.04008806328898465,3.5707859649004626e-07,None,None,None,None, , , , 
8152, ,0.04008806328898465,3.827494478516307e-07,None,None,None,None, , , , 
8153, ,0.04008806328898465,4.1026581058271904e-07,None,None,None,None, , , , 
8154, ,0.04008806328898465,4.397603609302722e-07,None,None,None,None, , , , 
8155, ,0.04008806328898465,4.7137531341167185e-07,None,None,None,None, , , , 
8156, ,0.04008806328898465,5.052631065335679e-07,None,None,None,None, , , , 
8157, ,0.04008806328898465,5.415871378079465e-07,None,None,None,None, , , , 
8158, ,0.04008806328898465,5.805225516094896e-07,None,None,None,None, , , , 
8159, ,0.04008806328898465,6.222570836730232e-07,None,None,None,None, , , , 
8160, ,0.04008806328898465,6.669919663030115e-07,None,None,None,None, , , , 
8161, ,0.04008806328898465,7.149428986597576e-07,None,None,None,None, , , , 
8162, ,0.04008806328898465,7.663410868007445e-07,None,None,None,None, , , , 
8163, ,0.04008806328898465,8.214343584919422e-07,None,None,None,None, , , , 
8164, ,0.04008806328898465,8.804883581643463e-07,None,None,None,None, , , , 
8165, ,0.04008806328898465,9.437878277775371e-07,None,None,None,None, , , , 
8166, ,0.04008806328898465,1.0116379797662072e-06,None,None,None,None, , , , 
8167, ,0.04008806328898465,1.0843659686896086e-06,None,None,None,None, , , , 
8168, ,0.04008806328898465,1.1623224686798522e-06,None,None,None,None, , , , 
8169, ,0.04008806328898465,1.2458833642950078e-06,None,None,None,None, , , , 
8170, ,0.04008806328898465,1.3354515629298971e-06,None,None,None,None, , , , 
8171, ,0.04008806328898465,1.4314589375234786e-06,None,None,None,None, , , , 
8172, ,0.04008806328898465,1.53436840893001e-06,None,None,None,None, , , , 
8173, ,0.04008806328898465,1.6446761779946631e-06,None,None,None,None, , , , 
8174, ,0.04008806328898465,1.762914118095948e-06,None,None,None,None, , , , 
8175, ,0.04008806328898465,1.8896523396912082e-06,None,None,None,None, , , , 
8176, ,0.04008806328898465,2.0255019392306664e-06,None,None,None,None, , , , 
8177, ,0.04008806328898465,2.171117945694501e-06,None,None,None,None, , , , 
8178, ,0.04008806328898465,2.327202478960408e-06,None,None,None,None, , , , 
8179, ,0.04008806328898465,2.494508135230317e-06,None,None,None,None, , , , 
8180, ,0.04008806328898465,2.673841615839944e-06,None,None,None,None, , , , 
8181, ,0.04008806328898465,2.8660676169482507e-06,None,None,None,None, , , , 
8182, ,0.04008806328898465,3.0721129988617524e-06,None,None,None,None, , , , 
8183, ,0.04008806328898465,3.292971255097148e-06,None,None,None,None, , , , 
8184, ,0.04008806328898465,3.5297073027306505e-06,None,None,None,None, , , , 
8185, ,0.04008806328898465,3.783462617131925e-06,None,None,None,None, , , , 
8186, ,0.04008806328898465,4.0554607358408275e-06,None,None,None,None, , , , 
8187, ,0.04008806328898465,4.3470131581250175e-06,None,None,None,None, , , , 
8188, ,0.04008806328898465,4.6595256686646765e-06,None,None,None,None, , , , 
8189, ,0.04008806328898465,4.99450511585514e-06,None,None,None,None, , , , 
8190, ,0.04008806328898465,5.353566677410719e-06,None,None,None,None, , , , 
8191, ,0.04008806328898465,5.738441648302393e-06,None,None,None,None, , , , 
8192, ,0.04008806328898465,6.150985788580505e-06,None,None,None,None, , , , 
8193, ,0.04008806328898465,6.593188271333541e-06,None,None,None,None, , , , 
8194, ,0.04008806328898465,7.067181273927492e-06,None,None,None,None, , , , 
8195, ,0.04008806328898465,7.575250258771904e-06,None,None,None,None, , , , 
8196, ,0.04008806328898465,8.119844993184007e-06,None,None,None,None, , , , 
8197, ,0.04008806328898465,8.703591361485167e-06,None,None,None,None, , , , 
8198, ,0.04008806328898465,9.329304026284676e-06,None,None,None,None, , , , 
8199, ,0.04008806328898465,1e-05,None,None,None,None, , , , 
8200, ,0.04150404757850477,1e-11,None,None,None,None, , , , 
8201, ,0.04150404757850477,1.0718913192051263e-11,None,None,None,None, , , , 
8202, ,0.04150404757850477,1.1489510001873107e-11,None,None,None,None, , , , 
8203, ,0.04150404757850477,1.2315506032928262e-11,None,None,None,None, , , , 
8204, ,0.04150404757850477,1.3200884008314167e-11,None,None,None,None, , , , 
8205, ,0.04150404757850477,1.4149912974345786e-11,None,None,None,None, , , , 
8206, ,0.04150404757850477,1.5167168884709242e-11,None,None,None,None, , , , 
8207, ,0.04150404757850477,1.6257556664437934e-11,None,None,None,None, , , , 
8208, ,0.04150404757850477,1.7426333860096473e-11,None,None,None,None, , , , 
8209, ,0.04150404757850477,1.8679135990207848e-11,None,None,None,None, , , , 
8210, ,0.04150404757850477,2.0022003718155844e-11,None,None,None,None, , , , 
8211, ,0.04150404757850477,2.1461411978584013e-11,None,None,None,None, , , , 
8212, ,0.04150404757850477,2.300430119772921e-11,None,None,None,None, , , , 
8213, ,0.04150404757850477,2.465811075822604e-11,None,None,None,None, , , , 
8214, ,0.04150404757850477,2.643081486974103e-11,None,None,None,None, , , , 
8215, ,0.04150404757850477,2.8330961018393178e-11,None,None,None,None, , , , 
8216, ,0.04150404757850477,3.036771118035461e-11,None,None,None,None, , , , 
8217, ,0.04150404757850477,3.255088599835057e-11,None,None,None,None, , , , 
8218, ,0.04150404757850477,3.4891012134067674e-11,None,None,None,None, , , , 
8219, ,0.04150404757850477,3.739937302478801e-11,None,None,None,None, , , , 
8220, ,0.04150404757850477,4.0088063288984646e-11,None,None,None,None, , , , 
8221, ,0.04150404757850477,4.297004704320835e-11,None,None,None,None, , , , 
8222, ,0.04150404757850477,4.605922041145113e-11,None,None,None,None, , , , 
8223, ,0.04150404757850477,4.937047852839004e-11,None,None,None,None, , , , 
8224, ,0.04150404757850477,5.2919787359584366e-11,None,None,None,None, , , , 
8225, ,0.04150404757850477,5.672426068491989e-11,None,None,None,None, , , , 
8226, ,0.04150404757850477,6.080224261649427e-11,None,None,None,None, , , , 
8227, ,0.04150404757850477,6.517339604882421e-11,None,None,None,None, , , , 
8228, ,0.04150404757850477,6.985879746785235e-11,None,None,None,None, , , , 
8229, ,0.04150404757850477,7.48810385759003e-11,None,None,None,None, , , , 
8230, ,0.04150404757850477,8.026433522257174e-11,None,None,None,None, , , , 
8231, ,0.04150404757850477,8.603464416684492e-11,None,None,None,None, , , , 
8232, ,0.04150404757850477,9.221978823334341e-11,None,None,None,None, , , , 
8233, ,0.04150404757850477,9.884959046625586e-11,None,None,None,None, , , , 
8234, ,0.04150404757850477,1.0595601792776149e-10,None,None,None,None, , , , 
8235, ,0.04150404757850477,1.1357333583431027e-10,None,None,None,None, , , , 
8236, ,0.04150404757850477,1.217382727739662e-10,None,None,None,None, , , , 
8237, ,0.04150404757850477,1.3049019780144016e-10,None,None,None,None, , , , 
8238, ,0.04150404757850477,1.398713102647236e-10,None,None,None,None, , , , 
8239, ,0.04150404757850477,1.4992684327860468e-10,None,None,None,None, , , , 
8240, ,0.04150404757850477,1.6070528182616384e-10,None,None,None,None, , , , 
8241, ,0.04150404757850477,1.722585965398784e-10,None,None,None,None, , , , 
8242, ,0.04150404757850477,1.8464249428955463e-10,None,None,None,None, , , , 
8243, ,0.04150404757850477,1.9791668678535569e-10,None,None,None,None, , , , 
8244, ,0.04150404757850477,2.121451784910628e-10,None,None,None,None, , , , 
8245, ,0.04150404757850477,2.273965752357932e-10,None,None,None,None, , , , 
8246, ,0.04150404757850477,2.4374441501222216e-10,None,None,None,None, , , , 
8247, ,0.04150404757850477,2.6126752255633265e-10,None,None,None,None, , , , 
8248, ,0.04150404757850477,2.8005038941836253e-10,None,None,None,None, , , , 
8249, ,0.04150404757850477,3.0018358135755917e-10,None,None,None,None, , , , 
8250, ,0.04150404757850477,3.2176417502507347e-10,None,None,None,None, , , , 
8251, ,0.04150404757850477,3.4489622604057533e-10,None,None,None,None, , , , 
8252, ,0.04150404757850477,3.696912707195032e-10,None,None,None,None, , , , 
8253, ,0.04150404757850477,3.9626886387014783e-10,None,None,None,None, , , , 
8254, ,0.04150404757850477,4.2475715525368935e-10,None,None,None,None, , , , 
8255, ,0.04150404757850477,4.552935074866938e-10,None,None,None,None, , , , 
8256, ,0.04150404757850477,4.880251583654433e-10,None,None,None,None, , , , 
8257, ,0.04150404757850477,5.231099308056258e-10,None,None,None,None, , , , 
8258, ,0.04150404757850477,5.60716993820547e-10,None,None,None,None, , , , 
8259, ,0.04150404757850477,6.010276782070387e-10,None,None,None,None, , , , 
8260, ,0.04150404757850477,6.442363508721371e-10,None,None,None,None, , , , 
8261, ,0.04150404757850477,6.905513520162316e-10,None,None,None,None, , , , 
8262, ,0.04150404757850477,7.401959996915653e-10,None,None,None,None, , , , 
8263, ,0.04150404757850477,7.934096665797492e-10,None,None,None,None, , , , 
8264, ,0.04150404757850477,8.504489341802668e-10,None,None,None,None, , , , 
8265, ,0.04150404757850477,9.115888299750837e-10,None,None,None,None, , , , 
8266, ,0.04150404757850477,9.771241535346502e-10,None,None,None,None, , , , 
8267, ,0.04150404757850477,1.0473708979594486e-09,None,None,None,None, , , , 
8268, ,0.04150404757850477,1.1226677735108114e-09,None,None,None,None, , , , 
8269, ,0.04150404757850477,1.2033778407775904e-09,None,None,None,None, , , , 
8270, ,0.04150404757850477,1.289890261253308e-09,None,None,None,None, , , , 
8271, ,0.04150404757850477,1.3826221737646535e-09,None,None,None,None, , , , 
8272, ,0.04150404757850477,1.4820207057988602e-09,None,None,None,None, , , , 
8273, ,0.04150404757850477,1.5885651294280526e-09,None,None,None,None, , , , 
8274, ,0.04150404757850477,1.702769172225898e-09,None,None,None,None, , , , 
8275, ,0.04150404757850477,1.825183494319039e-09,None,None,None,None, , , , 
8276, ,0.04150404757850477,1.956398343517065e-09,None,None,None,None, , , , 
8277, ,0.04150404757850477,2.0970464013232305e-09,None,None,None,None, , , , 
8278, ,0.04150404757850477,2.2478058335487307e-09,None,None,None,None, , , , 
8279, ,0.04150404757850477,2.409403560239527e-09,None,None,None,None, , , , 
8280, ,0.04150404757850477,2.582618760682675e-09,None,None,None,None, , , , 
8281, ,0.04150404757850477,2.768286630392061e-09,None,None,None,None, , , , 
8282, ,0.04150404757850477,2.9673024081888724e-09,None,None,None,None, , , , 
8283, ,0.04150404757850477,3.180625692794119e-09,None,None,None,None, , , , 
8284, ,0.04150404757850477,3.409285069746807e-09,None,None,None,None, , , , 
8285, ,0.04150404757850477,3.654383070957262e-09,None,None,None,None, , , , 
8286, ,0.04150404757850477,3.917101490809261e-09,None,None,None,None, , , , 
8287, ,0.04150404757850477,4.198707084443906e-09,None,None,None,None, , , , 
8288, ,0.04150404757850477,4.500557675700488e-09,None,None,None,None, , , , 
8289, ,0.04150404757850477,4.824108704165374e-09,None,None,None,None, , , , 
8290, ,0.04150404757850477,5.170920242896755e-09,None,None,None,None, , , , 
8291, ,0.04150404757850477,5.542664520663096e-09,None,None,None,None, , , , 
8292, ,0.04150404757850477,5.941133984965041e-09,None,None,None,None, , , , 
8293, ,0.04150404757850477,6.3682499447185856e-09,None,None,None,None, , , , 
8294, ,0.04150404757850477,6.826071834272379e-09,None,None,None,None, , , , 
8295, ,0.04150404757850477,7.316807143427175e-09,None,None,None,None, , , , 
8296, ,0.04150404757850477,7.842822061337681e-09,None,None,None,None, , , , 
8297, ,0.04150404757850477,8.406652885618316e-09,None,None,None,None, , , , 
8298, ,0.04150404757850477,9.011018251665036e-09,None,None,None,None, , , , 
8299, ,0.04150404757850477,9.658832241158707e-09,None,None,None,None, , , , 
8300, ,0.04150404757850477,1.0353218432956616e-08,None,None,None,None, , , , 
8301, ,0.04150404757850477,1.1097524964120722e-08,None,None,None,None, , , , 
8302, ,0.04150404757850477,1.1895340673703208e-08,None,None,None,None, , , , 
8303, ,0.04150404757850477,1.2750512407130128e-08,None,None,None,None, , , , 
8304, ,0.04150404757850477,1.3667163564620044e-08,None,None,None,None, , , , 
8305, ,0.04150404757850477,1.4649713983072853e-08,None,None,None,None, , , , 
8306, ,0.04150404757850477,1.5702901247293774e-08,None,None,None,None, , , , 
8307, ,0.04150404757850477,1.683180353330955e-08,None,None,None,None, , , , 
8308, ,0.04150404757850477,1.8041864093920717e-08,None,None,None,None, , , , 
8309, ,0.04150404757850477,1.933891750455232e-08,None,None,None,None, , , , 
8310, ,0.04150404757850477,2.0729217795953697e-08,None,None,None,None, , , , 
8311, ,0.04150404757850477,2.221946860939524e-08,None,None,None,None, , , , 
8312, ,0.04150404757850477,2.3816855519761606e-08,None,None,None,None, , , , 
8313, ,0.04150404757850477,2.552908068239516e-08,None,None,None,None, , , , 
8314, ,0.04150404757850477,2.7364399970746666e-08,None,None,None,None, , , , 
8315, ,0.04150404757850477,2.933166278390042e-08,None,None,None,None, , , , 
8316, ,0.04150404757850477,3.1440354715915e-08,None,None,None,None, , , , 
8317, ,0.04150404757850477,3.370064329271925e-08,None,None,None,None, , , , 
8318, ,0.04150404757850477,3.612342699709431e-08,None,None,None,None, , , , 
8319, ,0.04150404757850477,3.872038781812557e-08,None,None,None,None, , , , 
8320, ,0.04150404757850477,4.1504047578504727e-08,None,None,None,None, , , , 
8321, ,0.04150404757850477,4.448782831127585e-08,None,None,None,None, , , , 
8322, ,0.04150404757850477,4.768611697714474e-08,None,None,None,None, , , , 
8323, ,0.04150404757850477,5.111433483440165e-08,None,None,None,None, , , , 
8324, ,0.04150404757850477,5.478901179593934e-08,None,None,None,None, , , , 
8325, ,0.04150404757850477,5.872786613189478e-08,None,None,None,None, , , , 
8326, ,0.04150404757850477,6.294988990221888e-08,None,None,None,None, , , , 
8327, ,0.04150404757850477,6.747544053110687e-08,None,None,None,None, , , , 
8328, ,0.04150404757850477,7.232633896483534e-08,None,None,None,None, , , , 
8329, ,0.04150404757850477,7.752597488629465e-08,None,None,None,None, , , , 
8330, ,0.04150404757850477,8.309941949353386e-08,None,None,None,None, , , , 
8331, ,0.04150404757850477,8.907354638610439e-08,None,None,None,None, , , , 
8332, ,0.04150404757850477,9.547716114208066e-08,None,None,None,None, , , , 
8333, ,0.04150404757850477,1.0234114021054528e-07,None,None,None,None, , , , 
8334, ,0.04150404757850477,1.0969857978923841e-07,None,None,None,None, , , , 
8335, ,0.04150404757850477,1.1758495540521555e-07,None,None,None,None, , , , 
8336, ,0.04150404757850477,1.2603829296797277e-07,None,None,None,None, , , , 
8337, ,0.04150404757850477,1.350993521198025e-07,None,None,None,None, , , , 
8338, ,0.04150404757850477,1.4481182276745328e-07,None,None,None,None, , , , 
8339, ,0.04150404757850477,1.552225357427048e-07,None,None,None,None, , , , 
8340, ,0.04150404757850477,1.6638168860761273e-07,None,None,None,None, , , , 
8341, ,0.04150404757850477,1.7834308769319093e-07,None,None,None,None, , , , 
8342, ,0.04150404757850477,1.9116440753857e-07,None,None,None,None, , , , 
8343, ,0.04150404757850477,2.049074689815846e-07,None,None,None,None, , , , 
8344, ,0.04150404757850477,2.1963853724165468e-07,None,None,None,None, , , , 
8345, ,0.04150404757850477,2.3542864143224158e-07,None,None,None,None, , , , 
8346, ,0.04150404757850477,2.523539170434766e-07,None,None,None,None, , , , 
8347, ,0.04150404757850477,2.7049597304631316e-07,None,None,None,None, , , , 
8348, ,0.04150404757850477,2.899422853882875e-07,None,None,None,None, , , , 
8349, ,0.04150404757850477,3.107866187782014e-07,None,None,None,None, , , , 
8350, ,0.04150404757850477,3.33129478793467e-07,None,None,None,None, , , , 
8351, ,0.04150404757850477,3.5707859649004626e-07,None,None,None,None, , , , 
8352, ,0.04150404757850477,3.827494478516307e-07,None,None,None,None, , , , 
8353, ,0.04150404757850477,4.1026581058271904e-07,None,None,None,None, , , , 
8354, ,0.04150404757850477,4.397603609302722e-07,None,None,None,None, , , , 
8355, ,0.04150404757850477,4.7137531341167185e-07,None,None,None,None, , , , 
8356, ,0.04150404757850477,5.052631065335679e-07,None,None,None,None, , , , 
8357, ,0.04150404757850477,5.415871378079465e-07,None,None,None,None, , , , 
8358, ,0.04150404757850477,5.805225516094896e-07,None,None,None,None, , , , 
8359, ,0.04150404757850477,6.222570836730232e-07,None,None,None,None, , , , 
8360, ,0.04150404757850477,6.669919663030115e-07,None,None,None,None, , , , 
8361, ,0.04150404757850477,7.149428986597576e-07,None,None,None,None, , , , 
8362, ,0.04150404757850477,7.663410868007445e-07,None,None,None,None, , , , 
8363, ,0.04150404757850477,8.214343584919422e-07,None,None,None,None, , , , 
8364, ,0.04150404757850477,8.804883581643463e-07,None,None,None,None, , , , 
8365, ,0.04150404757850477,9.437878277775371e-07,None,None,None,None, , , , 
8366, ,0.04150404757850477,1.0116379797662072e-06,None,None,None,None, , , , 
8367, ,0.04150404757850477,1.0843659686896086e-06,None,None,None,None, , , , 
8368, ,0.04150404757850477,1.1623224686798522e-06,None,None,None,None, , , , 
8369, ,0.04150404757850477,1.2458833642950078e-06,None,None,None,None, , , , 
8370, ,0.04150404757850477,1.3354515629298971e-06,None,None,None,None, , , , 
8371, ,0.04150404757850477,1.4314589375234786e-06,None,None,None,None, , , , 
8372, ,0.04150404757850477,1.53436840893001e-06,None,None,None,None, , , , 
8373, ,0.04150404757850477,1.6446761779946631e-06,None,None,None,None, , , , 
8374, ,0.04150404757850477,1.762914118095948e-06,None,None,None,None, , , , 
8375, ,0.04150404757850477,1.8896523396912082e-06,None,None,None,None, , , , 
8376, ,0.04150404757850477,2.0255019392306664e-06,None,None,None,None, , , , 
8377, ,0.04150404757850477,2.171117945694501e-06,None,None,None,None, , , , 
8378, ,0.04150404757850477,2.327202478960408e-06,None,None,None,None, , , , 
8379, ,0.04150404757850477,2.494508135230317e-06,None,None,None,None, , , , 
8380, ,0.04150404757850477,2.673841615839944e-06,None,None,None,None, , , , 
8381, ,0.04150404757850477,2.8660676169482507e-06,None,None,None,None, , , , 
8382, ,0.04150404757850477,3.0721129988617524e-06,None,None,None,None, , , , 
8383, ,0.04150404757850477,3.292971255097148e-06,None,None,None,None, , , , 
8384, ,0.04150404757850477,3.5297073027306505e-06,None,None,None,None, , , , 
8385, ,0.04150404757850477,3.783462617131925e-06,None,None,None,None, , , , 
8386, ,0.04150404757850477,4.0554607358408275e-06,None,None,None,None, , , , 
8387, ,0.04150404757850477,4.3470131581250175e-06,None,None,None,None, , , , 
8388, ,0.04150404757850477,4.6595256686646765e-06,None,None,None,None, , , , 
8389, ,0.04150404757850477,4.99450511585514e-06,None,None,None,None, , , , 
8390, ,0.04150404757850477,5.353566677410719e-06,None,None,None,None, , , , 
8391, ,0.04150404757850477,5.738441648302393e-06,None,None,None,None, , , , 
8392, ,0.04150404757850477,6.150985788580505e-06,None,None,None,None, , , , 
8393, ,0.04150404757850477,6.593188271333541e-06,None,None,None,None, , , , 
8394, ,0.04150404757850477,7.067181273927492e-06,None,None,None,None, , , , 
8395, ,0.04150404757850477,7.575250258771904e-06,None,None,None,None, , , , 
8396, ,0.04150404757850477,8.119844993184007e-06,None,None,None,None, , , , 
8397, ,0.04150404757850477,8.703591361485167e-06,None,None,None,None, , , , 
8398, ,0.04150404757850477,9.329304026284676e-06,None,None,None,None, , , , 
8399, ,0.04150404757850477,1e-05,None,None,None,None, , , , 
8400, ,0.04297004704320839,1e-11,None,None,None,None, , , , 
8401, ,0.04297004704320839,1.0718913192051263e-11,None,None,None,None, , , , 
8402, ,0.04297004704320839,1.1489510001873107e-11,None,None,None,None, , , , 
8403, ,0.04297004704320839,1.2315506032928262e-11,None,None,None,None, , , , 
8404, ,0.04297004704320839,1.3200884008314167e-11,None,None,None,None, , , , 
8405, ,0.04297004704320839,1.4149912974345786e-11,None,None,None,None, , , , 
8406, ,0.04297004704320839,1.5167168884709242e-11,None,None,None,None, , , , 
8407, ,0.04297004704320839,1.6257556664437934e-11,None,None,None,None, , , , 
8408, ,0.04297004704320839,1.7426333860096473e-11,None,None,None,None, , , , 
8409, ,0.04297004704320839,1.8679135990207848e-11,None,None,None,None, , , , 
8410, ,0.04297004704320839,2.0022003718155844e-11,None,None,None,None, , , , 
8411, ,0.04297004704320839,2.1461411978584013e-11,None,None,None,None, , , , 
8412, ,0.04297004704320839,2.300430119772921e-11,None,None,None,None, , , , 
8413, ,0.04297004704320839,2.465811075822604e-11,None,None,None,None, , , , 
8414, ,0.04297004704320839,2.643081486974103e-11,None,None,None,None, , , , 
8415, ,0.04297004704320839,2.8330961018393178e-11,None,None,None,None, , , , 
8416, ,0.04297004704320839,3.036771118035461e-11,None,None,None,None, , , , 
8417, ,0.04297004704320839,3.255088599835057e-11,None,None,None,None, , , , 
8418, ,0.04297004704320839,3.4891012134067674e-11,None,None,None,None, , , , 
8419, ,0.04297004704320839,3.739937302478801e-11,None,None,None,None, , , , 
8420, ,0.04297004704320839,4.0088063288984646e-11,None,None,None,None, , , , 
8421, ,0.04297004704320839,4.297004704320835e-11,None,None,None,None, , , , 
8422, ,0.04297004704320839,4.605922041145113e-11,None,None,None,None, , , , 
8423, ,0.04297004704320839,4.937047852839004e-11,None,None,None,None, , , , 
8424, ,0.04297004704320839,5.2919787359584366e-11,None,None,None,None, , , , 
8425, ,0.04297004704320839,5.672426068491989e-11,None,None,None,None, , , , 
8426, ,0.04297004704320839,6.080224261649427e-11,None,None,None,None, , , , 
8427, ,0.04297004704320839,6.517339604882421e-11,None,None,None,None, , , , 
8428, ,0.04297004704320839,6.985879746785235e-11,None,None,None,None, , , , 
8429, ,0.04297004704320839,7.48810385759003e-11,None,None,None,None, , , , 
8430, ,0.04297004704320839,8.026433522257174e-11,None,None,None,None, , , , 
8431, ,0.04297004704320839,8.603464416684492e-11,None,None,None,None, , , , 
8432, ,0.04297004704320839,9.221978823334341e-11,None,None,None,None, , , , 
8433, ,0.04297004704320839,9.884959046625586e-11,None,None,None,None, , , , 
8434, ,0.04297004704320839,1.0595601792776149e-10,None,None,None,None, , , , 
8435, ,0.04297004704320839,1.1357333583431027e-10,None,None,None,None, , , , 
8436, ,0.04297004704320839,1.217382727739662e-10,None,None,None,None, , , , 
8437, ,0.04297004704320839,1.3049019780144016e-10,None,None,None,None, , , , 
8438, ,0.04297004704320839,1.398713102647236e-10,None,None,None,None, , , , 
8439, ,0.04297004704320839,1.4992684327860468e-10,None,None,None,None, , , , 
8440, ,0.04297004704320839,1.6070528182616384e-10,None,None,None,None, , , , 
8441, ,0.04297004704320839,1.722585965398784e-10,None,None,None,None, , , , 
8442, ,0.04297004704320839,1.8464249428955463e-10,None,None,None,None, , , , 
8443, ,0.04297004704320839,1.9791668678535569e-10,None,None,None,None, , , , 
8444, ,0.04297004704320839,2.121451784910628e-10,None,None,None,None, , , , 
8445, ,0.04297004704320839,2.273965752357932e-10,None,None,None,None, , , , 
8446, ,0.04297004704320839,2.4374441501222216e-10,None,None,None,None, , , , 
8447, ,0.04297004704320839,2.6126752255633265e-10,None,None,None,None, , , , 
8448, ,0.04297004704320839,2.8005038941836253e-10,None,None,None,None, , , , 
8449, ,0.04297004704320839,3.0018358135755917e-10,None,None,None,None, , , , 
8450, ,0.04297004704320839,3.2176417502507347e-10,None,None,None,None, , , , 
8451, ,0.04297004704320839,3.4489622604057533e-10,None,None,None,None, , , , 
8452, ,0.04297004704320839,3.696912707195032e-10,None,None,None,None, , , , 
8453, ,0.04297004704320839,3.9626886387014783e-10,None,None,None,None, , , , 
8454, ,0.04297004704320839,4.2475715525368935e-10,None,None,None,None, , , , 
8455, ,0.04297004704320839,4.552935074866938e-10,None,None,None,None, , , , 
8456, ,0.04297004704320839,4.880251583654433e-10,None,None,None,None, , , , 
8457, ,0.04297004704320839,5.231099308056258e-10,None,None,None,None, , , , 
8458, ,0.04297004704320839,5.60716993820547e-10,None,None,None,None, , , , 
8459, ,0.04297004704320839,6.010276782070387e-10,None,None,None,None, , , , 
8460, ,0.04297004704320839,6.442363508721371e-10,None,None,None,None, , , , 
8461, ,0.04297004704320839,6.905513520162316e-10,None,None,None,None, , , , 
8462, ,0.04297004704320839,7.401959996915653e-10,None,None,None,None, , , , 
8463, ,0.04297004704320839,7.934096665797492e-10,None,None,None,None, , , , 
8464, ,0.04297004704320839,8.504489341802668e-10,None,None,None,None, , , , 
8465, ,0.04297004704320839,9.115888299750837e-10,None,None,None,None, , , , 
8466, ,0.04297004704320839,9.771241535346502e-10,None,None,None,None, , , , 
8467, ,0.04297004704320839,1.0473708979594486e-09,None,None,None,None, , , , 
8468, ,0.04297004704320839,1.1226677735108114e-09,None,None,None,None, , , , 
8469, ,0.04297004704320839,1.2033778407775904e-09,None,None,None,None, , , , 
8470, ,0.04297004704320839,1.289890261253308e-09,None,None,None,None, , , , 
8471, ,0.04297004704320839,1.3826221737646535e-09,None,None,None,None, , , , 
8472, ,0.04297004704320839,1.4820207057988602e-09,None,None,None,None, , , , 
8473, ,0.04297004704320839,1.5885651294280526e-09,None,None,None,None, , , , 
8474, ,0.04297004704320839,1.702769172225898e-09,None,None,None,None, , , , 
8475, ,0.04297004704320839,1.825183494319039e-09,None,None,None,None, , , , 
8476, ,0.04297004704320839,1.956398343517065e-09,None,None,None,None, , , , 
8477, ,0.04297004704320839,2.0970464013232305e-09,None,None,None,None, , , , 
8478, ,0.04297004704320839,2.2478058335487307e-09,None,None,None,None, , , , 
8479, ,0.04297004704320839,2.409403560239527e-09,None,None,None,None, , , , 
8480, ,0.04297004704320839,2.582618760682675e-09,None,None,None,None, , , , 
8481, ,0.04297004704320839,2.768286630392061e-09,None,None,None,None, , , , 
8482, ,0.04297004704320839,2.9673024081888724e-09,None,None,None,None, , , , 
8483, ,0.04297004704320839,3.180625692794119e-09,None,None,None,None, , , , 
8484, ,0.04297004704320839,3.409285069746807e-09,None,None,None,None, , , , 
8485, ,0.04297004704320839,3.654383070957262e-09,None,None,None,None, , , , 
8486, ,0.04297004704320839,3.917101490809261e-09,None,None,None,None, , , , 
8487, ,0.04297004704320839,4.198707084443906e-09,None,None,None,None, , , , 
8488, ,0.04297004704320839,4.500557675700488e-09,None,None,None,None, , , , 
8489, ,0.04297004704320839,4.824108704165374e-09,None,None,None,None, , , , 
8490, ,0.04297004704320839,5.170920242896755e-09,None,None,None,None, , , , 
8491, ,0.04297004704320839,5.542664520663096e-09,None,None,None,None, , , , 
8492, ,0.04297004704320839,5.941133984965041e-09,None,None,None,None, , , , 
8493, ,0.04297004704320839,6.3682499447185856e-09,None,None,None,None, , , , 
8494, ,0.04297004704320839,6.826071834272379e-09,None,None,None,None, , , , 
8495, ,0.04297004704320839,7.316807143427175e-09,None,None,None,None, , , , 
8496, ,0.04297004704320839,7.842822061337681e-09,None,None,None,None, , , , 
8497, ,0.04297004704320839,8.406652885618316e-09,None,None,None,None, , , , 
8498, ,0.04297004704320839,9.011018251665036e-09,None,None,None,None, , , , 
8499, ,0.04297004704320839,9.658832241158707e-09,None,None,None,None, , , , 
8500, ,0.04297004704320839,1.0353218432956616e-08,None,None,None,None, , , , 
8501, ,0.04297004704320839,1.1097524964120722e-08,None,None,None,None, , , , 
8502, ,0.04297004704320839,1.1895340673703208e-08,None,None,None,None, , , , 
8503, ,0.04297004704320839,1.2750512407130128e-08,None,None,None,None, , , , 
8504, ,0.04297004704320839,1.3667163564620044e-08,None,None,None,None, , , , 
8505, ,0.04297004704320839,1.4649713983072853e-08,None,None,None,None, , , , 
8506, ,0.04297004704320839,1.5702901247293774e-08,None,None,None,None, , , , 
8507, ,0.04297004704320839,1.683180353330955e-08,None,None,None,None, , , , 
8508, ,0.04297004704320839,1.8041864093920717e-08,None,None,None,None, , , , 
8509, ,0.04297004704320839,1.933891750455232e-08,None,None,None,None, , , , 
8510, ,0.04297004704320839,2.0729217795953697e-08,None,None,None,None, , , , 
8511, ,0.04297004704320839,2.221946860939524e-08,None,None,None,None, , , , 
8512, ,0.04297004704320839,2.3816855519761606e-08,None,None,None,None, , , , 
8513, ,0.04297004704320839,2.552908068239516e-08,None,None,None,None, , , , 
8514, ,0.04297004704320839,2.7364399970746666e-08,None,None,None,None, , , , 
8515, ,0.04297004704320839,2.933166278390042e-08,None,None,None,None, , , , 
8516, ,0.04297004704320839,3.1440354715915e-08,None,None,None,None, , , , 
8517, ,0.04297004704320839,3.370064329271925e-08,None,None,None,None, , , , 
8518, ,0.04297004704320839,3.612342699709431e-08,None,None,None,None, , , , 
8519, ,0.04297004704320839,3.872038781812557e-08,None,None,None,None, , , , 
8520, ,0.04297004704320839,4.1504047578504727e-08,None,None,None,None, , , , 
8521, ,0.04297004704320839,4.448782831127585e-08,None,None,None,None, , , , 
8522, ,0.04297004704320839,4.768611697714474e-08,None,None,None,None, , , , 
8523, ,0.04297004704320839,5.111433483440165e-08,None,None,None,None, , , , 
8524, ,0.04297004704320839,5.478901179593934e-08,None,None,None,None, , , , 
8525, ,0.04297004704320839,5.872786613189478e-08,None,None,None,None, , , , 
8526, ,0.04297004704320839,6.294988990221888e-08,None,None,None,None, , , , 
8527, ,0.04297004704320839,6.747544053110687e-08,None,None,None,None, , , , 
8528, ,0.04297004704320839,7.232633896483534e-08,None,None,None,None, , , , 
8529, ,0.04297004704320839,7.752597488629465e-08,None,None,None,None, , , , 
8530, ,0.04297004704320839,8.309941949353386e-08,None,None,None,None, , , , 
8531, ,0.04297004704320839,8.907354638610439e-08,None,None,None,None, , , , 
8532, ,0.04297004704320839,9.547716114208066e-08,None,None,None,None, , , , 
8533, ,0.04297004704320839,1.0234114021054528e-07,None,None,None,None, , , , 
8534, ,0.04297004704320839,1.0969857978923841e-07,None,None,None,None, , , , 
8535, ,0.04297004704320839,1.1758495540521555e-07,None,None,None,None, , , , 
8536, ,0.04297004704320839,1.2603829296797277e-07,None,None,None,None, , , , 
8537, ,0.04297004704320839,1.350993521198025e-07,None,None,None,None, , , , 
8538, ,0.04297004704320839,1.4481182276745328e-07,None,None,None,None, , , , 
8539, ,0.04297004704320839,1.552225357427048e-07,None,None,None,None, , , , 
8540, ,0.04297004704320839,1.6638168860761273e-07,None,None,None,None, , , , 
8541, ,0.04297004704320839,1.7834308769319093e-07,None,None,None,None, , , , 
8542, ,0.04297004704320839,1.9116440753857e-07,None,None,None,None, , , , 
8543, ,0.04297004704320839,2.049074689815846e-07,None,None,None,None, , , , 
8544, ,0.04297004704320839,2.1963853724165468e-07,None,None,None,None, , , , 
8545, ,0.04297004704320839,2.3542864143224158e-07,None,None,None,None, , , , 
8546, ,0.04297004704320839,2.523539170434766e-07,None,None,None,None, , , , 
8547, ,0.04297004704320839,2.7049597304631316e-07,None,None,None,None, , , , 
8548, ,0.04297004704320839,2.899422853882875e-07,None,None,None,None, , , , 
8549, ,0.04297004704320839,3.107866187782014e-07,None,None,None,None, , , , 
8550, ,0.04297004704320839,3.33129478793467e-07,None,None,None,None, , , , 
8551, ,0.04297004704320839,3.5707859649004626e-07,None,None,None,None, , , , 
8552, ,0.04297004704320839,3.827494478516307e-07,None,None,None,None, , , , 
8553, ,0.04297004704320839,4.1026581058271904e-07,None,None,None,None, , , , 
8554, ,0.04297004704320839,4.397603609302722e-07,None,None,None,None, , , , 
8555, ,0.04297004704320839,4.7137531341167185e-07,None,None,None,None, , , , 
8556, ,0.04297004704320839,5.052631065335679e-07,None,None,None,None, , , , 
8557, ,0.04297004704320839,5.415871378079465e-07,None,None,None,None, , , , 
8558, ,0.04297004704320839,5.805225516094896e-07,None,None,None,None, , , , 
8559, ,0.04297004704320839,6.222570836730232e-07,None,None,None,None, , , , 
8560, ,0.04297004704320839,6.669919663030115e-07,None,None,None,None, , , , 
8561, ,0.04297004704320839,7.149428986597576e-07,None,None,None,None, , , , 
8562, ,0.04297004704320839,7.663410868007445e-07,None,None,None,None, , , , 
8563, ,0.04297004704320839,8.214343584919422e-07,None,None,None,None, , , , 
8564, ,0.04297004704320839,8.804883581643463e-07,None,None,None,None, , , , 
8565, ,0.04297004704320839,9.437878277775371e-07,None,None,None,None, , , , 
8566, ,0.04297004704320839,1.0116379797662072e-06,None,None,None,None, , , , 
8567, ,0.04297004704320839,1.0843659686896086e-06,None,None,None,None, , , , 
8568, ,0.04297004704320839,1.1623224686798522e-06,None,None,None,None, , , , 
8569, ,0.04297004704320839,1.2458833642950078e-06,None,None,None,None, , , , 
8570, ,0.04297004704320839,1.3354515629298971e-06,None,None,None,None, , , , 
8571, ,0.04297004704320839,1.4314589375234786e-06,None,None,None,None, , , , 
8572, ,0.04297004704320839,1.53436840893001e-06,None,None,None,None, , , , 
8573, ,0.04297004704320839,1.6446761779946631e-06,None,None,None,None, , , , 
8574, ,0.04297004704320839,1.762914118095948e-06,None,None,None,None, , , , 
8575, ,0.04297004704320839,1.8896523396912082e-06,None,None,None,None, , , , 
8576, ,0.04297004704320839,2.0255019392306664e-06,None,None,None,None, , , , 
8577, ,0.04297004704320839,2.171117945694501e-06,None,None,None,None, , , , 
8578, ,0.04297004704320839,2.327202478960408e-06,None,None,None,None, , , , 
8579, ,0.04297004704320839,2.494508135230317e-06,None,None,None,None, , , , 
8580, ,0.04297004704320839,2.673841615839944e-06,None,None,None,None, , , , 
8581, ,0.04297004704320839,2.8660676169482507e-06,None,None,None,None, , , , 
8582, ,0.04297004704320839,3.0721129988617524e-06,None,None,None,None, , , , 
8583, ,0.04297004704320839,3.292971255097148e-06,None,None,None,None, , , , 
8584, ,0.04297004704320839,3.5297073027306505e-06,None,None,None,None, , , , 
8585, ,0.04297004704320839,3.783462617131925e-06,None,None,None,None, , , , 
8586, ,0.04297004704320839,4.0554607358408275e-06,None,None,None,None, , , , 
8587, ,0.04297004704320839,4.3470131581250175e-06,None,None,None,None, , , , 
8588, ,0.04297004704320839,4.6595256686646765e-06,None,None,None,None, , , , 
8589, ,0.04297004704320839,4.99450511585514e-06,None,None,None,None, , , , 
8590, ,0.04297004704320839,5.353566677410719e-06,None,None,None,None, , , , 
8591, ,0.04297004704320839,5.738441648302393e-06,None,None,None,None, , , , 
8592, ,0.04297004704320839,6.150985788580505e-06,None,None,None,None, , , , 
8593, ,0.04297004704320839,6.593188271333541e-06,None,None,None,None, , , , 
8594, ,0.04297004704320839,7.067181273927492e-06,None,None,None,None, , , , 
8595, ,0.04297004704320839,7.575250258771904e-06,None,None,None,None, , , , 
8596, ,0.04297004704320839,8.119844993184007e-06,None,None,None,None, , , , 
8597, ,0.04297004704320839,8.703591361485167e-06,None,None,None,None, , , , 
8598, ,0.04297004704320839,9.329304026284676e-06,None,None,None,None, , , , 
8599, ,0.04297004704320839,1e-05,None,None,None,None, , , , 
8600, ,0.04448782831127585,1e-11,None,None,None,None, , , , 
8601, ,0.04448782831127585,1.0718913192051263e-11,None,None,None,None, , , , 
8602, ,0.04448782831127585,1.1489510001873107e-11,None,None,None,None, , , , 
8603, ,0.04448782831127585,1.2315506032928262e-11,None,None,None,None, , , , 
8604, ,0.04448782831127585,1.3200884008314167e-11,None,None,None,None, , , , 
8605, ,0.04448782831127585,1.4149912974345786e-11,None,None,None,None, , , , 
8606, ,0.04448782831127585,1.5167168884709242e-11,None,None,None,None, , , , 
8607, ,0.04448782831127585,1.6257556664437934e-11,None,None,None,None, , , , 
8608, ,0.04448782831127585,1.7426333860096473e-11,None,None,None,None, , , , 
8609, ,0.04448782831127585,1.8679135990207848e-11,None,None,None,None, , , , 
8610, ,0.04448782831127585,2.0022003718155844e-11,None,None,None,None, , , , 
8611, ,0.04448782831127585,2.1461411978584013e-11,None,None,None,None, , , , 
8612, ,0.04448782831127585,2.300430119772921e-11,None,None,None,None, , , , 
8613, ,0.04448782831127585,2.465811075822604e-11,None,None,None,None, , , , 
8614, ,0.04448782831127585,2.643081486974103e-11,None,None,None,None, , , , 
8615, ,0.04448782831127585,2.8330961018393178e-11,None,None,None,None, , , , 
8616, ,0.04448782831127585,3.036771118035461e-11,None,None,None,None, , , , 
8617, ,0.04448782831127585,3.255088599835057e-11,None,None,None,None, , , , 
8618, ,0.04448782831127585,3.4891012134067674e-11,None,None,None,None, , , , 
8619, ,0.04448782831127585,3.739937302478801e-11,None,None,None,None, , , , 
8620, ,0.04448782831127585,4.0088063288984646e-11,None,None,None,None, , , , 
8621, ,0.04448782831127585,4.297004704320835e-11,None,None,None,None, , , , 
8622, ,0.04448782831127585,4.605922041145113e-11,None,None,None,None, , , , 
8623, ,0.04448782831127585,4.937047852839004e-11,None,None,None,None, , , , 
8624, ,0.04448782831127585,5.2919787359584366e-11,None,None,None,None, , , , 
8625, ,0.04448782831127585,5.672426068491989e-11,None,None,None,None, , , , 
8626, ,0.04448782831127585,6.080224261649427e-11,None,None,None,None, , , , 
8627, ,0.04448782831127585,6.517339604882421e-11,None,None,None,None, , , , 
8628, ,0.04448782831127585,6.985879746785235e-11,None,None,None,None, , , , 
8629, ,0.04448782831127585,7.48810385759003e-11,None,None,None,None, , , , 
8630, ,0.04448782831127585,8.026433522257174e-11,None,None,None,None, , , , 
8631, ,0.04448782831127585,8.603464416684492e-11,None,None,None,None, , , , 
8632, ,0.04448782831127585,9.221978823334341e-11,None,None,None,None, , , , 
8633, ,0.04448782831127585,9.884959046625586e-11,None,None,None,None, , , , 
8634, ,0.04448782831127585,1.0595601792776149e-10,None,None,None,None, , , , 
8635, ,0.04448782831127585,1.1357333583431027e-10,None,None,None,None, , , , 
8636, ,0.04448782831127585,1.217382727739662e-10,None,None,None,None, , , , 
8637, ,0.04448782831127585,1.3049019780144016e-10,None,None,None,None, , , , 
8638, ,0.04448782831127585,1.398713102647236e-10,None,None,None,None, , , , 
8639, ,0.04448782831127585,1.4992684327860468e-10,None,None,None,None, , , , 
8640, ,0.04448782831127585,1.6070528182616384e-10,None,None,None,None, , , , 
8641, ,0.04448782831127585,1.722585965398784e-10,None,None,None,None, , , , 
8642, ,0.04448782831127585,1.8464249428955463e-10,None,None,None,None, , , , 
8643, ,0.04448782831127585,1.9791668678535569e-10,None,None,None,None, , , , 
8644, ,0.04448782831127585,2.121451784910628e-10,None,None,None,None, , , , 
8645, ,0.04448782831127585,2.273965752357932e-10,None,None,None,None, , , , 
8646, ,0.04448782831127585,2.4374441501222216e-10,None,None,None,None, , , , 
8647, ,0.04448782831127585,2.6126752255633265e-10,None,None,None,None, , , , 
8648, ,0.04448782831127585,2.8005038941836253e-10,None,None,None,None, , , , 
8649, ,0.04448782831127585,3.0018358135755917e-10,None,None,None,None, , , , 
8650, ,0.04448782831127585,3.2176417502507347e-10,None,None,None,None, , , , 
8651, ,0.04448782831127585,3.4489622604057533e-10,None,None,None,None, , , , 
8652, ,0.04448782831127585,3.696912707195032e-10,None,None,None,None, , , , 
8653, ,0.04448782831127585,3.9626886387014783e-10,None,None,None,None, , , , 
8654, ,0.04448782831127585,4.2475715525368935e-10,None,None,None,None, , , , 
8655, ,0.04448782831127585,4.552935074866938e-10,None,None,None,None, , , , 
8656, ,0.04448782831127585,4.880251583654433e-10,None,None,None,None, , , , 
8657, ,0.04448782831127585,5.231099308056258e-10,None,None,None,None, , , , 
8658, ,0.04448782831127585,5.60716993820547e-10,None,None,None,None, , , , 
8659, ,0.04448782831127585,6.010276782070387e-10,None,None,None,None, , , , 
8660, ,0.04448782831127585,6.442363508721371e-10,None,None,None,None, , , , 
8661, ,0.04448782831127585,6.905513520162316e-10,None,None,None,None, , , , 
8662, ,0.04448782831127585,7.401959996915653e-10,None,None,None,None, , , , 
8663, ,0.04448782831127585,7.934096665797492e-10,None,None,None,None, , , , 
8664, ,0.04448782831127585,8.504489341802668e-10,None,None,None,None, , , , 
8665, ,0.04448782831127585,9.115888299750837e-10,None,None,None,None, , , , 
8666, ,0.04448782831127585,9.771241535346502e-10,None,None,None,None, , , , 
8667, ,0.04448782831127585,1.0473708979594486e-09,None,None,None,None, , , , 
8668, ,0.04448782831127585,1.1226677735108114e-09,None,None,None,None, , , , 
8669, ,0.04448782831127585,1.2033778407775904e-09,None,None,None,None, , , , 
8670, ,0.04448782831127585,1.289890261253308e-09,None,None,None,None, , , , 
8671, ,0.04448782831127585,1.3826221737646535e-09,None,None,None,None, , , , 
8672, ,0.04448782831127585,1.4820207057988602e-09,None,None,None,None, , , , 
8673, ,0.04448782831127585,1.5885651294280526e-09,None,None,None,None, , , , 
8674, ,0.04448782831127585,1.702769172225898e-09,None,None,None,None, , , , 
8675, ,0.04448782831127585,1.825183494319039e-09,None,None,None,None, , , , 
8676, ,0.04448782831127585,1.956398343517065e-09,None,None,None,None, , , , 
8677, ,0.04448782831127585,2.0970464013232305e-09,None,None,None,None, , , , 
8678, ,0.04448782831127585,2.2478058335487307e-09,None,None,None,None, , , , 
8679, ,0.04448782831127585,2.409403560239527e-09,None,None,None,None, , , , 
8680, ,0.04448782831127585,2.582618760682675e-09,None,None,None,None, , , , 
8681, ,0.04448782831127585,2.768286630392061e-09,None,None,None,None, , , , 
8682, ,0.04448782831127585,2.9673024081888724e-09,None,None,None,None, , , , 
8683, ,0.04448782831127585,3.180625692794119e-09,None,None,None,None, , , , 
8684, ,0.04448782831127585,3.409285069746807e-09,None,None,None,None, , , , 
8685, ,0.04448782831127585,3.654383070957262e-09,None,None,None,None, , , , 
8686, ,0.04448782831127585,3.917101490809261e-09,None,None,None,None, , , , 
8687, ,0.04448782831127585,4.198707084443906e-09,None,None,None,None, , , , 
8688, ,0.04448782831127585,4.500557675700488e-09,None,None,None,None, , , , 
8689, ,0.04448782831127585,4.824108704165374e-09,None,None,None,None, , , , 
8690, ,0.04448782831127585,5.170920242896755e-09,None,None,None,None, , , , 
8691, ,0.04448782831127585,5.542664520663096e-09,None,None,None,None, , , , 
8692, ,0.04448782831127585,5.941133984965041e-09,None,None,None,None, , , , 
8693, ,0.04448782831127585,6.3682499447185856e-09,None,None,None,None, , , , 
8694, ,0.04448782831127585,6.826071834272379e-09,None,None,None,None, , , , 
8695, ,0.04448782831127585,7.316807143427175e-09,None,None,None,None, , , , 
8696, ,0.04448782831127585,7.842822061337681e-09,None,None,None,None, , , , 
8697, ,0.04448782831127585,8.406652885618316e-09,None,None,None,None, , , , 
8698, ,0.04448782831127585,9.011018251665036e-09,None,None,None,None, , , , 
8699, ,0.04448782831127585,9.658832241158707e-09,None,None,None,None, , , , 
8700, ,0.04448782831127585,1.0353218432956616e-08,None,None,None,None, , , , 
8701, ,0.04448782831127585,1.1097524964120722e-08,None,None,None,None, , , , 
8702, ,0.04448782831127585,1.1895340673703208e-08,None,None,None,None, , , , 
8703, ,0.04448782831127585,1.2750512407130128e-08,None,None,None,None, , , , 
8704, ,0.04448782831127585,1.3667163564620044e-08,None,None,None,None, , , , 
8705, ,0.04448782831127585,1.4649713983072853e-08,None,None,None,None, , , , 
8706, ,0.04448782831127585,1.5702901247293774e-08,None,None,None,None, , , , 
8707, ,0.04448782831127585,1.683180353330955e-08,None,None,None,None, , , , 
8708, ,0.04448782831127585,1.8041864093920717e-08,None,None,None,None, , , , 
8709, ,0.04448782831127585,1.933891750455232e-08,None,None,None,None, , , , 
8710, ,0.04448782831127585,2.0729217795953697e-08,None,None,None,None, , , , 
8711, ,0.04448782831127585,2.221946860939524e-08,None,None,None,None, , , , 
8712, ,0.04448782831127585,2.3816855519761606e-08,None,None,None,None, , , , 
8713, ,0.04448782831127585,2.552908068239516e-08,None,None,None,None, , , , 
8714, ,0.04448782831127585,2.7364399970746666e-08,None,None,None,None, , , , 
8715, ,0.04448782831127585,2.933166278390042e-08,None,None,None,None, , , , 
8716, ,0.04448782831127585,3.1440354715915e-08,None,None,None,None, , , , 
8717, ,0.04448782831127585,3.370064329271925e-08,None,None,None,None, , , , 
8718, ,0.04448782831127585,3.612342699709431e-08,None,None,None,None, , , , 
8719, ,0.04448782831127585,3.872038781812557e-08,None,None,None,None, , , , 
8720, ,0.04448782831127585,4.1504047578504727e-08,None,None,None,None, , , , 
8721, ,0.04448782831127585,4.448782831127585e-08,None,None,None,None, , , , 
8722, ,0.04448782831127585,4.768611697714474e-08,None,None,None,None, , , , 
8723, ,0.04448782831127585,5.111433483440165e-08,None,None,None,None, , , , 
8724, ,0.04448782831127585,5.478901179593934e-08,None,None,None,None, , , , 
8725, ,0.04448782831127585,5.872786613189478e-08,None,None,None,None, , , , 
8726, ,0.04448782831127585,6.294988990221888e-08,None,None,None,None, , , , 
8727, ,0.04448782831127585,6.747544053110687e-08,None,None,None,None, , , , 
8728, ,0.04448782831127585,7.232633896483534e-08,None,None,None,None, , , , 
8729, ,0.04448782831127585,7.752597488629465e-08,None,None,None,None, , , , 
8730, ,0.04448782831127585,8.309941949353386e-08,None,None,None,None, , , , 
8731, ,0.04448782831127585,8.907354638610439e-08,None,None,None,None, , , , 
8732, ,0.04448782831127585,9.547716114208066e-08,None,None,None,None, , , , 
8733, ,0.04448782831127585,1.0234114021054528e-07,None,None,None,None, , , , 
8734, ,0.04448782831127585,1.0969857978923841e-07,None,None,None,None, , , , 
8735, ,0.04448782831127585,1.1758495540521555e-07,None,None,None,None, , , , 
8736, ,0.04448782831127585,1.2603829296797277e-07,None,None,None,None, , , , 
8737, ,0.04448782831127585,1.350993521198025e-07,None,None,None,None, , , , 
8738, ,0.04448782831127585,1.4481182276745328e-07,None,None,None,None, , , , 
8739, ,0.04448782831127585,1.552225357427048e-07,None,None,None,None, , , , 
8740, ,0.04448782831127585,1.6638168860761273e-07,None,None,None,None, , , , 
8741, ,0.04448782831127585,1.7834308769319093e-07,None,None,None,None, , , , 
8742, ,0.04448782831127585,1.9116440753857e-07,None,None,None,None, , , , 
8743, ,0.04448782831127585,2.049074689815846e-07,None,None,None,None, , , , 
8744, ,0.04448782831127585,2.1963853724165468e-07,None,None,None,None, , , , 
8745, ,0.04448782831127585,2.3542864143224158e-07,None,None,None,None, , , , 
8746, ,0.04448782831127585,2.523539170434766e-07,None,None,None,None, , , , 
8747, ,0.04448782831127585,2.7049597304631316e-07,None,None,None,None, , , , 
8748, ,0.04448782831127585,2.899422853882875e-07,None,None,None,None, , , , 
8749, ,0.04448782831127585,3.107866187782014e-07,None,None,None,None, , , , 
8750, ,0.04448782831127585,3.33129478793467e-07,None,None,None,None, , , , 
8751, ,0.04448782831127585,3.5707859649004626e-07,None,None,None,None, , , , 
8752, ,0.04448782831127585,3.827494478516307e-07,None,None,None,None, , , , 
8753, ,0.04448782831127585,4.1026581058271904e-07,None,None,None,None, , , , 
8754, ,0.04448782831127585,4.397603609302722e-07,None,None,None,None, , , , 
8755, ,0.04448782831127585,4.7137531341167185e-07,None,None,None,None, , , , 
8756, ,0.04448782831127585,5.052631065335679e-07,None,None,None,None, , , , 
8757, ,0.04448782831127585,5.415871378079465e-07,None,None,None,None, , , , 
8758, ,0.04448782831127585,5.805225516094896e-07,None,None,None,None, , , , 
8759, ,0.04448782831127585,6.222570836730232e-07,None,None,None,None, , , , 
8760, ,0.04448782831127585,6.669919663030115e-07,None,None,None,None, , , , 
8761, ,0.04448782831127585,7.149428986597576e-07,None,None,None,None, , , , 
8762, ,0.04448782831127585,7.663410868007445e-07,None,None,None,None, , , , 
8763, ,0.04448782831127585,8.214343584919422e-07,None,None,None,None, , , , 
8764, ,0.04448782831127585,8.804883581643463e-07,None,None,None,None, , , , 
8765, ,0.04448782831127585,9.437878277775371e-07,None,None,None,None, , , , 
8766, ,0.04448782831127585,1.0116379797662072e-06,None,None,None,None, , , , 
8767, ,0.04448782831127585,1.0843659686896086e-06,None,None,None,None, , , , 
8768, ,0.04448782831127585,1.1623224686798522e-06,None,None,None,None, , , , 
8769, ,0.04448782831127585,1.2458833642950078e-06,None,None,None,None, , , , 
8770, ,0.04448782831127585,1.3354515629298971e-06,None,None,None,None, , , , 
8771, ,0.04448782831127585,1.4314589375234786e-06,None,None,None,None, , , , 
8772, ,0.04448782831127585,1.53436840893001e-06,None,None,None,None, , , , 
8773, ,0.04448782831127585,1.6446761779946631e-06,None,None,None,None, , , , 
8774, ,0.04448782831127585,1.762914118095948e-06,None,None,None,None, , , , 
8775, ,0.04448782831127585,1.8896523396912082e-06,None,None,None,None, , , , 
8776, ,0.04448782831127585,2.0255019392306664e-06,None,None,None,None, , , , 
8777, ,0.04448782831127585,2.171117945694501e-06,None,None,None,None, , , , 
8778, ,0.04448782831127585,2.327202478960408e-06,None,None,None,None, , , , 
8779, ,0.04448782831127585,2.494508135230317e-06,None,None,None,None, , , , 
8780, ,0.04448782831127585,2.673841615839944e-06,None,None,None,None, , , , 
8781, ,0.04448782831127585,2.8660676169482507e-06,None,None,None,None, , , , 
8782, ,0.04448782831127585,3.0721129988617524e-06,None,None,None,None, , , , 
8783, ,0.04448782831127585,3.292971255097148e-06,None,None,None,None, , , , 
8784, ,0.04448782831127585,3.5297073027306505e-06,None,None,None,None, , , , 
8785, ,0.04448782831127585,3.783462617131925e-06,None,None,None,None, , , , 
8786, ,0.04448782831127585,4.0554607358408275e-06,None,None,None,None, , , , 
8787, ,0.04448782831127585,4.3470131581250175e-06,None,None,None,None, , , , 
8788, ,0.04448782831127585,4.6595256686646765e-06,None,None,None,None, , , , 
8789, ,0.04448782831127585,4.99450511585514e-06,None,None,None,None, , , , 
8790, ,0.04448782831127585,5.353566677410719e-06,None,None,None,None, , , , 
8791, ,0.04448782831127585,5.738441648302393e-06,None,None,None,None, , , , 
8792, ,0.04448782831127585,6.150985788580505e-06,None,None,None,None, , , , 
8793, ,0.04448782831127585,6.593188271333541e-06,None,None,None,None, , , , 
8794, ,0.04448782831127585,7.067181273927492e-06,None,None,None,None, , , , 
8795, ,0.04448782831127585,7.575250258771904e-06,None,None,None,None, , , , 
8796, ,0.04448782831127585,8.119844993184007e-06,None,None,None,None, , , , 
8797, ,0.04448782831127585,8.703591361485167e-06,None,None,None,None, , , , 
8798, ,0.04448782831127585,9.329304026284676e-06,None,None,None,None, , , , 
8799, ,0.04448782831127585,1e-05,None,None,None,None, , , , 
8800, ,0.046059220411451066,1e-11,None,None,None,None, , , , 
8801, ,0.046059220411451066,1.0718913192051263e-11,None,None,None,None, , , , 
8802, ,0.046059220411451066,1.1489510001873107e-11,None,None,None,None, , , , 
8803, ,0.046059220411451066,1.2315506032928262e-11,None,None,None,None, , , , 
8804, ,0.046059220411451066,1.3200884008314167e-11,None,None,None,None, , , , 
8805, ,0.046059220411451066,1.4149912974345786e-11,None,None,None,None, , , , 
8806, ,0.046059220411451066,1.5167168884709242e-11,None,None,None,None, , , , 
8807, ,0.046059220411451066,1.6257556664437934e-11,None,None,None,None, , , , 
8808, ,0.046059220411451066,1.7426333860096473e-11,None,None,None,None, , , , 
8809, ,0.046059220411451066,1.8679135990207848e-11,None,None,None,None, , , , 
8810, ,0.046059220411451066,2.0022003718155844e-11,None,None,None,None, , , , 
8811, ,0.046059220411451066,2.1461411978584013e-11,None,None,None,None, , , , 
8812, ,0.046059220411451066,2.300430119772921e-11,None,None,None,None, , , , 
8813, ,0.046059220411451066,2.465811075822604e-11,None,None,None,None, , , , 
8814, ,0.046059220411451066,2.643081486974103e-11,None,None,None,None, , , , 
8815, ,0.046059220411451066,2.8330961018393178e-11,None,None,None,None, , , , 
8816, ,0.046059220411451066,3.036771118035461e-11,None,None,None,None, , , , 
8817, ,0.046059220411451066,3.255088599835057e-11,None,None,None,None, , , , 
8818, ,0.046059220411451066,3.4891012134067674e-11,None,None,None,None, , , , 
8819, ,0.046059220411451066,3.739937302478801e-11,None,None,None,None, , , , 
8820, ,0.046059220411451066,4.0088063288984646e-11,None,None,None,None, , , , 
8821, ,0.046059220411451066,4.297004704320835e-11,None,None,None,None, , , , 
8822, ,0.046059220411451066,4.605922041145113e-11,None,None,None,None, , , , 
8823, ,0.046059220411451066,4.937047852839004e-11,None,None,None,None, , , , 
8824, ,0.046059220411451066,5.2919787359584366e-11,None,None,None,None, , , , 
8825, ,0.046059220411451066,5.672426068491989e-11,None,None,None,None, , , , 
8826, ,0.046059220411451066,6.080224261649427e-11,None,None,None,None, , , , 
8827, ,0.046059220411451066,6.517339604882421e-11,None,None,None,None, , , , 
8828, ,0.046059220411451066,6.985879746785235e-11,None,None,None,None, , , , 
8829, ,0.046059220411451066,7.48810385759003e-11,None,None,None,None, , , , 
8830, ,0.046059220411451066,8.026433522257174e-11,None,None,None,None, , , , 
8831, ,0.046059220411451066,8.603464416684492e-11,None,None,None,None, , , , 
8832, ,0.046059220411451066,9.221978823334341e-11,None,None,None,None, , , , 
8833, ,0.046059220411451066,9.884959046625586e-11,None,None,None,None, , , , 
8834, ,0.046059220411451066,1.0595601792776149e-10,None,None,None,None, , , , 
8835, ,0.046059220411451066,1.1357333583431027e-10,None,None,None,None, , , , 
8836, ,0.046059220411451066,1.217382727739662e-10,None,None,None,None, , , , 
8837, ,0.046059220411451066,1.3049019780144016e-10,None,None,None,None, , , , 
8838, ,0.046059220411451066,1.398713102647236e-10,None,None,None,None, , , , 
8839, ,0.046059220411451066,1.4992684327860468e-10,None,None,None,None, , , , 
8840, ,0.046059220411451066,1.6070528182616384e-10,None,None,None,None, , , , 
8841, ,0.046059220411451066,1.722585965398784e-10,None,None,None,None, , , , 
8842, ,0.046059220411451066,1.8464249428955463e-10,None,None,None,None, , , , 
8843, ,0.046059220411451066,1.9791668678535569e-10,None,None,None,None, , , , 
8844, ,0.046059220411451066,2.121451784910628e-10,None,None,None,None, , , , 
8845, ,0.046059220411451066,2.273965752357932e-10,None,None,None,None, , , , 
8846, ,0.046059220411451066,2.4374441501222216e-10,None,None,None,None, , , , 
8847, ,0.046059220411451066,2.6126752255633265e-10,None,None,None,None, , , , 
8848, ,0.046059220411451066,2.8005038941836253e-10,None,None,None,None, , , , 
8849, ,0.046059220411451066,3.0018358135755917e-10,None,None,None,None, , , , 
8850, ,0.046059220411451066,3.2176417502507347e-10,None,None,None,None, , , , 
8851, ,0.046059220411451066,3.4489622604057533e-10,None,None,None,None, , , , 
8852, ,0.046059220411451066,3.696912707195032e-10,None,None,None,None, , , , 
8853, ,0.046059220411451066,3.9626886387014783e-10,None,None,None,None, , , , 
8854, ,0.046059220411451066,4.2475715525368935e-10,None,None,None,None, , , , 
8855, ,0.046059220411451066,4.552935074866938e-10,None,None,None,None, , , , 
8856, ,0.046059220411451066,4.880251583654433e-10,None,None,None,None, , , , 
8857, ,0.046059220411451066,5.231099308056258e-10,None,None,None,None, , , , 
8858, ,0.046059220411451066,5.60716993820547e-10,None,None,None,None, , , , 
8859, ,0.046059220411451066,6.010276782070387e-10,None,None,None,None, , , , 
8860, ,0.046059220411451066,6.442363508721371e-10,None,None,None,None, , , , 
8861, ,0.046059220411451066,6.905513520162316e-10,None,None,None,None, , , , 
8862, ,0.046059220411451066,7.401959996915653e-10,None,None,None,None, , , , 
8863, ,0.046059220411451066,7.934096665797492e-10,None,None,None,None, , , , 
8864, ,0.046059220411451066,8.504489341802668e-10,None,None,None,None, , , , 
8865, ,0.046059220411451066,9.115888299750837e-10,None,None,None,None, , , , 
8866, ,0.046059220411451066,9.771241535346502e-10,None,None,None,None, , , , 
8867, ,0.046059220411451066,1.0473708979594486e-09,None,None,None,None, , , , 
8868, ,0.046059220411451066,1.1226677735108114e-09,None,None,None,None, , , , 
8869, ,0.046059220411451066,1.2033778407775904e-09,None,None,None,None, , , , 
8870, ,0.046059220411451066,1.289890261253308e-09,None,None,None,None, , , , 
8871, ,0.046059220411451066,1.3826221737646535e-09,None,None,None,None, , , , 
8872, ,0.046059220411451066,1.4820207057988602e-09,None,None,None,None, , , , 
8873, ,0.046059220411451066,1.5885651294280526e-09,None,None,None,None, , , , 
8874, ,0.046059220411451066,1.702769172225898e-09,None,None,None,None, , , , 
8875, ,0.046059220411451066,1.825183494319039e-09,None,None,None,None, , , , 
8876, ,0.046059220411451066,1.956398343517065e-09,None,None,None,None, , , , 
8877, ,0.046059220411451066,2.0970464013232305e-09,None,None,None,None, , , , 
8878, ,0.046059220411451066,2.2478058335487307e-09,None,None,None,None, , , , 
8879, ,0.046059220411451066,2.409403560239527e-09,None,None,None,None, , , , 
8880, ,0.046059220411451066,2.582618760682675e-09,None,None,None,None, , , , 
8881, ,0.046059220411451066,2.768286630392061e-09,None,None,None,None, , , , 
8882, ,0.046059220411451066,2.9673024081888724e-09,None,None,None,None, , , , 
8883, ,0.046059220411451066,3.180625692794119e-09,None,None,None,None, , , , 
8884, ,0.046059220411451066,3.409285069746807e-09,None,None,None,None, , , , 
8885, ,0.046059220411451066,3.654383070957262e-09,None,None,None,None, , , , 
8886, ,0.046059220411451066,3.917101490809261e-09,None,None,None,None, , , , 
8887, ,0.046059220411451066,4.198707084443906e-09,None,None,None,None, , , , 
8888, ,0.046059220411451066,4.500557675700488e-09,None,None,None,None, , , , 
8889, ,0.046059220411451066,4.824108704165374e-09,None,None,None,None, , , , 
8890, ,0.046059220411451066,5.170920242896755e-09,None,None,None,None, , , , 
8891, ,0.046059220411451066,5.542664520663096e-09,None,None,None,None, , , , 
8892, ,0.046059220411451066,5.941133984965041e-09,None,None,None,None, , , , 
8893, ,0.046059220411451066,6.3682499447185856e-09,None,None,None,None, , , , 
8894, ,0.046059220411451066,6.826071834272379e-09,None,None,None,None, , , , 
8895, ,0.046059220411451066,7.316807143427175e-09,None,None,None,None, , , , 
8896, ,0.046059220411451066,7.842822061337681e-09,None,None,None,None, , , , 
8897, ,0.046059220411451066,8.406652885618316e-09,None,None,None,None, , , , 
8898, ,0.046059220411451066,9.011018251665036e-09,None,None,None,None, , , , 
8899, ,0.046059220411451066,9.658832241158707e-09,None,None,None,None, , , , 
8900, ,0.046059220411451066,1.0353218432956616e-08,None,None,None,None, , , , 
8901, ,0.046059220411451066,1.1097524964120722e-08,None,None,None,None, , , , 
8902, ,0.046059220411451066,1.1895340673703208e-08,None,None,None,None, , , , 
8903, ,0.046059220411451066,1.2750512407130128e-08,None,None,None,None, , , , 
8904, ,0.046059220411451066,1.3667163564620044e-08,None,None,None,None, , , , 
8905, ,0.046059220411451066,1.4649713983072853e-08,None,None,None,None, , , , 
8906, ,0.046059220411451066,1.5702901247293774e-08,None,None,None,None, , , , 
8907, ,0.046059220411451066,1.683180353330955e-08,None,None,None,None, , , , 
8908, ,0.046059220411451066,1.8041864093920717e-08,None,None,None,None, , , , 
8909, ,0.046059220411451066,1.933891750455232e-08,None,None,None,None, , , , 
8910, ,0.046059220411451066,2.0729217795953697e-08,None,None,None,None, , , , 
8911, ,0.046059220411451066,2.221946860939524e-08,None,None,None,None, , , , 
8912, ,0.046059220411451066,2.3816855519761606e-08,None,None,None,None, , , , 
8913, ,0.046059220411451066,2.552908068239516e-08,None,None,None,None, , , , 
8914, ,0.046059220411451066,2.7364399970746666e-08,None,None,None,None, , , , 
8915, ,0.046059220411451066,2.933166278390042e-08,None,None,None,None, , , , 
8916, ,0.046059220411451066,3.1440354715915e-08,None,None,None,None, , , , 
8917, ,0.046059220411451066,3.370064329271925e-08,None,None,None,None, , , , 
8918, ,0.046059220411451066,3.612342699709431e-08,None,None,None,None, , , , 
8919, ,0.046059220411451066,3.872038781812557e-08,None,None,None,None, , , , 
8920, ,0.046059220411451066,4.1504047578504727e-08,None,None,None,None, , , , 
8921, ,0.046059220411451066,4.448782831127585e-08,None,None,None,None, , , , 
8922, ,0.046059220411451066,4.768611697714474e-08,None,None,None,None, , , , 
8923, ,0.046059220411451066,5.111433483440165e-08,None,None,None,None, , , , 
8924, ,0.046059220411451066,5.478901179593934e-08,None,None,None,None, , , , 
8925, ,0.046059220411451066,5.872786613189478e-08,None,None,None,None, , , , 
8926, ,0.046059220411451066,6.294988990221888e-08,None,None,None,None, , , , 
8927, ,0.046059220411451066,6.747544053110687e-08,None,None,None,None, , , , 
8928, ,0.046059220411451066,7.232633896483534e-08,None,None,None,None, , , , 
8929, ,0.046059220411451066,7.752597488629465e-08,None,None,None,None, , , , 
8930, ,0.046059220411451066,8.309941949353386e-08,None,None,None,None, , , , 
8931, ,0.046059220411451066,8.907354638610439e-08,None,None,None,None, , , , 
8932, ,0.046059220411451066,9.547716114208066e-08,None,None,None,None, , , , 
8933, ,0.046059220411451066,1.0234114021054528e-07,None,None,None,None, , , , 
8934, ,0.046059220411451066,1.0969857978923841e-07,None,None,None,None, , , , 
8935, ,0.046059220411451066,1.1758495540521555e-07,None,None,None,None, , , , 
8936, ,0.046059220411451066,1.2603829296797277e-07,None,None,None,None, , , , 
8937, ,0.046059220411451066,1.350993521198025e-07,None,None,None,None, , , , 
8938, ,0.046059220411451066,1.4481182276745328e-07,None,None,None,None, , , , 
8939, ,0.046059220411451066,1.552225357427048e-07,None,None,None,None, , , , 
8940, ,0.046059220411451066,1.6638168860761273e-07,None,None,None,None, , , , 
8941, ,0.046059220411451066,1.7834308769319093e-07,None,None,None,None, , , , 
8942, ,0.046059220411451066,1.9116440753857e-07,None,None,None,None, , , , 
8943, ,0.046059220411451066,2.049074689815846e-07,None,None,None,None, , , , 
8944, ,0.046059220411451066,2.1963853724165468e-07,None,None,None,None, , , , 
8945, ,0.046059220411451066,2.3542864143224158e-07,None,None,None,None, , , , 
8946, ,0.046059220411451066,2.523539170434766e-07,None,None,None,None, , , , 
8947, ,0.046059220411451066,2.7049597304631316e-07,None,None,None,None, , , , 
8948, ,0.046059220411451066,2.899422853882875e-07,None,None,None,None, , , , 
8949, ,0.046059220411451066,3.107866187782014e-07,None,None,None,None, , , , 
8950, ,0.046059220411451066,3.33129478793467e-07,None,None,None,None, , , , 
8951, ,0.046059220411451066,3.5707859649004626e-07,None,None,None,None, , , , 
8952, ,0.046059220411451066,3.827494478516307e-07,None,None,None,None, , , , 
8953, ,0.046059220411451066,4.1026581058271904e-07,None,None,None,None, , , , 
8954, ,0.046059220411451066,4.397603609302722e-07,None,None,None,None, , , , 
8955, ,0.046059220411451066,4.7137531341167185e-07,None,None,None,None, , , , 
8956, ,0.046059220411451066,5.052631065335679e-07,None,None,None,None, , , , 
8957, ,0.046059220411451066,5.415871378079465e-07,None,None,None,None, , , , 
8958, ,0.046059220411451066,5.805225516094896e-07,None,None,None,None, , , , 
8959, ,0.046059220411451066,6.222570836730232e-07,None,None,None,None, , , , 
8960, ,0.046059220411451066,6.669919663030115e-07,None,None,None,None, , , , 
8961, ,0.046059220411451066,7.149428986597576e-07,None,None,None,None, , , , 
8962, ,0.046059220411451066,7.663410868007445e-07,None,None,None,None, , , , 
8963, ,0.046059220411451066,8.214343584919422e-07,None,None,None,None, , , , 
8964, ,0.046059220411451066,8.804883581643463e-07,None,None,None,None, , , , 
8965, ,0.046059220411451066,9.437878277775371e-07,None,None,None,None, , , , 
8966, ,0.046059220411451066,1.0116379797662072e-06,None,None,None,None, , , , 
8967, ,0.046059220411451066,1.0843659686896086e-06,None,None,None,None, , , , 
8968, ,0.046059220411451066,1.1623224686798522e-06,None,None,None,None, , , , 
8969, ,0.046059220411451066,1.2458833642950078e-06,None,None,None,None, , , , 
8970, ,0.046059220411451066,1.3354515629298971e-06,None,None,None,None, , , , 
8971, ,0.046059220411451066,1.4314589375234786e-06,None,None,None,None, , , , 
8972, ,0.046059220411451066,1.53436840893001e-06,None,None,None,None, , , , 
8973, ,0.046059220411451066,1.6446761779946631e-06,None,None,None,None, , , , 
8974, ,0.046059220411451066,1.762914118095948e-06,None,None,None,None, , , , 
8975, ,0.046059220411451066,1.8896523396912082e-06,None,None,None,None, , , , 
8976, ,0.046059220411451066,2.0255019392306664e-06,None,None,None,None, , , , 
8977, ,0.046059220411451066,2.171117945694501e-06,None,None,None,None, , , , 
8978, ,0.046059220411451066,2.327202478960408e-06,None,None,None,None, , , , 
8979, ,0.046059220411451066,2.494508135230317e-06,None,None,None,None, , , , 
8980, ,0.046059220411451066,2.673841615839944e-06,None,None,None,None, , , , 
8981, ,0.046059220411451066,2.8660676169482507e-06,None,None,None,None, , , , 
8982, ,0.046059220411451066,3.0721129988617524e-06,None,None,None,None, , , , 
8983, ,0.046059220411451066,3.292971255097148e-06,None,None,None,None, , , , 
8984, ,0.046059220411451066,3.5297073027306505e-06,None,None,None,None, , , , 
8985, ,0.046059220411451066,3.783462617131925e-06,None,None,None,None, , , , 
8986, ,0.046059220411451066,4.0554607358408275e-06,None,None,None,None, , , , 
8987, ,0.046059220411451066,4.3470131581250175e-06,None,None,None,None, , , , 
8988, ,0.046059220411451066,4.6595256686646765e-06,None,None,None,None, , , , 
8989, ,0.046059220411451066,4.99450511585514e-06,None,None,None,None, , , , 
8990, ,0.046059220411451066,5.353566677410719e-06,None,None,None,None, , , , 
8991, ,0.046059220411451066,5.738441648302393e-06,None,None,None,None, , , , 
8992, ,0.046059220411451066,6.150985788580505e-06,None,None,None,None, , , , 
8993, ,0.046059220411451066,6.593188271333541e-06,None,None,None,None, , , , 
8994, ,0.046059220411451066,7.067181273927492e-06,None,None,None,None, , , , 
8995, ,0.046059220411451066,7.575250258771904e-06,None,None,None,None, , , , 
8996, ,0.046059220411451066,8.119844993184007e-06,None,None,None,None, , , , 
8997, ,0.046059220411451066,8.703591361485167e-06,None,None,None,None, , , , 
8998, ,0.046059220411451066,9.329304026284676e-06,None,None,None,None, , , , 
8999, ,0.046059220411451066,1e-05,None,None,None,None, , , , 
9000, ,0.047686116977144685,1e-11,None,None,None,None, , , , 
9001, ,0.047686116977144685,1.0718913192051263e-11,None,None,None,None, , , , 
9002, ,0.047686116977144685,1.1489510001873107e-11,None,None,None,None, , , , 
9003, ,0.047686116977144685,1.2315506032928262e-11,None,None,None,None, , , , 
9004, ,0.047686116977144685,1.3200884008314167e-11,None,None,None,None, , , , 
9005, ,0.047686116977144685,1.4149912974345786e-11,None,None,None,None, , , , 
9006, ,0.047686116977144685,1.5167168884709242e-11,None,None,None,None, , , , 
9007, ,0.047686116977144685,1.6257556664437934e-11,None,None,None,None, , , , 
9008, ,0.047686116977144685,1.7426333860096473e-11,None,None,None,None, , , , 
9009, ,0.047686116977144685,1.8679135990207848e-11,None,None,None,None, , , , 
9010, ,0.047686116977144685,2.0022003718155844e-11,None,None,None,None, , , , 
9011, ,0.047686116977144685,2.1461411978584013e-11,None,None,None,None, , , , 
9012, ,0.047686116977144685,2.300430119772921e-11,None,None,None,None, , , , 
9013, ,0.047686116977144685,2.465811075822604e-11,None,None,None,None, , , , 
9014, ,0.047686116977144685,2.643081486974103e-11,None,None,None,None, , , , 
9015, ,0.047686116977144685,2.8330961018393178e-11,None,None,None,None, , , , 
9016, ,0.047686116977144685,3.036771118035461e-11,None,None,None,None, , , , 
9017, ,0.047686116977144685,3.255088599835057e-11,None,None,None,None, , , , 
9018, ,0.047686116977144685,3.4891012134067674e-11,None,None,None,None, , , , 
9019, ,0.047686116977144685,3.739937302478801e-11,None,None,None,None, , , , 
9020, ,0.047686116977144685,4.0088063288984646e-11,None,None,None,None, , , , 
9021, ,0.047686116977144685,4.297004704320835e-11,None,None,None,None, , , , 
9022, ,0.047686116977144685,4.605922041145113e-11,None,None,None,None, , , , 
9023, ,0.047686116977144685,4.937047852839004e-11,None,None,None,None, , , , 
9024, ,0.047686116977144685,5.2919787359584366e-11,None,None,None,None, , , , 
9025, ,0.047686116977144685,5.672426068491989e-11,None,None,None,None, , , , 
9026, ,0.047686116977144685,6.080224261649427e-11,None,None,None,None, , , , 
9027, ,0.047686116977144685,6.517339604882421e-11,None,None,None,None, , , , 
9028, ,0.047686116977144685,6.985879746785235e-11,None,None,None,None, , , , 
9029, ,0.047686116977144685,7.48810385759003e-11,None,None,None,None, , , , 
9030, ,0.047686116977144685,8.026433522257174e-11,None,None,None,None, , , , 
9031, ,0.047686116977144685,8.603464416684492e-11,None,None,None,None, , , , 
9032, ,0.047686116977144685,9.221978823334341e-11,None,None,None,None, , , , 
9033, ,0.047686116977144685,9.884959046625586e-11,None,None,None,None, , , , 
9034, ,0.047686116977144685,1.0595601792776149e-10,None,None,None,None, , , , 
9035, ,0.047686116977144685,1.1357333583431027e-10,None,None,None,None, , , , 
9036, ,0.047686116977144685,1.217382727739662e-10,None,None,None,None, , , , 
9037, ,0.047686116977144685,1.3049019780144016e-10,None,None,None,None, , , , 
9038, ,0.047686116977144685,1.398713102647236e-10,None,None,None,None, , , , 
9039, ,0.047686116977144685,1.4992684327860468e-10,None,None,None,None, , , , 
9040, ,0.047686116977144685,1.6070528182616384e-10,None,None,None,None, , , , 
9041, ,0.047686116977144685,1.722585965398784e-10,None,None,None,None, , , , 
9042, ,0.047686116977144685,1.8464249428955463e-10,None,None,None,None, , , , 
9043, ,0.047686116977144685,1.9791668678535569e-10,None,None,None,None, , , , 
9044, ,0.047686116977144685,2.121451784910628e-10,None,None,None,None, , , , 
9045, ,0.047686116977144685,2.273965752357932e-10,None,None,None,None, , , , 
9046, ,0.047686116977144685,2.4374441501222216e-10,None,None,None,None, , , , 
9047, ,0.047686116977144685,2.6126752255633265e-10,None,None,None,None, , , , 
9048, ,0.047686116977144685,2.8005038941836253e-10,None,None,None,None, , , , 
9049, ,0.047686116977144685,3.0018358135755917e-10,None,None,None,None, , , , 
9050, ,0.047686116977144685,3.2176417502507347e-10,None,None,None,None, , , , 
9051, ,0.047686116977144685,3.4489622604057533e-10,None,None,None,None, , , , 
9052, ,0.047686116977144685,3.696912707195032e-10,None,None,None,None, , , , 
9053, ,0.047686116977144685,3.9626886387014783e-10,None,None,None,None, , , , 
9054, ,0.047686116977144685,4.2475715525368935e-10,None,None,None,None, , , , 
9055, ,0.047686116977144685,4.552935074866938e-10,None,None,None,None, , , , 
9056, ,0.047686116977144685,4.880251583654433e-10,None,None,None,None, , , , 
9057, ,0.047686116977144685,5.231099308056258e-10,None,None,None,None, , , , 
9058, ,0.047686116977144685,5.60716993820547e-10,None,None,None,None, , , , 
9059, ,0.047686116977144685,6.010276782070387e-10,None,None,None,None, , , , 
9060, ,0.047686116977144685,6.442363508721371e-10,None,None,None,None, , , , 
9061, ,0.047686116977144685,6.905513520162316e-10,None,None,None,None, , , , 
9062, ,0.047686116977144685,7.401959996915653e-10,None,None,None,None, , , , 
9063, ,0.047686116977144685,7.934096665797492e-10,None,None,None,None, , , , 
9064, ,0.047686116977144685,8.504489341802668e-10,None,None,None,None, , , , 
9065, ,0.047686116977144685,9.115888299750837e-10,None,None,None,None, , , , 
9066, ,0.047686116977144685,9.771241535346502e-10,None,None,None,None, , , , 
9067, ,0.047686116977144685,1.0473708979594486e-09,None,None,None,None, , , , 
9068, ,0.047686116977144685,1.1226677735108114e-09,None,None,None,None, , , , 
9069, ,0.047686116977144685,1.2033778407775904e-09,None,None,None,None, , , , 
9070, ,0.047686116977144685,1.289890261253308e-09,None,None,None,None, , , , 
9071, ,0.047686116977144685,1.3826221737646535e-09,None,None,None,None, , , , 
9072, ,0.047686116977144685,1.4820207057988602e-09,None,None,None,None, , , , 
9073, ,0.047686116977144685,1.5885651294280526e-09,None,None,None,None, , , , 
9074, ,0.047686116977144685,1.702769172225898e-09,None,None,None,None, , , , 
9075, ,0.047686116977144685,1.825183494319039e-09,None,None,None,None, , , , 
9076, ,0.047686116977144685,1.956398343517065e-09,None,None,None,None, , , , 
9077, ,0.047686116977144685,2.0970464013232305e-09,None,None,None,None, , , , 
9078, ,0.047686116977144685,2.2478058335487307e-09,None,None,None,None, , , , 
9079, ,0.047686116977144685,2.409403560239527e-09,None,None,None,None, , , , 
9080, ,0.047686116977144685,2.582618760682675e-09,None,None,None,None, , , , 
9081, ,0.047686116977144685,2.768286630392061e-09,None,None,None,None, , , , 
9082, ,0.047686116977144685,2.9673024081888724e-09,None,None,None,None, , , , 
9083, ,0.047686116977144685,3.180625692794119e-09,None,None,None,None, , , , 
9084, ,0.047686116977144685,3.409285069746807e-09,None,None,None,None, , , , 
9085, ,0.047686116977144685,3.654383070957262e-09,None,None,None,None, , , , 
9086, ,0.047686116977144685,3.917101490809261e-09,None,None,None,None, , , , 
9087, ,0.047686116977144685,4.198707084443906e-09,None,None,None,None, , , , 
9088, ,0.047686116977144685,4.500557675700488e-09,None,None,None,None, , , , 
9089, ,0.047686116977144685,4.824108704165374e-09,None,None,None,None, , , , 
9090, ,0.047686116977144685,5.170920242896755e-09,None,None,None,None, , , , 
9091, ,0.047686116977144685,5.542664520663096e-09,None,None,None,None, , , , 
9092, ,0.047686116977144685,5.941133984965041e-09,None,None,None,None, , , , 
9093, ,0.047686116977144685,6.3682499447185856e-09,None,None,None,None, , , , 
9094, ,0.047686116977144685,6.826071834272379e-09,None,None,None,None, , , , 
9095, ,0.047686116977144685,7.316807143427175e-09,None,None,None,None, , , , 
9096, ,0.047686116977144685,7.842822061337681e-09,None,None,None,None, , , , 
9097, ,0.047686116977144685,8.406652885618316e-09,None,None,None,None, , , , 
9098, ,0.047686116977144685,9.011018251665036e-09,None,None,None,None, , , , 
9099, ,0.047686116977144685,9.658832241158707e-09,None,None,None,None, , , , 
9100, ,0.047686116977144685,1.0353218432956616e-08,None,None,None,None, , , , 
9101, ,0.047686116977144685,1.1097524964120722e-08,None,None,None,None, , , , 
9102, ,0.047686116977144685,1.1895340673703208e-08,None,None,None,None, , , , 
9103, ,0.047686116977144685,1.2750512407130128e-08,None,None,None,None, , , , 
9104, ,0.047686116977144685,1.3667163564620044e-08,None,None,None,None, , , , 
9105, ,0.047686116977144685,1.4649713983072853e-08,None,None,None,None, , , , 
9106, ,0.047686116977144685,1.5702901247293774e-08,None,None,None,None, , , , 
9107, ,0.047686116977144685,1.683180353330955e-08,None,None,None,None, , , , 
9108, ,0.047686116977144685,1.8041864093920717e-08,None,None,None,None, , , , 
9109, ,0.047686116977144685,1.933891750455232e-08,None,None,None,None, , , , 
9110, ,0.047686116977144685,2.0729217795953697e-08,None,None,None,None, , , , 
9111, ,0.047686116977144685,2.221946860939524e-08,None,None,None,None, , , , 
9112, ,0.047686116977144685,2.3816855519761606e-08,None,None,None,None, , , , 
9113, ,0.047686116977144685,2.552908068239516e-08,None,None,None,None, , , , 
9114, ,0.047686116977144685,2.7364399970746666e-08,None,None,None,None, , , , 
9115, ,0.047686116977144685,2.933166278390042e-08,None,None,None,None, , , , 
9116, ,0.047686116977144685,3.1440354715915e-08,None,None,None,None, , , , 
9117, ,0.047686116977144685,3.370064329271925e-08,None,None,None,None, , , , 
9118, ,0.047686116977144685,3.612342699709431e-08,None,None,None,None, , , , 
9119, ,0.047686116977144685,3.872038781812557e-08,None,None,None,None, , , , 
9120, ,0.047686116977144685,4.1504047578504727e-08,None,None,None,None, , , , 
9121, ,0.047686116977144685,4.448782831127585e-08,None,None,None,None, , , , 
9122, ,0.047686116977144685,4.768611697714474e-08,None,None,None,None, , , , 
9123, ,0.047686116977144685,5.111433483440165e-08,None,None,None,None, , , , 
9124, ,0.047686116977144685,5.478901179593934e-08,None,None,None,None, , , , 
9125, ,0.047686116977144685,5.872786613189478e-08,None,None,None,None, , , , 
9126, ,0.047686116977144685,6.294988990221888e-08,None,None,None,None, , , , 
9127, ,0.047686116977144685,6.747544053110687e-08,None,None,None,None, , , , 
9128, ,0.047686116977144685,7.232633896483534e-08,None,None,None,None, , , , 
9129, ,0.047686116977144685,7.752597488629465e-08,None,None,None,None, , , , 
9130, ,0.047686116977144685,8.309941949353386e-08,None,None,None,None, , , , 
9131, ,0.047686116977144685,8.907354638610439e-08,None,None,None,None, , , , 
9132, ,0.047686116977144685,9.547716114208066e-08,None,None,None,None, , , , 
9133, ,0.047686116977144685,1.0234114021054528e-07,None,None,None,None, , , , 
9134, ,0.047686116977144685,1.0969857978923841e-07,None,None,None,None, , , , 
9135, ,0.047686116977144685,1.1758495540521555e-07,None,None,None,None, , , , 
9136, ,0.047686116977144685,1.2603829296797277e-07,None,None,None,None, , , , 
9137, ,0.047686116977144685,1.350993521198025e-07,None,None,None,None, , , , 
9138, ,0.047686116977144685,1.4481182276745328e-07,None,None,None,None, , , , 
9139, ,0.047686116977144685,1.552225357427048e-07,None,None,None,None, , , , 
9140, ,0.047686116977144685,1.6638168860761273e-07,None,None,None,None, , , , 
9141, ,0.047686116977144685,1.7834308769319093e-07,None,None,None,None, , , , 
9142, ,0.047686116977144685,1.9116440753857e-07,None,None,None,None, , , , 
9143, ,0.047686116977144685,2.049074689815846e-07,None,None,None,None, , , , 
9144, ,0.047686116977144685,2.1963853724165468e-07,None,None,None,None, , , , 
9145, ,0.047686116977144685,2.3542864143224158e-07,None,None,None,None, , , , 
9146, ,0.047686116977144685,2.523539170434766e-07,None,None,None,None, , , , 
9147, ,0.047686116977144685,2.7049597304631316e-07,None,None,None,None, , , , 
9148, ,0.047686116977144685,2.899422853882875e-07,None,None,None,None, , , , 
9149, ,0.047686116977144685,3.107866187782014e-07,None,None,None,None, , , , 
9150, ,0.047686116977144685,3.33129478793467e-07,None,None,None,None, , , , 
9151, ,0.047686116977144685,3.5707859649004626e-07,None,None,None,None, , , , 
9152, ,0.047686116977144685,3.827494478516307e-07,None,None,None,None, , , , 
9153, ,0.047686116977144685,4.1026581058271904e-07,None,None,None,None, , , , 
9154, ,0.047686116977144685,4.397603609302722e-07,None,None,None,None, , , , 
9155, ,0.047686116977144685,4.7137531341167185e-07,None,None,None,None, , , , 
9156, ,0.047686116977144685,5.052631065335679e-07,None,None,None,None, , , , 
9157, ,0.047686116977144685,5.415871378079465e-07,None,None,None,None, , , , 
9158, ,0.047686116977144685,5.805225516094896e-07,None,None,None,None, , , , 
9159, ,0.047686116977144685,6.222570836730232e-07,None,None,None,None, , , , 
9160, ,0.047686116977144685,6.669919663030115e-07,None,None,None,None, , , , 
9161, ,0.047686116977144685,7.149428986597576e-07,None,None,None,None, , , , 
9162, ,0.047686116977144685,7.663410868007445e-07,None,None,None,None, , , , 
9163, ,0.047686116977144685,8.214343584919422e-07,None,None,None,None, , , , 
9164, ,0.047686116977144685,8.804883581643463e-07,None,None,None,None, , , , 
9165, ,0.047686116977144685,9.437878277775371e-07,None,None,None,None, , , , 
9166, ,0.047686116977144685,1.0116379797662072e-06,None,None,None,None, , , , 
9167, ,0.047686116977144685,1.0843659686896086e-06,None,None,None,None, , , , 
9168, ,0.047686116977144685,1.1623224686798522e-06,None,None,None,None, , , , 
9169, ,0.047686116977144685,1.2458833642950078e-06,None,None,None,None, , , , 
9170, ,0.047686116977144685,1.3354515629298971e-06,None,None,None,None, , , , 
9171, ,0.047686116977144685,1.4314589375234786e-06,None,None,None,None, , , , 
9172, ,0.047686116977144685,1.53436840893001e-06,None,None,None,None, , , , 
9173, ,0.047686116977144685,1.6446761779946631e-06,None,None,None,None, , , , 
9174, ,0.047686116977144685,1.762914118095948e-06,None,None,None,None, , , , 
9175, ,0.047686116977144685,1.8896523396912082e-06,None,None,None,None, , , , 
9176, ,0.047686116977144685,2.0255019392306664e-06,None,None,None,None, , , , 
9177, ,0.047686116977144685,2.171117945694501e-06,None,None,None,None, , , , 
9178, ,0.047686116977144685,2.327202478960408e-06,None,None,None,None, , , , 
9179, ,0.047686116977144685,2.494508135230317e-06,None,None,None,None, , , , 
9180, ,0.047686116977144685,2.673841615839944e-06,None,None,None,None, , , , 
9181, ,0.047686116977144685,2.8660676169482507e-06,None,None,None,None, , , , 
9182, ,0.047686116977144685,3.0721129988617524e-06,None,None,None,None, , , , 
9183, ,0.047686116977144685,3.292971255097148e-06,None,None,None,None, , , , 
9184, ,0.047686116977144685,3.5297073027306505e-06,None,None,None,None, , , , 
9185, ,0.047686116977144685,3.783462617131925e-06,None,None,None,None, , , , 
9186, ,0.047686116977144685,4.0554607358408275e-06,None,None,None,None, , , , 
9187, ,0.047686116977144685,4.3470131581250175e-06,None,None,None,None, , , , 
9188, ,0.047686116977144685,4.6595256686646765e-06,None,None,None,None, , , , 
9189, ,0.047686116977144685,4.99450511585514e-06,None,None,None,None, , , , 
9190, ,0.047686116977144685,5.353566677410719e-06,None,None,None,None, , , , 
9191, ,0.047686116977144685,5.738441648302393e-06,None,None,None,None, , , , 
9192, ,0.047686116977144685,6.150985788580505e-06,None,None,None,None, , , , 
9193, ,0.047686116977144685,6.593188271333541e-06,None,None,None,None, , , , 
9194, ,0.047686116977144685,7.067181273927492e-06,None,None,None,None, , , , 
9195, ,0.047686116977144685,7.575250258771904e-06,None,None,None,None, , , , 
9196, ,0.047686116977144685,8.119844993184007e-06,None,None,None,None, , , , 
9197, ,0.047686116977144685,8.703591361485167e-06,None,None,None,None, , , , 
9198, ,0.047686116977144685,9.329304026284676e-06,None,None,None,None, , , , 
9199, ,0.047686116977144685,1e-05,None,None,None,None, , , , 
9200, ,0.049370478528390035,1e-11,None,None,None,None, , , , 
9201, ,0.049370478528390035,1.0718913192051263e-11,None,None,None,None, , , , 
9202, ,0.049370478528390035,1.1489510001873107e-11,None,None,None,None, , , , 
9203, ,0.049370478528390035,1.2315506032928262e-11,None,None,None,None, , , , 
9204, ,0.049370478528390035,1.3200884008314167e-11,None,None,None,None, , , , 
9205, ,0.049370478528390035,1.4149912974345786e-11,None,None,None,None, , , , 
9206, ,0.049370478528390035,1.5167168884709242e-11,None,None,None,None, , , , 
9207, ,0.049370478528390035,1.6257556664437934e-11,None,None,None,None, , , , 
9208, ,0.049370478528390035,1.7426333860096473e-11,None,None,None,None, , , , 
9209, ,0.049370478528390035,1.8679135990207848e-11,None,None,None,None, , , , 
9210, ,0.049370478528390035,2.0022003718155844e-11,None,None,None,None, , , , 
9211, ,0.049370478528390035,2.1461411978584013e-11,None,None,None,None, , , , 
9212, ,0.049370478528390035,2.300430119772921e-11,None,None,None,None, , , , 
9213, ,0.049370478528390035,2.465811075822604e-11,None,None,None,None, , , , 
9214, ,0.049370478528390035,2.643081486974103e-11,None,None,None,None, , , , 
9215, ,0.049370478528390035,2.8330961018393178e-11,None,None,None,None, , , , 
9216, ,0.049370478528390035,3.036771118035461e-11,None,None,None,None, , , , 
9217, ,0.049370478528390035,3.255088599835057e-11,None,None,None,None, , , , 
9218, ,0.049370478528390035,3.4891012134067674e-11,None,None,None,None, , , , 
9219, ,0.049370478528390035,3.739937302478801e-11,None,None,None,None, , , , 
9220, ,0.049370478528390035,4.0088063288984646e-11,None,None,None,None, , , , 
9221, ,0.049370478528390035,4.297004704320835e-11,None,None,None,None, , , , 
9222, ,0.049370478528390035,4.605922041145113e-11,None,None,None,None, , , , 
9223, ,0.049370478528390035,4.937047852839004e-11,None,None,None,None, , , , 
9224, ,0.049370478528390035,5.2919787359584366e-11,None,None,None,None, , , , 
9225, ,0.049370478528390035,5.672426068491989e-11,None,None,None,None, , , , 
9226, ,0.049370478528390035,6.080224261649427e-11,None,None,None,None, , , , 
9227, ,0.049370478528390035,6.517339604882421e-11,None,None,None,None, , , , 
9228, ,0.049370478528390035,6.985879746785235e-11,None,None,None,None, , , , 
9229, ,0.049370478528390035,7.48810385759003e-11,None,None,None,None, , , , 
9230, ,0.049370478528390035,8.026433522257174e-11,None,None,None,None, , , , 
9231, ,0.049370478528390035,8.603464416684492e-11,None,None,None,None, , , , 
9232, ,0.049370478528390035,9.221978823334341e-11,None,None,None,None, , , , 
9233, ,0.049370478528390035,9.884959046625586e-11,None,None,None,None, , , , 
9234, ,0.049370478528390035,1.0595601792776149e-10,None,None,None,None, , , , 
9235, ,0.049370478528390035,1.1357333583431027e-10,None,None,None,None, , , , 
9236, ,0.049370478528390035,1.217382727739662e-10,None,None,None,None, , , , 
9237, ,0.049370478528390035,1.3049019780144016e-10,None,None,None,None, , , , 
9238, ,0.049370478528390035,1.398713102647236e-10,None,None,None,None, , , , 
9239, ,0.049370478528390035,1.4992684327860468e-10,None,None,None,None, , , , 
9240, ,0.049370478528390035,1.6070528182616384e-10,None,None,None,None, , , , 
9241, ,0.049370478528390035,1.722585965398784e-10,None,None,None,None, , , , 
9242, ,0.049370478528390035,1.8464249428955463e-10,None,None,None,None, , , , 
9243, ,0.049370478528390035,1.9791668678535569e-10,None,None,None,None, , , , 
9244, ,0.049370478528390035,2.121451784910628e-10,None,None,None,None, , , , 
9245, ,0.049370478528390035,2.273965752357932e-10,None,None,None,None, , , , 
9246, ,0.049370478528390035,2.4374441501222216e-10,None,None,None,None, , , , 
9247, ,0.049370478528390035,2.6126752255633265e-10,None,None,None,None, , , , 
9248, ,0.049370478528390035,2.8005038941836253e-10,None,None,None,None, , , , 
9249, ,0.049370478528390035,3.0018358135755917e-10,None,None,None,None, , , , 
9250, ,0.049370478528390035,3.2176417502507347e-10,None,None,None,None, , , , 
9251, ,0.049370478528390035,3.4489622604057533e-10,None,None,None,None, , , , 
9252, ,0.049370478528390035,3.696912707195032e-10,None,None,None,None, , , , 
9253, ,0.049370478528390035,3.9626886387014783e-10,None,None,None,None, , , , 
9254, ,0.049370478528390035,4.2475715525368935e-10,None,None,None,None, , , , 
9255, ,0.049370478528390035,4.552935074866938e-10,None,None,None,None, , , , 
9256, ,0.049370478528390035,4.880251583654433e-10,None,None,None,None, , , , 
9257, ,0.049370478528390035,5.231099308056258e-10,None,None,None,None, , , , 
9258, ,0.049370478528390035,5.60716993820547e-10,None,None,None,None, , , , 
9259, ,0.049370478528390035,6.010276782070387e-10,None,None,None,None, , , , 
9260, ,0.049370478528390035,6.442363508721371e-10,None,None,None,None, , , , 
9261, ,0.049370478528390035,6.905513520162316e-10,None,None,None,None, , , , 
9262, ,0.049370478528390035,7.401959996915653e-10,None,None,None,None, , , , 
9263, ,0.049370478528390035,7.934096665797492e-10,None,None,None,None, , , , 
9264, ,0.049370478528390035,8.504489341802668e-10,None,None,None,None, , , , 
9265, ,0.049370478528390035,9.115888299750837e-10,None,None,None,None, , , , 
9266, ,0.049370478528390035,9.771241535346502e-10,None,None,None,None, , , , 
9267, ,0.049370478528390035,1.0473708979594486e-09,None,None,None,None, , , , 
9268, ,0.049370478528390035,1.1226677735108114e-09,None,None,None,None, , , , 
9269, ,0.049370478528390035,1.2033778407775904e-09,None,None,None,None, , , , 
9270, ,0.049370478528390035,1.289890261253308e-09,None,None,None,None, , , , 
9271, ,0.049370478528390035,1.3826221737646535e-09,None,None,None,None, , , , 
9272, ,0.049370478528390035,1.4820207057988602e-09,None,None,None,None, , , , 
9273, ,0.049370478528390035,1.5885651294280526e-09,None,None,None,None, , , , 
9274, ,0.049370478528390035,1.702769172225898e-09,None,None,None,None, , , , 
9275, ,0.049370478528390035,1.825183494319039e-09,None,None,None,None, , , , 
9276, ,0.049370478528390035,1.956398343517065e-09,None,None,None,None, , , , 
9277, ,0.049370478528390035,2.0970464013232305e-09,None,None,None,None, , , , 
9278, ,0.049370478528390035,2.2478058335487307e-09,None,None,None,None, , , , 
9279, ,0.049370478528390035,2.409403560239527e-09,None,None,None,None, , , , 
9280, ,0.049370478528390035,2.582618760682675e-09,None,None,None,None, , , , 
9281, ,0.049370478528390035,2.768286630392061e-09,None,None,None,None, , , , 
9282, ,0.049370478528390035,2.9673024081888724e-09,None,None,None,None, , , , 
9283, ,0.049370478528390035,3.180625692794119e-09,None,None,None,None, , , , 
9284, ,0.049370478528390035,3.409285069746807e-09,None,None,None,None, , , , 
9285, ,0.049370478528390035,3.654383070957262e-09,None,None,None,None, , , , 
9286, ,0.049370478528390035,3.917101490809261e-09,None,None,None,None, , , , 
9287, ,0.049370478528390035,4.198707084443906e-09,None,None,None,None, , , , 
9288, ,0.049370478528390035,4.500557675700488e-09,None,None,None,None, , , , 
9289, ,0.049370478528390035,4.824108704165374e-09,None,None,None,None, , , , 
9290, ,0.049370478528390035,5.170920242896755e-09,None,None,None,None, , , , 
9291, ,0.049370478528390035,5.542664520663096e-09,None,None,None,None, , , , 
9292, ,0.049370478528390035,5.941133984965041e-09,None,None,None,None, , , , 
9293, ,0.049370478528390035,6.3682499447185856e-09,None,None,None,None, , , , 
9294, ,0.049370478528390035,6.826071834272379e-09,None,None,None,None, , , , 
9295, ,0.049370478528390035,7.316807143427175e-09,None,None,None,None, , , , 
9296, ,0.049370478528390035,7.842822061337681e-09,None,None,None,None, , , , 
9297, ,0.049370478528390035,8.406652885618316e-09,None,None,None,None, , , , 
9298, ,0.049370478528390035,9.011018251665036e-09,None,None,None,None, , , , 
9299, ,0.049370478528390035,9.658832241158707e-09,None,None,None,None, , , , 
9300, ,0.049370478528390035,1.0353218432956616e-08,None,None,None,None, , , , 
9301, ,0.049370478528390035,1.1097524964120722e-08,None,None,None,None, , , , 
9302, ,0.049370478528390035,1.1895340673703208e-08,None,None,None,None, , , , 
9303, ,0.049370478528390035,1.2750512407130128e-08,None,None,None,None, , , , 
9304, ,0.049370478528390035,1.3667163564620044e-08,None,None,None,None, , , , 
9305, ,0.049370478528390035,1.4649713983072853e-08,None,None,None,None, , , , 
9306, ,0.049370478528390035,1.5702901247293774e-08,None,None,None,None, , , , 
9307, ,0.049370478528390035,1.683180353330955e-08,None,None,None,None, , , , 
9308, ,0.049370478528390035,1.8041864093920717e-08,None,None,None,None, , , , 
9309, ,0.049370478528390035,1.933891750455232e-08,None,None,None,None, , , , 
9310, ,0.049370478528390035,2.0729217795953697e-08,None,None,None,None, , , , 
9311, ,0.049370478528390035,2.221946860939524e-08,None,None,None,None, , , , 
9312, ,0.049370478528390035,2.3816855519761606e-08,None,None,None,None, , , , 
9313, ,0.049370478528390035,2.552908068239516e-08,None,None,None,None, , , , 
9314, ,0.049370478528390035,2.7364399970746666e-08,None,None,None,None, , , , 
9315, ,0.049370478528390035,2.933166278390042e-08,None,None,None,None, , , , 
9316, ,0.049370478528390035,3.1440354715915e-08,None,None,None,None, , , , 
9317, ,0.049370478528390035,3.370064329271925e-08,None,None,None,None, , , , 
9318, ,0.049370478528390035,3.612342699709431e-08,None,None,None,None, , , , 
9319, ,0.049370478528390035,3.872038781812557e-08,None,None,None,None, , , , 
9320, ,0.049370478528390035,4.1504047578504727e-08,None,None,None,None, , , , 
9321, ,0.049370478528390035,4.448782831127585e-08,None,None,None,None, , , , 
9322, ,0.049370478528390035,4.768611697714474e-08,None,None,None,None, , , , 
9323, ,0.049370478528390035,5.111433483440165e-08,None,None,None,None, , , , 
9324, ,0.049370478528390035,5.478901179593934e-08,None,None,None,None, , , , 
9325, ,0.049370478528390035,5.872786613189478e-08,None,None,None,None, , , , 
9326, ,0.049370478528390035,6.294988990221888e-08,None,None,None,None, , , , 
9327, ,0.049370478528390035,6.747544053110687e-08,None,None,None,None, , , , 
9328, ,0.049370478528390035,7.232633896483534e-08,None,None,None,None, , , , 
9329, ,0.049370478528390035,7.752597488629465e-08,None,None,None,None, , , , 
9330, ,0.049370478528390035,8.309941949353386e-08,None,None,None,None, , , , 
9331, ,0.049370478528390035,8.907354638610439e-08,None,None,None,None, , , , 
9332, ,0.049370478528390035,9.547716114208066e-08,None,None,None,None, , , , 
9333, ,0.049370478528390035,1.0234114021054528e-07,None,None,None,None, , , , 
9334, ,0.049370478528390035,1.0969857978923841e-07,None,None,None,None, , , , 
9335, ,0.049370478528390035,1.1758495540521555e-07,None,None,None,None, , , , 
9336, ,0.049370478528390035,1.2603829296797277e-07,None,None,None,None, , , , 
9337, ,0.049370478528390035,1.350993521198025e-07,None,None,None,None, , , , 
9338, ,0.049370478528390035,1.4481182276745328e-07,None,None,None,None, , , , 
9339, ,0.049370478528390035,1.552225357427048e-07,None,None,None,None, , , , 
9340, ,0.049370478528390035,1.6638168860761273e-07,None,None,None,None, , , , 
9341, ,0.049370478528390035,1.7834308769319093e-07,None,None,None,None, , , , 
9342, ,0.049370478528390035,1.9116440753857e-07,None,None,None,None, , , , 
9343, ,0.049370478528390035,2.049074689815846e-07,None,None,None,None, , , , 
9344, ,0.049370478528390035,2.1963853724165468e-07,None,None,None,None, , , , 
9345, ,0.049370478528390035,2.3542864143224158e-07,None,None,None,None, , , , 
9346, ,0.049370478528390035,2.523539170434766e-07,None,None,None,None, , , , 
9347, ,0.049370478528390035,2.7049597304631316e-07,None,None,None,None, , , , 
9348, ,0.049370478528390035,2.899422853882875e-07,None,None,None,None, , , , 
9349, ,0.049370478528390035,3.107866187782014e-07,None,None,None,None, , , , 
9350, ,0.049370478528390035,3.33129478793467e-07,None,None,None,None, , , , 
9351, ,0.049370478528390035,3.5707859649004626e-07,None,None,None,None, , , , 
9352, ,0.049370478528390035,3.827494478516307e-07,None,None,None,None, , , , 
9353, ,0.049370478528390035,4.1026581058271904e-07,None,None,None,None, , , , 
9354, ,0.049370478528390035,4.397603609302722e-07,None,None,None,None, , , , 
9355, ,0.049370478528390035,4.7137531341167185e-07,None,None,None,None, , , , 
9356, ,0.049370478528390035,5.052631065335679e-07,None,None,None,None, , , , 
9357, ,0.049370478528390035,5.415871378079465e-07,None,None,None,None, , , , 
9358, ,0.049370478528390035,5.805225516094896e-07,None,None,None,None, , , , 
9359, ,0.049370478528390035,6.222570836730232e-07,None,None,None,None, , , , 
9360, ,0.049370478528390035,6.669919663030115e-07,None,None,None,None, , , , 
9361, ,0.049370478528390035,7.149428986597576e-07,None,None,None,None, , , , 
9362, ,0.049370478528390035,7.663410868007445e-07,None,None,None,None, , , , 
9363, ,0.049370478528390035,8.214343584919422e-07,None,None,None,None, , , , 
9364, ,0.049370478528390035,8.804883581643463e-07,None,None,None,None, , , , 
9365, ,0.049370478528390035,9.437878277775371e-07,None,None,None,None, , , , 
9366, ,0.049370478528390035,1.0116379797662072e-06,None,None,None,None, , , , 
9367, ,0.049370478528390035,1.0843659686896086e-06,None,None,None,None, , , , 
9368, ,0.049370478528390035,1.1623224686798522e-06,None,None,None,None, , , , 
9369, ,0.049370478528390035,1.2458833642950078e-06,None,None,None,None, , , , 
9370, ,0.049370478528390035,1.3354515629298971e-06,None,None,None,None, , , , 
9371, ,0.049370478528390035,1.4314589375234786e-06,None,None,None,None, , , , 
9372, ,0.049370478528390035,1.53436840893001e-06,None,None,None,None, , , , 
9373, ,0.049370478528390035,1.6446761779946631e-06,None,None,None,None, , , , 
9374, ,0.049370478528390035,1.762914118095948e-06,None,None,None,None, , , , 
9375, ,0.049370478528390035,1.8896523396912082e-06,None,None,None,None, , , , 
9376, ,0.049370478528390035,2.0255019392306664e-06,None,None,None,None, , , , 
9377, ,0.049370478528390035,2.171117945694501e-06,None,None,None,None, , , , 
9378, ,0.049370478528390035,2.327202478960408e-06,None,None,None,None, , , , 
9379, ,0.049370478528390035,2.494508135230317e-06,None,None,None,None, , , , 
9380, ,0.049370478528390035,2.673841615839944e-06,None,None,None,None, , , , 
9381, ,0.049370478528390035,2.8660676169482507e-06,None,None,None,None, , , , 
9382, ,0.049370478528390035,3.0721129988617524e-06,None,None,None,None, , , , 
9383, ,0.049370478528390035,3.292971255097148e-06,None,None,None,None, , , , 
9384, ,0.049370478528390035,3.5297073027306505e-06,None,None,None,None, , , , 
9385, ,0.049370478528390035,3.783462617131925e-06,None,None,None,None, , , , 
9386, ,0.049370478528390035,4.0554607358408275e-06,None,None,None,None, , , , 
9387, ,0.049370478528390035,4.3470131581250175e-06,None,None,None,None, , , , 
9388, ,0.049370478528390035,4.6595256686646765e-06,None,None,None,None, , , , 
9389, ,0.049370478528390035,4.99450511585514e-06,None,None,None,None, , , , 
9390, ,0.049370478528390035,5.353566677410719e-06,None,None,None,None, , , , 
9391, ,0.049370478528390035,5.738441648302393e-06,None,None,None,None, , , , 
9392, ,0.049370478528390035,6.150985788580505e-06,None,None,None,None, , , , 
9393, ,0.049370478528390035,6.593188271333541e-06,None,None,None,None, , , , 
9394, ,0.049370478528390035,7.067181273927492e-06,None,None,None,None, , , , 
9395, ,0.049370478528390035,7.575250258771904e-06,None,None,None,None, , , , 
9396, ,0.049370478528390035,8.119844993184007e-06,None,None,None,None, , , , 
9397, ,0.049370478528390035,8.703591361485167e-06,None,None,None,None, , , , 
9398, ,0.049370478528390035,9.329304026284676e-06,None,None,None,None, , , , 
9399, ,0.049370478528390035,1e-05,None,None,None,None, , , , 
9400, ,0.051114334834401656,1e-11,None,None,None,None, , , , 
9401, ,0.051114334834401656,1.0718913192051263e-11,None,None,None,None, , , , 
9402, ,0.051114334834401656,1.1489510001873107e-11,None,None,None,None, , , , 
9403, ,0.051114334834401656,1.2315506032928262e-11,None,None,None,None, , , , 
9404, ,0.051114334834401656,1.3200884008314167e-11,None,None,None,None, , , , 
9405, ,0.051114334834401656,1.4149912974345786e-11,None,None,None,None, , , , 
9406, ,0.051114334834401656,1.5167168884709242e-11,None,None,None,None, , , , 
9407, ,0.051114334834401656,1.6257556664437934e-11,None,None,None,None, , , , 
9408, ,0.051114334834401656,1.7426333860096473e-11,None,None,None,None, , , , 
9409, ,0.051114334834401656,1.8679135990207848e-11,None,None,None,None, , , , 
9410, ,0.051114334834401656,2.0022003718155844e-11,None,None,None,None, , , , 
9411, ,0.051114334834401656,2.1461411978584013e-11,None,None,None,None, , , , 
9412, ,0.051114334834401656,2.300430119772921e-11,None,None,None,None, , , , 
9413, ,0.051114334834401656,2.465811075822604e-11,None,None,None,None, , , , 
9414, ,0.051114334834401656,2.643081486974103e-11,None,None,None,None, , , , 
9415, ,0.051114334834401656,2.8330961018393178e-11,None,None,None,None, , , , 
9416, ,0.051114334834401656,3.036771118035461e-11,None,None,None,None, , , , 
9417, ,0.051114334834401656,3.255088599835057e-11,None,None,None,None, , , , 
9418, ,0.051114334834401656,3.4891012134067674e-11,None,None,None,None, , , , 
9419, ,0.051114334834401656,3.739937302478801e-11,None,None,None,None, , , , 
9420, ,0.051114334834401656,4.0088063288984646e-11,None,None,None,None, , , , 
9421, ,0.051114334834401656,4.297004704320835e-11,None,None,None,None, , , , 
9422, ,0.051114334834401656,4.605922041145113e-11,None,None,None,None, , , , 
9423, ,0.051114334834401656,4.937047852839004e-11,None,None,None,None, , , , 
9424, ,0.051114334834401656,5.2919787359584366e-11,None,None,None,None, , , , 
9425, ,0.051114334834401656,5.672426068491989e-11,None,None,None,None, , , , 
9426, ,0.051114334834401656,6.080224261649427e-11,None,None,None,None, , , , 
9427, ,0.051114334834401656,6.517339604882421e-11,None,None,None,None, , , , 
9428, ,0.051114334834401656,6.985879746785235e-11,None,None,None,None, , , , 
9429, ,0.051114334834401656,7.48810385759003e-11,None,None,None,None, , , , 
9430, ,0.051114334834401656,8.026433522257174e-11,None,None,None,None, , , , 
9431, ,0.051114334834401656,8.603464416684492e-11,None,None,None,None, , , , 
9432, ,0.051114334834401656,9.221978823334341e-11,None,None,None,None, , , , 
9433, ,0.051114334834401656,9.884959046625586e-11,None,None,None,None, , , , 
9434, ,0.051114334834401656,1.0595601792776149e-10,None,None,None,None, , , , 
9435, ,0.051114334834401656,1.1357333583431027e-10,None,None,None,None, , , , 
9436, ,0.051114334834401656,1.217382727739662e-10,None,None,None,None, , , , 
9437, ,0.051114334834401656,1.3049019780144016e-10,None,None,None,None, , , , 
9438, ,0.051114334834401656,1.398713102647236e-10,None,None,None,None, , , , 
9439, ,0.051114334834401656,1.4992684327860468e-10,None,None,None,None, , , , 
9440, ,0.051114334834401656,1.6070528182616384e-10,None,None,None,None, , , , 
9441, ,0.051114334834401656,1.722585965398784e-10,None,None,None,None, , , , 
9442, ,0.051114334834401656,1.8464249428955463e-10,None,None,None,None, , , , 
9443, ,0.051114334834401656,1.9791668678535569e-10,None,None,None,None, , , , 
9444, ,0.051114334834401656,2.121451784910628e-10,None,None,None,None, , , , 
9445, ,0.051114334834401656,2.273965752357932e-10,None,None,None,None, , , , 
9446, ,0.051114334834401656,2.4374441501222216e-10,None,None,None,None, , , , 
9447, ,0.051114334834401656,2.6126752255633265e-10,None,None,None,None, , , , 
9448, ,0.051114334834401656,2.8005038941836253e-10,None,None,None,None, , , , 
9449, ,0.051114334834401656,3.0018358135755917e-10,None,None,None,None, , , , 
9450, ,0.051114334834401656,3.2176417502507347e-10,None,None,None,None, , , , 
9451, ,0.051114334834401656,3.4489622604057533e-10,None,None,None,None, , , , 
9452, ,0.051114334834401656,3.696912707195032e-10,None,None,None,None, , , , 
9453, ,0.051114334834401656,3.9626886387014783e-10,None,None,None,None, , , , 
9454, ,0.051114334834401656,4.2475715525368935e-10,None,None,None,None, , , , 
9455, ,0.051114334834401656,4.552935074866938e-10,None,None,None,None, , , , 
9456, ,0.051114334834401656,4.880251583654433e-10,None,None,None,None, , , , 
9457, ,0.051114334834401656,5.231099308056258e-10,None,None,None,None, , , , 
9458, ,0.051114334834401656,5.60716993820547e-10,None,None,None,None, , , , 
9459, ,0.051114334834401656,6.010276782070387e-10,None,None,None,None, , , , 
9460, ,0.051114334834401656,6.442363508721371e-10,None,None,None,None, , , , 
9461, ,0.051114334834401656,6.905513520162316e-10,None,None,None,None, , , , 
9462, ,0.051114334834401656,7.401959996915653e-10,None,None,None,None, , , , 
9463, ,0.051114334834401656,7.934096665797492e-10,None,None,None,None, , , , 
9464, ,0.051114334834401656,8.504489341802668e-10,None,None,None,None, , , , 
9465, ,0.051114334834401656,9.115888299750837e-10,None,None,None,None, , , , 
9466, ,0.051114334834401656,9.771241535346502e-10,None,None,None,None, , , , 
9467, ,0.051114334834401656,1.0473708979594486e-09,None,None,None,None, , , , 
9468, ,0.051114334834401656,1.1226677735108114e-09,None,None,None,None, , , , 
9469, ,0.051114334834401656,1.2033778407775904e-09,None,None,None,None, , , , 
9470, ,0.051114334834401656,1.289890261253308e-09,None,None,None,None, , , , 
9471, ,0.051114334834401656,1.3826221737646535e-09,None,None,None,None, , , , 
9472, ,0.051114334834401656,1.4820207057988602e-09,None,None,None,None, , , , 
9473, ,0.051114334834401656,1.5885651294280526e-09,None,None,None,None, , , , 
9474, ,0.051114334834401656,1.702769172225898e-09,None,None,None,None, , , , 
9475, ,0.051114334834401656,1.825183494319039e-09,None,None,None,None, , , , 
9476, ,0.051114334834401656,1.956398343517065e-09,None,None,None,None, , , , 
9477, ,0.051114334834401656,2.0970464013232305e-09,None,None,None,None, , , , 
9478, ,0.051114334834401656,2.2478058335487307e-09,None,None,None,None, , , , 
9479, ,0.051114334834401656,2.409403560239527e-09,None,None,None,None, , , , 
9480, ,0.051114334834401656,2.582618760682675e-09,None,None,None,None, , , , 
9481, ,0.051114334834401656,2.768286630392061e-09,None,None,None,None, , , , 
9482, ,0.051114334834401656,2.9673024081888724e-09,None,None,None,None, , , , 
9483, ,0.051114334834401656,3.180625692794119e-09,None,None,None,None, , , , 
9484, ,0.051114334834401656,3.409285069746807e-09,None,None,None,None, , , , 
9485, ,0.051114334834401656,3.654383070957262e-09,None,None,None,None, , , , 
9486, ,0.051114334834401656,3.917101490809261e-09,None,None,None,None, , , , 
9487, ,0.051114334834401656,4.198707084443906e-09,None,None,None,None, , , , 
9488, ,0.051114334834401656,4.500557675700488e-09,None,None,None,None, , , , 
9489, ,0.051114334834401656,4.824108704165374e-09,None,None,None,None, , , , 
9490, ,0.051114334834401656,5.170920242896755e-09,None,None,None,None, , , , 
9491, ,0.051114334834401656,5.542664520663096e-09,None,None,None,None, , , , 
9492, ,0.051114334834401656,5.941133984965041e-09,None,None,None,None, , , , 
9493, ,0.051114334834401656,6.3682499447185856e-09,None,None,None,None, , , , 
9494, ,0.051114334834401656,6.826071834272379e-09,None,None,None,None, , , , 
9495, ,0.051114334834401656,7.316807143427175e-09,None,None,None,None, , , , 
9496, ,0.051114334834401656,7.842822061337681e-09,None,None,None,None, , , , 
9497, ,0.051114334834401656,8.406652885618316e-09,None,None,None,None, , , , 
9498, ,0.051114334834401656,9.011018251665036e-09,None,None,None,None, , , , 
9499, ,0.051114334834401656,9.658832241158707e-09,None,None,None,None, , , , 
9500, ,0.051114334834401656,1.0353218432956616e-08,None,None,None,None, , , , 
9501, ,0.051114334834401656,1.1097524964120722e-08,None,None,None,None, , , , 
9502, ,0.051114334834401656,1.1895340673703208e-08,None,None,None,None, , , , 
9503, ,0.051114334834401656,1.2750512407130128e-08,None,None,None,None, , , , 
9504, ,0.051114334834401656,1.3667163564620044e-08,None,None,None,None, , , , 
9505, ,0.051114334834401656,1.4649713983072853e-08,None,None,None,None, , , , 
9506, ,0.051114334834401656,1.5702901247293774e-08,None,None,None,None, , , , 
9507, ,0.051114334834401656,1.683180353330955e-08,None,None,None,None, , , , 
9508, ,0.051114334834401656,1.8041864093920717e-08,None,None,None,None, , , , 
9509, ,0.051114334834401656,1.933891750455232e-08,None,None,None,None, , , , 
9510, ,0.051114334834401656,2.0729217795953697e-08,None,None,None,None, , , , 
9511, ,0.051114334834401656,2.221946860939524e-08,None,None,None,None, , , , 
9512, ,0.051114334834401656,2.3816855519761606e-08,None,None,None,None, , , , 
9513, ,0.051114334834401656,2.552908068239516e-08,None,None,None,None, , , , 
9514, ,0.051114334834401656,2.7364399970746666e-08,None,None,None,None, , , , 
9515, ,0.051114334834401656,2.933166278390042e-08,None,None,None,None, , , , 
9516, ,0.051114334834401656,3.1440354715915e-08,None,None,None,None, , , , 
9517, ,0.051114334834401656,3.370064329271925e-08,None,None,None,None, , , , 
9518, ,0.051114334834401656,3.612342699709431e-08,None,None,None,None, , , , 
9519, ,0.051114334834401656,3.872038781812557e-08,None,None,None,None, , , , 
9520, ,0.051114334834401656,4.1504047578504727e-08,None,None,None,None, , , , 
9521, ,0.051114334834401656,4.448782831127585e-08,None,None,None,None, , , , 
9522, ,0.051114334834401656,4.768611697714474e-08,None,None,None,None, , , , 
9523, ,0.051114334834401656,5.111433483440165e-08,None,None,None,None, , , , 
9524, ,0.051114334834401656,5.478901179593934e-08,None,None,None,None, , , , 
9525, ,0.051114334834401656,5.872786613189478e-08,None,None,None,None, , , , 
9526, ,0.051114334834401656,6.294988990221888e-08,None,None,None,None, , , , 
9527, ,0.051114334834401656,6.747544053110687e-08,None,None,None,None, , , , 
9528, ,0.051114334834401656,7.232633896483534e-08,None,None,None,None, , , , 
9529, ,0.051114334834401656,7.752597488629465e-08,None,None,None,None, , , , 
9530, ,0.051114334834401656,8.309941949353386e-08,None,None,None,None, , , , 
9531, ,0.051114334834401656,8.907354638610439e-08,None,None,None,None, , , , 
9532, ,0.051114334834401656,9.547716114208066e-08,None,None,None,None, , , , 
9533, ,0.051114334834401656,1.0234114021054528e-07,None,None,None,None, , , , 
9534, ,0.051114334834401656,1.0969857978923841e-07,None,None,None,None, , , , 
9535, ,0.051114334834401656,1.1758495540521555e-07,None,None,None,None, , , , 
9536, ,0.051114334834401656,1.2603829296797277e-07,None,None,None,None, , , , 
9537, ,0.051114334834401656,1.350993521198025e-07,None,None,None,None, , , , 
9538, ,0.051114334834401656,1.4481182276745328e-07,None,None,None,None, , , , 
9539, ,0.051114334834401656,1.552225357427048e-07,None,None,None,None, , , , 
9540, ,0.051114334834401656,1.6638168860761273e-07,None,None,None,None, , , , 
9541, ,0.051114334834401656,1.7834308769319093e-07,None,None,None,None, , , , 
9542, ,0.051114334834401656,1.9116440753857e-07,None,None,None,None, , , , 
9543, ,0.051114334834401656,2.049074689815846e-07,None,None,None,None, , , , 
9544, ,0.051114334834401656,2.1963853724165468e-07,None,None,None,None, , , , 
9545, ,0.051114334834401656,2.3542864143224158e-07,None,None,None,None, , , , 
9546, ,0.051114334834401656,2.523539170434766e-07,None,None,None,None, , , , 
9547, ,0.051114334834401656,2.7049597304631316e-07,None,None,None,None, , , , 
9548, ,0.051114334834401656,2.899422853882875e-07,None,None,None,None, , , , 
9549, ,0.051114334834401656,3.107866187782014e-07,None,None,None,None, , , , 
9550, ,0.051114334834401656,3.33129478793467e-07,None,None,None,None, , , , 
9551, ,0.051114334834401656,3.5707859649004626e-07,None,None,None,None, , , , 
9552, ,0.051114334834401656,3.827494478516307e-07,None,None,None,None, , , , 
9553, ,0.051114334834401656,4.1026581058271904e-07,None,None,None,None, , , , 
9554, ,0.051114334834401656,4.397603609302722e-07,None,None,None,None, , , , 
9555, ,0.051114334834401656,4.7137531341167185e-07,None,None,None,None, , , , 
9556, ,0.051114334834401656,5.052631065335679e-07,None,None,None,None, , , , 
9557, ,0.051114334834401656,5.415871378079465e-07,None,None,None,None, , , , 
9558, ,0.051114334834401656,5.805225516094896e-07,None,None,None,None, , , , 
9559, ,0.051114334834401656,6.222570836730232e-07,None,None,None,None, , , , 
9560, ,0.051114334834401656,6.669919663030115e-07,None,None,None,None, , , , 
9561, ,0.051114334834401656,7.149428986597576e-07,None,None,None,None, , , , 
9562, ,0.051114334834401656,7.663410868007445e-07,None,None,None,None, , , , 
9563, ,0.051114334834401656,8.214343584919422e-07,None,None,None,None, , , , 
9564, ,0.051114334834401656,8.804883581643463e-07,None,None,None,None, , , , 
9565, ,0.051114334834401656,9.437878277775371e-07,None,None,None,None, , , , 
9566, ,0.051114334834401656,1.0116379797662072e-06,None,None,None,None, , , , 
9567, ,0.051114334834401656,1.0843659686896086e-06,None,None,None,None, , , , 
9568, ,0.051114334834401656,1.1623224686798522e-06,None,None,None,None, , , , 
9569, ,0.051114334834401656,1.2458833642950078e-06,None,None,None,None, , , , 
9570, ,0.051114334834401656,1.3354515629298971e-06,None,None,None,None, , , , 
9571, ,0.051114334834401656,1.4314589375234786e-06,None,None,None,None, , , , 
9572, ,0.051114334834401656,1.53436840893001e-06,None,None,None,None, , , , 
9573, ,0.051114334834401656,1.6446761779946631e-06,None,None,None,None, , , , 
9574, ,0.051114334834401656,1.762914118095948e-06,None,None,None,None, , , , 
9575, ,0.051114334834401656,1.8896523396912082e-06,None,None,None,None, , , , 
9576, ,0.051114334834401656,2.0255019392306664e-06,None,None,None,None, , , , 
9577, ,0.051114334834401656,2.171117945694501e-06,None,None,None,None, , , , 
9578, ,0.051114334834401656,2.327202478960408e-06,None,None,None,None, , , , 
9579, ,0.051114334834401656,2.494508135230317e-06,None,None,None,None, , , , 
9580, ,0.051114334834401656,2.673841615839944e-06,None,None,None,None, , , , 
9581, ,0.051114334834401656,2.8660676169482507e-06,None,None,None,None, , , , 
9582, ,0.051114334834401656,3.0721129988617524e-06,None,None,None,None, , , , 
9583, ,0.051114334834401656,3.292971255097148e-06,None,None,None,None, , , , 
9584, ,0.051114334834401656,3.5297073027306505e-06,None,None,None,None, , , , 
9585, ,0.051114334834401656,3.783462617131925e-06,None,None,None,None, , , , 
9586, ,0.051114334834401656,4.0554607358408275e-06,None,None,None,None, , , , 
9587, ,0.051114334834401656,4.3470131581250175e-06,None,None,None,None, , , , 
9588, ,0.051114334834401656,4.6595256686646765e-06,None,None,None,None, , , , 
9589, ,0.051114334834401656,4.99450511585514e-06,None,None,None,None, , , , 
9590, ,0.051114334834401656,5.353566677410719e-06,None,None,None,None, , , , 
9591, ,0.051114334834401656,5.738441648302393e-06,None,None,None,None, , , , 
9592, ,0.051114334834401656,6.150985788580505e-06,None,None,None,None, , , , 
9593, ,0.051114334834401656,6.593188271333541e-06,None,None,None,None, , , , 
9594, ,0.051114334834401656,7.067181273927492e-06,None,None,None,None, , , , 
9595, ,0.051114334834401656,7.575250258771904e-06,None,None,None,None, , , , 
9596, ,0.051114334834401656,8.119844993184007e-06,None,None,None,None, , , , 
9597, ,0.051114334834401656,8.703591361485167e-06,None,None,None,None, , , , 
9598, ,0.051114334834401656,9.329304026284676e-06,None,None,None,None, , , , 
9599, ,0.051114334834401656,1e-05,None,None,None,None, , , , 
9600, ,0.05291978735958442,1e-11,None,None,None,None, , , , 
9601, ,0.05291978735958442,1.0718913192051263e-11,None,None,None,None, , , , 
9602, ,0.05291978735958442,1.1489510001873107e-11,None,None,None,None, , , , 
9603, ,0.05291978735958442,1.2315506032928262e-11,None,None,None,None, , , , 
9604, ,0.05291978735958442,1.3200884008314167e-11,None,None,None,None, , , , 
9605, ,0.05291978735958442,1.4149912974345786e-11,None,None,None,None, , , , 
9606, ,0.05291978735958442,1.5167168884709242e-11,None,None,None,None, , , , 
9607, ,0.05291978735958442,1.6257556664437934e-11,None,None,None,None, , , , 
9608, ,0.05291978735958442,1.7426333860096473e-11,None,None,None,None, , , , 
9609, ,0.05291978735958442,1.8679135990207848e-11,None,None,None,None, , , , 
9610, ,0.05291978735958442,2.0022003718155844e-11,None,None,None,None, , , , 
9611, ,0.05291978735958442,2.1461411978584013e-11,None,None,None,None, , , , 
9612, ,0.05291978735958442,2.300430119772921e-11,None,None,None,None, , , , 
9613, ,0.05291978735958442,2.465811075822604e-11,None,None,None,None, , , , 
9614, ,0.05291978735958442,2.643081486974103e-11,None,None,None,None, , , , 
9615, ,0.05291978735958442,2.8330961018393178e-11,None,None,None,None, , , , 
9616, ,0.05291978735958442,3.036771118035461e-11,None,None,None,None, , , , 
9617, ,0.05291978735958442,3.255088599835057e-11,None,None,None,None, , , , 
9618, ,0.05291978735958442,3.4891012134067674e-11,None,None,None,None, , , , 
9619, ,0.05291978735958442,3.739937302478801e-11,None,None,None,None, , , , 
9620, ,0.05291978735958442,4.0088063288984646e-11,None,None,None,None, , , , 
9621, ,0.05291978735958442,4.297004704320835e-11,None,None,None,None, , , , 
9622, ,0.05291978735958442,4.605922041145113e-11,None,None,None,None, , , , 
9623, ,0.05291978735958442,4.937047852839004e-11,None,None,None,None, , , , 
9624, ,0.05291978735958442,5.2919787359584366e-11,None,None,None,None, , , , 
9625, ,0.05291978735958442,5.672426068491989e-11,None,None,None,None, , , , 
9626, ,0.05291978735958442,6.080224261649427e-11,None,None,None,None, , , , 
9627, ,0.05291978735958442,6.517339604882421e-11,None,None,None,None, , , , 
9628, ,0.05291978735958442,6.985879746785235e-11,None,None,None,None, , , , 
9629, ,0.05291978735958442,7.48810385759003e-11,None,None,None,None, , , , 
9630, ,0.05291978735958442,8.026433522257174e-11,None,None,None,None, , , , 
9631, ,0.05291978735958442,8.603464416684492e-11,None,None,None,None, , , , 
9632, ,0.05291978735958442,9.221978823334341e-11,None,None,None,None, , , , 
9633, ,0.05291978735958442,9.884959046625586e-11,None,None,None,None, , , , 
9634, ,0.05291978735958442,1.0595601792776149e-10,None,None,None,None, , , , 
9635, ,0.05291978735958442,1.1357333583431027e-10,None,None,None,None, , , , 
9636, ,0.05291978735958442,1.217382727739662e-10,None,None,None,None, , , , 
9637, ,0.05291978735958442,1.3049019780144016e-10,None,None,None,None, , , , 
9638, ,0.05291978735958442,1.398713102647236e-10,None,None,None,None, , , , 
9639, ,0.05291978735958442,1.4992684327860468e-10,None,None,None,None, , , , 
9640, ,0.05291978735958442,1.6070528182616384e-10,None,None,None,None, , , , 
9641, ,0.05291978735958442,1.722585965398784e-10,None,None,None,None, , , , 
9642, ,0.05291978735958442,1.8464249428955463e-10,None,None,None,None, , , , 
9643, ,0.05291978735958442,1.9791668678535569e-10,None,None,None,None, , , , 
9644, ,0.05291978735958442,2.121451784910628e-10,None,None,None,None, , , , 
9645, ,0.05291978735958442,2.273965752357932e-10,None,None,None,None, , , , 
9646, ,0.05291978735958442,2.4374441501222216e-10,None,None,None,None, , , , 
9647, ,0.05291978735958442,2.6126752255633265e-10,None,None,None,None, , , , 
9648, ,0.05291978735958442,2.8005038941836253e-10,None,None,None,None, , , , 
9649, ,0.05291978735958442,3.0018358135755917e-10,None,None,None,None, , , , 
9650, ,0.05291978735958442,3.2176417502507347e-10,None,None,None,None, , , , 
9651, ,0.05291978735958442,3.4489622604057533e-10,None,None,None,None, , , , 
9652, ,0.05291978735958442,3.696912707195032e-10,None,None,None,None, , , , 
9653, ,0.05291978735958442,3.9626886387014783e-10,None,None,None,None, , , , 
9654, ,0.05291978735958442,4.2475715525368935e-10,None,None,None,None, , , , 
9655, ,0.05291978735958442,4.552935074866938e-10,None,None,None,None, , , , 
9656, ,0.05291978735958442,4.880251583654433e-10,None,None,None,None, , , , 
9657, ,0.05291978735958442,5.231099308056258e-10,None,None,None,None, , , , 
9658, ,0.05291978735958442,5.60716993820547e-10,None,None,None,None, , , , 
9659, ,0.05291978735958442,6.010276782070387e-10,None,None,None,None, , , , 
9660, ,0.05291978735958442,6.442363508721371e-10,None,None,None,None, , , , 
9661, ,0.05291978735958442,6.905513520162316e-10,None,None,None,None, , , , 
9662, ,0.05291978735958442,7.401959996915653e-10,None,None,None,None, , , , 
9663, ,0.05291978735958442,7.934096665797492e-10,None,None,None,None, , , , 
9664, ,0.05291978735958442,8.504489341802668e-10,None,None,None,None, , , , 
9665, ,0.05291978735958442,9.115888299750837e-10,None,None,None,None, , , , 
9666, ,0.05291978735958442,9.771241535346502e-10,None,None,None,None, , , , 
9667, ,0.05291978735958442,1.0473708979594486e-09,None,None,None,None, , , , 
9668, ,0.05291978735958442,1.1226677735108114e-09,None,None,None,None, , , , 
9669, ,0.05291978735958442,1.2033778407775904e-09,None,None,None,None, , , , 
9670, ,0.05291978735958442,1.289890261253308e-09,None,None,None,None, , , , 
9671, ,0.05291978735958442,1.3826221737646535e-09,None,None,None,None, , , , 
9672, ,0.05291978735958442,1.4820207057988602e-09,None,None,None,None, , , , 
9673, ,0.05291978735958442,1.5885651294280526e-09,None,None,None,None, , , , 
9674, ,0.05291978735958442,1.702769172225898e-09,None,None,None,None, , , , 
9675, ,0.05291978735958442,1.825183494319039e-09,None,None,None,None, , , , 
9676, ,0.05291978735958442,1.956398343517065e-09,None,None,None,None, , , , 
9677, ,0.05291978735958442,2.0970464013232305e-09,None,None,None,None, , , , 
9678, ,0.05291978735958442,2.2478058335487307e-09,None,None,None,None, , , , 
9679, ,0.05291978735958442,2.409403560239527e-09,None,None,None,None, , , , 
9680, ,0.05291978735958442,2.582618760682675e-09,None,None,None,None, , , , 
9681, ,0.05291978735958442,2.768286630392061e-09,None,None,None,None, , , , 
9682, ,0.05291978735958442,2.9673024081888724e-09,None,None,None,None, , , , 
9683, ,0.05291978735958442,3.180625692794119e-09,None,None,None,None, , , , 
9684, ,0.05291978735958442,3.409285069746807e-09,None,None,None,None, , , , 
9685, ,0.05291978735958442,3.654383070957262e-09,None,None,None,None, , , , 
9686, ,0.05291978735958442,3.917101490809261e-09,None,None,None,None, , , , 
9687, ,0.05291978735958442,4.198707084443906e-09,None,None,None,None, , , , 
9688, ,0.05291978735958442,4.500557675700488e-09,None,None,None,None, , , , 
9689, ,0.05291978735958442,4.824108704165374e-09,None,None,None,None, , , , 
9690, ,0.05291978735958442,5.170920242896755e-09,None,None,None,None, , , , 
9691, ,0.05291978735958442,5.542664520663096e-09,None,None,None,None, , , , 
9692, ,0.05291978735958442,5.941133984965041e-09,None,None,None,None, , , , 
9693, ,0.05291978735958442,6.3682499447185856e-09,None,None,None,None, , , , 
9694, ,0.05291978735958442,6.826071834272379e-09,None,None,None,None, , , , 
9695, ,0.05291978735958442,7.316807143427175e-09,None,None,None,None, , , , 
9696, ,0.05291978735958442,7.842822061337681e-09,None,None,None,None, , , , 
9697, ,0.05291978735958442,8.406652885618316e-09,None,None,None,None, , , , 
9698, ,0.05291978735958442,9.011018251665036e-09,None,None,None,None, , , , 
9699, ,0.05291978735958442,9.658832241158707e-09,None,None,None,None, , , , 
9700, ,0.05291978735958442,1.0353218432956616e-08,None,None,None,None, , , , 
9701, ,0.05291978735958442,1.1097524964120722e-08,None,None,None,None, , , , 
9702, ,0.05291978735958442,1.1895340673703208e-08,None,None,None,None, , , , 
9703, ,0.05291978735958442,1.2750512407130128e-08,None,None,None,None, , , , 
9704, ,0.05291978735958442,1.3667163564620044e-08,None,None,None,None, , , , 
9705, ,0.05291978735958442,1.4649713983072853e-08,None,None,None,None, , , , 
9706, ,0.05291978735958442,1.5702901247293774e-08,None,None,None,None, , , , 
9707, ,0.05291978735958442,1.683180353330955e-08,None,None,None,None, , , , 
9708, ,0.05291978735958442,1.8041864093920717e-08,None,None,None,None, , , , 
9709, ,0.05291978735958442,1.933891750455232e-08,None,None,None,None, , , , 
9710, ,0.05291978735958442,2.0729217795953697e-08,None,None,None,None, , , , 
9711, ,0.05291978735958442,2.221946860939524e-08,None,None,None,None, , , , 
9712, ,0.05291978735958442,2.3816855519761606e-08,None,None,None,None, , , , 
9713, ,0.05291978735958442,2.552908068239516e-08,None,None,None,None, , , , 
9714, ,0.05291978735958442,2.7364399970746666e-08,None,None,None,None, , , , 
9715, ,0.05291978735958442,2.933166278390042e-08,None,None,None,None, , , , 
9716, ,0.05291978735958442,3.1440354715915e-08,None,None,None,None, , , , 
9717, ,0.05291978735958442,3.370064329271925e-08,None,None,None,None, , , , 
9718, ,0.05291978735958442,3.612342699709431e-08,None,None,None,None, , , , 
9719, ,0.05291978735958442,3.872038781812557e-08,None,None,None,None, , , , 
9720, ,0.05291978735958442,4.1504047578504727e-08,None,None,None,None, , , , 
9721, ,0.05291978735958442,4.448782831127585e-08,None,None,None,None, , , , 
9722, ,0.05291978735958442,4.768611697714474e-08,None,None,None,None, , , , 
9723, ,0.05291978735958442,5.111433483440165e-08,None,None,None,None, , , , 
9724, ,0.05291978735958442,5.478901179593934e-08,None,None,None,None, , , , 
9725, ,0.05291978735958442,5.872786613189478e-08,None,None,None,None, , , , 
9726, ,0.05291978735958442,6.294988990221888e-08,None,None,None,None, , , , 
9727, ,0.05291978735958442,6.747544053110687e-08,None,None,None,None, , , , 
9728, ,0.05291978735958442,7.232633896483534e-08,None,None,None,None, , , , 
9729, ,0.05291978735958442,7.752597488629465e-08,None,None,None,None, , , , 
9730, ,0.05291978735958442,8.309941949353386e-08,None,None,None,None, , , , 
9731, ,0.05291978735958442,8.907354638610439e-08,None,None,None,None, , , , 
9732, ,0.05291978735958442,9.547716114208066e-08,None,None,None,None, , , , 
9733, ,0.05291978735958442,1.0234114021054528e-07,None,None,None,None, , , , 
9734, ,0.05291978735958442,1.0969857978923841e-07,None,None,None,None, , , , 
9735, ,0.05291978735958442,1.1758495540521555e-07,None,None,None,None, , , , 
9736, ,0.05291978735958442,1.2603829296797277e-07,None,None,None,None, , , , 
9737, ,0.05291978735958442,1.350993521198025e-07,None,None,None,None, , , , 
9738, ,0.05291978735958442,1.4481182276745328e-07,None,None,None,None, , , , 
9739, ,0.05291978735958442,1.552225357427048e-07,None,None,None,None, , , , 
9740, ,0.05291978735958442,1.6638168860761273e-07,None,None,None,None, , , , 
9741, ,0.05291978735958442,1.7834308769319093e-07,None,None,None,None, , , , 
9742, ,0.05291978735958442,1.9116440753857e-07,None,None,None,None, , , , 
9743, ,0.05291978735958442,2.049074689815846e-07,None,None,None,None, , , , 
9744, ,0.05291978735958442,2.1963853724165468e-07,None,None,None,None, , , , 
9745, ,0.05291978735958442,2.3542864143224158e-07,None,None,None,None, , , , 
9746, ,0.05291978735958442,2.523539170434766e-07,None,None,None,None, , , , 
9747, ,0.05291978735958442,2.7049597304631316e-07,None,None,None,None, , , , 
9748, ,0.05291978735958442,2.899422853882875e-07,None,None,None,None, , , , 
9749, ,0.05291978735958442,3.107866187782014e-07,None,None,None,None, , , , 
9750, ,0.05291978735958442,3.33129478793467e-07,None,None,None,None, , , , 
9751, ,0.05291978735958442,3.5707859649004626e-07,None,None,None,None, , , , 
9752, ,0.05291978735958442,3.827494478516307e-07,None,None,None,None, , , , 
9753, ,0.05291978735958442,4.1026581058271904e-07,None,None,None,None, , , , 
9754, ,0.05291978735958442,4.397603609302722e-07,None,None,None,None, , , , 
9755, ,0.05291978735958442,4.7137531341167185e-07,None,None,None,None, , , , 
9756, ,0.05291978735958442,5.052631065335679e-07,None,None,None,None, , , , 
9757, ,0.05291978735958442,5.415871378079465e-07,None,None,None,None, , , , 
9758, ,0.05291978735958442,5.805225516094896e-07,None,None,None,None, , , , 
9759, ,0.05291978735958442,6.222570836730232e-07,None,None,None,None, , , , 
9760, ,0.05291978735958442,6.669919663030115e-07,None,None,None,None, , , , 
9761, ,0.05291978735958442,7.149428986597576e-07,None,None,None,None, , , , 
9762, ,0.05291978735958442,7.663410868007445e-07,None,None,None,None, , , , 
9763, ,0.05291978735958442,8.214343584919422e-07,None,None,None,None, , , , 
9764, ,0.05291978735958442,8.804883581643463e-07,None,None,None,None, , , , 
9765, ,0.05291978735958442,9.437878277775371e-07,None,None,None,None, , , , 
9766, ,0.05291978735958442,1.0116379797662072e-06,None,None,None,None, , , , 
9767, ,0.05291978735958442,1.0843659686896086e-06,None,None,None,None, , , , 
9768, ,0.05291978735958442,1.1623224686798522e-06,None,None,None,None, , , , 
9769, ,0.05291978735958442,1.2458833642950078e-06,None,None,None,None, , , , 
9770, ,0.05291978735958442,1.3354515629298971e-06,None,None,None,None, , , , 
9771, ,0.05291978735958442,1.4314589375234786e-06,None,None,None,None, , , , 
9772, ,0.05291978735958442,1.53436840893001e-06,None,None,None,None, , , , 
9773, ,0.05291978735958442,1.6446761779946631e-06,None,None,None,None, , , , 
9774, ,0.05291978735958442,1.762914118095948e-06,None,None,None,None, , , , 
9775, ,0.05291978735958442,1.8896523396912082e-06,None,None,None,None, , , , 
9776, ,0.05291978735958442,2.0255019392306664e-06,None,None,None,None, , , , 
9777, ,0.05291978735958442,2.171117945694501e-06,None,None,None,None, , , , 
9778, ,0.05291978735958442,2.327202478960408e-06,None,None,None,None, , , , 
9779, ,0.05291978735958442,2.494508135230317e-06,None,None,None,None, , , , 
9780, ,0.05291978735958442,2.673841615839944e-06,None,None,None,None, , , , 
9781, ,0.05291978735958442,2.8660676169482507e-06,None,None,None,None, , , , 
9782, ,0.05291978735958442,3.0721129988617524e-06,None,None,None,None, , , , 
9783, ,0.05291978735958442,3.292971255097148e-06,None,None,None,None, , , , 
9784, ,0.05291978735958442,3.5297073027306505e-06,None,None,None,None, , , , 
9785, ,0.05291978735958442,3.783462617131925e-06,None,None,None,None, , , , 
9786, ,0.05291978735958442,4.0554607358408275e-06,None,None,None,None, , , , 
9787, ,0.05291978735958442,4.3470131581250175e-06,None,None,None,None, , , , 
9788, ,0.05291978735958442,4.6595256686646765e-06,None,None,None,None, , , , 
9789, ,0.05291978735958442,4.99450511585514e-06,None,None,None,None, , , , 
9790, ,0.05291978735958442,5.353566677410719e-06,None,None,None,None, , , , 
9791, ,0.05291978735958442,5.738441648302393e-06,None,None,None,None, , , , 
9792, ,0.05291978735958442,6.150985788580505e-06,None,None,None,None, , , , 
9793, ,0.05291978735958442,6.593188271333541e-06,None,None,None,None, , , , 
9794, ,0.05291978735958442,7.067181273927492e-06,None,None,None,None, , , , 
9795, ,0.05291978735958442,7.575250258771904e-06,None,None,None,None, , , , 
9796, ,0.05291978735958442,8.119844993184007e-06,None,None,None,None, , , , 
9797, ,0.05291978735958442,8.703591361485167e-06,None,None,None,None, , , , 
9798, ,0.05291978735958442,9.329304026284676e-06,None,None,None,None, , , , 
9799, ,0.05291978735958442,1e-05,None,None,None,None, , , , 
9800, ,0.054789011795939424,1e-11,None,None,None,None, , , , 
9801, ,0.054789011795939424,1.0718913192051263e-11,None,None,None,None, , , , 
9802, ,0.054789011795939424,1.1489510001873107e-11,None,None,None,None, , , , 
9803, ,0.054789011795939424,1.2315506032928262e-11,None,None,None,None, , , , 
9804, ,0.054789011795939424,1.3200884008314167e-11,None,None,None,None, , , , 
9805, ,0.054789011795939424,1.4149912974345786e-11,None,None,None,None, , , , 
9806, ,0.054789011795939424,1.5167168884709242e-11,None,None,None,None, , , , 
9807, ,0.054789011795939424,1.6257556664437934e-11,None,None,None,None, , , , 
9808, ,0.054789011795939424,1.7426333860096473e-11,None,None,None,None, , , , 
9809, ,0.054789011795939424,1.8679135990207848e-11,None,None,None,None, , , , 
9810, ,0.054789011795939424,2.0022003718155844e-11,None,None,None,None, , , , 
9811, ,0.054789011795939424,2.1461411978584013e-11,None,None,None,None, , , , 
9812, ,0.054789011795939424,2.300430119772921e-11,None,None,None,None, , , , 
9813, ,0.054789011795939424,2.465811075822604e-11,None,None,None,None, , , , 
9814, ,0.054789011795939424,2.643081486974103e-11,None,None,None,None, , , , 
9815, ,0.054789011795939424,2.8330961018393178e-11,None,None,None,None, , , , 
9816, ,0.054789011795939424,3.036771118035461e-11,None,None,None,None, , , , 
9817, ,0.054789011795939424,3.255088599835057e-11,None,None,None,None, , , , 
9818, ,0.054789011795939424,3.4891012134067674e-11,None,None,None,None, , , , 
9819, ,0.054789011795939424,3.739937302478801e-11,None,None,None,None, , , , 
9820, ,0.054789011795939424,4.0088063288984646e-11,None,None,None,None, , , , 
9821, ,0.054789011795939424,4.297004704320835e-11,None,None,None,None, , , , 
9822, ,0.054789011795939424,4.605922041145113e-11,None,None,None,None, , , , 
9823, ,0.054789011795939424,4.937047852839004e-11,None,None,None,None, , , , 
9824, ,0.054789011795939424,5.2919787359584366e-11,None,None,None,None, , , , 
9825, ,0.054789011795939424,5.672426068491989e-11,None,None,None,None, , , , 
9826, ,0.054789011795939424,6.080224261649427e-11,None,None,None,None, , , , 
9827, ,0.054789011795939424,6.517339604882421e-11,None,None,None,None, , , , 
9828, ,0.054789011795939424,6.985879746785235e-11,None,None,None,None, , , , 
9829, ,0.054789011795939424,7.48810385759003e-11,None,None,None,None, , , , 
9830, ,0.054789011795939424,8.026433522257174e-11,None,None,None,None, , , , 
9831, ,0.054789011795939424,8.603464416684492e-11,None,None,None,None, , , , 
9832, ,0.054789011795939424,9.221978823334341e-11,None,None,None,None, , , , 
9833, ,0.054789011795939424,9.884959046625586e-11,None,None,None,None, , , , 
9834, ,0.054789011795939424,1.0595601792776149e-10,None,None,None,None, , , , 
9835, ,0.054789011795939424,1.1357333583431027e-10,None,None,None,None, , , , 
9836, ,0.054789011795939424,1.217382727739662e-10,None,None,None,None, , , , 
9837, ,0.054789011795939424,1.3049019780144016e-10,None,None,None,None, , , , 
9838, ,0.054789011795939424,1.398713102647236e-10,None,None,None,None, , , , 
9839, ,0.054789011795939424,1.4992684327860468e-10,None,None,None,None, , , , 
9840, ,0.054789011795939424,1.6070528182616384e-10,None,None,None,None, , , , 
9841, ,0.054789011795939424,1.722585965398784e-10,None,None,None,None, , , , 
9842, ,0.054789011795939424,1.8464249428955463e-10,None,None,None,None, , , , 
9843, ,0.054789011795939424,1.9791668678535569e-10,None,None,None,None, , , , 
9844, ,0.054789011795939424,2.121451784910628e-10,None,None,None,None, , , , 
9845, ,0.054789011795939424,2.273965752357932e-10,None,None,None,None, , , , 
9846, ,0.054789011795939424,2.4374441501222216e-10,None,None,None,None, , , , 
9847, ,0.054789011795939424,2.6126752255633265e-10,None,None,None,None, , , , 
9848, ,0.054789011795939424,2.8005038941836253e-10,None,None,None,None, , , , 
9849, ,0.054789011795939424,3.0018358135755917e-10,None,None,None,None, , , , 
9850, ,0.054789011795939424,3.2176417502507347e-10,None,None,None,None, , , , 
9851, ,0.054789011795939424,3.4489622604057533e-10,None,None,None,None, , , , 
9852, ,0.054789011795939424,3.696912707195032e-10,None,None,None,None, , , , 
9853, ,0.054789011795939424,3.9626886387014783e-10,None,None,None,None, , , , 
9854, ,0.054789011795939424,4.2475715525368935e-10,None,None,None,None, , , , 
9855, ,0.054789011795939424,4.552935074866938e-10,None,None,None,None, , , , 
9856, ,0.054789011795939424,4.880251583654433e-10,None,None,None,None, , , , 
9857, ,0.054789011795939424,5.231099308056258e-10,None,None,None,None, , , , 
9858, ,0.054789011795939424,5.60716993820547e-10,None,None,None,None, , , , 
9859, ,0.054789011795939424,6.010276782070387e-10,None,None,None,None, , , , 
9860, ,0.054789011795939424,6.442363508721371e-10,None,None,None,None, , , , 
9861, ,0.054789011795939424,6.905513520162316e-10,None,None,None,None, , , , 
9862, ,0.054789011795939424,7.401959996915653e-10,None,None,None,None, , , , 
9863, ,0.054789011795939424,7.934096665797492e-10,None,None,None,None, , , , 
9864, ,0.054789011795939424,8.504489341802668e-10,None,None,None,None, , , , 
9865, ,0.054789011795939424,9.115888299750837e-10,None,None,None,None, , , , 
9866, ,0.054789011795939424,9.771241535346502e-10,None,None,None,None, , , , 
9867, ,0.054789011795939424,1.0473708979594486e-09,None,None,None,None, , , , 
9868, ,0.054789011795939424,1.1226677735108114e-09,None,None,None,None, , , , 
9869, ,0.054789011795939424,1.2033778407775904e-09,None,None,None,None, , , , 
9870, ,0.054789011795939424,1.289890261253308e-09,None,None,None,None, , , , 
9871, ,0.054789011795939424,1.3826221737646535e-09,None,None,None,None, , , , 
9872, ,0.054789011795939424,1.4820207057988602e-09,None,None,None,None, , , , 
9873, ,0.054789011795939424,1.5885651294280526e-09,None,None,None,None, , , , 
9874, ,0.054789011795939424,1.702769172225898e-09,None,None,None,None, , , , 
9875, ,0.054789011795939424,1.825183494319039e-09,None,None,None,None, , , , 
9876, ,0.054789011795939424,1.956398343517065e-09,None,None,None,None, , , , 
9877, ,0.054789011795939424,2.0970464013232305e-09,None,None,None,None, , , , 
9878, ,0.054789011795939424,2.2478058335487307e-09,None,None,None,None, , , , 
9879, ,0.054789011795939424,2.409403560239527e-09,None,None,None,None, , , , 
9880, ,0.054789011795939424,2.582618760682675e-09,None,None,None,None, , , , 
9881, ,0.054789011795939424,2.768286630392061e-09,None,None,None,None, , , , 
9882, ,0.054789011795939424,2.9673024081888724e-09,None,None,None,None, , , , 
9883, ,0.054789011795939424,3.180625692794119e-09,None,None,None,None, , , , 
9884, ,0.054789011795939424,3.409285069746807e-09,None,None,None,None, , , , 
9885, ,0.054789011795939424,3.654383070957262e-09,None,None,None,None, , , , 
9886, ,0.054789011795939424,3.917101490809261e-09,None,None,None,None, , , , 
9887, ,0.054789011795939424,4.198707084443906e-09,None,None,None,None, , , , 
9888, ,0.054789011795939424,4.500557675700488e-09,None,None,None,None, , , , 
9889, ,0.054789011795939424,4.824108704165374e-09,None,None,None,None, , , , 
9890, ,0.054789011795939424,5.170920242896755e-09,None,None,None,None, , , , 
9891, ,0.054789011795939424,5.542664520663096e-09,None,None,None,None, , , , 
9892, ,0.054789011795939424,5.941133984965041e-09,None,None,None,None, , , , 
9893, ,0.054789011795939424,6.3682499447185856e-09,None,None,None,None, , , , 
9894, ,0.054789011795939424,6.826071834272379e-09,None,None,None,None, , , , 
9895, ,0.054789011795939424,7.316807143427175e-09,None,None,None,None, , , , 
9896, ,0.054789011795939424,7.842822061337681e-09,None,None,None,None, , , , 
9897, ,0.054789011795939424,8.406652885618316e-09,None,None,None,None, , , , 
9898, ,0.054789011795939424,9.011018251665036e-09,None,None,None,None, , , , 
9899, ,0.054789011795939424,9.658832241158707e-09,None,None,None,None, , , , 
9900, ,0.054789011795939424,1.0353218432956616e-08,None,None,None,None, , , , 
9901, ,0.054789011795939424,1.1097524964120722e-08,None,None,None,None, , , , 
9902, ,0.054789011795939424,1.1895340673703208e-08,None,None,None,None, , , , 
9903, ,0.054789011795939424,1.2750512407130128e-08,None,None,None,None, , , , 
9904, ,0.054789011795939424,1.3667163564620044e-08,None,None,None,None, , , , 
9905, ,0.054789011795939424,1.4649713983072853e-08,None,None,None,None, , , , 
9906, ,0.054789011795939424,1.5702901247293774e-08,None,None,None,None, , , , 
9907, ,0.054789011795939424,1.683180353330955e-08,None,None,None,None, , , , 
9908, ,0.054789011795939424,1.8041864093920717e-08,None,None,None,None, , , , 
9909, ,0.054789011795939424,1.933891750455232e-08,None,None,None,None, , , , 
9910, ,0.054789011795939424,2.0729217795953697e-08,None,None,None,None, , , , 
9911, ,0.054789011795939424,2.221946860939524e-08,None,None,None,None, , , , 
9912, ,0.054789011795939424,2.3816855519761606e-08,None,None,None,None, , , , 
9913, ,0.054789011795939424,2.552908068239516e-08,None,None,None,None, , , , 
9914, ,0.054789011795939424,2.7364399970746666e-08,None,None,None,None, , , , 
9915, ,0.054789011795939424,2.933166278390042e-08,None,None,None,None, , , , 
9916, ,0.054789011795939424,3.1440354715915e-08,None,None,None,None, , , , 
9917, ,0.054789011795939424,3.370064329271925e-08,None,None,None,None, , , , 
9918, ,0.054789011795939424,3.612342699709431e-08,None,None,None,None, , , , 
9919, ,0.054789011795939424,3.872038781812557e-08,None,None,None,None, , , , 
9920, ,0.054789011795939424,4.1504047578504727e-08,None,None,None,None, , , , 
9921, ,0.054789011795939424,4.448782831127585e-08,None,None,None,None, , , , 
9922, ,0.054789011795939424,4.768611697714474e-08,None,None,None,None, , , , 
9923, ,0.054789011795939424,5.111433483440165e-08,None,None,None,None, , , , 
9924, ,0.054789011795939424,5.478901179593934e-08,None,None,None,None, , , , 
9925, ,0.054789011795939424,5.872786613189478e-08,None,None,None,None, , , , 
9926, ,0.054789011795939424,6.294988990221888e-08,None,None,None,None, , , , 
9927, ,0.054789011795939424,6.747544053110687e-08,None,None,None,None, , , , 
9928, ,0.054789011795939424,7.232633896483534e-08,None,None,None,None, , , , 
9929, ,0.054789011795939424,7.752597488629465e-08,None,None,None,None, , , , 
9930, ,0.054789011795939424,8.309941949353386e-08,None,None,None,None, , , , 
9931, ,0.054789011795939424,8.907354638610439e-08,None,None,None,None, , , , 
9932, ,0.054789011795939424,9.547716114208066e-08,None,None,None,None, , , , 
9933, ,0.054789011795939424,1.0234114021054528e-07,None,None,None,None, , , , 
9934, ,0.054789011795939424,1.0969857978923841e-07,None,None,None,None, , , , 
9935, ,0.054789011795939424,1.1758495540521555e-07,None,None,None,None, , , , 
9936, ,0.054789011795939424,1.2603829296797277e-07,None,None,None,None, , , , 
9937, ,0.054789011795939424,1.350993521198025e-07,None,None,None,None, , , , 
9938, ,0.054789011795939424,1.4481182276745328e-07,None,None,None,None, , , , 
9939, ,0.054789011795939424,1.552225357427048e-07,None,None,None,None, , , , 
9940, ,0.054789011795939424,1.6638168860761273e-07,None,None,None,None, , , , 
9941, ,0.054789011795939424,1.7834308769319093e-07,None,None,None,None, , , , 
9942, ,0.054789011795939424,1.9116440753857e-07,None,None,None,None, , , , 
9943, ,0.054789011795939424,2.049074689815846e-07,None,None,None,None, , , , 
9944, ,0.054789011795939424,2.1963853724165468e-07,None,None,None,None, , , , 
9945, ,0.054789011795939424,2.3542864143224158e-07,None,None,None,None, , , , 
9946, ,0.054789011795939424,2.523539170434766e-07,None,None,None,None, , , , 
9947, ,0.054789011795939424,2.7049597304631316e-07,None,None,None,None, , , , 
9948, ,0.054789011795939424,2.899422853882875e-07,None,None,None,None, , , , 
9949, ,0.054789011795939424,3.107866187782014e-07,None,None,None,None, , , , 
9950, ,0.054789011795939424,3.33129478793467e-07,None,None,None,None, , , , 
9951, ,0.054789011795939424,3.5707859649004626e-07,None,None,None,None, , , , 
9952, ,0.054789011795939424,3.827494478516307e-07,None,None,None,None, , , , 
9953, ,0.054789011795939424,4.1026581058271904e-07,None,None,None,None, , , , 
9954, ,0.054789011795939424,4.397603609302722e-07,None,None,None,None, , , , 
9955, ,0.054789011795939424,4.7137531341167185e-07,None,None,None,None, , , , 
9956, ,0.054789011795939424,5.052631065335679e-07,None,None,None,None, , , , 
9957, ,0.054789011795939424,5.415871378079465e-07,None,None,None,None, , , , 
9958, ,0.054789011795939424,5.805225516094896e-07,None,None,None,None, , , , 
9959, ,0.054789011795939424,6.222570836730232e-07,None,None,None,None, , , , 
9960, ,0.054789011795939424,6.669919663030115e-07,None,None,None,None, , , , 
9961, ,0.054789011795939424,7.149428986597576e-07,None,None,None,None, , , , 
9962, ,0.054789011795939424,7.663410868007445e-07,None,None,None,None, , , , 
9963, ,0.054789011795939424,8.214343584919422e-07,None,None,None,None, , , , 
9964, ,0.054789011795939424,8.804883581643463e-07,None,None,None,None, , , , 
9965, ,0.054789011795939424,9.437878277775371e-07,None,None,None,None, , , , 
9966, ,0.054789011795939424,1.0116379797662072e-06,None,None,None,None, , , , 
9967, ,0.054789011795939424,1.0843659686896086e-06,None,None,None,None, , , , 
9968, ,0.054789011795939424,1.1623224686798522e-06,None,None,None,None, , , , 
9969, ,0.054789011795939424,1.2458833642950078e-06,None,None,None,None, , , , 
9970, ,0.054789011795939424,1.3354515629298971e-06,None,None,None,None, , , , 
9971, ,0.054789011795939424,1.4314589375234786e-06,None,None,None,None, , , , 
9972, ,0.054789011795939424,1.53436840893001e-06,None,None,None,None, , , , 
9973, ,0.054789011795939424,1.6446761779946631e-06,None,None,None,None, , , , 
9974, ,0.054789011795939424,1.762914118095948e-06,None,None,None,None, , , , 
9975, ,0.054789011795939424,1.8896523396912082e-06,None,None,None,None, , , , 
9976, ,0.054789011795939424,2.0255019392306664e-06,None,None,None,None, , , , 
9977, ,0.054789011795939424,2.171117945694501e-06,None,None,None,None, , , , 
9978, ,0.054789011795939424,2.327202478960408e-06,None,None,None,None, , , , 
9979, ,0.054789011795939424,2.494508135230317e-06,None,None,None,None, , , , 
9980, ,0.054789011795939424,2.673841615839944e-06,None,None,None,None, , , , 
9981, ,0.054789011795939424,2.8660676169482507e-06,None,None,None,None, , , , 
9982, ,0.054789011795939424,3.0721129988617524e-06,None,None,None,None, , , , 
9983, ,0.054789011795939424,3.292971255097148e-06,None,None,None,None, , , , 
9984, ,0.054789011795939424,3.5297073027306505e-06,None,None,None,None, , , , 
9985, ,0.054789011795939424,3.783462617131925e-06,None,None,None,None, , , , 
9986, ,0.054789011795939424,4.0554607358408275e-06,None,None,None,None, , , , 
9987, ,0.054789011795939424,4.3470131581250175e-06,None,None,None,None, , , , 
9988, ,0.054789011795939424,4.6595256686646765e-06,None,None,None,None, , , , 
9989, ,0.054789011795939424,4.99450511585514e-06,None,None,None,None, , , , 
9990, ,0.054789011795939424,5.353566677410719e-06,None,None,None,None, , , , 
9991, ,0.054789011795939424,5.738441648302393e-06,None,None,None,None, , , , 
9992, ,0.054789011795939424,6.150985788580505e-06,None,None,None,None, , , , 
9993, ,0.054789011795939424,6.593188271333541e-06,None,None,None,None, , , , 
9994, ,0.054789011795939424,7.067181273927492e-06,None,None,None,None, , , , 
9995, ,0.054789011795939424,7.575250258771904e-06,None,None,None,None, , , , 
9996, ,0.054789011795939424,8.119844993184007e-06,None,None,None,None, , , , 
9997, ,0.054789011795939424,8.703591361485167e-06,None,None,None,None, , , , 
9998, ,0.054789011795939424,9.329304026284676e-06,None,None,None,None, , , , 
9999, ,0.054789011795939424,1e-05,None,None,None,None, , , , 
10000, ,0.05672426068491977,1e-11,None,None,None,None, , , , 
10001, ,0.05672426068491977,1.0718913192051263e-11,None,None,None,None, , , , 
10002, ,0.05672426068491977,1.1489510001873107e-11,None,None,None,None, , , , 
10003, ,0.05672426068491977,1.2315506032928262e-11,None,None,None,None, , , , 
10004, ,0.05672426068491977,1.3200884008314167e-11,None,None,None,None, , , , 
10005, ,0.05672426068491977,1.4149912974345786e-11,None,None,None,None, , , , 
10006, ,0.05672426068491977,1.5167168884709242e-11,None,None,None,None, , , , 
10007, ,0.05672426068491977,1.6257556664437934e-11,None,None,None,None, , , , 
10008, ,0.05672426068491977,1.7426333860096473e-11,None,None,None,None, , , , 
10009, ,0.05672426068491977,1.8679135990207848e-11,None,None,None,None, , , , 
10010, ,0.05672426068491977,2.0022003718155844e-11,None,None,None,None, , , , 
10011, ,0.05672426068491977,2.1461411978584013e-11,None,None,None,None, , , , 
10012, ,0.05672426068491977,2.300430119772921e-11,None,None,None,None, , , , 
10013, ,0.05672426068491977,2.465811075822604e-11,None,None,None,None, , , , 
10014, ,0.05672426068491977,2.643081486974103e-11,None,None,None,None, , , , 
10015, ,0.05672426068491977,2.8330961018393178e-11,None,None,None,None, , , , 
10016, ,0.05672426068491977,3.036771118035461e-11,None,None,None,None, , , , 
10017, ,0.05672426068491977,3.255088599835057e-11,None,None,None,None, , , , 
10018, ,0.05672426068491977,3.4891012134067674e-11,None,None,None,None, , , , 
10019, ,0.05672426068491977,3.739937302478801e-11,None,None,None,None, , , , 
10020, ,0.05672426068491977,4.0088063288984646e-11,None,None,None,None, , , , 
10021, ,0.05672426068491977,4.297004704320835e-11,None,None,None,None, , , , 
10022, ,0.05672426068491977,4.605922041145113e-11,None,None,None,None, , , , 
10023, ,0.05672426068491977,4.937047852839004e-11,None,None,None,None, , , , 
10024, ,0.05672426068491977,5.2919787359584366e-11,None,None,None,None, , , , 
10025, ,0.05672426068491977,5.672426068491989e-11,None,None,None,None, , , , 
10026, ,0.05672426068491977,6.080224261649427e-11,None,None,None,None, , , , 
10027, ,0.05672426068491977,6.517339604882421e-11,None,None,None,None, , , , 
10028, ,0.05672426068491977,6.985879746785235e-11,None,None,None,None, , , , 
10029, ,0.05672426068491977,7.48810385759003e-11,None,None,None,None, , , , 
10030, ,0.05672426068491977,8.026433522257174e-11,None,None,None,None, , , , 
10031, ,0.05672426068491977,8.603464416684492e-11,None,None,None,None, , , , 
10032, ,0.05672426068491977,9.221978823334341e-11,None,None,None,None, , , , 
10033, ,0.05672426068491977,9.884959046625586e-11,None,None,None,None, , , , 
10034, ,0.05672426068491977,1.0595601792776149e-10,None,None,None,None, , , , 
10035, ,0.05672426068491977,1.1357333583431027e-10,None,None,None,None, , , , 
10036, ,0.05672426068491977,1.217382727739662e-10,None,None,None,None, , , , 
10037, ,0.05672426068491977,1.3049019780144016e-10,None,None,None,None, , , , 
10038, ,0.05672426068491977,1.398713102647236e-10,None,None,None,None, , , , 
10039, ,0.05672426068491977,1.4992684327860468e-10,None,None,None,None, , , , 
10040, ,0.05672426068491977,1.6070528182616384e-10,None,None,None,None, , , , 
10041, ,0.05672426068491977,1.722585965398784e-10,None,None,None,None, , , , 
10042, ,0.05672426068491977,1.8464249428955463e-10,None,None,None,None, , , , 
10043, ,0.05672426068491977,1.9791668678535569e-10,None,None,None,None, , , , 
10044, ,0.05672426068491977,2.121451784910628e-10,None,None,None,None, , , , 
10045, ,0.05672426068491977,2.273965752357932e-10,None,None,None,None, , , , 
10046, ,0.05672426068491977,2.4374441501222216e-10,None,None,None,None, , , , 
10047, ,0.05672426068491977,2.6126752255633265e-10,None,None,None,None, , , , 
10048, ,0.05672426068491977,2.8005038941836253e-10,None,None,None,None, , , , 
10049, ,0.05672426068491977,3.0018358135755917e-10,None,None,None,None, , , , 
10050, ,0.05672426068491977,3.2176417502507347e-10,None,None,None,None, , , , 
10051, ,0.05672426068491977,3.4489622604057533e-10,None,None,None,None, , , , 
10052, ,0.05672426068491977,3.696912707195032e-10,None,None,None,None, , , , 
10053, ,0.05672426068491977,3.9626886387014783e-10,None,None,None,None, , , , 
10054, ,0.05672426068491977,4.2475715525368935e-10,None,None,None,None, , , , 
10055, ,0.05672426068491977,4.552935074866938e-10,None,None,None,None, , , , 
10056, ,0.05672426068491977,4.880251583654433e-10,None,None,None,None, , , , 
10057, ,0.05672426068491977,5.231099308056258e-10,None,None,None,None, , , , 
10058, ,0.05672426068491977,5.60716993820547e-10,None,None,None,None, , , , 
10059, ,0.05672426068491977,6.010276782070387e-10,None,None,None,None, , , , 
10060, ,0.05672426068491977,6.442363508721371e-10,None,None,None,None, , , , 
10061, ,0.05672426068491977,6.905513520162316e-10,None,None,None,None, , , , 
10062, ,0.05672426068491977,7.401959996915653e-10,None,None,None,None, , , , 
10063, ,0.05672426068491977,7.934096665797492e-10,None,None,None,None, , , , 
10064, ,0.05672426068491977,8.504489341802668e-10,None,None,None,None, , , , 
10065, ,0.05672426068491977,9.115888299750837e-10,None,None,None,None, , , , 
10066, ,0.05672426068491977,9.771241535346502e-10,None,None,None,None, , , , 
10067, ,0.05672426068491977,1.0473708979594486e-09,None,None,None,None, , , , 
10068, ,0.05672426068491977,1.1226677735108114e-09,None,None,None,None, , , , 
10069, ,0.05672426068491977,1.2033778407775904e-09,None,None,None,None, , , , 
10070, ,0.05672426068491977,1.289890261253308e-09,None,None,None,None, , , , 
10071, ,0.05672426068491977,1.3826221737646535e-09,None,None,None,None, , , , 
10072, ,0.05672426068491977,1.4820207057988602e-09,None,None,None,None, , , , 
10073, ,0.05672426068491977,1.5885651294280526e-09,None,None,None,None, , , , 
10074, ,0.05672426068491977,1.702769172225898e-09,None,None,None,None, , , , 
10075, ,0.05672426068491977,1.825183494319039e-09,None,None,None,None, , , , 
10076, ,0.05672426068491977,1.956398343517065e-09,None,None,None,None, , , , 
10077, ,0.05672426068491977,2.0970464013232305e-09,None,None,None,None, , , , 
10078, ,0.05672426068491977,2.2478058335487307e-09,None,None,None,None, , , , 
10079, ,0.05672426068491977,2.409403560239527e-09,None,None,None,None, , , , 
10080, ,0.05672426068491977,2.582618760682675e-09,None,None,None,None, , , , 
10081, ,0.05672426068491977,2.768286630392061e-09,None,None,None,None, , , , 
10082, ,0.05672426068491977,2.9673024081888724e-09,None,None,None,None, , , , 
10083, ,0.05672426068491977,3.180625692794119e-09,None,None,None,None, , , , 
10084, ,0.05672426068491977,3.409285069746807e-09,None,None,None,None, , , , 
10085, ,0.05672426068491977,3.654383070957262e-09,None,None,None,None, , , , 
10086, ,0.05672426068491977,3.917101490809261e-09,None,None,None,None, , , , 
10087, ,0.05672426068491977,4.198707084443906e-09,None,None,None,None, , , , 
10088, ,0.05672426068491977,4.500557675700488e-09,None,None,None,None, , , , 
10089, ,0.05672426068491977,4.824108704165374e-09,None,None,None,None, , , , 
10090, ,0.05672426068491977,5.170920242896755e-09,None,None,None,None, , , , 
10091, ,0.05672426068491977,5.542664520663096e-09,None,None,None,None, , , , 
10092, ,0.05672426068491977,5.941133984965041e-09,None,None,None,None, , , , 
10093, ,0.05672426068491977,6.3682499447185856e-09,None,None,None,None, , , , 
10094, ,0.05672426068491977,6.826071834272379e-09,None,None,None,None, , , , 
10095, ,0.05672426068491977,7.316807143427175e-09,None,None,None,None, , , , 
10096, ,0.05672426068491977,7.842822061337681e-09,None,None,None,None, , , , 
10097, ,0.05672426068491977,8.406652885618316e-09,None,None,None,None, , , , 
10098, ,0.05672426068491977,9.011018251665036e-09,None,None,None,None, , , , 
10099, ,0.05672426068491977,9.658832241158707e-09,None,None,None,None, , , , 
10100, ,0.05672426068491977,1.0353218432956616e-08,None,None,None,None, , , , 
10101, ,0.05672426068491977,1.1097524964120722e-08,None,None,None,None, , , , 
10102, ,0.05672426068491977,1.1895340673703208e-08,None,None,None,None, , , , 
10103, ,0.05672426068491977,1.2750512407130128e-08,None,None,None,None, , , , 
10104, ,0.05672426068491977,1.3667163564620044e-08,None,None,None,None, , , , 
10105, ,0.05672426068491977,1.4649713983072853e-08,None,None,None,None, , , , 
10106, ,0.05672426068491977,1.5702901247293774e-08,None,None,None,None, , , , 
10107, ,0.05672426068491977,1.683180353330955e-08,None,None,None,None, , , , 
10108, ,0.05672426068491977,1.8041864093920717e-08,None,None,None,None, , , , 
10109, ,0.05672426068491977,1.933891750455232e-08,None,None,None,None, , , , 
10110, ,0.05672426068491977,2.0729217795953697e-08,None,None,None,None, , , , 
10111, ,0.05672426068491977,2.221946860939524e-08,None,None,None,None, , , , 
10112, ,0.05672426068491977,2.3816855519761606e-08,None,None,None,None, , , , 
10113, ,0.05672426068491977,2.552908068239516e-08,None,None,None,None, , , , 
10114, ,0.05672426068491977,2.7364399970746666e-08,None,None,None,None, , , , 
10115, ,0.05672426068491977,2.933166278390042e-08,None,None,None,None, , , , 
10116, ,0.05672426068491977,3.1440354715915e-08,None,None,None,None, , , , 
10117, ,0.05672426068491977,3.370064329271925e-08,None,None,None,None, , , , 
10118, ,0.05672426068491977,3.612342699709431e-08,None,None,None,None, , , , 
10119, ,0.05672426068491977,3.872038781812557e-08,None,None,None,None, , , , 
10120, ,0.05672426068491977,4.1504047578504727e-08,None,None,None,None, , , , 
10121, ,0.05672426068491977,4.448782831127585e-08,None,None,None,None, , , , 
10122, ,0.05672426068491977,4.768611697714474e-08,None,None,None,None, , , , 
10123, ,0.05672426068491977,5.111433483440165e-08,None,None,None,None, , , , 
10124, ,0.05672426068491977,5.478901179593934e-08,None,None,None,None, , , , 
10125, ,0.05672426068491977,5.872786613189478e-08,None,None,None,None, , , , 
10126, ,0.05672426068491977,6.294988990221888e-08,None,None,None,None, , , , 
10127, ,0.05672426068491977,6.747544053110687e-08,None,None,None,None, , , , 
10128, ,0.05672426068491977,7.232633896483534e-08,None,None,None,None, , , , 
10129, ,0.05672426068491977,7.752597488629465e-08,None,None,None,None, , , , 
10130, ,0.05672426068491977,8.309941949353386e-08,None,None,None,None, , , , 
10131, ,0.05672426068491977,8.907354638610439e-08,None,None,None,None, , , , 
10132, ,0.05672426068491977,9.547716114208066e-08,None,None,None,None, , , , 
10133, ,0.05672426068491977,1.0234114021054528e-07,None,None,None,None, , , , 
10134, ,0.05672426068491977,1.0969857978923841e-07,None,None,None,None, , , , 
10135, ,0.05672426068491977,1.1758495540521555e-07,None,None,None,None, , , , 
10136, ,0.05672426068491977,1.2603829296797277e-07,None,None,None,None, , , , 
10137, ,0.05672426068491977,1.350993521198025e-07,None,None,None,None, , , , 
10138, ,0.05672426068491977,1.4481182276745328e-07,None,None,None,None, , , , 
10139, ,0.05672426068491977,1.552225357427048e-07,None,None,None,None, , , , 
10140, ,0.05672426068491977,1.6638168860761273e-07,None,None,None,None, , , , 
10141, ,0.05672426068491977,1.7834308769319093e-07,None,None,None,None, , , , 
10142, ,0.05672426068491977,1.9116440753857e-07,None,None,None,None, , , , 
10143, ,0.05672426068491977,2.049074689815846e-07,None,None,None,None, , , , 
10144, ,0.05672426068491977,2.1963853724165468e-07,None,None,None,None, , , , 
10145, ,0.05672426068491977,2.3542864143224158e-07,None,None,None,None, , , , 
10146, ,0.05672426068491977,2.523539170434766e-07,None,None,None,None, , , , 
10147, ,0.05672426068491977,2.7049597304631316e-07,None,None,None,None, , , , 
10148, ,0.05672426068491977,2.899422853882875e-07,None,None,None,None, , , , 
10149, ,0.05672426068491977,3.107866187782014e-07,None,None,None,None, , , , 
10150, ,0.05672426068491977,3.33129478793467e-07,None,None,None,None, , , , 
10151, ,0.05672426068491977,3.5707859649004626e-07,None,None,None,None, , , , 
10152, ,0.05672426068491977,3.827494478516307e-07,None,None,None,None, , , , 
10153, ,0.05672426068491977,4.1026581058271904e-07,None,None,None,None, , , , 
10154, ,0.05672426068491977,4.397603609302722e-07,None,None,None,None, , , , 
10155, ,0.05672426068491977,4.7137531341167185e-07,None,None,None,None, , , , 
10156, ,0.05672426068491977,5.052631065335679e-07,None,None,None,None, , , , 
10157, ,0.05672426068491977,5.415871378079465e-07,None,None,None,None, , , , 
10158, ,0.05672426068491977,5.805225516094896e-07,None,None,None,None, , , , 
10159, ,0.05672426068491977,6.222570836730232e-07,None,None,None,None, , , , 
10160, ,0.05672426068491977,6.669919663030115e-07,None,None,None,None, , , , 
10161, ,0.05672426068491977,7.149428986597576e-07,None,None,None,None, , , , 
10162, ,0.05672426068491977,7.663410868007445e-07,None,None,None,None, , , , 
10163, ,0.05672426068491977,8.214343584919422e-07,None,None,None,None, , , , 
10164, ,0.05672426068491977,8.804883581643463e-07,None,None,None,None, , , , 
10165, ,0.05672426068491977,9.437878277775371e-07,None,None,None,None, , , , 
10166, ,0.05672426068491977,1.0116379797662072e-06,None,None,None,None, , , , 
10167, ,0.05672426068491977,1.0843659686896086e-06,None,None,None,None, , , , 
10168, ,0.05672426068491977,1.1623224686798522e-06,None,None,None,None, , , , 
10169, ,0.05672426068491977,1.2458833642950078e-06,None,None,None,None, , , , 
10170, ,0.05672426068491977,1.3354515629298971e-06,None,None,None,None, , , , 
10171, ,0.05672426068491977,1.4314589375234786e-06,None,None,None,None, , , , 
10172, ,0.05672426068491977,1.53436840893001e-06,None,None,None,None, , , , 
10173, ,0.05672426068491977,1.6446761779946631e-06,None,None,None,None, , , , 
10174, ,0.05672426068491977,1.762914118095948e-06,None,None,None,None, , , , 
10175, ,0.05672426068491977,1.8896523396912082e-06,None,None,None,None, , , , 
10176, ,0.05672426068491977,2.0255019392306664e-06,None,None,None,None, , , , 
10177, ,0.05672426068491977,2.171117945694501e-06,None,None,None,None, , , , 
10178, ,0.05672426068491977,2.327202478960408e-06,None,None,None,None, , , , 
10179, ,0.05672426068491977,2.494508135230317e-06,None,None,None,None, , , , 
10180, ,0.05672426068491977,2.673841615839944e-06,None,None,None,None, , , , 
10181, ,0.05672426068491977,2.8660676169482507e-06,None,None,None,None, , , , 
10182, ,0.05672426068491977,3.0721129988617524e-06,None,None,None,None, , , , 
10183, ,0.05672426068491977,3.292971255097148e-06,None,None,None,None, , , , 
10184, ,0.05672426068491977,3.5297073027306505e-06,None,None,None,None, , , , 
10185, ,0.05672426068491977,3.783462617131925e-06,None,None,None,None, , , , 
10186, ,0.05672426068491977,4.0554607358408275e-06,None,None,None,None, , , , 
10187, ,0.05672426068491977,4.3470131581250175e-06,None,None,None,None, , , , 
10188, ,0.05672426068491977,4.6595256686646765e-06,None,None,None,None, , , , 
10189, ,0.05672426068491977,4.99450511585514e-06,None,None,None,None, , , , 
10190, ,0.05672426068491977,5.353566677410719e-06,None,None,None,None, , , , 
10191, ,0.05672426068491977,5.738441648302393e-06,None,None,None,None, , , , 
10192, ,0.05672426068491977,6.150985788580505e-06,None,None,None,None, , , , 
10193, ,0.05672426068491977,6.593188271333541e-06,None,None,None,None, , , , 
10194, ,0.05672426068491977,7.067181273927492e-06,None,None,None,None, , , , 
10195, ,0.05672426068491977,7.575250258771904e-06,None,None,None,None, , , , 
10196, ,0.05672426068491977,8.119844993184007e-06,None,None,None,None, , , , 
10197, ,0.05672426068491977,8.703591361485167e-06,None,None,None,None, , , , 
10198, ,0.05672426068491977,9.329304026284676e-06,None,None,None,None, , , , 
10199, ,0.05672426068491977,1e-05,None,None,None,None, , , , 
10200, ,0.058727866131894825,1e-11,None,None,None,None, , , , 
10201, ,0.058727866131894825,1.0718913192051263e-11,None,None,None,None, , , , 
10202, ,0.058727866131894825,1.1489510001873107e-11,None,None,None,None, , , , 
10203, ,0.058727866131894825,1.2315506032928262e-11,None,None,None,None, , , , 
10204, ,0.058727866131894825,1.3200884008314167e-11,None,None,None,None, , , , 
10205, ,0.058727866131894825,1.4149912974345786e-11,None,None,None,None, , , , 
10206, ,0.058727866131894825,1.5167168884709242e-11,None,None,None,None, , , , 
10207, ,0.058727866131894825,1.6257556664437934e-11,None,None,None,None, , , , 
10208, ,0.058727866131894825,1.7426333860096473e-11,None,None,None,None, , , , 
10209, ,0.058727866131894825,1.8679135990207848e-11,None,None,None,None, , , , 
10210, ,0.058727866131894825,2.0022003718155844e-11,None,None,None,None, , , , 
10211, ,0.058727866131894825,2.1461411978584013e-11,None,None,None,None, , , , 
10212, ,0.058727866131894825,2.300430119772921e-11,None,None,None,None, , , , 
10213, ,0.058727866131894825,2.465811075822604e-11,None,None,None,None, , , , 
10214, ,0.058727866131894825,2.643081486974103e-11,None,None,None,None, , , , 
10215, ,0.058727866131894825,2.8330961018393178e-11,None,None,None,None, , , , 
10216, ,0.058727866131894825,3.036771118035461e-11,None,None,None,None, , , , 
10217, ,0.058727866131894825,3.255088599835057e-11,None,None,None,None, , , , 
10218, ,0.058727866131894825,3.4891012134067674e-11,None,None,None,None, , , , 
10219, ,0.058727866131894825,3.739937302478801e-11,None,None,None,None, , , , 
10220, ,0.058727866131894825,4.0088063288984646e-11,None,None,None,None, , , , 
10221, ,0.058727866131894825,4.297004704320835e-11,None,None,None,None, , , , 
10222, ,0.058727866131894825,4.605922041145113e-11,None,None,None,None, , , , 
10223, ,0.058727866131894825,4.937047852839004e-11,None,None,None,None, , , , 
10224, ,0.058727866131894825,5.2919787359584366e-11,None,None,None,None, , , , 
10225, ,0.058727866131894825,5.672426068491989e-11,None,None,None,None, , , , 
10226, ,0.058727866131894825,6.080224261649427e-11,None,None,None,None, , , , 
10227, ,0.058727866131894825,6.517339604882421e-11,None,None,None,None, , , , 
10228, ,0.058727866131894825,6.985879746785235e-11,None,None,None,None, , , , 
10229, ,0.058727866131894825,7.48810385759003e-11,None,None,None,None, , , , 
10230, ,0.058727866131894825,8.026433522257174e-11,None,None,None,None, , , , 
10231, ,0.058727866131894825,8.603464416684492e-11,None,None,None,None, , , , 
10232, ,0.058727866131894825,9.221978823334341e-11,None,None,None,None, , , , 
10233, ,0.058727866131894825,9.884959046625586e-11,None,None,None,None, , , , 
10234, ,0.058727866131894825,1.0595601792776149e-10,None,None,None,None, , , , 
10235, ,0.058727866131894825,1.1357333583431027e-10,None,None,None,None, , , , 
10236, ,0.058727866131894825,1.217382727739662e-10,None,None,None,None, , , , 
10237, ,0.058727866131894825,1.3049019780144016e-10,None,None,None,None, , , , 
10238, ,0.058727866131894825,1.398713102647236e-10,None,None,None,None, , , , 
10239, ,0.058727866131894825,1.4992684327860468e-10,None,None,None,None, , , , 
10240, ,0.058727866131894825,1.6070528182616384e-10,None,None,None,None, , , , 
10241, ,0.058727866131894825,1.722585965398784e-10,None,None,None,None, , , , 
10242, ,0.058727866131894825,1.8464249428955463e-10,None,None,None,None, , , , 
10243, ,0.058727866131894825,1.9791668678535569e-10,None,None,None,None, , , , 
10244, ,0.058727866131894825,2.121451784910628e-10,None,None,None,None, , , , 
10245, ,0.058727866131894825,2.273965752357932e-10,None,None,None,None, , , , 
10246, ,0.058727866131894825,2.4374441501222216e-10,None,None,None,None, , , , 
10247, ,0.058727866131894825,2.6126752255633265e-10,None,None,None,None, , , , 
10248, ,0.058727866131894825,2.8005038941836253e-10,None,None,None,None, , , , 
10249, ,0.058727866131894825,3.0018358135755917e-10,None,None,None,None, , , , 
10250, ,0.058727866131894825,3.2176417502507347e-10,None,None,None,None, , , , 
10251, ,0.058727866131894825,3.4489622604057533e-10,None,None,None,None, , , , 
10252, ,0.058727866131894825,3.696912707195032e-10,None,None,None,None, , , , 
10253, ,0.058727866131894825,3.9626886387014783e-10,None,None,None,None, , , , 
10254, ,0.058727866131894825,4.2475715525368935e-10,None,None,None,None, , , , 
10255, ,0.058727866131894825,4.552935074866938e-10,None,None,None,None, , , , 
10256, ,0.058727866131894825,4.880251583654433e-10,None,None,None,None, , , , 
10257, ,0.058727866131894825,5.231099308056258e-10,None,None,None,None, , , , 
10258, ,0.058727866131894825,5.60716993820547e-10,None,None,None,None, , , , 
10259, ,0.058727866131894825,6.010276782070387e-10,None,None,None,None, , , , 
10260, ,0.058727866131894825,6.442363508721371e-10,None,None,None,None, , , , 
10261, ,0.058727866131894825,6.905513520162316e-10,None,None,None,None, , , , 
10262, ,0.058727866131894825,7.401959996915653e-10,None,None,None,None, , , , 
10263, ,0.058727866131894825,7.934096665797492e-10,None,None,None,None, , , , 
10264, ,0.058727866131894825,8.504489341802668e-10,None,None,None,None, , , , 
10265, ,0.058727866131894825,9.115888299750837e-10,None,None,None,None, , , , 
10266, ,0.058727866131894825,9.771241535346502e-10,None,None,None,None, , , , 
10267, ,0.058727866131894825,1.0473708979594486e-09,None,None,None,None, , , , 
10268, ,0.058727866131894825,1.1226677735108114e-09,None,None,None,None, , , , 
10269, ,0.058727866131894825,1.2033778407775904e-09,None,None,None,None, , , , 
10270, ,0.058727866131894825,1.289890261253308e-09,None,None,None,None, , , , 
10271, ,0.058727866131894825,1.3826221737646535e-09,None,None,None,None, , , , 
10272, ,0.058727866131894825,1.4820207057988602e-09,None,None,None,None, , , , 
10273, ,0.058727866131894825,1.5885651294280526e-09,None,None,None,None, , , , 
10274, ,0.058727866131894825,1.702769172225898e-09,None,None,None,None, , , , 
10275, ,0.058727866131894825,1.825183494319039e-09,None,None,None,None, , , , 
10276, ,0.058727866131894825,1.956398343517065e-09,None,None,None,None, , , , 
10277, ,0.058727866131894825,2.0970464013232305e-09,None,None,None,None, , , , 
10278, ,0.058727866131894825,2.2478058335487307e-09,None,None,None,None, , , , 
10279, ,0.058727866131894825,2.409403560239527e-09,None,None,None,None, , , , 
10280, ,0.058727866131894825,2.582618760682675e-09,None,None,None,None, , , , 
10281, ,0.058727866131894825,2.768286630392061e-09,None,None,None,None, , , , 
10282, ,0.058727866131894825,2.9673024081888724e-09,None,None,None,None, , , , 
10283, ,0.058727866131894825,3.180625692794119e-09,None,None,None,None, , , , 
10284, ,0.058727866131894825,3.409285069746807e-09,None,None,None,None, , , , 
10285, ,0.058727866131894825,3.654383070957262e-09,None,None,None,None, , , , 
10286, ,0.058727866131894825,3.917101490809261e-09,None,None,None,None, , , , 
10287, ,0.058727866131894825,4.198707084443906e-09,None,None,None,None, , , , 
10288, ,0.058727866131894825,4.500557675700488e-09,None,None,None,None, , , , 
10289, ,0.058727866131894825,4.824108704165374e-09,None,None,None,None, , , , 
10290, ,0.058727866131894825,5.170920242896755e-09,None,None,None,None, , , , 
10291, ,0.058727866131894825,5.542664520663096e-09,None,None,None,None, , , , 
10292, ,0.058727866131894825,5.941133984965041e-09,None,None,None,None, , , , 
10293, ,0.058727866131894825,6.3682499447185856e-09,None,None,None,None, , , , 
10294, ,0.058727866131894825,6.826071834272379e-09,None,None,None,None, , , , 
10295, ,0.058727866131894825,7.316807143427175e-09,None,None,None,None, , , , 
10296, ,0.058727866131894825,7.842822061337681e-09,None,None,None,None, , , , 
10297, ,0.058727866131894825,8.406652885618316e-09,None,None,None,None, , , , 
10298, ,0.058727866131894825,9.011018251665036e-09,None,None,None,None, , , , 
10299, ,0.058727866131894825,9.658832241158707e-09,None,None,None,None, , , , 
10300, ,0.058727866131894825,1.0353218432956616e-08,None,None,None,None, , , , 
10301, ,0.058727866131894825,1.1097524964120722e-08,None,None,None,None, , , , 
10302, ,0.058727866131894825,1.1895340673703208e-08,None,None,None,None, , , , 
10303, ,0.058727866131894825,1.2750512407130128e-08,None,None,None,None, , , , 
10304, ,0.058727866131894825,1.3667163564620044e-08,None,None,None,None, , , , 
10305, ,0.058727866131894825,1.4649713983072853e-08,None,None,None,None, , , , 
10306, ,0.058727866131894825,1.5702901247293774e-08,None,None,None,None, , , , 
10307, ,0.058727866131894825,1.683180353330955e-08,None,None,None,None, , , , 
10308, ,0.058727866131894825,1.8041864093920717e-08,None,None,None,None, , , , 
10309, ,0.058727866131894825,1.933891750455232e-08,None,None,None,None, , , , 
10310, ,0.058727866131894825,2.0729217795953697e-08,None,None,None,None, , , , 
10311, ,0.058727866131894825,2.221946860939524e-08,None,None,None,None, , , , 
10312, ,0.058727866131894825,2.3816855519761606e-08,None,None,None,None, , , , 
10313, ,0.058727866131894825,2.552908068239516e-08,None,None,None,None, , , , 
10314, ,0.058727866131894825,2.7364399970746666e-08,None,None,None,None, , , , 
10315, ,0.058727866131894825,2.933166278390042e-08,None,None,None,None, , , , 
10316, ,0.058727866131894825,3.1440354715915e-08,None,None,None,None, , , , 
10317, ,0.058727866131894825,3.370064329271925e-08,None,None,None,None, , , , 
10318, ,0.058727866131894825,3.612342699709431e-08,None,None,None,None, , , , 
10319, ,0.058727866131894825,3.872038781812557e-08,None,None,None,None, , , , 
10320, ,0.058727866131894825,4.1504047578504727e-08,None,None,None,None, , , , 
10321, ,0.058727866131894825,4.448782831127585e-08,None,None,None,None, , , , 
10322, ,0.058727866131894825,4.768611697714474e-08,None,None,None,None, , , , 
10323, ,0.058727866131894825,5.111433483440165e-08,None,None,None,None, , , , 
10324, ,0.058727866131894825,5.478901179593934e-08,None,None,None,None, , , , 
10325, ,0.058727866131894825,5.872786613189478e-08,None,None,None,None, , , , 
10326, ,0.058727866131894825,6.294988990221888e-08,None,None,None,None, , , , 
10327, ,0.058727866131894825,6.747544053110687e-08,None,None,None,None, , , , 
10328, ,0.058727866131894825,7.232633896483534e-08,None,None,None,None, , , , 
10329, ,0.058727866131894825,7.752597488629465e-08,None,None,None,None, , , , 
10330, ,0.058727866131894825,8.309941949353386e-08,None,None,None,None, , , , 
10331, ,0.058727866131894825,8.907354638610439e-08,None,None,None,None, , , , 
10332, ,0.058727866131894825,9.547716114208066e-08,None,None,None,None, , , , 
10333, ,0.058727866131894825,1.0234114021054528e-07,None,None,None,None, , , , 
10334, ,0.058727866131894825,1.0969857978923841e-07,None,None,None,None, , , , 
10335, ,0.058727866131894825,1.1758495540521555e-07,None,None,None,None, , , , 
10336, ,0.058727866131894825,1.2603829296797277e-07,None,None,None,None, , , , 
10337, ,0.058727866131894825,1.350993521198025e-07,None,None,None,None, , , , 
10338, ,0.058727866131894825,1.4481182276745328e-07,None,None,None,None, , , , 
10339, ,0.058727866131894825,1.552225357427048e-07,None,None,None,None, , , , 
10340, ,0.058727866131894825,1.6638168860761273e-07,None,None,None,None, , , , 
10341, ,0.058727866131894825,1.7834308769319093e-07,None,None,None,None, , , , 
10342, ,0.058727866131894825,1.9116440753857e-07,None,None,None,None, , , , 
10343, ,0.058727866131894825,2.049074689815846e-07,None,None,None,None, , , , 
10344, ,0.058727866131894825,2.1963853724165468e-07,None,None,None,None, , , , 
10345, ,0.058727866131894825,2.3542864143224158e-07,None,None,None,None, , , , 
10346, ,0.058727866131894825,2.523539170434766e-07,None,None,None,None, , , , 
10347, ,0.058727866131894825,2.7049597304631316e-07,None,None,None,None, , , , 
10348, ,0.058727866131894825,2.899422853882875e-07,None,None,None,None, , , , 
10349, ,0.058727866131894825,3.107866187782014e-07,None,None,None,None, , , , 
10350, ,0.058727866131894825,3.33129478793467e-07,None,None,None,None, , , , 
10351, ,0.058727866131894825,3.5707859649004626e-07,None,None,None,None, , , , 
10352, ,0.058727866131894825,3.827494478516307e-07,None,None,None,None, , , , 
10353, ,0.058727866131894825,4.1026581058271904e-07,None,None,None,None, , , , 
10354, ,0.058727866131894825,4.397603609302722e-07,None,None,None,None, , , , 
10355, ,0.058727866131894825,4.7137531341167185e-07,None,None,None,None, , , , 
10356, ,0.058727866131894825,5.052631065335679e-07,None,None,None,None, , , , 
10357, ,0.058727866131894825,5.415871378079465e-07,None,None,None,None, , , , 
10358, ,0.058727866131894825,5.805225516094896e-07,None,None,None,None, , , , 
10359, ,0.058727866131894825,6.222570836730232e-07,None,None,None,None, , , , 
10360, ,0.058727866131894825,6.669919663030115e-07,None,None,None,None, , , , 
10361, ,0.058727866131894825,7.149428986597576e-07,None,None,None,None, , , , 
10362, ,0.058727866131894825,7.663410868007445e-07,None,None,None,None, , , , 
10363, ,0.058727866131894825,8.214343584919422e-07,None,None,None,None, , , , 
10364, ,0.058727866131894825,8.804883581643463e-07,None,None,None,None, , , , 
10365, ,0.058727866131894825,9.437878277775371e-07,None,None,None,None, , , , 
10366, ,0.058727866131894825,1.0116379797662072e-06,None,None,None,None, , , , 
10367, ,0.058727866131894825,1.0843659686896086e-06,None,None,None,None, , , , 
10368, ,0.058727866131894825,1.1623224686798522e-06,None,None,None,None, , , , 
10369, ,0.058727866131894825,1.2458833642950078e-06,None,None,None,None, , , , 
10370, ,0.058727866131894825,1.3354515629298971e-06,None,None,None,None, , , , 
10371, ,0.058727866131894825,1.4314589375234786e-06,None,None,None,None, , , , 
10372, ,0.058727866131894825,1.53436840893001e-06,None,None,None,None, , , , 
10373, ,0.058727866131894825,1.6446761779946631e-06,None,None,None,None, , , , 
10374, ,0.058727866131894825,1.762914118095948e-06,None,None,None,None, , , , 
10375, ,0.058727866131894825,1.8896523396912082e-06,None,None,None,None, , , , 
10376, ,0.058727866131894825,2.0255019392306664e-06,None,None,None,None, , , , 
10377, ,0.058727866131894825,2.171117945694501e-06,None,None,None,None, , , , 
10378, ,0.058727866131894825,2.327202478960408e-06,None,None,None,None, , , , 
10379, ,0.058727866131894825,2.494508135230317e-06,None,None,None,None, , , , 
10380, ,0.058727866131894825,2.673841615839944e-06,None,None,None,None, , , , 
10381, ,0.058727866131894825,2.8660676169482507e-06,None,None,None,None, , , , 
10382, ,0.058727866131894825,3.0721129988617524e-06,None,None,None,None, , , , 
10383, ,0.058727866131894825,3.292971255097148e-06,None,None,None,None, , , , 
10384, ,0.058727866131894825,3.5297073027306505e-06,None,None,None,None, , , , 
10385, ,0.058727866131894825,3.783462617131925e-06,None,None,None,None, , , , 
10386, ,0.058727866131894825,4.0554607358408275e-06,None,None,None,None, , , , 
10387, ,0.058727866131894825,4.3470131581250175e-06,None,None,None,None, , , , 
10388, ,0.058727866131894825,4.6595256686646765e-06,None,None,None,None, , , , 
10389, ,0.058727866131894825,4.99450511585514e-06,None,None,None,None, , , , 
10390, ,0.058727866131894825,5.353566677410719e-06,None,None,None,None, , , , 
10391, ,0.058727866131894825,5.738441648302393e-06,None,None,None,None, , , , 
10392, ,0.058727866131894825,6.150985788580505e-06,None,None,None,None, , , , 
10393, ,0.058727866131894825,6.593188271333541e-06,None,None,None,None, , , , 
10394, ,0.058727866131894825,7.067181273927492e-06,None,None,None,None, , , , 
10395, ,0.058727866131894825,7.575250258771904e-06,None,None,None,None, , , , 
10396, ,0.058727866131894825,8.119844993184007e-06,None,None,None,None, , , , 
10397, ,0.058727866131894825,8.703591361485167e-06,None,None,None,None, , , , 
10398, ,0.058727866131894825,9.329304026284676e-06,None,None,None,None, , , , 
10399, ,0.058727866131894825,1e-05,None,None,None,None, , , , 
10400, ,0.06080224261649421,1e-11,None,None,None,None, , , , 
10401, ,0.06080224261649421,1.0718913192051263e-11,None,None,None,None, , , , 
10402, ,0.06080224261649421,1.1489510001873107e-11,None,None,None,None, , , , 
10403, ,0.06080224261649421,1.2315506032928262e-11,None,None,None,None, , , , 
10404, ,0.06080224261649421,1.3200884008314167e-11,None,None,None,None, , , , 
10405, ,0.06080224261649421,1.4149912974345786e-11,None,None,None,None, , , , 
10406, ,0.06080224261649421,1.5167168884709242e-11,None,None,None,None, , , , 
10407, ,0.06080224261649421,1.6257556664437934e-11,None,None,None,None, , , , 
10408, ,0.06080224261649421,1.7426333860096473e-11,None,None,None,None, , , , 
10409, ,0.06080224261649421,1.8679135990207848e-11,None,None,None,None, , , , 
10410, ,0.06080224261649421,2.0022003718155844e-11,None,None,None,None, , , , 
10411, ,0.06080224261649421,2.1461411978584013e-11,None,None,None,None, , , , 
10412, ,0.06080224261649421,2.300430119772921e-11,None,None,None,None, , , , 
10413, ,0.06080224261649421,2.465811075822604e-11,None,None,None,None, , , , 
10414, ,0.06080224261649421,2.643081486974103e-11,None,None,None,None, , , , 
10415, ,0.06080224261649421,2.8330961018393178e-11,None,None,None,None, , , , 
10416, ,0.06080224261649421,3.036771118035461e-11,None,None,None,None, , , , 
10417, ,0.06080224261649421,3.255088599835057e-11,None,None,None,None, , , , 
10418, ,0.06080224261649421,3.4891012134067674e-11,None,None,None,None, , , , 
10419, ,0.06080224261649421,3.739937302478801e-11,None,None,None,None, , , , 
10420, ,0.06080224261649421,4.0088063288984646e-11,None,None,None,None, , , , 
10421, ,0.06080224261649421,4.297004704320835e-11,None,None,None,None, , , , 
10422, ,0.06080224261649421,4.605922041145113e-11,None,None,None,None, , , , 
10423, ,0.06080224261649421,4.937047852839004e-11,None,None,None,None, , , , 
10424, ,0.06080224261649421,5.2919787359584366e-11,None,None,None,None, , , , 
10425, ,0.06080224261649421,5.672426068491989e-11,None,None,None,None, , , , 
10426, ,0.06080224261649421,6.080224261649427e-11,None,None,None,None, , , , 
10427, ,0.06080224261649421,6.517339604882421e-11,None,None,None,None, , , , 
10428, ,0.06080224261649421,6.985879746785235e-11,None,None,None,None, , , , 
10429, ,0.06080224261649421,7.48810385759003e-11,None,None,None,None, , , , 
10430, ,0.06080224261649421,8.026433522257174e-11,None,None,None,None, , , , 
10431, ,0.06080224261649421,8.603464416684492e-11,None,None,None,None, , , , 
10432, ,0.06080224261649421,9.221978823334341e-11,None,None,None,None, , , , 
10433, ,0.06080224261649421,9.884959046625586e-11,None,None,None,None, , , , 
10434, ,0.06080224261649421,1.0595601792776149e-10,None,None,None,None, , , , 
10435, ,0.06080224261649421,1.1357333583431027e-10,None,None,None,None, , , , 
10436, ,0.06080224261649421,1.217382727739662e-10,None,None,None,None, , , , 
10437, ,0.06080224261649421,1.3049019780144016e-10,None,None,None,None, , , , 
10438, ,0.06080224261649421,1.398713102647236e-10,None,None,None,None, , , , 
10439, ,0.06080224261649421,1.4992684327860468e-10,None,None,None,None, , , , 
10440, ,0.06080224261649421,1.6070528182616384e-10,None,None,None,None, , , , 
10441, ,0.06080224261649421,1.722585965398784e-10,None,None,None,None, , , , 
10442, ,0.06080224261649421,1.8464249428955463e-10,None,None,None,None, , , , 
10443, ,0.06080224261649421,1.9791668678535569e-10,None,None,None,None, , , , 
10444, ,0.06080224261649421,2.121451784910628e-10,None,None,None,None, , , , 
10445, ,0.06080224261649421,2.273965752357932e-10,None,None,None,None, , , , 
10446, ,0.06080224261649421,2.4374441501222216e-10,None,None,None,None, , , , 
10447, ,0.06080224261649421,2.6126752255633265e-10,None,None,None,None, , , , 
10448, ,0.06080224261649421,2.8005038941836253e-10,None,None,None,None, , , , 
10449, ,0.06080224261649421,3.0018358135755917e-10,None,None,None,None, , , , 
10450, ,0.06080224261649421,3.2176417502507347e-10,None,None,None,None, , , , 
10451, ,0.06080224261649421,3.4489622604057533e-10,None,None,None,None, , , , 
10452, ,0.06080224261649421,3.696912707195032e-10,None,None,None,None, , , , 
10453, ,0.06080224261649421,3.9626886387014783e-10,None,None,None,None, , , , 
10454, ,0.06080224261649421,4.2475715525368935e-10,None,None,None,None, , , , 
10455, ,0.06080224261649421,4.552935074866938e-10,None,None,None,None, , , , 
10456, ,0.06080224261649421,4.880251583654433e-10,None,None,None,None, , , , 
10457, ,0.06080224261649421,5.231099308056258e-10,None,None,None,None, , , , 
10458, ,0.06080224261649421,5.60716993820547e-10,None,None,None,None, , , , 
10459, ,0.06080224261649421,6.010276782070387e-10,None,None,None,None, , , , 
10460, ,0.06080224261649421,6.442363508721371e-10,None,None,None,None, , , , 
10461, ,0.06080224261649421,6.905513520162316e-10,None,None,None,None, , , , 
10462, ,0.06080224261649421,7.401959996915653e-10,None,None,None,None, , , , 
10463, ,0.06080224261649421,7.934096665797492e-10,None,None,None,None, , , , 
10464, ,0.06080224261649421,8.504489341802668e-10,None,None,None,None, , , , 
10465, ,0.06080224261649421,9.115888299750837e-10,None,None,None,None, , , , 
10466, ,0.06080224261649421,9.771241535346502e-10,None,None,None,None, , , , 
10467, ,0.06080224261649421,1.0473708979594486e-09,None,None,None,None, , , , 
10468, ,0.06080224261649421,1.1226677735108114e-09,None,None,None,None, , , , 
10469, ,0.06080224261649421,1.2033778407775904e-09,None,None,None,None, , , , 
10470, ,0.06080224261649421,1.289890261253308e-09,None,None,None,None, , , , 
10471, ,0.06080224261649421,1.3826221737646535e-09,None,None,None,None, , , , 
10472, ,0.06080224261649421,1.4820207057988602e-09,None,None,None,None, , , , 
10473, ,0.06080224261649421,1.5885651294280526e-09,None,None,None,None, , , , 
10474, ,0.06080224261649421,1.702769172225898e-09,None,None,None,None, , , , 
10475, ,0.06080224261649421,1.825183494319039e-09,None,None,None,None, , , , 
10476, ,0.06080224261649421,1.956398343517065e-09,None,None,None,None, , , , 
10477, ,0.06080224261649421,2.0970464013232305e-09,None,None,None,None, , , , 
10478, ,0.06080224261649421,2.2478058335487307e-09,None,None,None,None, , , , 
10479, ,0.06080224261649421,2.409403560239527e-09,None,None,None,None, , , , 
10480, ,0.06080224261649421,2.582618760682675e-09,None,None,None,None, , , , 
10481, ,0.06080224261649421,2.768286630392061e-09,None,None,None,None, , , , 
10482, ,0.06080224261649421,2.9673024081888724e-09,None,None,None,None, , , , 
10483, ,0.06080224261649421,3.180625692794119e-09,None,None,None,None, , , , 
10484, ,0.06080224261649421,3.409285069746807e-09,None,None,None,None, , , , 
10485, ,0.06080224261649421,3.654383070957262e-09,None,None,None,None, , , , 
10486, ,0.06080224261649421,3.917101490809261e-09,None,None,None,None, , , , 
10487, ,0.06080224261649421,4.198707084443906e-09,None,None,None,None, , , , 
10488, ,0.06080224261649421,4.500557675700488e-09,None,None,None,None, , , , 
10489, ,0.06080224261649421,4.824108704165374e-09,None,None,None,None, , , , 
10490, ,0.06080224261649421,5.170920242896755e-09,None,None,None,None, , , , 
10491, ,0.06080224261649421,5.542664520663096e-09,None,None,None,None, , , , 
10492, ,0.06080224261649421,5.941133984965041e-09,None,None,None,None, , , , 
10493, ,0.06080224261649421,6.3682499447185856e-09,None,None,None,None, , , , 
10494, ,0.06080224261649421,6.826071834272379e-09,None,None,None,None, , , , 
10495, ,0.06080224261649421,7.316807143427175e-09,None,None,None,None, , , , 
10496, ,0.06080224261649421,7.842822061337681e-09,None,None,None,None, , , , 
10497, ,0.06080224261649421,8.406652885618316e-09,None,None,None,None, , , , 
10498, ,0.06080224261649421,9.011018251665036e-09,None,None,None,None, , , , 
10499, ,0.06080224261649421,9.658832241158707e-09,None,None,None,None, , , , 
10500, ,0.06080224261649421,1.0353218432956616e-08,None,None,None,None, , , , 
10501, ,0.06080224261649421,1.1097524964120722e-08,None,None,None,None, , , , 
10502, ,0.06080224261649421,1.1895340673703208e-08,None,None,None,None, , , , 
10503, ,0.06080224261649421,1.2750512407130128e-08,None,None,None,None, , , , 
10504, ,0.06080224261649421,1.3667163564620044e-08,None,None,None,None, , , , 
10505, ,0.06080224261649421,1.4649713983072853e-08,None,None,None,None, , , , 
10506, ,0.06080224261649421,1.5702901247293774e-08,None,None,None,None, , , , 
10507, ,0.06080224261649421,1.683180353330955e-08,None,None,None,None, , , , 
10508, ,0.06080224261649421,1.8041864093920717e-08,None,None,None,None, , , , 
10509, ,0.06080224261649421,1.933891750455232e-08,None,None,None,None, , , , 
10510, ,0.06080224261649421,2.0729217795953697e-08,None,None,None,None, , , , 
10511, ,0.06080224261649421,2.221946860939524e-08,None,None,None,None, , , , 
10512, ,0.06080224261649421,2.3816855519761606e-08,None,None,None,None, , , , 
10513, ,0.06080224261649421,2.552908068239516e-08,None,None,None,None, , , , 
10514, ,0.06080224261649421,2.7364399970746666e-08,None,None,None,None, , , , 
10515, ,0.06080224261649421,2.933166278390042e-08,None,None,None,None, , , , 
10516, ,0.06080224261649421,3.1440354715915e-08,None,None,None,None, , , , 
10517, ,0.06080224261649421,3.370064329271925e-08,None,None,None,None, , , , 
10518, ,0.06080224261649421,3.612342699709431e-08,None,None,None,None, , , , 
10519, ,0.06080224261649421,3.872038781812557e-08,None,None,None,None, , , , 
10520, ,0.06080224261649421,4.1504047578504727e-08,None,None,None,None, , , , 
10521, ,0.06080224261649421,4.448782831127585e-08,None,None,None,None, , , , 
10522, ,0.06080224261649421,4.768611697714474e-08,None,None,None,None, , , , 
10523, ,0.06080224261649421,5.111433483440165e-08,None,None,None,None, , , , 
10524, ,0.06080224261649421,5.478901179593934e-08,None,None,None,None, , , , 
10525, ,0.06080224261649421,5.872786613189478e-08,None,None,None,None, , , , 
10526, ,0.06080224261649421,6.294988990221888e-08,None,None,None,None, , , , 
10527, ,0.06080224261649421,6.747544053110687e-08,None,None,None,None, , , , 
10528, ,0.06080224261649421,7.232633896483534e-08,None,None,None,None, , , , 
10529, ,0.06080224261649421,7.752597488629465e-08,None,None,None,None, , , , 
10530, ,0.06080224261649421,8.309941949353386e-08,None,None,None,None, , , , 
10531, ,0.06080224261649421,8.907354638610439e-08,None,None,None,None, , , , 
10532, ,0.06080224261649421,9.547716114208066e-08,None,None,None,None, , , , 
10533, ,0.06080224261649421,1.0234114021054528e-07,None,None,None,None, , , , 
10534, ,0.06080224261649421,1.0969857978923841e-07,None,None,None,None, , , , 
10535, ,0.06080224261649421,1.1758495540521555e-07,None,None,None,None, , , , 
10536, ,0.06080224261649421,1.2603829296797277e-07,None,None,None,None, , , , 
10537, ,0.06080224261649421,1.350993521198025e-07,None,None,None,None, , , , 
10538, ,0.06080224261649421,1.4481182276745328e-07,None,None,None,None, , , , 
10539, ,0.06080224261649421,1.552225357427048e-07,None,None,None,None, , , , 
10540, ,0.06080224261649421,1.6638168860761273e-07,None,None,None,None, , , , 
10541, ,0.06080224261649421,1.7834308769319093e-07,None,None,None,None, , , , 
10542, ,0.06080224261649421,1.9116440753857e-07,None,None,None,None, , , , 
10543, ,0.06080224261649421,2.049074689815846e-07,None,None,None,None, , , , 
10544, ,0.06080224261649421,2.1963853724165468e-07,None,None,None,None, , , , 
10545, ,0.06080224261649421,2.3542864143224158e-07,None,None,None,None, , , , 
10546, ,0.06080224261649421,2.523539170434766e-07,None,None,None,None, , , , 
10547, ,0.06080224261649421,2.7049597304631316e-07,None,None,None,None, , , , 
10548, ,0.06080224261649421,2.899422853882875e-07,None,None,None,None, , , , 
10549, ,0.06080224261649421,3.107866187782014e-07,None,None,None,None, , , , 
10550, ,0.06080224261649421,3.33129478793467e-07,None,None,None,None, , , , 
10551, ,0.06080224261649421,3.5707859649004626e-07,None,None,None,None, , , , 
10552, ,0.06080224261649421,3.827494478516307e-07,None,None,None,None, , , , 
10553, ,0.06080224261649421,4.1026581058271904e-07,None,None,None,None, , , , 
10554, ,0.06080224261649421,4.397603609302722e-07,None,None,None,None, , , , 
10555, ,0.06080224261649421,4.7137531341167185e-07,None,None,None,None, , , , 
10556, ,0.06080224261649421,5.052631065335679e-07,None,None,None,None, , , , 
10557, ,0.06080224261649421,5.415871378079465e-07,None,None,None,None, , , , 
10558, ,0.06080224261649421,5.805225516094896e-07,None,None,None,None, , , , 
10559, ,0.06080224261649421,6.222570836730232e-07,None,None,None,None, , , , 
10560, ,0.06080224261649421,6.669919663030115e-07,None,None,None,None, , , , 
10561, ,0.06080224261649421,7.149428986597576e-07,None,None,None,None, , , , 
10562, ,0.06080224261649421,7.663410868007445e-07,None,None,None,None, , , , 
10563, ,0.06080224261649421,8.214343584919422e-07,None,None,None,None, , , , 
10564, ,0.06080224261649421,8.804883581643463e-07,None,None,None,None, , , , 
10565, ,0.06080224261649421,9.437878277775371e-07,None,None,None,None, , , , 
10566, ,0.06080224261649421,1.0116379797662072e-06,None,None,None,None, , , , 
10567, ,0.06080224261649421,1.0843659686896086e-06,None,None,None,None, , , , 
10568, ,0.06080224261649421,1.1623224686798522e-06,None,None,None,None, , , , 
10569, ,0.06080224261649421,1.2458833642950078e-06,None,None,None,None, , , , 
10570, ,0.06080224261649421,1.3354515629298971e-06,None,None,None,None, , , , 
10571, ,0.06080224261649421,1.4314589375234786e-06,None,None,None,None, , , , 
10572, ,0.06080224261649421,1.53436840893001e-06,None,None,None,None, , , , 
10573, ,0.06080224261649421,1.6446761779946631e-06,None,None,None,None, , , , 
10574, ,0.06080224261649421,1.762914118095948e-06,None,None,None,None, , , , 
10575, ,0.06080224261649421,1.8896523396912082e-06,None,None,None,None, , , , 
10576, ,0.06080224261649421,2.0255019392306664e-06,None,None,None,None, , , , 
10577, ,0.06080224261649421,2.171117945694501e-06,None,None,None,None, , , , 
10578, ,0.06080224261649421,2.327202478960408e-06,None,None,None,None, , , , 
10579, ,0.06080224261649421,2.494508135230317e-06,None,None,None,None, , , , 
10580, ,0.06080224261649421,2.673841615839944e-06,None,None,None,None, , , , 
10581, ,0.06080224261649421,2.8660676169482507e-06,None,None,None,None, , , , 
10582, ,0.06080224261649421,3.0721129988617524e-06,None,None,None,None, , , , 
10583, ,0.06080224261649421,3.292971255097148e-06,None,None,None,None, , , , 
10584, ,0.06080224261649421,3.5297073027306505e-06,None,None,None,None, , , , 
10585, ,0.06080224261649421,3.783462617131925e-06,None,None,None,None, , , , 
10586, ,0.06080224261649421,4.0554607358408275e-06,None,None,None,None, , , , 
10587, ,0.06080224261649421,4.3470131581250175e-06,None,None,None,None, , , , 
10588, ,0.06080224261649421,4.6595256686646765e-06,None,None,None,None, , , , 
10589, ,0.06080224261649421,4.99450511585514e-06,None,None,None,None, , , , 
10590, ,0.06080224261649421,5.353566677410719e-06,None,None,None,None, , , , 
10591, ,0.06080224261649421,5.738441648302393e-06,None,None,None,None, , , , 
10592, ,0.06080224261649421,6.150985788580505e-06,None,None,None,None, , , , 
10593, ,0.06080224261649421,6.593188271333541e-06,None,None,None,None, , , , 
10594, ,0.06080224261649421,7.067181273927492e-06,None,None,None,None, , , , 
10595, ,0.06080224261649421,7.575250258771904e-06,None,None,None,None, , , , 
10596, ,0.06080224261649421,8.119844993184007e-06,None,None,None,None, , , , 
10597, ,0.06080224261649421,8.703591361485167e-06,None,None,None,None, , , , 
10598, ,0.06080224261649421,9.329304026284676e-06,None,None,None,None, , , , 
10599, ,0.06080224261649421,1e-05,None,None,None,None, , , , 
10600, ,0.06294988990221888,1e-11,None,None,None,None, , , , 
10601, ,0.06294988990221888,1.0718913192051263e-11,None,None,None,None, , , , 
10602, ,0.06294988990221888,1.1489510001873107e-11,None,None,None,None, , , , 
10603, ,0.06294988990221888,1.2315506032928262e-11,None,None,None,None, , , , 
10604, ,0.06294988990221888,1.3200884008314167e-11,None,None,None,None, , , , 
10605, ,0.06294988990221888,1.4149912974345786e-11,None,None,None,None, , , , 
10606, ,0.06294988990221888,1.5167168884709242e-11,None,None,None,None, , , , 
10607, ,0.06294988990221888,1.6257556664437934e-11,None,None,None,None, , , , 
10608, ,0.06294988990221888,1.7426333860096473e-11,None,None,None,None, , , , 
10609, ,0.06294988990221888,1.8679135990207848e-11,None,None,None,None, , , , 
10610, ,0.06294988990221888,2.0022003718155844e-11,None,None,None,None, , , , 
10611, ,0.06294988990221888,2.1461411978584013e-11,None,None,None,None, , , , 
10612, ,0.06294988990221888,2.300430119772921e-11,None,None,None,None, , , , 
10613, ,0.06294988990221888,2.465811075822604e-11,None,None,None,None, , , , 
10614, ,0.06294988990221888,2.643081486974103e-11,None,None,None,None, , , , 
10615, ,0.06294988990221888,2.8330961018393178e-11,None,None,None,None, , , , 
10616, ,0.06294988990221888,3.036771118035461e-11,None,None,None,None, , , , 
10617, ,0.06294988990221888,3.255088599835057e-11,None,None,None,None, , , , 
10618, ,0.06294988990221888,3.4891012134067674e-11,None,None,None,None, , , , 
10619, ,0.06294988990221888,3.739937302478801e-11,None,None,None,None, , , , 
10620, ,0.06294988990221888,4.0088063288984646e-11,None,None,None,None, , , , 
10621, ,0.06294988990221888,4.297004704320835e-11,None,None,None,None, , , , 
10622, ,0.06294988990221888,4.605922041145113e-11,None,None,None,None, , , , 
10623, ,0.06294988990221888,4.937047852839004e-11,None,None,None,None, , , , 
10624, ,0.06294988990221888,5.2919787359584366e-11,None,None,None,None, , , , 
10625, ,0.06294988990221888,5.672426068491989e-11,None,None,None,None, , , , 
10626, ,0.06294988990221888,6.080224261649427e-11,None,None,None,None, , , , 
10627, ,0.06294988990221888,6.517339604882421e-11,None,None,None,None, , , , 
10628, ,0.06294988990221888,6.985879746785235e-11,None,None,None,None, , , , 
10629, ,0.06294988990221888,7.48810385759003e-11,None,None,None,None, , , , 
10630, ,0.06294988990221888,8.026433522257174e-11,None,None,None,None, , , , 
10631, ,0.06294988990221888,8.603464416684492e-11,None,None,None,None, , , , 
10632, ,0.06294988990221888,9.221978823334341e-11,None,None,None,None, , , , 
10633, ,0.06294988990221888,9.884959046625586e-11,None,None,None,None, , , , 
10634, ,0.06294988990221888,1.0595601792776149e-10,None,None,None,None, , , , 
10635, ,0.06294988990221888,1.1357333583431027e-10,None,None,None,None, , , , 
10636, ,0.06294988990221888,1.217382727739662e-10,None,None,None,None, , , , 
10637, ,0.06294988990221888,1.3049019780144016e-10,None,None,None,None, , , , 
10638, ,0.06294988990221888,1.398713102647236e-10,None,None,None,None, , , , 
10639, ,0.06294988990221888,1.4992684327860468e-10,None,None,None,None, , , , 
10640, ,0.06294988990221888,1.6070528182616384e-10,None,None,None,None, , , , 
10641, ,0.06294988990221888,1.722585965398784e-10,None,None,None,None, , , , 
10642, ,0.06294988990221888,1.8464249428955463e-10,None,None,None,None, , , , 
10643, ,0.06294988990221888,1.9791668678535569e-10,None,None,None,None, , , , 
10644, ,0.06294988990221888,2.121451784910628e-10,None,None,None,None, , , , 
10645, ,0.06294988990221888,2.273965752357932e-10,None,None,None,None, , , , 
10646, ,0.06294988990221888,2.4374441501222216e-10,None,None,None,None, , , , 
10647, ,0.06294988990221888,2.6126752255633265e-10,None,None,None,None, , , , 
10648, ,0.06294988990221888,2.8005038941836253e-10,None,None,None,None, , , , 
10649, ,0.06294988990221888,3.0018358135755917e-10,None,None,None,None, , , , 
10650, ,0.06294988990221888,3.2176417502507347e-10,None,None,None,None, , , , 
10651, ,0.06294988990221888,3.4489622604057533e-10,None,None,None,None, , , , 
10652, ,0.06294988990221888,3.696912707195032e-10,None,None,None,None, , , , 
10653, ,0.06294988990221888,3.9626886387014783e-10,None,None,None,None, , , , 
10654, ,0.06294988990221888,4.2475715525368935e-10,None,None,None,None, , , , 
10655, ,0.06294988990221888,4.552935074866938e-10,None,None,None,None, , , , 
10656, ,0.06294988990221888,4.880251583654433e-10,None,None,None,None, , , , 
10657, ,0.06294988990221888,5.231099308056258e-10,None,None,None,None, , , , 
10658, ,0.06294988990221888,5.60716993820547e-10,None,None,None,None, , , , 
10659, ,0.06294988990221888,6.010276782070387e-10,None,None,None,None, , , , 
10660, ,0.06294988990221888,6.442363508721371e-10,None,None,None,None, , , , 
10661, ,0.06294988990221888,6.905513520162316e-10,None,None,None,None, , , , 
10662, ,0.06294988990221888,7.401959996915653e-10,None,None,None,None, , , , 
10663, ,0.06294988990221888,7.934096665797492e-10,None,None,None,None, , , , 
10664, ,0.06294988990221888,8.504489341802668e-10,None,None,None,None, , , , 
10665, ,0.06294988990221888,9.115888299750837e-10,None,None,None,None, , , , 
10666, ,0.06294988990221888,9.771241535346502e-10,None,None,None,None, , , , 
10667, ,0.06294988990221888,1.0473708979594486e-09,None,None,None,None, , , , 
10668, ,0.06294988990221888,1.1226677735108114e-09,None,None,None,None, , , , 
10669, ,0.06294988990221888,1.2033778407775904e-09,None,None,None,None, , , , 
10670, ,0.06294988990221888,1.289890261253308e-09,None,None,None,None, , , , 
10671, ,0.06294988990221888,1.3826221737646535e-09,None,None,None,None, , , , 
10672, ,0.06294988990221888,1.4820207057988602e-09,None,None,None,None, , , , 
10673, ,0.06294988990221888,1.5885651294280526e-09,None,None,None,None, , , , 
10674, ,0.06294988990221888,1.702769172225898e-09,None,None,None,None, , , , 
10675, ,0.06294988990221888,1.825183494319039e-09,None,None,None,None, , , , 
10676, ,0.06294988990221888,1.956398343517065e-09,None,None,None,None, , , , 
10677, ,0.06294988990221888,2.0970464013232305e-09,None,None,None,None, , , , 
10678, ,0.06294988990221888,2.2478058335487307e-09,None,None,None,None, , , , 
10679, ,0.06294988990221888,2.409403560239527e-09,None,None,None,None, , , , 
10680, ,0.06294988990221888,2.582618760682675e-09,None,None,None,None, , , , 
10681, ,0.06294988990221888,2.768286630392061e-09,None,None,None,None, , , , 
10682, ,0.06294988990221888,2.9673024081888724e-09,None,None,None,None, , , , 
10683, ,0.06294988990221888,3.180625692794119e-09,None,None,None,None, , , , 
10684, ,0.06294988990221888,3.409285069746807e-09,None,None,None,None, , , , 
10685, ,0.06294988990221888,3.654383070957262e-09,None,None,None,None, , , , 
10686, ,0.06294988990221888,3.917101490809261e-09,None,None,None,None, , , , 
10687, ,0.06294988990221888,4.198707084443906e-09,None,None,None,None, , , , 
10688, ,0.06294988990221888,4.500557675700488e-09,None,None,None,None, , , , 
10689, ,0.06294988990221888,4.824108704165374e-09,None,None,None,None, , , , 
10690, ,0.06294988990221888,5.170920242896755e-09,None,None,None,None, , , , 
10691, ,0.06294988990221888,5.542664520663096e-09,None,None,None,None, , , , 
10692, ,0.06294988990221888,5.941133984965041e-09,None,None,None,None, , , , 
10693, ,0.06294988990221888,6.3682499447185856e-09,None,None,None,None, , , , 
10694, ,0.06294988990221888,6.826071834272379e-09,None,None,None,None, , , , 
10695, ,0.06294988990221888,7.316807143427175e-09,None,None,None,None, , , , 
10696, ,0.06294988990221888,7.842822061337681e-09,None,None,None,None, , , , 
10697, ,0.06294988990221888,8.406652885618316e-09,None,None,None,None, , , , 
10698, ,0.06294988990221888,9.011018251665036e-09,None,None,None,None, , , , 
10699, ,0.06294988990221888,9.658832241158707e-09,None,None,None,None, , , , 
10700, ,0.06294988990221888,1.0353218432956616e-08,None,None,None,None, , , , 
10701, ,0.06294988990221888,1.1097524964120722e-08,None,None,None,None, , , , 
10702, ,0.06294988990221888,1.1895340673703208e-08,None,None,None,None, , , , 
10703, ,0.06294988990221888,1.2750512407130128e-08,None,None,None,None, , , , 
10704, ,0.06294988990221888,1.3667163564620044e-08,None,None,None,None, , , , 
10705, ,0.06294988990221888,1.4649713983072853e-08,None,None,None,None, , , , 
10706, ,0.06294988990221888,1.5702901247293774e-08,None,None,None,None, , , , 
10707, ,0.06294988990221888,1.683180353330955e-08,None,None,None,None, , , , 
10708, ,0.06294988990221888,1.8041864093920717e-08,None,None,None,None, , , , 
10709, ,0.06294988990221888,1.933891750455232e-08,None,None,None,None, , , , 
10710, ,0.06294988990221888,2.0729217795953697e-08,None,None,None,None, , , , 
10711, ,0.06294988990221888,2.221946860939524e-08,None,None,None,None, , , , 
10712, ,0.06294988990221888,2.3816855519761606e-08,None,None,None,None, , , , 
10713, ,0.06294988990221888,2.552908068239516e-08,None,None,None,None, , , , 
10714, ,0.06294988990221888,2.7364399970746666e-08,None,None,None,None, , , , 
10715, ,0.06294988990221888,2.933166278390042e-08,None,None,None,None, , , , 
10716, ,0.06294988990221888,3.1440354715915e-08,None,None,None,None, , , , 
10717, ,0.06294988990221888,3.370064329271925e-08,None,None,None,None, , , , 
10718, ,0.06294988990221888,3.612342699709431e-08,None,None,None,None, , , , 
10719, ,0.06294988990221888,3.872038781812557e-08,None,None,None,None, , , , 
10720, ,0.06294988990221888,4.1504047578504727e-08,None,None,None,None, , , , 
10721, ,0.06294988990221888,4.448782831127585e-08,None,None,None,None, , , , 
10722, ,0.06294988990221888,4.768611697714474e-08,None,None,None,None, , , , 
10723, ,0.06294988990221888,5.111433483440165e-08,None,None,None,None, , , , 
10724, ,0.06294988990221888,5.478901179593934e-08,None,None,None,None, , , , 
10725, ,0.06294988990221888,5.872786613189478e-08,None,None,None,None, , , , 
10726, ,0.06294988990221888,6.294988990221888e-08,None,None,None,None, , , , 
10727, ,0.06294988990221888,6.747544053110687e-08,None,None,None,None, , , , 
10728, ,0.06294988990221888,7.232633896483534e-08,None,None,None,None, , , , 
10729, ,0.06294988990221888,7.752597488629465e-08,None,None,None,None, , , , 
10730, ,0.06294988990221888,8.309941949353386e-08,None,None,None,None, , , , 
10731, ,0.06294988990221888,8.907354638610439e-08,None,None,None,None, , , , 
10732, ,0.06294988990221888,9.547716114208066e-08,None,None,None,None, , , , 
10733, ,0.06294988990221888,1.0234114021054528e-07,None,None,None,None, , , , 
10734, ,0.06294988990221888,1.0969857978923841e-07,None,None,None,None, , , , 
10735, ,0.06294988990221888,1.1758495540521555e-07,None,None,None,None, , , , 
10736, ,0.06294988990221888,1.2603829296797277e-07,None,None,None,None, , , , 
10737, ,0.06294988990221888,1.350993521198025e-07,None,None,None,None, , , , 
10738, ,0.06294988990221888,1.4481182276745328e-07,None,None,None,None, , , , 
10739, ,0.06294988990221888,1.552225357427048e-07,None,None,None,None, , , , 
10740, ,0.06294988990221888,1.6638168860761273e-07,None,None,None,None, , , , 
10741, ,0.06294988990221888,1.7834308769319093e-07,None,None,None,None, , , , 
10742, ,0.06294988990221888,1.9116440753857e-07,None,None,None,None, , , , 
10743, ,0.06294988990221888,2.049074689815846e-07,None,None,None,None, , , , 
10744, ,0.06294988990221888,2.1963853724165468e-07,None,None,None,None, , , , 
10745, ,0.06294988990221888,2.3542864143224158e-07,None,None,None,None, , , , 
10746, ,0.06294988990221888,2.523539170434766e-07,None,None,None,None, , , , 
10747, ,0.06294988990221888,2.7049597304631316e-07,None,None,None,None, , , , 
10748, ,0.06294988990221888,2.899422853882875e-07,None,None,None,None, , , , 
10749, ,0.06294988990221888,3.107866187782014e-07,None,None,None,None, , , , 
10750, ,0.06294988990221888,3.33129478793467e-07,None,None,None,None, , , , 
10751, ,0.06294988990221888,3.5707859649004626e-07,None,None,None,None, , , , 
10752, ,0.06294988990221888,3.827494478516307e-07,None,None,None,None, , , , 
10753, ,0.06294988990221888,4.1026581058271904e-07,None,None,None,None, , , , 
10754, ,0.06294988990221888,4.397603609302722e-07,None,None,None,None, , , , 
10755, ,0.06294988990221888,4.7137531341167185e-07,None,None,None,None, , , , 
10756, ,0.06294988990221888,5.052631065335679e-07,None,None,None,None, , , , 
10757, ,0.06294988990221888,5.415871378079465e-07,None,None,None,None, , , , 
10758, ,0.06294988990221888,5.805225516094896e-07,None,None,None,None, , , , 
10759, ,0.06294988990221888,6.222570836730232e-07,None,None,None,None, , , , 
10760, ,0.06294988990221888,6.669919663030115e-07,None,None,None,None, , , , 
10761, ,0.06294988990221888,7.149428986597576e-07,None,None,None,None, , , , 
10762, ,0.06294988990221888,7.663410868007445e-07,None,None,None,None, , , , 
10763, ,0.06294988990221888,8.214343584919422e-07,None,None,None,None, , , , 
10764, ,0.06294988990221888,8.804883581643463e-07,None,None,None,None, , , , 
10765, ,0.06294988990221888,9.437878277775371e-07,None,None,None,None, , , , 
10766, ,0.06294988990221888,1.0116379797662072e-06,None,None,None,None, , , , 
10767, ,0.06294988990221888,1.0843659686896086e-06,None,None,None,None, , , , 
10768, ,0.06294988990221888,1.1623224686798522e-06,None,None,None,None, , , , 
10769, ,0.06294988990221888,1.2458833642950078e-06,None,None,None,None, , , , 
10770, ,0.06294988990221888,1.3354515629298971e-06,None,None,None,None, , , , 
10771, ,0.06294988990221888,1.4314589375234786e-06,None,None,None,None, , , , 
10772, ,0.06294988990221888,1.53436840893001e-06,None,None,None,None, , , , 
10773, ,0.06294988990221888,1.6446761779946631e-06,None,None,None,None, , , , 
10774, ,0.06294988990221888,1.762914118095948e-06,None,None,None,None, , , , 
10775, ,0.06294988990221888,1.8896523396912082e-06,None,None,None,None, , , , 
10776, ,0.06294988990221888,2.0255019392306664e-06,None,None,None,None, , , , 
10777, ,0.06294988990221888,2.171117945694501e-06,None,None,None,None, , , , 
10778, ,0.06294988990221888,2.327202478960408e-06,None,None,None,None, , , , 
10779, ,0.06294988990221888,2.494508135230317e-06,None,None,None,None, , , , 
10780, ,0.06294988990221888,2.673841615839944e-06,None,None,None,None, , , , 
10781, ,0.06294988990221888,2.8660676169482507e-06,None,None,None,None, , , , 
10782, ,0.06294988990221888,3.0721129988617524e-06,None,None,None,None, , , , 
10783, ,0.06294988990221888,3.292971255097148e-06,None,None,None,None, , , , 
10784, ,0.06294988990221888,3.5297073027306505e-06,None,None,None,None, , , , 
10785, ,0.06294988990221888,3.783462617131925e-06,None,None,None,None, , , , 
10786, ,0.06294988990221888,4.0554607358408275e-06,None,None,None,None, , , , 
10787, ,0.06294988990221888,4.3470131581250175e-06,None,None,None,None, , , , 
10788, ,0.06294988990221888,4.6595256686646765e-06,None,None,None,None, , , , 
10789, ,0.06294988990221888,4.99450511585514e-06,None,None,None,None, , , , 
10790, ,0.06294988990221888,5.353566677410719e-06,None,None,None,None, , , , 
10791, ,0.06294988990221888,5.738441648302393e-06,None,None,None,None, , , , 
10792, ,0.06294988990221888,6.150985788580505e-06,None,None,None,None, , , , 
10793, ,0.06294988990221888,6.593188271333541e-06,None,None,None,None, , , , 
10794, ,0.06294988990221888,7.067181273927492e-06,None,None,None,None, , , , 
10795, ,0.06294988990221888,7.575250258771904e-06,None,None,None,None, , , , 
10796, ,0.06294988990221888,8.119844993184007e-06,None,None,None,None, , , , 
10797, ,0.06294988990221888,8.703591361485167e-06,None,None,None,None, , , , 
10798, ,0.06294988990221888,9.329304026284676e-06,None,None,None,None, , , , 
10799, ,0.06294988990221888,1e-05,None,None,None,None, , , , 
10800, ,0.06517339604882423,1e-11,None,None,None,None, , , , 
10801, ,0.06517339604882423,1.0718913192051263e-11,None,None,None,None, , , , 
10802, ,0.06517339604882423,1.1489510001873107e-11,None,None,None,None, , , , 
10803, ,0.06517339604882423,1.2315506032928262e-11,None,None,None,None, , , , 
10804, ,0.06517339604882423,1.3200884008314167e-11,None,None,None,None, , , , 
10805, ,0.06517339604882423,1.4149912974345786e-11,None,None,None,None, , , , 
10806, ,0.06517339604882423,1.5167168884709242e-11,None,None,None,None, , , , 
10807, ,0.06517339604882423,1.6257556664437934e-11,None,None,None,None, , , , 
10808, ,0.06517339604882423,1.7426333860096473e-11,None,None,None,None, , , , 
10809, ,0.06517339604882423,1.8679135990207848e-11,None,None,None,None, , , , 
10810, ,0.06517339604882423,2.0022003718155844e-11,None,None,None,None, , , , 
10811, ,0.06517339604882423,2.1461411978584013e-11,None,None,None,None, , , , 
10812, ,0.06517339604882423,2.300430119772921e-11,None,None,None,None, , , , 
10813, ,0.06517339604882423,2.465811075822604e-11,None,None,None,None, , , , 
10814, ,0.06517339604882423,2.643081486974103e-11,None,None,None,None, , , , 
10815, ,0.06517339604882423,2.8330961018393178e-11,None,None,None,None, , , , 
10816, ,0.06517339604882423,3.036771118035461e-11,None,None,None,None, , , , 
10817, ,0.06517339604882423,3.255088599835057e-11,None,None,None,None, , , , 
10818, ,0.06517339604882423,3.4891012134067674e-11,None,None,None,None, , , , 
10819, ,0.06517339604882423,3.739937302478801e-11,None,None,None,None, , , , 
10820, ,0.06517339604882423,4.0088063288984646e-11,None,None,None,None, , , , 
10821, ,0.06517339604882423,4.297004704320835e-11,None,None,None,None, , , , 
10822, ,0.06517339604882423,4.605922041145113e-11,None,None,None,None, , , , 
10823, ,0.06517339604882423,4.937047852839004e-11,None,None,None,None, , , , 
10824, ,0.06517339604882423,5.2919787359584366e-11,None,None,None,None, , , , 
10825, ,0.06517339604882423,5.672426068491989e-11,None,None,None,None, , , , 
10826, ,0.06517339604882423,6.080224261649427e-11,None,None,None,None, , , , 
10827, ,0.06517339604882423,6.517339604882421e-11,None,None,None,None, , , , 
10828, ,0.06517339604882423,6.985879746785235e-11,None,None,None,None, , , , 
10829, ,0.06517339604882423,7.48810385759003e-11,None,None,None,None, , , , 
10830, ,0.06517339604882423,8.026433522257174e-11,None,None,None,None, , , , 
10831, ,0.06517339604882423,8.603464416684492e-11,None,None,None,None, , , , 
10832, ,0.06517339604882423,9.221978823334341e-11,None,None,None,None, , , , 
10833, ,0.06517339604882423,9.884959046625586e-11,None,None,None,None, , , , 
10834, ,0.06517339604882423,1.0595601792776149e-10,None,None,None,None, , , , 
10835, ,0.06517339604882423,1.1357333583431027e-10,None,None,None,None, , , , 
10836, ,0.06517339604882423,1.217382727739662e-10,None,None,None,None, , , , 
10837, ,0.06517339604882423,1.3049019780144016e-10,None,None,None,None, , , , 
10838, ,0.06517339604882423,1.398713102647236e-10,None,None,None,None, , , , 
10839, ,0.06517339604882423,1.4992684327860468e-10,None,None,None,None, , , , 
10840, ,0.06517339604882423,1.6070528182616384e-10,None,None,None,None, , , , 
10841, ,0.06517339604882423,1.722585965398784e-10,None,None,None,None, , , , 
10842, ,0.06517339604882423,1.8464249428955463e-10,None,None,None,None, , , , 
10843, ,0.06517339604882423,1.9791668678535569e-10,None,None,None,None, , , , 
10844, ,0.06517339604882423,2.121451784910628e-10,None,None,None,None, , , , 
10845, ,0.06517339604882423,2.273965752357932e-10,None,None,None,None, , , , 
10846, ,0.06517339604882423,2.4374441501222216e-10,None,None,None,None, , , , 
10847, ,0.06517339604882423,2.6126752255633265e-10,None,None,None,None, , , , 
10848, ,0.06517339604882423,2.8005038941836253e-10,None,None,None,None, , , , 
10849, ,0.06517339604882423,3.0018358135755917e-10,None,None,None,None, , , , 
10850, ,0.06517339604882423,3.2176417502507347e-10,None,None,None,None, , , , 
10851, ,0.06517339604882423,3.4489622604057533e-10,None,None,None,None, , , , 
10852, ,0.06517339604882423,3.696912707195032e-10,None,None,None,None, , , , 
10853, ,0.06517339604882423,3.9626886387014783e-10,None,None,None,None, , , , 
10854, ,0.06517339604882423,4.2475715525368935e-10,None,None,None,None, , , , 
10855, ,0.06517339604882423,4.552935074866938e-10,None,None,None,None, , , , 
10856, ,0.06517339604882423,4.880251583654433e-10,None,None,None,None, , , , 
10857, ,0.06517339604882423,5.231099308056258e-10,None,None,None,None, , , , 
10858, ,0.06517339604882423,5.60716993820547e-10,None,None,None,None, , , , 
10859, ,0.06517339604882423,6.010276782070387e-10,None,None,None,None, , , , 
10860, ,0.06517339604882423,6.442363508721371e-10,None,None,None,None, , , , 
10861, ,0.06517339604882423,6.905513520162316e-10,None,None,None,None, , , , 
10862, ,0.06517339604882423,7.401959996915653e-10,None,None,None,None, , , , 
10863, ,0.06517339604882423,7.934096665797492e-10,None,None,None,None, , , , 
10864, ,0.06517339604882423,8.504489341802668e-10,None,None,None,None, , , , 
10865, ,0.06517339604882423,9.115888299750837e-10,None,None,None,None, , , , 
10866, ,0.06517339604882423,9.771241535346502e-10,None,None,None,None, , , , 
10867, ,0.06517339604882423,1.0473708979594486e-09,None,None,None,None, , , , 
10868, ,0.06517339604882423,1.1226677735108114e-09,None,None,None,None, , , , 
10869, ,0.06517339604882423,1.2033778407775904e-09,None,None,None,None, , , , 
10870, ,0.06517339604882423,1.289890261253308e-09,None,None,None,None, , , , 
10871, ,0.06517339604882423,1.3826221737646535e-09,None,None,None,None, , , , 
10872, ,0.06517339604882423,1.4820207057988602e-09,None,None,None,None, , , , 
10873, ,0.06517339604882423,1.5885651294280526e-09,None,None,None,None, , , , 
10874, ,0.06517339604882423,1.702769172225898e-09,None,None,None,None, , , , 
10875, ,0.06517339604882423,1.825183494319039e-09,None,None,None,None, , , , 
10876, ,0.06517339604882423,1.956398343517065e-09,None,None,None,None, , , , 
10877, ,0.06517339604882423,2.0970464013232305e-09,None,None,None,None, , , , 
10878, ,0.06517339604882423,2.2478058335487307e-09,None,None,None,None, , , , 
10879, ,0.06517339604882423,2.409403560239527e-09,None,None,None,None, , , , 
10880, ,0.06517339604882423,2.582618760682675e-09,None,None,None,None, , , , 
10881, ,0.06517339604882423,2.768286630392061e-09,None,None,None,None, , , , 
10882, ,0.06517339604882423,2.9673024081888724e-09,None,None,None,None, , , , 
10883, ,0.06517339604882423,3.180625692794119e-09,None,None,None,None, , , , 
10884, ,0.06517339604882423,3.409285069746807e-09,None,None,None,None, , , , 
10885, ,0.06517339604882423,3.654383070957262e-09,None,None,None,None, , , , 
10886, ,0.06517339604882423,3.917101490809261e-09,None,None,None,None, , , , 
10887, ,0.06517339604882423,4.198707084443906e-09,None,None,None,None, , , , 
10888, ,0.06517339604882423,4.500557675700488e-09,None,None,None,None, , , , 
10889, ,0.06517339604882423,4.824108704165374e-09,None,None,None,None, , , , 
10890, ,0.06517339604882423,5.170920242896755e-09,None,None,None,None, , , , 
10891, ,0.06517339604882423,5.542664520663096e-09,None,None,None,None, , , , 
10892, ,0.06517339604882423,5.941133984965041e-09,None,None,None,None, , , , 
10893, ,0.06517339604882423,6.3682499447185856e-09,None,None,None,None, , , , 
10894, ,0.06517339604882423,6.826071834272379e-09,None,None,None,None, , , , 
10895, ,0.06517339604882423,7.316807143427175e-09,None,None,None,None, , , , 
10896, ,0.06517339604882423,7.842822061337681e-09,None,None,None,None, , , , 
10897, ,0.06517339604882423,8.406652885618316e-09,None,None,None,None, , , , 
10898, ,0.06517339604882423,9.011018251665036e-09,None,None,None,None, , , , 
10899, ,0.06517339604882423,9.658832241158707e-09,None,None,None,None, , , , 
10900, ,0.06517339604882423,1.0353218432956616e-08,None,None,None,None, , , , 
10901, ,0.06517339604882423,1.1097524964120722e-08,None,None,None,None, , , , 
10902, ,0.06517339604882423,1.1895340673703208e-08,None,None,None,None, , , , 
10903, ,0.06517339604882423,1.2750512407130128e-08,None,None,None,None, , , , 
10904, ,0.06517339604882423,1.3667163564620044e-08,None,None,None,None, , , , 
10905, ,0.06517339604882423,1.4649713983072853e-08,None,None,None,None, , , , 
10906, ,0.06517339604882423,1.5702901247293774e-08,None,None,None,None, , , , 
10907, ,0.06517339604882423,1.683180353330955e-08,None,None,None,None, , , , 
10908, ,0.06517339604882423,1.8041864093920717e-08,None,None,None,None, , , , 
10909, ,0.06517339604882423,1.933891750455232e-08,None,None,None,None, , , , 
10910, ,0.06517339604882423,2.0729217795953697e-08,None,None,None,None, , , , 
10911, ,0.06517339604882423,2.221946860939524e-08,None,None,None,None, , , , 
10912, ,0.06517339604882423,2.3816855519761606e-08,None,None,None,None, , , , 
10913, ,0.06517339604882423,2.552908068239516e-08,None,None,None,None, , , , 
10914, ,0.06517339604882423,2.7364399970746666e-08,None,None,None,None, , , , 
10915, ,0.06517339604882423,2.933166278390042e-08,None,None,None,None, , , , 
10916, ,0.06517339604882423,3.1440354715915e-08,None,None,None,None, , , , 
10917, ,0.06517339604882423,3.370064329271925e-08,None,None,None,None, , , , 
10918, ,0.06517339604882423,3.612342699709431e-08,None,None,None,None, , , , 
10919, ,0.06517339604882423,3.872038781812557e-08,None,None,None,None, , , , 
10920, ,0.06517339604882423,4.1504047578504727e-08,None,None,None,None, , , , 
10921, ,0.06517339604882423,4.448782831127585e-08,None,None,None,None, , , , 
10922, ,0.06517339604882423,4.768611697714474e-08,None,None,None,None, , , , 
10923, ,0.06517339604882423,5.111433483440165e-08,None,None,None,None, , , , 
10924, ,0.06517339604882423,5.478901179593934e-08,None,None,None,None, , , , 
10925, ,0.06517339604882423,5.872786613189478e-08,None,None,None,None, , , , 
10926, ,0.06517339604882423,6.294988990221888e-08,None,None,None,None, , , , 
10927, ,0.06517339604882423,6.747544053110687e-08,None,None,None,None, , , , 
10928, ,0.06517339604882423,7.232633896483534e-08,None,None,None,None, , , , 
10929, ,0.06517339604882423,7.752597488629465e-08,None,None,None,None, , , , 
10930, ,0.06517339604882423,8.309941949353386e-08,None,None,None,None, , , , 
10931, ,0.06517339604882423,8.907354638610439e-08,None,None,None,None, , , , 
10932, ,0.06517339604882423,9.547716114208066e-08,None,None,None,None, , , , 
10933, ,0.06517339604882423,1.0234114021054528e-07,None,None,None,None, , , , 
10934, ,0.06517339604882423,1.0969857978923841e-07,None,None,None,None, , , , 
10935, ,0.06517339604882423,1.1758495540521555e-07,None,None,None,None, , , , 
10936, ,0.06517339604882423,1.2603829296797277e-07,None,None,None,None, , , , 
10937, ,0.06517339604882423,1.350993521198025e-07,None,None,None,None, , , , 
10938, ,0.06517339604882423,1.4481182276745328e-07,None,None,None,None, , , , 
10939, ,0.06517339604882423,1.552225357427048e-07,None,None,None,None, , , , 
10940, ,0.06517339604882423,1.6638168860761273e-07,None,None,None,None, , , , 
10941, ,0.06517339604882423,1.7834308769319093e-07,None,None,None,None, , , , 
10942, ,0.06517339604882423,1.9116440753857e-07,None,None,None,None, , , , 
10943, ,0.06517339604882423,2.049074689815846e-07,None,None,None,None, , , , 
10944, ,0.06517339604882423,2.1963853724165468e-07,None,None,None,None, , , , 
10945, ,0.06517339604882423,2.3542864143224158e-07,None,None,None,None, , , , 
10946, ,0.06517339604882423,2.523539170434766e-07,None,None,None,None, , , , 
10947, ,0.06517339604882423,2.7049597304631316e-07,None,None,None,None, , , , 
10948, ,0.06517339604882423,2.899422853882875e-07,None,None,None,None, , , , 
10949, ,0.06517339604882423,3.107866187782014e-07,None,None,None,None, , , , 
10950, ,0.06517339604882423,3.33129478793467e-07,None,None,None,None, , , , 
10951, ,0.06517339604882423,3.5707859649004626e-07,None,None,None,None, , , , 
10952, ,0.06517339604882423,3.827494478516307e-07,None,None,None,None, , , , 
10953, ,0.06517339604882423,4.1026581058271904e-07,None,None,None,None, , , , 
10954, ,0.06517339604882423,4.397603609302722e-07,None,None,None,None, , , , 
10955, ,0.06517339604882423,4.7137531341167185e-07,None,None,None,None, , , , 
10956, ,0.06517339604882423,5.052631065335679e-07,None,None,None,None, , , , 
10957, ,0.06517339604882423,5.415871378079465e-07,None,None,None,None, , , , 
10958, ,0.06517339604882423,5.805225516094896e-07,None,None,None,None, , , , 
10959, ,0.06517339604882423,6.222570836730232e-07,None,None,None,None, , , , 
10960, ,0.06517339604882423,6.669919663030115e-07,None,None,None,None, , , , 
10961, ,0.06517339604882423,7.149428986597576e-07,None,None,None,None, , , , 
10962, ,0.06517339604882423,7.663410868007445e-07,None,None,None,None, , , , 
10963, ,0.06517339604882423,8.214343584919422e-07,None,None,None,None, , , , 
10964, ,0.06517339604882423,8.804883581643463e-07,None,None,None,None, , , , 
10965, ,0.06517339604882423,9.437878277775371e-07,None,None,None,None, , , , 
10966, ,0.06517339604882423,1.0116379797662072e-06,None,None,None,None, , , , 
10967, ,0.06517339604882423,1.0843659686896086e-06,None,None,None,None, , , , 
10968, ,0.06517339604882423,1.1623224686798522e-06,None,None,None,None, , , , 
10969, ,0.06517339604882423,1.2458833642950078e-06,None,None,None,None, , , , 
10970, ,0.06517339604882423,1.3354515629298971e-06,None,None,None,None, , , , 
10971, ,0.06517339604882423,1.4314589375234786e-06,None,None,None,None, , , , 
10972, ,0.06517339604882423,1.53436840893001e-06,None,None,None,None, , , , 
10973, ,0.06517339604882423,1.6446761779946631e-06,None,None,None,None, , , , 
10974, ,0.06517339604882423,1.762914118095948e-06,None,None,None,None, , , , 
10975, ,0.06517339604882423,1.8896523396912082e-06,None,None,None,None, , , , 
10976, ,0.06517339604882423,2.0255019392306664e-06,None,None,None,None, , , , 
10977, ,0.06517339604882423,2.171117945694501e-06,None,None,None,None, , , , 
10978, ,0.06517339604882423,2.327202478960408e-06,None,None,None,None, , , , 
10979, ,0.06517339604882423,2.494508135230317e-06,None,None,None,None, , , , 
10980, ,0.06517339604882423,2.673841615839944e-06,None,None,None,None, , , , 
10981, ,0.06517339604882423,2.8660676169482507e-06,None,None,None,None, , , , 
10982, ,0.06517339604882423,3.0721129988617524e-06,None,None,None,None, , , , 
10983, ,0.06517339604882423,3.292971255097148e-06,None,None,None,None, , , , 
10984, ,0.06517339604882423,3.5297073027306505e-06,None,None,None,None, , , , 
10985, ,0.06517339604882423,3.783462617131925e-06,None,None,None,None, , , , 
10986, ,0.06517339604882423,4.0554607358408275e-06,None,None,None,None, , , , 
10987, ,0.06517339604882423,4.3470131581250175e-06,None,None,None,None, , , , 
10988, ,0.06517339604882423,4.6595256686646765e-06,None,None,None,None, , , , 
10989, ,0.06517339604882423,4.99450511585514e-06,None,None,None,None, , , , 
10990, ,0.06517339604882423,5.353566677410719e-06,None,None,None,None, , , , 
10991, ,0.06517339604882423,5.738441648302393e-06,None,None,None,None, , , , 
10992, ,0.06517339604882423,6.150985788580505e-06,None,None,None,None, , , , 
10993, ,0.06517339604882423,6.593188271333541e-06,None,None,None,None, , , , 
10994, ,0.06517339604882423,7.067181273927492e-06,None,None,None,None, , , , 
10995, ,0.06517339604882423,7.575250258771904e-06,None,None,None,None, , , , 
10996, ,0.06517339604882423,8.119844993184007e-06,None,None,None,None, , , , 
10997, ,0.06517339604882423,8.703591361485167e-06,None,None,None,None, , , , 
10998, ,0.06517339604882423,9.329304026284676e-06,None,None,None,None, , , , 
10999, ,0.06517339604882423,1e-05,None,None,None,None, , , , 
11000, ,0.06747544053110692,1e-11,None,None,None,None, , , , 
11001, ,0.06747544053110692,1.0718913192051263e-11,None,None,None,None, , , , 
11002, ,0.06747544053110692,1.1489510001873107e-11,None,None,None,None, , , , 
11003, ,0.06747544053110692,1.2315506032928262e-11,None,None,None,None, , , , 
11004, ,0.06747544053110692,1.3200884008314167e-11,None,None,None,None, , , , 
11005, ,0.06747544053110692,1.4149912974345786e-11,None,None,None,None, , , , 
11006, ,0.06747544053110692,1.5167168884709242e-11,None,None,None,None, , , , 
11007, ,0.06747544053110692,1.6257556664437934e-11,None,None,None,None, , , , 
11008, ,0.06747544053110692,1.7426333860096473e-11,None,None,None,None, , , , 
11009, ,0.06747544053110692,1.8679135990207848e-11,None,None,None,None, , , , 
11010, ,0.06747544053110692,2.0022003718155844e-11,None,None,None,None, , , , 
11011, ,0.06747544053110692,2.1461411978584013e-11,None,None,None,None, , , , 
11012, ,0.06747544053110692,2.300430119772921e-11,None,None,None,None, , , , 
11013, ,0.06747544053110692,2.465811075822604e-11,None,None,None,None, , , , 
11014, ,0.06747544053110692,2.643081486974103e-11,None,None,None,None, , , , 
11015, ,0.06747544053110692,2.8330961018393178e-11,None,None,None,None, , , , 
11016, ,0.06747544053110692,3.036771118035461e-11,None,None,None,None, , , , 
11017, ,0.06747544053110692,3.255088599835057e-11,None,None,None,None, , , , 
11018, ,0.06747544053110692,3.4891012134067674e-11,None,None,None,None, , , , 
11019, ,0.06747544053110692,3.739937302478801e-11,None,None,None,None, , , , 
11020, ,0.06747544053110692,4.0088063288984646e-11,None,None,None,None, , , , 
11021, ,0.06747544053110692,4.297004704320835e-11,None,None,None,None, , , , 
11022, ,0.06747544053110692,4.605922041145113e-11,None,None,None,None, , , , 
11023, ,0.06747544053110692,4.937047852839004e-11,None,None,None,None, , , , 
11024, ,0.06747544053110692,5.2919787359584366e-11,None,None,None,None, , , , 
11025, ,0.06747544053110692,5.672426068491989e-11,None,None,None,None, , , , 
11026, ,0.06747544053110692,6.080224261649427e-11,None,None,None,None, , , , 
11027, ,0.06747544053110692,6.517339604882421e-11,None,None,None,None, , , , 
11028, ,0.06747544053110692,6.985879746785235e-11,None,None,None,None, , , , 
11029, ,0.06747544053110692,7.48810385759003e-11,None,None,None,None, , , , 
11030, ,0.06747544053110692,8.026433522257174e-11,None,None,None,None, , , , 
11031, ,0.06747544053110692,8.603464416684492e-11,None,None,None,None, , , , 
11032, ,0.06747544053110692,9.221978823334341e-11,None,None,None,None, , , , 
11033, ,0.06747544053110692,9.884959046625586e-11,None,None,None,None, , , , 
11034, ,0.06747544053110692,1.0595601792776149e-10,None,None,None,None, , , , 
11035, ,0.06747544053110692,1.1357333583431027e-10,None,None,None,None, , , , 
11036, ,0.06747544053110692,1.217382727739662e-10,None,None,None,None, , , , 
11037, ,0.06747544053110692,1.3049019780144016e-10,None,None,None,None, , , , 
11038, ,0.06747544053110692,1.398713102647236e-10,None,None,None,None, , , , 
11039, ,0.06747544053110692,1.4992684327860468e-10,None,None,None,None, , , , 
11040, ,0.06747544053110692,1.6070528182616384e-10,None,None,None,None, , , , 
11041, ,0.06747544053110692,1.722585965398784e-10,None,None,None,None, , , , 
11042, ,0.06747544053110692,1.8464249428955463e-10,None,None,None,None, , , , 
11043, ,0.06747544053110692,1.9791668678535569e-10,None,None,None,None, , , , 
11044, ,0.06747544053110692,2.121451784910628e-10,None,None,None,None, , , , 
11045, ,0.06747544053110692,2.273965752357932e-10,None,None,None,None, , , , 
11046, ,0.06747544053110692,2.4374441501222216e-10,None,None,None,None, , , , 
11047, ,0.06747544053110692,2.6126752255633265e-10,None,None,None,None, , , , 
11048, ,0.06747544053110692,2.8005038941836253e-10,None,None,None,None, , , , 
11049, ,0.06747544053110692,3.0018358135755917e-10,None,None,None,None, , , , 
11050, ,0.06747544053110692,3.2176417502507347e-10,None,None,None,None, , , , 
11051, ,0.06747544053110692,3.4489622604057533e-10,None,None,None,None, , , , 
11052, ,0.06747544053110692,3.696912707195032e-10,None,None,None,None, , , , 
11053, ,0.06747544053110692,3.9626886387014783e-10,None,None,None,None, , , , 
11054, ,0.06747544053110692,4.2475715525368935e-10,None,None,None,None, , , , 
11055, ,0.06747544053110692,4.552935074866938e-10,None,None,None,None, , , , 
11056, ,0.06747544053110692,4.880251583654433e-10,None,None,None,None, , , , 
11057, ,0.06747544053110692,5.231099308056258e-10,None,None,None,None, , , , 
11058, ,0.06747544053110692,5.60716993820547e-10,None,None,None,None, , , , 
11059, ,0.06747544053110692,6.010276782070387e-10,None,None,None,None, , , , 
11060, ,0.06747544053110692,6.442363508721371e-10,None,None,None,None, , , , 
11061, ,0.06747544053110692,6.905513520162316e-10,None,None,None,None, , , , 
11062, ,0.06747544053110692,7.401959996915653e-10,None,None,None,None, , , , 
11063, ,0.06747544053110692,7.934096665797492e-10,None,None,None,None, , , , 
11064, ,0.06747544053110692,8.504489341802668e-10,None,None,None,None, , , , 
11065, ,0.06747544053110692,9.115888299750837e-10,None,None,None,None, , , , 
11066, ,0.06747544053110692,9.771241535346502e-10,None,None,None,None, , , , 
11067, ,0.06747544053110692,1.0473708979594486e-09,None,None,None,None, , , , 
11068, ,0.06747544053110692,1.1226677735108114e-09,None,None,None,None, , , , 
11069, ,0.06747544053110692,1.2033778407775904e-09,None,None,None,None, , , , 
11070, ,0.06747544053110692,1.289890261253308e-09,None,None,None,None, , , , 
11071, ,0.06747544053110692,1.3826221737646535e-09,None,None,None,None, , , , 
11072, ,0.06747544053110692,1.4820207057988602e-09,None,None,None,None, , , , 
11073, ,0.06747544053110692,1.5885651294280526e-09,None,None,None,None, , , , 
11074, ,0.06747544053110692,1.702769172225898e-09,None,None,None,None, , , , 
11075, ,0.06747544053110692,1.825183494319039e-09,None,None,None,None, , , , 
11076, ,0.06747544053110692,1.956398343517065e-09,None,None,None,None, , , , 
11077, ,0.06747544053110692,2.0970464013232305e-09,None,None,None,None, , , , 
11078, ,0.06747544053110692,2.2478058335487307e-09,None,None,None,None, , , , 
11079, ,0.06747544053110692,2.409403560239527e-09,None,None,None,None, , , , 
11080, ,0.06747544053110692,2.582618760682675e-09,None,None,None,None, , , , 
11081, ,0.06747544053110692,2.768286630392061e-09,None,None,None,None, , , , 
11082, ,0.06747544053110692,2.9673024081888724e-09,None,None,None,None, , , , 
11083, ,0.06747544053110692,3.180625692794119e-09,None,None,None,None, , , , 
11084, ,0.06747544053110692,3.409285069746807e-09,None,None,None,None, , , , 
11085, ,0.06747544053110692,3.654383070957262e-09,None,None,None,None, , , , 
11086, ,0.06747544053110692,3.917101490809261e-09,None,None,None,None, , , , 
11087, ,0.06747544053110692,4.198707084443906e-09,None,None,None,None, , , , 
11088, ,0.06747544053110692,4.500557675700488e-09,None,None,None,None, , , , 
11089, ,0.06747544053110692,4.824108704165374e-09,None,None,None,None, , , , 
11090, ,0.06747544053110692,5.170920242896755e-09,None,None,None,None, , , , 
11091, ,0.06747544053110692,5.542664520663096e-09,None,None,None,None, , , , 
11092, ,0.06747544053110692,5.941133984965041e-09,None,None,None,None, , , , 
11093, ,0.06747544053110692,6.3682499447185856e-09,None,None,None,None, , , , 
11094, ,0.06747544053110692,6.826071834272379e-09,None,None,None,None, , , , 
11095, ,0.06747544053110692,7.316807143427175e-09,None,None,None,None, , , , 
11096, ,0.06747544053110692,7.842822061337681e-09,None,None,None,None, , , , 
11097, ,0.06747544053110692,8.406652885618316e-09,None,None,None,None, , , , 
11098, ,0.06747544053110692,9.011018251665036e-09,None,None,None,None, , , , 
11099, ,0.06747544053110692,9.658832241158707e-09,None,None,None,None, , , , 
11100, ,0.06747544053110692,1.0353218432956616e-08,None,None,None,None, , , , 
11101, ,0.06747544053110692,1.1097524964120722e-08,None,None,None,None, , , , 
11102, ,0.06747544053110692,1.1895340673703208e-08,None,None,None,None, , , , 
11103, ,0.06747544053110692,1.2750512407130128e-08,None,None,None,None, , , , 
11104, ,0.06747544053110692,1.3667163564620044e-08,None,None,None,None, , , , 
11105, ,0.06747544053110692,1.4649713983072853e-08,None,None,None,None, , , , 
11106, ,0.06747544053110692,1.5702901247293774e-08,None,None,None,None, , , , 
11107, ,0.06747544053110692,1.683180353330955e-08,None,None,None,None, , , , 
11108, ,0.06747544053110692,1.8041864093920717e-08,None,None,None,None, , , , 
11109, ,0.06747544053110692,1.933891750455232e-08,None,None,None,None, , , , 
11110, ,0.06747544053110692,2.0729217795953697e-08,None,None,None,None, , , , 
11111, ,0.06747544053110692,2.221946860939524e-08,None,None,None,None, , , , 
11112, ,0.06747544053110692,2.3816855519761606e-08,None,None,None,None, , , , 
11113, ,0.06747544053110692,2.552908068239516e-08,None,None,None,None, , , , 
11114, ,0.06747544053110692,2.7364399970746666e-08,None,None,None,None, , , , 
11115, ,0.06747544053110692,2.933166278390042e-08,None,None,None,None, , , , 
11116, ,0.06747544053110692,3.1440354715915e-08,None,None,None,None, , , , 
11117, ,0.06747544053110692,3.370064329271925e-08,None,None,None,None, , , , 
11118, ,0.06747544053110692,3.612342699709431e-08,None,None,None,None, , , , 
11119, ,0.06747544053110692,3.872038781812557e-08,None,None,None,None, , , , 
11120, ,0.06747544053110692,4.1504047578504727e-08,None,None,None,None, , , , 
11121, ,0.06747544053110692,4.448782831127585e-08,None,None,None,None, , , , 
11122, ,0.06747544053110692,4.768611697714474e-08,None,None,None,None, , , , 
11123, ,0.06747544053110692,5.111433483440165e-08,None,None,None,None, , , , 
11124, ,0.06747544053110692,5.478901179593934e-08,None,None,None,None, , , , 
11125, ,0.06747544053110692,5.872786613189478e-08,None,None,None,None, , , , 
11126, ,0.06747544053110692,6.294988990221888e-08,None,None,None,None, , , , 
11127, ,0.06747544053110692,6.747544053110687e-08,None,None,None,None, , , , 
11128, ,0.06747544053110692,7.232633896483534e-08,None,None,None,None, , , , 
11129, ,0.06747544053110692,7.752597488629465e-08,None,None,None,None, , , , 
11130, ,0.06747544053110692,8.309941949353386e-08,None,None,None,None, , , , 
11131, ,0.06747544053110692,8.907354638610439e-08,None,None,None,None, , , , 
11132, ,0.06747544053110692,9.547716114208066e-08,None,None,None,None, , , , 
11133, ,0.06747544053110692,1.0234114021054528e-07,None,None,None,None, , , , 
11134, ,0.06747544053110692,1.0969857978923841e-07,None,None,None,None, , , , 
11135, ,0.06747544053110692,1.1758495540521555e-07,None,None,None,None, , , , 
11136, ,0.06747544053110692,1.2603829296797277e-07,None,None,None,None, , , , 
11137, ,0.06747544053110692,1.350993521198025e-07,None,None,None,None, , , , 
11138, ,0.06747544053110692,1.4481182276745328e-07,None,None,None,None, , , , 
11139, ,0.06747544053110692,1.552225357427048e-07,None,None,None,None, , , , 
11140, ,0.06747544053110692,1.6638168860761273e-07,None,None,None,None, , , , 
11141, ,0.06747544053110692,1.7834308769319093e-07,None,None,None,None, , , , 
11142, ,0.06747544053110692,1.9116440753857e-07,None,None,None,None, , , , 
11143, ,0.06747544053110692,2.049074689815846e-07,None,None,None,None, , , , 
11144, ,0.06747544053110692,2.1963853724165468e-07,None,None,None,None, , , , 
11145, ,0.06747544053110692,2.3542864143224158e-07,None,None,None,None, , , , 
11146, ,0.06747544053110692,2.523539170434766e-07,None,None,None,None, , , , 
11147, ,0.06747544053110692,2.7049597304631316e-07,None,None,None,None, , , , 
11148, ,0.06747544053110692,2.899422853882875e-07,None,None,None,None, , , , 
11149, ,0.06747544053110692,3.107866187782014e-07,None,None,None,None, , , , 
11150, ,0.06747544053110692,3.33129478793467e-07,None,None,None,None, , , , 
11151, ,0.06747544053110692,3.5707859649004626e-07,None,None,None,None, , , , 
11152, ,0.06747544053110692,3.827494478516307e-07,None,None,None,None, , , , 
11153, ,0.06747544053110692,4.1026581058271904e-07,None,None,None,None, , , , 
11154, ,0.06747544053110692,4.397603609302722e-07,None,None,None,None, , , , 
11155, ,0.06747544053110692,4.7137531341167185e-07,None,None,None,None, , , , 
11156, ,0.06747544053110692,5.052631065335679e-07,None,None,None,None, , , , 
11157, ,0.06747544053110692,5.415871378079465e-07,None,None,None,None, , , , 
11158, ,0.06747544053110692,5.805225516094896e-07,None,None,None,None, , , , 
11159, ,0.06747544053110692,6.222570836730232e-07,None,None,None,None, , , , 
11160, ,0.06747544053110692,6.669919663030115e-07,None,None,None,None, , , , 
11161, ,0.06747544053110692,7.149428986597576e-07,None,None,None,None, , , , 
11162, ,0.06747544053110692,7.663410868007445e-07,None,None,None,None, , , , 
11163, ,0.06747544053110692,8.214343584919422e-07,None,None,None,None, , , , 
11164, ,0.06747544053110692,8.804883581643463e-07,None,None,None,None, , , , 
11165, ,0.06747544053110692,9.437878277775371e-07,None,None,None,None, , , , 
11166, ,0.06747544053110692,1.0116379797662072e-06,None,None,None,None, , , , 
11167, ,0.06747544053110692,1.0843659686896086e-06,None,None,None,None, , , , 
11168, ,0.06747544053110692,1.1623224686798522e-06,None,None,None,None, , , , 
11169, ,0.06747544053110692,1.2458833642950078e-06,None,None,None,None, , , , 
11170, ,0.06747544053110692,1.3354515629298971e-06,None,None,None,None, , , , 
11171, ,0.06747544053110692,1.4314589375234786e-06,None,None,None,None, , , , 
11172, ,0.06747544053110692,1.53436840893001e-06,None,None,None,None, , , , 
11173, ,0.06747544053110692,1.6446761779946631e-06,None,None,None,None, , , , 
11174, ,0.06747544053110692,1.762914118095948e-06,None,None,None,None, , , , 
11175, ,0.06747544053110692,1.8896523396912082e-06,None,None,None,None, , , , 
11176, ,0.06747544053110692,2.0255019392306664e-06,None,None,None,None, , , , 
11177, ,0.06747544053110692,2.171117945694501e-06,None,None,None,None, , , , 
11178, ,0.06747544053110692,2.327202478960408e-06,None,None,None,None, , , , 
11179, ,0.06747544053110692,2.494508135230317e-06,None,None,None,None, , , , 
11180, ,0.06747544053110692,2.673841615839944e-06,None,None,None,None, , , , 
11181, ,0.06747544053110692,2.8660676169482507e-06,None,None,None,None, , , , 
11182, ,0.06747544053110692,3.0721129988617524e-06,None,None,None,None, , , , 
11183, ,0.06747544053110692,3.292971255097148e-06,None,None,None,None, , , , 
11184, ,0.06747544053110692,3.5297073027306505e-06,None,None,None,None, , , , 
11185, ,0.06747544053110692,3.783462617131925e-06,None,None,None,None, , , , 
11186, ,0.06747544053110692,4.0554607358408275e-06,None,None,None,None, , , , 
11187, ,0.06747544053110692,4.3470131581250175e-06,None,None,None,None, , , , 
11188, ,0.06747544053110692,4.6595256686646765e-06,None,None,None,None, , , , 
11189, ,0.06747544053110692,4.99450511585514e-06,None,None,None,None, , , , 
11190, ,0.06747544053110692,5.353566677410719e-06,None,None,None,None, , , , 
11191, ,0.06747544053110692,5.738441648302393e-06,None,None,None,None, , , , 
11192, ,0.06747544053110692,6.150985788580505e-06,None,None,None,None, , , , 
11193, ,0.06747544053110692,6.593188271333541e-06,None,None,None,None, , , , 
11194, ,0.06747544053110692,7.067181273927492e-06,None,None,None,None, , , , 
11195, ,0.06747544053110692,7.575250258771904e-06,None,None,None,None, , , , 
11196, ,0.06747544053110692,8.119844993184007e-06,None,None,None,None, , , , 
11197, ,0.06747544053110692,8.703591361485167e-06,None,None,None,None, , , , 
11198, ,0.06747544053110692,9.329304026284676e-06,None,None,None,None, , , , 
11199, ,0.06747544053110692,1e-05,None,None,None,None, , , , 
11200, ,0.0698587974678525,1e-11,None,None,None,None, , , , 
11201, ,0.0698587974678525,1.0718913192051263e-11,None,None,None,None, , , , 
11202, ,0.0698587974678525,1.1489510001873107e-11,None,None,None,None, , , , 
11203, ,0.0698587974678525,1.2315506032928262e-11,None,None,None,None, , , , 
11204, ,0.0698587974678525,1.3200884008314167e-11,None,None,None,None, , , , 
11205, ,0.0698587974678525,1.4149912974345786e-11,None,None,None,None, , , , 
11206, ,0.0698587974678525,1.5167168884709242e-11,None,None,None,None, , , , 
11207, ,0.0698587974678525,1.6257556664437934e-11,None,None,None,None, , , , 
11208, ,0.0698587974678525,1.7426333860096473e-11,None,None,None,None, , , , 
11209, ,0.0698587974678525,1.8679135990207848e-11,None,None,None,None, , , , 
11210, ,0.0698587974678525,2.0022003718155844e-11,None,None,None,None, , , , 
11211, ,0.0698587974678525,2.1461411978584013e-11,None,None,None,None, , , , 
11212, ,0.0698587974678525,2.300430119772921e-11,None,None,None,None, , , , 
11213, ,0.0698587974678525,2.465811075822604e-11,None,None,None,None, , , , 
11214, ,0.0698587974678525,2.643081486974103e-11,None,None,None,None, , , , 
11215, ,0.0698587974678525,2.8330961018393178e-11,None,None,None,None, , , , 
11216, ,0.0698587974678525,3.036771118035461e-11,None,None,None,None, , , , 
11217, ,0.0698587974678525,3.255088599835057e-11,None,None,None,None, , , , 
11218, ,0.0698587974678525,3.4891012134067674e-11,None,None,None,None, , , , 
11219, ,0.0698587974678525,3.739937302478801e-11,None,None,None,None, , , , 
11220, ,0.0698587974678525,4.0088063288984646e-11,None,None,None,None, , , , 
11221, ,0.0698587974678525,4.297004704320835e-11,None,None,None,None, , , , 
11222, ,0.0698587974678525,4.605922041145113e-11,None,None,None,None, , , , 
11223, ,0.0698587974678525,4.937047852839004e-11,None,None,None,None, , , , 
11224, ,0.0698587974678525,5.2919787359584366e-11,None,None,None,None, , , , 
11225, ,0.0698587974678525,5.672426068491989e-11,None,None,None,None, , , , 
11226, ,0.0698587974678525,6.080224261649427e-11,None,None,None,None, , , , 
11227, ,0.0698587974678525,6.517339604882421e-11,None,None,None,None, , , , 
11228, ,0.0698587974678525,6.985879746785235e-11,None,None,None,None, , , , 
11229, ,0.0698587974678525,7.48810385759003e-11,None,None,None,None, , , , 
11230, ,0.0698587974678525,8.026433522257174e-11,None,None,None,None, , , , 
11231, ,0.0698587974678525,8.603464416684492e-11,None,None,None,None, , , , 
11232, ,0.0698587974678525,9.221978823334341e-11,None,None,None,None, , , , 
11233, ,0.0698587974678525,9.884959046625586e-11,None,None,None,None, , , , 
11234, ,0.0698587974678525,1.0595601792776149e-10,None,None,None,None, , , , 
11235, ,0.0698587974678525,1.1357333583431027e-10,None,None,None,None, , , , 
11236, ,0.0698587974678525,1.217382727739662e-10,None,None,None,None, , , , 
11237, ,0.0698587974678525,1.3049019780144016e-10,None,None,None,None, , , , 
11238, ,0.0698587974678525,1.398713102647236e-10,None,None,None,None, , , , 
11239, ,0.0698587974678525,1.4992684327860468e-10,None,None,None,None, , , , 
11240, ,0.0698587974678525,1.6070528182616384e-10,None,None,None,None, , , , 
11241, ,0.0698587974678525,1.722585965398784e-10,None,None,None,None, , , , 
11242, ,0.0698587974678525,1.8464249428955463e-10,None,None,None,None, , , , 
11243, ,0.0698587974678525,1.9791668678535569e-10,None,None,None,None, , , , 
11244, ,0.0698587974678525,2.121451784910628e-10,None,None,None,None, , , , 
11245, ,0.0698587974678525,2.273965752357932e-10,None,None,None,None, , , , 
11246, ,0.0698587974678525,2.4374441501222216e-10,None,None,None,None, , , , 
11247, ,0.0698587974678525,2.6126752255633265e-10,None,None,None,None, , , , 
11248, ,0.0698587974678525,2.8005038941836253e-10,None,None,None,None, , , , 
11249, ,0.0698587974678525,3.0018358135755917e-10,None,None,None,None, , , , 
11250, ,0.0698587974678525,3.2176417502507347e-10,None,None,None,None, , , , 
11251, ,0.0698587974678525,3.4489622604057533e-10,None,None,None,None, , , , 
11252, ,0.0698587974678525,3.696912707195032e-10,None,None,None,None, , , , 
11253, ,0.0698587974678525,3.9626886387014783e-10,None,None,None,None, , , , 
11254, ,0.0698587974678525,4.2475715525368935e-10,None,None,None,None, , , , 
11255, ,0.0698587974678525,4.552935074866938e-10,None,None,None,None, , , , 
11256, ,0.0698587974678525,4.880251583654433e-10,None,None,None,None, , , , 
11257, ,0.0698587974678525,5.231099308056258e-10,None,None,None,None, , , , 
11258, ,0.0698587974678525,5.60716993820547e-10,None,None,None,None, , , , 
11259, ,0.0698587974678525,6.010276782070387e-10,None,None,None,None, , , , 
11260, ,0.0698587974678525,6.442363508721371e-10,None,None,None,None, , , , 
11261, ,0.0698587974678525,6.905513520162316e-10,None,None,None,None, , , , 
11262, ,0.0698587974678525,7.401959996915653e-10,None,None,None,None, , , , 
11263, ,0.0698587974678525,7.934096665797492e-10,None,None,None,None, , , , 
11264, ,0.0698587974678525,8.504489341802668e-10,None,None,None,None, , , , 
11265, ,0.0698587974678525,9.115888299750837e-10,None,None,None,None, , , , 
11266, ,0.0698587974678525,9.771241535346502e-10,None,None,None,None, , , , 
11267, ,0.0698587974678525,1.0473708979594486e-09,None,None,None,None, , , , 
11268, ,0.0698587974678525,1.1226677735108114e-09,None,None,None,None, , , , 
11269, ,0.0698587974678525,1.2033778407775904e-09,None,None,None,None, , , , 
11270, ,0.0698587974678525,1.289890261253308e-09,None,None,None,None, , , , 
11271, ,0.0698587974678525,1.3826221737646535e-09,None,None,None,None, , , , 
11272, ,0.0698587974678525,1.4820207057988602e-09,None,None,None,None, , , , 
11273, ,0.0698587974678525,1.5885651294280526e-09,None,None,None,None, , , , 
11274, ,0.0698587974678525,1.702769172225898e-09,None,None,None,None, , , , 
11275, ,0.0698587974678525,1.825183494319039e-09,None,None,None,None, , , , 
11276, ,0.0698587974678525,1.956398343517065e-09,None,None,None,None, , , , 
11277, ,0.0698587974678525,2.0970464013232305e-09,None,None,None,None, , , , 
11278, ,0.0698587974678525,2.2478058335487307e-09,None,None,None,None, , , , 
11279, ,0.0698587974678525,2.409403560239527e-09,None,None,None,None, , , , 
11280, ,0.0698587974678525,2.582618760682675e-09,None,None,None,None, , , , 
11281, ,0.0698587974678525,2.768286630392061e-09,None,None,None,None, , , , 
11282, ,0.0698587974678525,2.9673024081888724e-09,None,None,None,None, , , , 
11283, ,0.0698587974678525,3.180625692794119e-09,None,None,None,None, , , , 
11284, ,0.0698587974678525,3.409285069746807e-09,None,None,None,None, , , , 
11285, ,0.0698587974678525,3.654383070957262e-09,None,None,None,None, , , , 
11286, ,0.0698587974678525,3.917101490809261e-09,None,None,None,None, , , , 
11287, ,0.0698587974678525,4.198707084443906e-09,None,None,None,None, , , , 
11288, ,0.0698587974678525,4.500557675700488e-09,None,None,None,None, , , , 
11289, ,0.0698587974678525,4.824108704165374e-09,None,None,None,None, , , , 
11290, ,0.0698587974678525,5.170920242896755e-09,None,None,None,None, , , , 
11291, ,0.0698587974678525,5.542664520663096e-09,None,None,None,None, , , , 
11292, ,0.0698587974678525,5.941133984965041e-09,None,None,None,None, , , , 
11293, ,0.0698587974678525,6.3682499447185856e-09,None,None,None,None, , , , 
11294, ,0.0698587974678525,6.826071834272379e-09,None,None,None,None, , , , 
11295, ,0.0698587974678525,7.316807143427175e-09,None,None,None,None, , , , 
11296, ,0.0698587974678525,7.842822061337681e-09,None,None,None,None, , , , 
11297, ,0.0698587974678525,8.406652885618316e-09,None,None,None,None, , , , 
11298, ,0.0698587974678525,9.011018251665036e-09,None,None,None,None, , , , 
11299, ,0.0698587974678525,9.658832241158707e-09,None,None,None,None, , , , 
11300, ,0.0698587974678525,1.0353218432956616e-08,None,None,None,None, , , , 
11301, ,0.0698587974678525,1.1097524964120722e-08,None,None,None,None, , , , 
11302, ,0.0698587974678525,1.1895340673703208e-08,None,None,None,None, , , , 
11303, ,0.0698587974678525,1.2750512407130128e-08,None,None,None,None, , , , 
11304, ,0.0698587974678525,1.3667163564620044e-08,None,None,None,None, , , , 
11305, ,0.0698587974678525,1.4649713983072853e-08,None,None,None,None, , , , 
11306, ,0.0698587974678525,1.5702901247293774e-08,None,None,None,None, , , , 
11307, ,0.0698587974678525,1.683180353330955e-08,None,None,None,None, , , , 
11308, ,0.0698587974678525,1.8041864093920717e-08,None,None,None,None, , , , 
11309, ,0.0698587974678525,1.933891750455232e-08,None,None,None,None, , , , 
11310, ,0.0698587974678525,2.0729217795953697e-08,None,None,None,None, , , , 
11311, ,0.0698587974678525,2.221946860939524e-08,None,None,None,None, , , , 
11312, ,0.0698587974678525,2.3816855519761606e-08,None,None,None,None, , , , 
11313, ,0.0698587974678525,2.552908068239516e-08,None,None,None,None, , , , 
11314, ,0.0698587974678525,2.7364399970746666e-08,None,None,None,None, , , , 
11315, ,0.0698587974678525,2.933166278390042e-08,None,None,None,None, , , , 
11316, ,0.0698587974678525,3.1440354715915e-08,None,None,None,None, , , , 
11317, ,0.0698587974678525,3.370064329271925e-08,None,None,None,None, , , , 
11318, ,0.0698587974678525,3.612342699709431e-08,None,None,None,None, , , , 
11319, ,0.0698587974678525,3.872038781812557e-08,None,None,None,None, , , , 
11320, ,0.0698587974678525,4.1504047578504727e-08,None,None,None,None, , , , 
11321, ,0.0698587974678525,4.448782831127585e-08,None,None,None,None, , , , 
11322, ,0.0698587974678525,4.768611697714474e-08,None,None,None,None, , , , 
11323, ,0.0698587974678525,5.111433483440165e-08,None,None,None,None, , , , 
11324, ,0.0698587974678525,5.478901179593934e-08,None,None,None,None, , , , 
11325, ,0.0698587974678525,5.872786613189478e-08,None,None,None,None, , , , 
11326, ,0.0698587974678525,6.294988990221888e-08,None,None,None,None, , , , 
11327, ,0.0698587974678525,6.747544053110687e-08,None,None,None,None, , , , 
11328, ,0.0698587974678525,7.232633896483534e-08,None,None,None,None, , , , 
11329, ,0.0698587974678525,7.752597488629465e-08,None,None,None,None, , , , 
11330, ,0.0698587974678525,8.309941949353386e-08,None,None,None,None, , , , 
11331, ,0.0698587974678525,8.907354638610439e-08,None,None,None,None, , , , 
11332, ,0.0698587974678525,9.547716114208066e-08,None,None,None,None, , , , 
11333, ,0.0698587974678525,1.0234114021054528e-07,None,None,None,None, , , , 
11334, ,0.0698587974678525,1.0969857978923841e-07,None,None,None,None, , , , 
11335, ,0.0698587974678525,1.1758495540521555e-07,None,None,None,None, , , , 
11336, ,0.0698587974678525,1.2603829296797277e-07,None,None,None,None, , , , 
11337, ,0.0698587974678525,1.350993521198025e-07,None,None,None,None, , , , 
11338, ,0.0698587974678525,1.4481182276745328e-07,None,None,None,None, , , , 
11339, ,0.0698587974678525,1.552225357427048e-07,None,None,None,None, , , , 
11340, ,0.0698587974678525,1.6638168860761273e-07,None,None,None,None, , , , 
11341, ,0.0698587974678525,1.7834308769319093e-07,None,None,None,None, , , , 
11342, ,0.0698587974678525,1.9116440753857e-07,None,None,None,None, , , , 
11343, ,0.0698587974678525,2.049074689815846e-07,None,None,None,None, , , , 
11344, ,0.0698587974678525,2.1963853724165468e-07,None,None,None,None, , , , 
11345, ,0.0698587974678525,2.3542864143224158e-07,None,None,None,None, , , , 
11346, ,0.0698587974678525,2.523539170434766e-07,None,None,None,None, , , , 
11347, ,0.0698587974678525,2.7049597304631316e-07,None,None,None,None, , , , 
11348, ,0.0698587974678525,2.899422853882875e-07,None,None,None,None, , , , 
11349, ,0.0698587974678525,3.107866187782014e-07,None,None,None,None, , , , 
11350, ,0.0698587974678525,3.33129478793467e-07,None,None,None,None, , , , 
11351, ,0.0698587974678525,3.5707859649004626e-07,None,None,None,None, , , , 
11352, ,0.0698587974678525,3.827494478516307e-07,None,None,None,None, , , , 
11353, ,0.0698587974678525,4.1026581058271904e-07,None,None,None,None, , , , 
11354, ,0.0698587974678525,4.397603609302722e-07,None,None,None,None, , , , 
11355, ,0.0698587974678525,4.7137531341167185e-07,None,None,None,None, , , , 
11356, ,0.0698587974678525,5.052631065335679e-07,None,None,None,None, , , , 
11357, ,0.0698587974678525,5.415871378079465e-07,None,None,None,None, , , , 
11358, ,0.0698587974678525,5.805225516094896e-07,None,None,None,None, , , , 
11359, ,0.0698587974678525,6.222570836730232e-07,None,None,None,None, , , , 
11360, ,0.0698587974678525,6.669919663030115e-07,None,None,None,None, , , , 
11361, ,0.0698587974678525,7.149428986597576e-07,None,None,None,None, , , , 
11362, ,0.0698587974678525,7.663410868007445e-07,None,None,None,None, , , , 
11363, ,0.0698587974678525,8.214343584919422e-07,None,None,None,None, , , , 
11364, ,0.0698587974678525,8.804883581643463e-07,None,None,None,None, , , , 
11365, ,0.0698587974678525,9.437878277775371e-07,None,None,None,None, , , , 
11366, ,0.0698587974678525,1.0116379797662072e-06,None,None,None,None, , , , 
11367, ,0.0698587974678525,1.0843659686896086e-06,None,None,None,None, , , , 
11368, ,0.0698587974678525,1.1623224686798522e-06,None,None,None,None, , , , 
11369, ,0.0698587974678525,1.2458833642950078e-06,None,None,None,None, , , , 
11370, ,0.0698587974678525,1.3354515629298971e-06,None,None,None,None, , , , 
11371, ,0.0698587974678525,1.4314589375234786e-06,None,None,None,None, , , , 
11372, ,0.0698587974678525,1.53436840893001e-06,None,None,None,None, , , , 
11373, ,0.0698587974678525,1.6446761779946631e-06,None,None,None,None, , , , 
11374, ,0.0698587974678525,1.762914118095948e-06,None,None,None,None, , , , 
11375, ,0.0698587974678525,1.8896523396912082e-06,None,None,None,None, , , , 
11376, ,0.0698587974678525,2.0255019392306664e-06,None,None,None,None, , , , 
11377, ,0.0698587974678525,2.171117945694501e-06,None,None,None,None, , , , 
11378, ,0.0698587974678525,2.327202478960408e-06,None,None,None,None, , , , 
11379, ,0.0698587974678525,2.494508135230317e-06,None,None,None,None, , , , 
11380, ,0.0698587974678525,2.673841615839944e-06,None,None,None,None, , , , 
11381, ,0.0698587974678525,2.8660676169482507e-06,None,None,None,None, , , , 
11382, ,0.0698587974678525,3.0721129988617524e-06,None,None,None,None, , , , 
11383, ,0.0698587974678525,3.292971255097148e-06,None,None,None,None, , , , 
11384, ,0.0698587974678525,3.5297073027306505e-06,None,None,None,None, , , , 
11385, ,0.0698587974678525,3.783462617131925e-06,None,None,None,None, , , , 
11386, ,0.0698587974678525,4.0554607358408275e-06,None,None,None,None, , , , 
11387, ,0.0698587974678525,4.3470131581250175e-06,None,None,None,None, , , , 
11388, ,0.0698587974678525,4.6595256686646765e-06,None,None,None,None, , , , 
11389, ,0.0698587974678525,4.99450511585514e-06,None,None,None,None, , , , 
11390, ,0.0698587974678525,5.353566677410719e-06,None,None,None,None, , , , 
11391, ,0.0698587974678525,5.738441648302393e-06,None,None,None,None, , , , 
11392, ,0.0698587974678525,6.150985788580505e-06,None,None,None,None, , , , 
11393, ,0.0698587974678525,6.593188271333541e-06,None,None,None,None, , , , 
11394, ,0.0698587974678525,7.067181273927492e-06,None,None,None,None, , , , 
11395, ,0.0698587974678525,7.575250258771904e-06,None,None,None,None, , , , 
11396, ,0.0698587974678525,8.119844993184007e-06,None,None,None,None, , , , 
11397, ,0.0698587974678525,8.703591361485167e-06,None,None,None,None, , , , 
11398, ,0.0698587974678525,9.329304026284676e-06,None,None,None,None, , , , 
11399, ,0.0698587974678525,1e-05,None,None,None,None, , , , 
11400, ,0.07232633896483534,1e-11,None,None,None,None, , , , 
11401, ,0.07232633896483534,1.0718913192051263e-11,None,None,None,None, , , , 
11402, ,0.07232633896483534,1.1489510001873107e-11,None,None,None,None, , , , 
11403, ,0.07232633896483534,1.2315506032928262e-11,None,None,None,None, , , , 
11404, ,0.07232633896483534,1.3200884008314167e-11,None,None,None,None, , , , 
11405, ,0.07232633896483534,1.4149912974345786e-11,None,None,None,None, , , , 
11406, ,0.07232633896483534,1.5167168884709242e-11,None,None,None,None, , , , 
11407, ,0.07232633896483534,1.6257556664437934e-11,None,None,None,None, , , , 
11408, ,0.07232633896483534,1.7426333860096473e-11,None,None,None,None, , , , 
11409, ,0.07232633896483534,1.8679135990207848e-11,None,None,None,None, , , , 
11410, ,0.07232633896483534,2.0022003718155844e-11,None,None,None,None, , , , 
11411, ,0.07232633896483534,2.1461411978584013e-11,None,None,None,None, , , , 
11412, ,0.07232633896483534,2.300430119772921e-11,None,None,None,None, , , , 
11413, ,0.07232633896483534,2.465811075822604e-11,None,None,None,None, , , , 
11414, ,0.07232633896483534,2.643081486974103e-11,None,None,None,None, , , , 
11415, ,0.07232633896483534,2.8330961018393178e-11,None,None,None,None, , , , 
11416, ,0.07232633896483534,3.036771118035461e-11,None,None,None,None, , , , 
11417, ,0.07232633896483534,3.255088599835057e-11,None,None,None,None, , , , 
11418, ,0.07232633896483534,3.4891012134067674e-11,None,None,None,None, , , , 
11419, ,0.07232633896483534,3.739937302478801e-11,None,None,None,None, , , , 
11420, ,0.07232633896483534,4.0088063288984646e-11,None,None,None,None, , , , 
11421, ,0.07232633896483534,4.297004704320835e-11,None,None,None,None, , , , 
11422, ,0.07232633896483534,4.605922041145113e-11,None,None,None,None, , , , 
11423, ,0.07232633896483534,4.937047852839004e-11,None,None,None,None, , , , 
11424, ,0.07232633896483534,5.2919787359584366e-11,None,None,None,None, , , , 
11425, ,0.07232633896483534,5.672426068491989e-11,None,None,None,None, , , , 
11426, ,0.07232633896483534,6.080224261649427e-11,None,None,None,None, , , , 
11427, ,0.07232633896483534,6.517339604882421e-11,None,None,None,None, , , , 
11428, ,0.07232633896483534,6.985879746785235e-11,None,None,None,None, , , , 
11429, ,0.07232633896483534,7.48810385759003e-11,None,None,None,None, , , , 
11430, ,0.07232633896483534,8.026433522257174e-11,None,None,None,None, , , , 
11431, ,0.07232633896483534,8.603464416684492e-11,None,None,None,None, , , , 
11432, ,0.07232633896483534,9.221978823334341e-11,None,None,None,None, , , , 
11433, ,0.07232633896483534,9.884959046625586e-11,None,None,None,None, , , , 
11434, ,0.07232633896483534,1.0595601792776149e-10,None,None,None,None, , , , 
11435, ,0.07232633896483534,1.1357333583431027e-10,None,None,None,None, , , , 
11436, ,0.07232633896483534,1.217382727739662e-10,None,None,None,None, , , , 
11437, ,0.07232633896483534,1.3049019780144016e-10,None,None,None,None, , , , 
11438, ,0.07232633896483534,1.398713102647236e-10,None,None,None,None, , , , 
11439, ,0.07232633896483534,1.4992684327860468e-10,None,None,None,None, , , , 
11440, ,0.07232633896483534,1.6070528182616384e-10,None,None,None,None, , , , 
11441, ,0.07232633896483534,1.722585965398784e-10,None,None,None,None, , , , 
11442, ,0.07232633896483534,1.8464249428955463e-10,None,None,None,None, , , , 
11443, ,0.07232633896483534,1.9791668678535569e-10,None,None,None,None, , , , 
11444, ,0.07232633896483534,2.121451784910628e-10,None,None,None,None, , , , 
11445, ,0.07232633896483534,2.273965752357932e-10,None,None,None,None, , , , 
11446, ,0.07232633896483534,2.4374441501222216e-10,None,None,None,None, , , , 
11447, ,0.07232633896483534,2.6126752255633265e-10,None,None,None,None, , , , 
11448, ,0.07232633896483534,2.8005038941836253e-10,None,None,None,None, , , , 
11449, ,0.07232633896483534,3.0018358135755917e-10,None,None,None,None, , , , 
11450, ,0.07232633896483534,3.2176417502507347e-10,None,None,None,None, , , , 
11451, ,0.07232633896483534,3.4489622604057533e-10,None,None,None,None, , , , 
11452, ,0.07232633896483534,3.696912707195032e-10,None,None,None,None, , , , 
11453, ,0.07232633896483534,3.9626886387014783e-10,None,None,None,None, , , , 
11454, ,0.07232633896483534,4.2475715525368935e-10,None,None,None,None, , , , 
11455, ,0.07232633896483534,4.552935074866938e-10,None,None,None,None, , , , 
11456, ,0.07232633896483534,4.880251583654433e-10,None,None,None,None, , , , 
11457, ,0.07232633896483534,5.231099308056258e-10,None,None,None,None, , , , 
11458, ,0.07232633896483534,5.60716993820547e-10,None,None,None,None, , , , 
11459, ,0.07232633896483534,6.010276782070387e-10,None,None,None,None, , , , 
11460, ,0.07232633896483534,6.442363508721371e-10,None,None,None,None, , , , 
11461, ,0.07232633896483534,6.905513520162316e-10,None,None,None,None, , , , 
11462, ,0.07232633896483534,7.401959996915653e-10,None,None,None,None, , , , 
11463, ,0.07232633896483534,7.934096665797492e-10,None,None,None,None, , , , 
11464, ,0.07232633896483534,8.504489341802668e-10,None,None,None,None, , , , 
11465, ,0.07232633896483534,9.115888299750837e-10,None,None,None,None, , , , 
11466, ,0.07232633896483534,9.771241535346502e-10,None,None,None,None, , , , 
11467, ,0.07232633896483534,1.0473708979594486e-09,None,None,None,None, , , , 
11468, ,0.07232633896483534,1.1226677735108114e-09,None,None,None,None, , , , 
11469, ,0.07232633896483534,1.2033778407775904e-09,None,None,None,None, , , , 
11470, ,0.07232633896483534,1.289890261253308e-09,None,None,None,None, , , , 
11471, ,0.07232633896483534,1.3826221737646535e-09,None,None,None,None, , , , 
11472, ,0.07232633896483534,1.4820207057988602e-09,None,None,None,None, , , , 
11473, ,0.07232633896483534,1.5885651294280526e-09,None,None,None,None, , , , 
11474, ,0.07232633896483534,1.702769172225898e-09,None,None,None,None, , , , 
11475, ,0.07232633896483534,1.825183494319039e-09,None,None,None,None, , , , 
11476, ,0.07232633896483534,1.956398343517065e-09,None,None,None,None, , , , 
11477, ,0.07232633896483534,2.0970464013232305e-09,None,None,None,None, , , , 
11478, ,0.07232633896483534,2.2478058335487307e-09,None,None,None,None, , , , 
11479, ,0.07232633896483534,2.409403560239527e-09,None,None,None,None, , , , 
11480, ,0.07232633896483534,2.582618760682675e-09,None,None,None,None, , , , 
11481, ,0.07232633896483534,2.768286630392061e-09,None,None,None,None, , , , 
11482, ,0.07232633896483534,2.9673024081888724e-09,None,None,None,None, , , , 
11483, ,0.07232633896483534,3.180625692794119e-09,None,None,None,None, , , , 
11484, ,0.07232633896483534,3.409285069746807e-09,None,None,None,None, , , , 
11485, ,0.07232633896483534,3.654383070957262e-09,None,None,None,None, , , , 
11486, ,0.07232633896483534,3.917101490809261e-09,None,None,None,None, , , , 
11487, ,0.07232633896483534,4.198707084443906e-09,None,None,None,None, , , , 
11488, ,0.07232633896483534,4.500557675700488e-09,None,None,None,None, , , , 
11489, ,0.07232633896483534,4.824108704165374e-09,None,None,None,None, , , , 
11490, ,0.07232633896483534,5.170920242896755e-09,None,None,None,None, , , , 
11491, ,0.07232633896483534,5.542664520663096e-09,None,None,None,None, , , , 
11492, ,0.07232633896483534,5.941133984965041e-09,None,None,None,None, , , , 
11493, ,0.07232633896483534,6.3682499447185856e-09,None,None,None,None, , , , 
11494, ,0.07232633896483534,6.826071834272379e-09,None,None,None,None, , , , 
11495, ,0.07232633896483534,7.316807143427175e-09,None,None,None,None, , , , 
11496, ,0.07232633896483534,7.842822061337681e-09,None,None,None,None, , , , 
11497, ,0.07232633896483534,8.406652885618316e-09,None,None,None,None, , , , 
11498, ,0.07232633896483534,9.011018251665036e-09,None,None,None,None, , , , 
11499, ,0.07232633896483534,9.658832241158707e-09,None,None,None,None, , , , 
11500, ,0.07232633896483534,1.0353218432956616e-08,None,None,None,None, , , , 
11501, ,0.07232633896483534,1.1097524964120722e-08,None,None,None,None, , , , 
11502, ,0.07232633896483534,1.1895340673703208e-08,None,None,None,None, , , , 
11503, ,0.07232633896483534,1.2750512407130128e-08,None,None,None,None, , , , 
11504, ,0.07232633896483534,1.3667163564620044e-08,None,None,None,None, , , , 
11505, ,0.07232633896483534,1.4649713983072853e-08,None,None,None,None, , , , 
11506, ,0.07232633896483534,1.5702901247293774e-08,None,None,None,None, , , , 
11507, ,0.07232633896483534,1.683180353330955e-08,None,None,None,None, , , , 
11508, ,0.07232633896483534,1.8041864093920717e-08,None,None,None,None, , , , 
11509, ,0.07232633896483534,1.933891750455232e-08,None,None,None,None, , , , 
11510, ,0.07232633896483534,2.0729217795953697e-08,None,None,None,None, , , , 
11511, ,0.07232633896483534,2.221946860939524e-08,None,None,None,None, , , , 
11512, ,0.07232633896483534,2.3816855519761606e-08,None,None,None,None, , , , 
11513, ,0.07232633896483534,2.552908068239516e-08,None,None,None,None, , , , 
11514, ,0.07232633896483534,2.7364399970746666e-08,None,None,None,None, , , , 
11515, ,0.07232633896483534,2.933166278390042e-08,None,None,None,None, , , , 
11516, ,0.07232633896483534,3.1440354715915e-08,None,None,None,None, , , , 
11517, ,0.07232633896483534,3.370064329271925e-08,None,None,None,None, , , , 
11518, ,0.07232633896483534,3.612342699709431e-08,None,None,None,None, , , , 
11519, ,0.07232633896483534,3.872038781812557e-08,None,None,None,None, , , , 
11520, ,0.07232633896483534,4.1504047578504727e-08,None,None,None,None, , , , 
11521, ,0.07232633896483534,4.448782831127585e-08,None,None,None,None, , , , 
11522, ,0.07232633896483534,4.768611697714474e-08,None,None,None,None, , , , 
11523, ,0.07232633896483534,5.111433483440165e-08,None,None,None,None, , , , 
11524, ,0.07232633896483534,5.478901179593934e-08,None,None,None,None, , , , 
11525, ,0.07232633896483534,5.872786613189478e-08,None,None,None,None, , , , 
11526, ,0.07232633896483534,6.294988990221888e-08,None,None,None,None, , , , 
11527, ,0.07232633896483534,6.747544053110687e-08,None,None,None,None, , , , 
11528, ,0.07232633896483534,7.232633896483534e-08,None,None,None,None, , , , 
11529, ,0.07232633896483534,7.752597488629465e-08,None,None,None,None, , , , 
11530, ,0.07232633896483534,8.309941949353386e-08,None,None,None,None, , , , 
11531, ,0.07232633896483534,8.907354638610439e-08,None,None,None,None, , , , 
11532, ,0.07232633896483534,9.547716114208066e-08,None,None,None,None, , , , 
11533, ,0.07232633896483534,1.0234114021054528e-07,None,None,None,None, , , , 
11534, ,0.07232633896483534,1.0969857978923841e-07,None,None,None,None, , , , 
11535, ,0.07232633896483534,1.1758495540521555e-07,None,None,None,None, , , , 
11536, ,0.07232633896483534,1.2603829296797277e-07,None,None,None,None, , , , 
11537, ,0.07232633896483534,1.350993521198025e-07,None,None,None,None, , , , 
11538, ,0.07232633896483534,1.4481182276745328e-07,None,None,None,None, , , , 
11539, ,0.07232633896483534,1.552225357427048e-07,None,None,None,None, , , , 
11540, ,0.07232633896483534,1.6638168860761273e-07,None,None,None,None, , , , 
11541, ,0.07232633896483534,1.7834308769319093e-07,None,None,None,None, , , , 
11542, ,0.07232633896483534,1.9116440753857e-07,None,None,None,None, , , , 
11543, ,0.07232633896483534,2.049074689815846e-07,None,None,None,None, , , , 
11544, ,0.07232633896483534,2.1963853724165468e-07,None,None,None,None, , , , 
11545, ,0.07232633896483534,2.3542864143224158e-07,None,None,None,None, , , , 
11546, ,0.07232633896483534,2.523539170434766e-07,None,None,None,None, , , , 
11547, ,0.07232633896483534,2.7049597304631316e-07,None,None,None,None, , , , 
11548, ,0.07232633896483534,2.899422853882875e-07,None,None,None,None, , , , 
11549, ,0.07232633896483534,3.107866187782014e-07,None,None,None,None, , , , 
11550, ,0.07232633896483534,3.33129478793467e-07,None,None,None,None, , , , 
11551, ,0.07232633896483534,3.5707859649004626e-07,None,None,None,None, , , , 
11552, ,0.07232633896483534,3.827494478516307e-07,None,None,None,None, , , , 
11553, ,0.07232633896483534,4.1026581058271904e-07,None,None,None,None, , , , 
11554, ,0.07232633896483534,4.397603609302722e-07,None,None,None,None, , , , 
11555, ,0.07232633896483534,4.7137531341167185e-07,None,None,None,None, , , , 
11556, ,0.07232633896483534,5.052631065335679e-07,None,None,None,None, , , , 
11557, ,0.07232633896483534,5.415871378079465e-07,None,None,None,None, , , , 
11558, ,0.07232633896483534,5.805225516094896e-07,None,None,None,None, , , , 
11559, ,0.07232633896483534,6.222570836730232e-07,None,None,None,None, , , , 
11560, ,0.07232633896483534,6.669919663030115e-07,None,None,None,None, , , , 
11561, ,0.07232633896483534,7.149428986597576e-07,None,None,None,None, , , , 
11562, ,0.07232633896483534,7.663410868007445e-07,None,None,None,None, , , , 
11563, ,0.07232633896483534,8.214343584919422e-07,None,None,None,None, , , , 
11564, ,0.07232633896483534,8.804883581643463e-07,None,None,None,None, , , , 
11565, ,0.07232633896483534,9.437878277775371e-07,None,None,None,None, , , , 
11566, ,0.07232633896483534,1.0116379797662072e-06,None,None,None,None, , , , 
11567, ,0.07232633896483534,1.0843659686896086e-06,None,None,None,None, , , , 
11568, ,0.07232633896483534,1.1623224686798522e-06,None,None,None,None, , , , 
11569, ,0.07232633896483534,1.2458833642950078e-06,None,None,None,None, , , , 
11570, ,0.07232633896483534,1.3354515629298971e-06,None,None,None,None, , , , 
11571, ,0.07232633896483534,1.4314589375234786e-06,None,None,None,None, , , , 
11572, ,0.07232633896483534,1.53436840893001e-06,None,None,None,None, , , , 
11573, ,0.07232633896483534,1.6446761779946631e-06,None,None,None,None, , , , 
11574, ,0.07232633896483534,1.762914118095948e-06,None,None,None,None, , , , 
11575, ,0.07232633896483534,1.8896523396912082e-06,None,None,None,None, , , , 
11576, ,0.07232633896483534,2.0255019392306664e-06,None,None,None,None, , , , 
11577, ,0.07232633896483534,2.171117945694501e-06,None,None,None,None, , , , 
11578, ,0.07232633896483534,2.327202478960408e-06,None,None,None,None, , , , 
11579, ,0.07232633896483534,2.494508135230317e-06,None,None,None,None, , , , 
11580, ,0.07232633896483534,2.673841615839944e-06,None,None,None,None, , , , 
11581, ,0.07232633896483534,2.8660676169482507e-06,None,None,None,None, , , , 
11582, ,0.07232633896483534,3.0721129988617524e-06,None,None,None,None, , , , 
11583, ,0.07232633896483534,3.292971255097148e-06,None,None,None,None, , , , 
11584, ,0.07232633896483534,3.5297073027306505e-06,None,None,None,None, , , , 
11585, ,0.07232633896483534,3.783462617131925e-06,None,None,None,None, , , , 
11586, ,0.07232633896483534,4.0554607358408275e-06,None,None,None,None, , , , 
11587, ,0.07232633896483534,4.3470131581250175e-06,None,None,None,None, , , , 
11588, ,0.07232633896483534,4.6595256686646765e-06,None,None,None,None, , , , 
11589, ,0.07232633896483534,4.99450511585514e-06,None,None,None,None, , , , 
11590, ,0.07232633896483534,5.353566677410719e-06,None,None,None,None, , , , 
11591, ,0.07232633896483534,5.738441648302393e-06,None,None,None,None, , , , 
11592, ,0.07232633896483534,6.150985788580505e-06,None,None,None,None, , , , 
11593, ,0.07232633896483534,6.593188271333541e-06,None,None,None,None, , , , 
11594, ,0.07232633896483534,7.067181273927492e-06,None,None,None,None, , , , 
11595, ,0.07232633896483534,7.575250258771904e-06,None,None,None,None, , , , 
11596, ,0.07232633896483534,8.119844993184007e-06,None,None,None,None, , , , 
11597, ,0.07232633896483534,8.703591361485167e-06,None,None,None,None, , , , 
11598, ,0.07232633896483534,9.329304026284676e-06,None,None,None,None, , , , 
11599, ,0.07232633896483534,1e-05,None,None,None,None, , , , 
11600, ,0.07488103857590023,1e-11,None,None,None,None, , , , 
11601, ,0.07488103857590023,1.0718913192051263e-11,None,None,None,None, , , , 
11602, ,0.07488103857590023,1.1489510001873107e-11,None,None,None,None, , , , 
11603, ,0.07488103857590023,1.2315506032928262e-11,None,None,None,None, , , , 
11604, ,0.07488103857590023,1.3200884008314167e-11,None,None,None,None, , , , 
11605, ,0.07488103857590023,1.4149912974345786e-11,None,None,None,None, , , , 
11606, ,0.07488103857590023,1.5167168884709242e-11,None,None,None,None, , , , 
11607, ,0.07488103857590023,1.6257556664437934e-11,None,None,None,None, , , , 
11608, ,0.07488103857590023,1.7426333860096473e-11,None,None,None,None, , , , 
11609, ,0.07488103857590023,1.8679135990207848e-11,None,None,None,None, , , , 
11610, ,0.07488103857590023,2.0022003718155844e-11,None,None,None,None, , , , 
11611, ,0.07488103857590023,2.1461411978584013e-11,None,None,None,None, , , , 
11612, ,0.07488103857590023,2.300430119772921e-11,None,None,None,None, , , , 
11613, ,0.07488103857590023,2.465811075822604e-11,None,None,None,None, , , , 
11614, ,0.07488103857590023,2.643081486974103e-11,None,None,None,None, , , , 
11615, ,0.07488103857590023,2.8330961018393178e-11,None,None,None,None, , , , 
11616, ,0.07488103857590023,3.036771118035461e-11,None,None,None,None, , , , 
11617, ,0.07488103857590023,3.255088599835057e-11,None,None,None,None, , , , 
11618, ,0.07488103857590023,3.4891012134067674e-11,None,None,None,None, , , , 
11619, ,0.07488103857590023,3.739937302478801e-11,None,None,None,None, , , , 
11620, ,0.07488103857590023,4.0088063288984646e-11,None,None,None,None, , , , 
11621, ,0.07488103857590023,4.297004704320835e-11,None,None,None,None, , , , 
11622, ,0.07488103857590023,4.605922041145113e-11,None,None,None,None, , , , 
11623, ,0.07488103857590023,4.937047852839004e-11,None,None,None,None, , , , 
11624, ,0.07488103857590023,5.2919787359584366e-11,None,None,None,None, , , , 
11625, ,0.07488103857590023,5.672426068491989e-11,None,None,None,None, , , , 
11626, ,0.07488103857590023,6.080224261649427e-11,None,None,None,None, , , , 
11627, ,0.07488103857590023,6.517339604882421e-11,None,None,None,None, , , , 
11628, ,0.07488103857590023,6.985879746785235e-11,None,None,None,None, , , , 
11629, ,0.07488103857590023,7.48810385759003e-11,None,None,None,None, , , , 
11630, ,0.07488103857590023,8.026433522257174e-11,None,None,None,None, , , , 
11631, ,0.07488103857590023,8.603464416684492e-11,None,None,None,None, , , , 
11632, ,0.07488103857590023,9.221978823334341e-11,None,None,None,None, , , , 
11633, ,0.07488103857590023,9.884959046625586e-11,None,None,None,None, , , , 
11634, ,0.07488103857590023,1.0595601792776149e-10,None,None,None,None, , , , 
11635, ,0.07488103857590023,1.1357333583431027e-10,None,None,None,None, , , , 
11636, ,0.07488103857590023,1.217382727739662e-10,None,None,None,None, , , , 
11637, ,0.07488103857590023,1.3049019780144016e-10,None,None,None,None, , , , 
11638, ,0.07488103857590023,1.398713102647236e-10,None,None,None,None, , , , 
11639, ,0.07488103857590023,1.4992684327860468e-10,None,None,None,None, , , , 
11640, ,0.07488103857590023,1.6070528182616384e-10,None,None,None,None, , , , 
11641, ,0.07488103857590023,1.722585965398784e-10,None,None,None,None, , , , 
11642, ,0.07488103857590023,1.8464249428955463e-10,None,None,None,None, , , , 
11643, ,0.07488103857590023,1.9791668678535569e-10,None,None,None,None, , , , 
11644, ,0.07488103857590023,2.121451784910628e-10,None,None,None,None, , , , 
11645, ,0.07488103857590023,2.273965752357932e-10,None,None,None,None, , , , 
11646, ,0.07488103857590023,2.4374441501222216e-10,None,None,None,None, , , , 
11647, ,0.07488103857590023,2.6126752255633265e-10,None,None,None,None, , , , 
11648, ,0.07488103857590023,2.8005038941836253e-10,None,None,None,None, , , , 
11649, ,0.07488103857590023,3.0018358135755917e-10,None,None,None,None, , , , 
11650, ,0.07488103857590023,3.2176417502507347e-10,None,None,None,None, , , , 
11651, ,0.07488103857590023,3.4489622604057533e-10,None,None,None,None, , , , 
11652, ,0.07488103857590023,3.696912707195032e-10,None,None,None,None, , , , 
11653, ,0.07488103857590023,3.9626886387014783e-10,None,None,None,None, , , , 
11654, ,0.07488103857590023,4.2475715525368935e-10,None,None,None,None, , , , 
11655, ,0.07488103857590023,4.552935074866938e-10,None,None,None,None, , , , 
11656, ,0.07488103857590023,4.880251583654433e-10,None,None,None,None, , , , 
11657, ,0.07488103857590023,5.231099308056258e-10,None,None,None,None, , , , 
11658, ,0.07488103857590023,5.60716993820547e-10,None,None,None,None, , , , 
11659, ,0.07488103857590023,6.010276782070387e-10,None,None,None,None, , , , 
11660, ,0.07488103857590023,6.442363508721371e-10,None,None,None,None, , , , 
11661, ,0.07488103857590023,6.905513520162316e-10,None,None,None,None, , , , 
11662, ,0.07488103857590023,7.401959996915653e-10,None,None,None,None, , , , 
11663, ,0.07488103857590023,7.934096665797492e-10,None,None,None,None, , , , 
11664, ,0.07488103857590023,8.504489341802668e-10,None,None,None,None, , , , 
11665, ,0.07488103857590023,9.115888299750837e-10,None,None,None,None, , , , 
11666, ,0.07488103857590023,9.771241535346502e-10,None,None,None,None, , , , 
11667, ,0.07488103857590023,1.0473708979594486e-09,None,None,None,None, , , , 
11668, ,0.07488103857590023,1.1226677735108114e-09,None,None,None,None, , , , 
11669, ,0.07488103857590023,1.2033778407775904e-09,None,None,None,None, , , , 
11670, ,0.07488103857590023,1.289890261253308e-09,None,None,None,None, , , , 
11671, ,0.07488103857590023,1.3826221737646535e-09,None,None,None,None, , , , 
11672, ,0.07488103857590023,1.4820207057988602e-09,None,None,None,None, , , , 
11673, ,0.07488103857590023,1.5885651294280526e-09,None,None,None,None, , , , 
11674, ,0.07488103857590023,1.702769172225898e-09,None,None,None,None, , , , 
11675, ,0.07488103857590023,1.825183494319039e-09,None,None,None,None, , , , 
11676, ,0.07488103857590023,1.956398343517065e-09,None,None,None,None, , , , 
11677, ,0.07488103857590023,2.0970464013232305e-09,None,None,None,None, , , , 
11678, ,0.07488103857590023,2.2478058335487307e-09,None,None,None,None, , , , 
11679, ,0.07488103857590023,2.409403560239527e-09,None,None,None,None, , , , 
11680, ,0.07488103857590023,2.582618760682675e-09,None,None,None,None, , , , 
11681, ,0.07488103857590023,2.768286630392061e-09,None,None,None,None, , , , 
11682, ,0.07488103857590023,2.9673024081888724e-09,None,None,None,None, , , , 
11683, ,0.07488103857590023,3.180625692794119e-09,None,None,None,None, , , , 
11684, ,0.07488103857590023,3.409285069746807e-09,None,None,None,None, , , , 
11685, ,0.07488103857590023,3.654383070957262e-09,None,None,None,None, , , , 
11686, ,0.07488103857590023,3.917101490809261e-09,None,None,None,None, , , , 
11687, ,0.07488103857590023,4.198707084443906e-09,None,None,None,None, , , , 
11688, ,0.07488103857590023,4.500557675700488e-09,None,None,None,None, , , , 
11689, ,0.07488103857590023,4.824108704165374e-09,None,None,None,None, , , , 
11690, ,0.07488103857590023,5.170920242896755e-09,None,None,None,None, , , , 
11691, ,0.07488103857590023,5.542664520663096e-09,None,None,None,None, , , , 
11692, ,0.07488103857590023,5.941133984965041e-09,None,None,None,None, , , , 
11693, ,0.07488103857590023,6.3682499447185856e-09,None,None,None,None, , , , 
11694, ,0.07488103857590023,6.826071834272379e-09,None,None,None,None, , , , 
11695, ,0.07488103857590023,7.316807143427175e-09,None,None,None,None, , , , 
11696, ,0.07488103857590023,7.842822061337681e-09,None,None,None,None, , , , 
11697, ,0.07488103857590023,8.406652885618316e-09,None,None,None,None, , , , 
11698, ,0.07488103857590023,9.011018251665036e-09,None,None,None,None, , , , 
11699, ,0.07488103857590023,9.658832241158707e-09,None,None,None,None, , , , 
11700, ,0.07488103857590023,1.0353218432956616e-08,None,None,None,None, , , , 
11701, ,0.07488103857590023,1.1097524964120722e-08,None,None,None,None, , , , 
11702, ,0.07488103857590023,1.1895340673703208e-08,None,None,None,None, , , , 
11703, ,0.07488103857590023,1.2750512407130128e-08,None,None,None,None, , , , 
11704, ,0.07488103857590023,1.3667163564620044e-08,None,None,None,None, , , , 
11705, ,0.07488103857590023,1.4649713983072853e-08,None,None,None,None, , , , 
11706, ,0.07488103857590023,1.5702901247293774e-08,None,None,None,None, , , , 
11707, ,0.07488103857590023,1.683180353330955e-08,None,None,None,None, , , , 
11708, ,0.07488103857590023,1.8041864093920717e-08,None,None,None,None, , , , 
11709, ,0.07488103857590023,1.933891750455232e-08,None,None,None,None, , , , 
11710, ,0.07488103857590023,2.0729217795953697e-08,None,None,None,None, , , , 
11711, ,0.07488103857590023,2.221946860939524e-08,None,None,None,None, , , , 
11712, ,0.07488103857590023,2.3816855519761606e-08,None,None,None,None, , , , 
11713, ,0.07488103857590023,2.552908068239516e-08,None,None,None,None, , , , 
11714, ,0.07488103857590023,2.7364399970746666e-08,None,None,None,None, , , , 
11715, ,0.07488103857590023,2.933166278390042e-08,None,None,None,None, , , , 
11716, ,0.07488103857590023,3.1440354715915e-08,None,None,None,None, , , , 
11717, ,0.07488103857590023,3.370064329271925e-08,None,None,None,None, , , , 
11718, ,0.07488103857590023,3.612342699709431e-08,None,None,None,None, , , , 
11719, ,0.07488103857590023,3.872038781812557e-08,None,None,None,None, , , , 
11720, ,0.07488103857590023,4.1504047578504727e-08,None,None,None,None, , , , 
11721, ,0.07488103857590023,4.448782831127585e-08,None,None,None,None, , , , 
11722, ,0.07488103857590023,4.768611697714474e-08,None,None,None,None, , , , 
11723, ,0.07488103857590023,5.111433483440165e-08,None,None,None,None, , , , 
11724, ,0.07488103857590023,5.478901179593934e-08,None,None,None,None, , , , 
11725, ,0.07488103857590023,5.872786613189478e-08,None,None,None,None, , , , 
11726, ,0.07488103857590023,6.294988990221888e-08,None,None,None,None, , , , 
11727, ,0.07488103857590023,6.747544053110687e-08,None,None,None,None, , , , 
11728, ,0.07488103857590023,7.232633896483534e-08,None,None,None,None, , , , 
11729, ,0.07488103857590023,7.752597488629465e-08,None,None,None,None, , , , 
11730, ,0.07488103857590023,8.309941949353386e-08,None,None,None,None, , , , 
11731, ,0.07488103857590023,8.907354638610439e-08,None,None,None,None, , , , 
11732, ,0.07488103857590023,9.547716114208066e-08,None,None,None,None, , , , 
11733, ,0.07488103857590023,1.0234114021054528e-07,None,None,None,None, , , , 
11734, ,0.07488103857590023,1.0969857978923841e-07,None,None,None,None, , , , 
11735, ,0.07488103857590023,1.1758495540521555e-07,None,None,None,None, , , , 
11736, ,0.07488103857590023,1.2603829296797277e-07,None,None,None,None, , , , 
11737, ,0.07488103857590023,1.350993521198025e-07,None,None,None,None, , , , 
11738, ,0.07488103857590023,1.4481182276745328e-07,None,None,None,None, , , , 
11739, ,0.07488103857590023,1.552225357427048e-07,None,None,None,None, , , , 
11740, ,0.07488103857590023,1.6638168860761273e-07,None,None,None,None, , , , 
11741, ,0.07488103857590023,1.7834308769319093e-07,None,None,None,None, , , , 
11742, ,0.07488103857590023,1.9116440753857e-07,None,None,None,None, , , , 
11743, ,0.07488103857590023,2.049074689815846e-07,None,None,None,None, , , , 
11744, ,0.07488103857590023,2.1963853724165468e-07,None,None,None,None, , , , 
11745, ,0.07488103857590023,2.3542864143224158e-07,None,None,None,None, , , , 
11746, ,0.07488103857590023,2.523539170434766e-07,None,None,None,None, , , , 
11747, ,0.07488103857590023,2.7049597304631316e-07,None,None,None,None, , , , 
11748, ,0.07488103857590023,2.899422853882875e-07,None,None,None,None, , , , 
11749, ,0.07488103857590023,3.107866187782014e-07,None,None,None,None, , , , 
11750, ,0.07488103857590023,3.33129478793467e-07,None,None,None,None, , , , 
11751, ,0.07488103857590023,3.5707859649004626e-07,None,None,None,None, , , , 
11752, ,0.07488103857590023,3.827494478516307e-07,None,None,None,None, , , , 
11753, ,0.07488103857590023,4.1026581058271904e-07,None,None,None,None, , , , 
11754, ,0.07488103857590023,4.397603609302722e-07,None,None,None,None, , , , 
11755, ,0.07488103857590023,4.7137531341167185e-07,None,None,None,None, , , , 
11756, ,0.07488103857590023,5.052631065335679e-07,None,None,None,None, , , , 
11757, ,0.07488103857590023,5.415871378079465e-07,None,None,None,None, , , , 
11758, ,0.07488103857590023,5.805225516094896e-07,None,None,None,None, , , , 
11759, ,0.07488103857590023,6.222570836730232e-07,None,None,None,None, , , , 
11760, ,0.07488103857590023,6.669919663030115e-07,None,None,None,None, , , , 
11761, ,0.07488103857590023,7.149428986597576e-07,None,None,None,None, , , , 
11762, ,0.07488103857590023,7.663410868007445e-07,None,None,None,None, , , , 
11763, ,0.07488103857590023,8.214343584919422e-07,None,None,None,None, , , , 
11764, ,0.07488103857590023,8.804883581643463e-07,None,None,None,None, , , , 
11765, ,0.07488103857590023,9.437878277775371e-07,None,None,None,None, , , , 
11766, ,0.07488103857590023,1.0116379797662072e-06,None,None,None,None, , , , 
11767, ,0.07488103857590023,1.0843659686896086e-06,None,None,None,None, , , , 
11768, ,0.07488103857590023,1.1623224686798522e-06,None,None,None,None, , , , 
11769, ,0.07488103857590023,1.2458833642950078e-06,None,None,None,None, , , , 
11770, ,0.07488103857590023,1.3354515629298971e-06,None,None,None,None, , , , 
11771, ,0.07488103857590023,1.4314589375234786e-06,None,None,None,None, , , , 
11772, ,0.07488103857590023,1.53436840893001e-06,None,None,None,None, , , , 
11773, ,0.07488103857590023,1.6446761779946631e-06,None,None,None,None, , , , 
11774, ,0.07488103857590023,1.762914118095948e-06,None,None,None,None, , , , 
11775, ,0.07488103857590023,1.8896523396912082e-06,None,None,None,None, , , , 
11776, ,0.07488103857590023,2.0255019392306664e-06,None,None,None,None, , , , 
11777, ,0.07488103857590023,2.171117945694501e-06,None,None,None,None, , , , 
11778, ,0.07488103857590023,2.327202478960408e-06,None,None,None,None, , , , 
11779, ,0.07488103857590023,2.494508135230317e-06,None,None,None,None, , , , 
11780, ,0.07488103857590023,2.673841615839944e-06,None,None,None,None, , , , 
11781, ,0.07488103857590023,2.8660676169482507e-06,None,None,None,None, , , , 
11782, ,0.07488103857590023,3.0721129988617524e-06,None,None,None,None, , , , 
11783, ,0.07488103857590023,3.292971255097148e-06,None,None,None,None, , , , 
11784, ,0.07488103857590023,3.5297073027306505e-06,None,None,None,None, , , , 
11785, ,0.07488103857590023,3.783462617131925e-06,None,None,None,None, , , , 
11786, ,0.07488103857590023,4.0554607358408275e-06,None,None,None,None, , , , 
11787, ,0.07488103857590023,4.3470131581250175e-06,None,None,None,None, , , , 
11788, ,0.07488103857590023,4.6595256686646765e-06,None,None,None,None, , , , 
11789, ,0.07488103857590023,4.99450511585514e-06,None,None,None,None, , , , 
11790, ,0.07488103857590023,5.353566677410719e-06,None,None,None,None, , , , 
11791, ,0.07488103857590023,5.738441648302393e-06,None,None,None,None, , , , 
11792, ,0.07488103857590023,6.150985788580505e-06,None,None,None,None, , , , 
11793, ,0.07488103857590023,6.593188271333541e-06,None,None,None,None, , , , 
11794, ,0.07488103857590023,7.067181273927492e-06,None,None,None,None, , , , 
11795, ,0.07488103857590023,7.575250258771904e-06,None,None,None,None, , , , 
11796, ,0.07488103857590023,8.119844993184007e-06,None,None,None,None, , , , 
11797, ,0.07488103857590023,8.703591361485167e-06,None,None,None,None, , , , 
11798, ,0.07488103857590023,9.329304026284676e-06,None,None,None,None, , , , 
11799, ,0.07488103857590023,1e-05,None,None,None,None, , , , 
11800, ,0.0775259748862946,1e-11,None,None,None,None, , , , 
11801, ,0.0775259748862946,1.0718913192051263e-11,None,None,None,None, , , , 
11802, ,0.0775259748862946,1.1489510001873107e-11,None,None,None,None, , , , 
11803, ,0.0775259748862946,1.2315506032928262e-11,None,None,None,None, , , , 
11804, ,0.0775259748862946,1.3200884008314167e-11,None,None,None,None, , , , 
11805, ,0.0775259748862946,1.4149912974345786e-11,None,None,None,None, , , , 
11806, ,0.0775259748862946,1.5167168884709242e-11,None,None,None,None, , , , 
11807, ,0.0775259748862946,1.6257556664437934e-11,None,None,None,None, , , , 
11808, ,0.0775259748862946,1.7426333860096473e-11,None,None,None,None, , , , 
11809, ,0.0775259748862946,1.8679135990207848e-11,None,None,None,None, , , , 
11810, ,0.0775259748862946,2.0022003718155844e-11,None,None,None,None, , , , 
11811, ,0.0775259748862946,2.1461411978584013e-11,None,None,None,None, , , , 
11812, ,0.0775259748862946,2.300430119772921e-11,None,None,None,None, , , , 
11813, ,0.0775259748862946,2.465811075822604e-11,None,None,None,None, , , , 
11814, ,0.0775259748862946,2.643081486974103e-11,None,None,None,None, , , , 
11815, ,0.0775259748862946,2.8330961018393178e-11,None,None,None,None, , , , 
11816, ,0.0775259748862946,3.036771118035461e-11,None,None,None,None, , , , 
11817, ,0.0775259748862946,3.255088599835057e-11,None,None,None,None, , , , 
11818, ,0.0775259748862946,3.4891012134067674e-11,None,None,None,None, , , , 
11819, ,0.0775259748862946,3.739937302478801e-11,None,None,None,None, , , , 
11820, ,0.0775259748862946,4.0088063288984646e-11,None,None,None,None, , , , 
11821, ,0.0775259748862946,4.297004704320835e-11,None,None,None,None, , , , 
11822, ,0.0775259748862946,4.605922041145113e-11,None,None,None,None, , , , 
11823, ,0.0775259748862946,4.937047852839004e-11,None,None,None,None, , , , 
11824, ,0.0775259748862946,5.2919787359584366e-11,None,None,None,None, , , , 
11825, ,0.0775259748862946,5.672426068491989e-11,None,None,None,None, , , , 
11826, ,0.0775259748862946,6.080224261649427e-11,None,None,None,None, , , , 
11827, ,0.0775259748862946,6.517339604882421e-11,None,None,None,None, , , , 
11828, ,0.0775259748862946,6.985879746785235e-11,None,None,None,None, , , , 
11829, ,0.0775259748862946,7.48810385759003e-11,None,None,None,None, , , , 
11830, ,0.0775259748862946,8.026433522257174e-11,None,None,None,None, , , , 
11831, ,0.0775259748862946,8.603464416684492e-11,None,None,None,None, , , , 
11832, ,0.0775259748862946,9.221978823334341e-11,None,None,None,None, , , , 
11833, ,0.0775259748862946,9.884959046625586e-11,None,None,None,None, , , , 
11834, ,0.0775259748862946,1.0595601792776149e-10,None,None,None,None, , , , 
11835, ,0.0775259748862946,1.1357333583431027e-10,None,None,None,None, , , , 
11836, ,0.0775259748862946,1.217382727739662e-10,None,None,None,None, , , , 
11837, ,0.0775259748862946,1.3049019780144016e-10,None,None,None,None, , , , 
11838, ,0.0775259748862946,1.398713102647236e-10,None,None,None,None, , , , 
11839, ,0.0775259748862946,1.4992684327860468e-10,None,None,None,None, , , , 
11840, ,0.0775259748862946,1.6070528182616384e-10,None,None,None,None, , , , 
11841, ,0.0775259748862946,1.722585965398784e-10,None,None,None,None, , , , 
11842, ,0.0775259748862946,1.8464249428955463e-10,None,None,None,None, , , , 
11843, ,0.0775259748862946,1.9791668678535569e-10,None,None,None,None, , , , 
11844, ,0.0775259748862946,2.121451784910628e-10,None,None,None,None, , , , 
11845, ,0.0775259748862946,2.273965752357932e-10,None,None,None,None, , , , 
11846, ,0.0775259748862946,2.4374441501222216e-10,None,None,None,None, , , , 
11847, ,0.0775259748862946,2.6126752255633265e-10,None,None,None,None, , , , 
11848, ,0.0775259748862946,2.8005038941836253e-10,None,None,None,None, , , , 
11849, ,0.0775259748862946,3.0018358135755917e-10,None,None,None,None, , , , 
11850, ,0.0775259748862946,3.2176417502507347e-10,None,None,None,None, , , , 
11851, ,0.0775259748862946,3.4489622604057533e-10,None,None,None,None, , , , 
11852, ,0.0775259748862946,3.696912707195032e-10,None,None,None,None, , , , 
11853, ,0.0775259748862946,3.9626886387014783e-10,None,None,None,None, , , , 
11854, ,0.0775259748862946,4.2475715525368935e-10,None,None,None,None, , , , 
11855, ,0.0775259748862946,4.552935074866938e-10,None,None,None,None, , , , 
11856, ,0.0775259748862946,4.880251583654433e-10,None,None,None,None, , , , 
11857, ,0.0775259748862946,5.231099308056258e-10,None,None,None,None, , , , 
11858, ,0.0775259748862946,5.60716993820547e-10,None,None,None,None, , , , 
11859, ,0.0775259748862946,6.010276782070387e-10,None,None,None,None, , , , 
11860, ,0.0775259748862946,6.442363508721371e-10,None,None,None,None, , , , 
11861, ,0.0775259748862946,6.905513520162316e-10,None,None,None,None, , , , 
11862, ,0.0775259748862946,7.401959996915653e-10,None,None,None,None, , , , 
11863, ,0.0775259748862946,7.934096665797492e-10,None,None,None,None, , , , 
11864, ,0.0775259748862946,8.504489341802668e-10,None,None,None,None, , , , 
11865, ,0.0775259748862946,9.115888299750837e-10,None,None,None,None, , , , 
11866, ,0.0775259748862946,9.771241535346502e-10,None,None,None,None, , , , 
11867, ,0.0775259748862946,1.0473708979594486e-09,None,None,None,None, , , , 
11868, ,0.0775259748862946,1.1226677735108114e-09,None,None,None,None, , , , 
11869, ,0.0775259748862946,1.2033778407775904e-09,None,None,None,None, , , , 
11870, ,0.0775259748862946,1.289890261253308e-09,None,None,None,None, , , , 
11871, ,0.0775259748862946,1.3826221737646535e-09,None,None,None,None, , , , 
11872, ,0.0775259748862946,1.4820207057988602e-09,None,None,None,None, , , , 
11873, ,0.0775259748862946,1.5885651294280526e-09,None,None,None,None, , , , 
11874, ,0.0775259748862946,1.702769172225898e-09,None,None,None,None, , , , 
11875, ,0.0775259748862946,1.825183494319039e-09,None,None,None,None, , , , 
11876, ,0.0775259748862946,1.956398343517065e-09,None,None,None,None, , , , 
11877, ,0.0775259748862946,2.0970464013232305e-09,None,None,None,None, , , , 
11878, ,0.0775259748862946,2.2478058335487307e-09,None,None,None,None, , , , 
11879, ,0.0775259748862946,2.409403560239527e-09,None,None,None,None, , , , 
11880, ,0.0775259748862946,2.582618760682675e-09,None,None,None,None, , , , 
11881, ,0.0775259748862946,2.768286630392061e-09,None,None,None,None, , , , 
11882, ,0.0775259748862946,2.9673024081888724e-09,None,None,None,None, , , , 
11883, ,0.0775259748862946,3.180625692794119e-09,None,None,None,None, , , , 
11884, ,0.0775259748862946,3.409285069746807e-09,None,None,None,None, , , , 
11885, ,0.0775259748862946,3.654383070957262e-09,None,None,None,None, , , , 
11886, ,0.0775259748862946,3.917101490809261e-09,None,None,None,None, , , , 
11887, ,0.0775259748862946,4.198707084443906e-09,None,None,None,None, , , , 
11888, ,0.0775259748862946,4.500557675700488e-09,None,None,None,None, , , , 
11889, ,0.0775259748862946,4.824108704165374e-09,None,None,None,None, , , , 
11890, ,0.0775259748862946,5.170920242896755e-09,None,None,None,None, , , , 
11891, ,0.0775259748862946,5.542664520663096e-09,None,None,None,None, , , , 
11892, ,0.0775259748862946,5.941133984965041e-09,None,None,None,None, , , , 
11893, ,0.0775259748862946,6.3682499447185856e-09,None,None,None,None, , , , 
11894, ,0.0775259748862946,6.826071834272379e-09,None,None,None,None, , , , 
11895, ,0.0775259748862946,7.316807143427175e-09,None,None,None,None, , , , 
11896, ,0.0775259748862946,7.842822061337681e-09,None,None,None,None, , , , 
11897, ,0.0775259748862946,8.406652885618316e-09,None,None,None,None, , , , 
11898, ,0.0775259748862946,9.011018251665036e-09,None,None,None,None, , , , 
11899, ,0.0775259748862946,9.658832241158707e-09,None,None,None,None, , , , 
11900, ,0.0775259748862946,1.0353218432956616e-08,None,None,None,None, , , , 
11901, ,0.0775259748862946,1.1097524964120722e-08,None,None,None,None, , , , 
11902, ,0.0775259748862946,1.1895340673703208e-08,None,None,None,None, , , , 
11903, ,0.0775259748862946,1.2750512407130128e-08,None,None,None,None, , , , 
11904, ,0.0775259748862946,1.3667163564620044e-08,None,None,None,None, , , , 
11905, ,0.0775259748862946,1.4649713983072853e-08,None,None,None,None, , , , 
11906, ,0.0775259748862946,1.5702901247293774e-08,None,None,None,None, , , , 
11907, ,0.0775259748862946,1.683180353330955e-08,None,None,None,None, , , , 
11908, ,0.0775259748862946,1.8041864093920717e-08,None,None,None,None, , , , 
11909, ,0.0775259748862946,1.933891750455232e-08,None,None,None,None, , , , 
11910, ,0.0775259748862946,2.0729217795953697e-08,None,None,None,None, , , , 
11911, ,0.0775259748862946,2.221946860939524e-08,None,None,None,None, , , , 
11912, ,0.0775259748862946,2.3816855519761606e-08,None,None,None,None, , , , 
11913, ,0.0775259748862946,2.552908068239516e-08,None,None,None,None, , , , 
11914, ,0.0775259748862946,2.7364399970746666e-08,None,None,None,None, , , , 
11915, ,0.0775259748862946,2.933166278390042e-08,None,None,None,None, , , , 
11916, ,0.0775259748862946,3.1440354715915e-08,None,None,None,None, , , , 
11917, ,0.0775259748862946,3.370064329271925e-08,None,None,None,None, , , , 
11918, ,0.0775259748862946,3.612342699709431e-08,None,None,None,None, , , , 
11919, ,0.0775259748862946,3.872038781812557e-08,None,None,None,None, , , , 
11920, ,0.0775259748862946,4.1504047578504727e-08,None,None,None,None, , , , 
11921, ,0.0775259748862946,4.448782831127585e-08,None,None,None,None, , , , 
11922, ,0.0775259748862946,4.768611697714474e-08,None,None,None,None, , , , 
11923, ,0.0775259748862946,5.111433483440165e-08,None,None,None,None, , , , 
11924, ,0.0775259748862946,5.478901179593934e-08,None,None,None,None, , , , 
11925, ,0.0775259748862946,5.872786613189478e-08,None,None,None,None, , , , 
11926, ,0.0775259748862946,6.294988990221888e-08,None,None,None,None, , , , 
11927, ,0.0775259748862946,6.747544053110687e-08,None,None,None,None, , , , 
11928, ,0.0775259748862946,7.232633896483534e-08,None,None,None,None, , , , 
11929, ,0.0775259748862946,7.752597488629465e-08,None,None,None,None, , , , 
11930, ,0.0775259748862946,8.309941949353386e-08,None,None,None,None, , , , 
11931, ,0.0775259748862946,8.907354638610439e-08,None,None,None,None, , , , 
11932, ,0.0775259748862946,9.547716114208066e-08,None,None,None,None, , , , 
11933, ,0.0775259748862946,1.0234114021054528e-07,None,None,None,None, , , , 
11934, ,0.0775259748862946,1.0969857978923841e-07,None,None,None,None, , , , 
11935, ,0.0775259748862946,1.1758495540521555e-07,None,None,None,None, , , , 
11936, ,0.0775259748862946,1.2603829296797277e-07,None,None,None,None, , , , 
11937, ,0.0775259748862946,1.350993521198025e-07,None,None,None,None, , , , 
11938, ,0.0775259748862946,1.4481182276745328e-07,None,None,None,None, , , , 
11939, ,0.0775259748862946,1.552225357427048e-07,None,None,None,None, , , , 
11940, ,0.0775259748862946,1.6638168860761273e-07,None,None,None,None, , , , 
11941, ,0.0775259748862946,1.7834308769319093e-07,None,None,None,None, , , , 
11942, ,0.0775259748862946,1.9116440753857e-07,None,None,None,None, , , , 
11943, ,0.0775259748862946,2.049074689815846e-07,None,None,None,None, , , , 
11944, ,0.0775259748862946,2.1963853724165468e-07,None,None,None,None, , , , 
11945, ,0.0775259748862946,2.3542864143224158e-07,None,None,None,None, , , , 
11946, ,0.0775259748862946,2.523539170434766e-07,None,None,None,None, , , , 
11947, ,0.0775259748862946,2.7049597304631316e-07,None,None,None,None, , , , 
11948, ,0.0775259748862946,2.899422853882875e-07,None,None,None,None, , , , 
11949, ,0.0775259748862946,3.107866187782014e-07,None,None,None,None, , , , 
11950, ,0.0775259748862946,3.33129478793467e-07,None,None,None,None, , , , 
11951, ,0.0775259748862946,3.5707859649004626e-07,None,None,None,None, , , , 
11952, ,0.0775259748862946,3.827494478516307e-07,None,None,None,None, , , , 
11953, ,0.0775259748862946,4.1026581058271904e-07,None,None,None,None, , , , 
11954, ,0.0775259748862946,4.397603609302722e-07,None,None,None,None, , , , 
11955, ,0.0775259748862946,4.7137531341167185e-07,None,None,None,None, , , , 
11956, ,0.0775259748862946,5.052631065335679e-07,None,None,None,None, , , , 
11957, ,0.0775259748862946,5.415871378079465e-07,None,None,None,None, , , , 
11958, ,0.0775259748862946,5.805225516094896e-07,None,None,None,None, , , , 
11959, ,0.0775259748862946,6.222570836730232e-07,None,None,None,None, , , , 
11960, ,0.0775259748862946,6.669919663030115e-07,None,None,None,None, , , , 
11961, ,0.0775259748862946,7.149428986597576e-07,None,None,None,None, , , , 
11962, ,0.0775259748862946,7.663410868007445e-07,None,None,None,None, , , , 
11963, ,0.0775259748862946,8.214343584919422e-07,None,None,None,None, , , , 
11964, ,0.0775259748862946,8.804883581643463e-07,None,None,None,None, , , , 
11965, ,0.0775259748862946,9.437878277775371e-07,None,None,None,None, , , , 
11966, ,0.0775259748862946,1.0116379797662072e-06,None,None,None,None, , , , 
11967, ,0.0775259748862946,1.0843659686896086e-06,None,None,None,None, , , , 
11968, ,0.0775259748862946,1.1623224686798522e-06,None,None,None,None, , , , 
11969, ,0.0775259748862946,1.2458833642950078e-06,None,None,None,None, , , , 
11970, ,0.0775259748862946,1.3354515629298971e-06,None,None,None,None, , , , 
11971, ,0.0775259748862946,1.4314589375234786e-06,None,None,None,None, , , , 
11972, ,0.0775259748862946,1.53436840893001e-06,None,None,None,None, , , , 
11973, ,0.0775259748862946,1.6446761779946631e-06,None,None,None,None, , , , 
11974, ,0.0775259748862946,1.762914118095948e-06,None,None,None,None, , , , 
11975, ,0.0775259748862946,1.8896523396912082e-06,None,None,None,None, , , , 
11976, ,0.0775259748862946,2.0255019392306664e-06,None,None,None,None, , , , 
11977, ,0.0775259748862946,2.171117945694501e-06,None,None,None,None, , , , 
11978, ,0.0775259748862946,2.327202478960408e-06,None,None,None,None, , , , 
11979, ,0.0775259748862946,2.494508135230317e-06,None,None,None,None, , , , 
11980, ,0.0775259748862946,2.673841615839944e-06,None,None,None,None, , , , 
11981, ,0.0775259748862946,2.8660676169482507e-06,None,None,None,None, , , , 
11982, ,0.0775259748862946,3.0721129988617524e-06,None,None,None,None, , , , 
11983, ,0.0775259748862946,3.292971255097148e-06,None,None,None,None, , , , 
11984, ,0.0775259748862946,3.5297073027306505e-06,None,None,None,None, , , , 
11985, ,0.0775259748862946,3.783462617131925e-06,None,None,None,None, , , , 
11986, ,0.0775259748862946,4.0554607358408275e-06,None,None,None,None, , , , 
11987, ,0.0775259748862946,4.3470131581250175e-06,None,None,None,None, , , , 
11988, ,0.0775259748862946,4.6595256686646765e-06,None,None,None,None, , , , 
11989, ,0.0775259748862946,4.99450511585514e-06,None,None,None,None, , , , 
11990, ,0.0775259748862946,5.353566677410719e-06,None,None,None,None, , , , 
11991, ,0.0775259748862946,5.738441648302393e-06,None,None,None,None, , , , 
11992, ,0.0775259748862946,6.150985788580505e-06,None,None,None,None, , , , 
11993, ,0.0775259748862946,6.593188271333541e-06,None,None,None,None, , , , 
11994, ,0.0775259748862946,7.067181273927492e-06,None,None,None,None, , , , 
11995, ,0.0775259748862946,7.575250258771904e-06,None,None,None,None, , , , 
11996, ,0.0775259748862946,8.119844993184007e-06,None,None,None,None, , , , 
11997, ,0.0775259748862946,8.703591361485167e-06,None,None,None,None, , , , 
11998, ,0.0775259748862946,9.329304026284676e-06,None,None,None,None, , , , 
11999, ,0.0775259748862946,1e-05,None,None,None,None, , , , 
12000, ,0.08026433522257173,1e-11,None,None,None,None, , , , 
12001, ,0.08026433522257173,1.0718913192051263e-11,None,None,None,None, , , , 
12002, ,0.08026433522257173,1.1489510001873107e-11,None,None,None,None, , , , 
12003, ,0.08026433522257173,1.2315506032928262e-11,None,None,None,None, , , , 
12004, ,0.08026433522257173,1.3200884008314167e-11,None,None,None,None, , , , 
12005, ,0.08026433522257173,1.4149912974345786e-11,None,None,None,None, , , , 
12006, ,0.08026433522257173,1.5167168884709242e-11,None,None,None,None, , , , 
12007, ,0.08026433522257173,1.6257556664437934e-11,None,None,None,None, , , , 
12008, ,0.08026433522257173,1.7426333860096473e-11,None,None,None,None, , , , 
12009, ,0.08026433522257173,1.8679135990207848e-11,None,None,None,None, , , , 
12010, ,0.08026433522257173,2.0022003718155844e-11,None,None,None,None, , , , 
12011, ,0.08026433522257173,2.1461411978584013e-11,None,None,None,None, , , , 
12012, ,0.08026433522257173,2.300430119772921e-11,None,None,None,None, , , , 
12013, ,0.08026433522257173,2.465811075822604e-11,None,None,None,None, , , , 
12014, ,0.08026433522257173,2.643081486974103e-11,None,None,None,None, , , , 
12015, ,0.08026433522257173,2.8330961018393178e-11,None,None,None,None, , , , 
12016, ,0.08026433522257173,3.036771118035461e-11,None,None,None,None, , , , 
12017, ,0.08026433522257173,3.255088599835057e-11,None,None,None,None, , , , 
12018, ,0.08026433522257173,3.4891012134067674e-11,None,None,None,None, , , , 
12019, ,0.08026433522257173,3.739937302478801e-11,None,None,None,None, , , , 
12020, ,0.08026433522257173,4.0088063288984646e-11,None,None,None,None, , , , 
12021, ,0.08026433522257173,4.297004704320835e-11,None,None,None,None, , , , 
12022, ,0.08026433522257173,4.605922041145113e-11,None,None,None,None, , , , 
12023, ,0.08026433522257173,4.937047852839004e-11,None,None,None,None, , , , 
12024, ,0.08026433522257173,5.2919787359584366e-11,None,None,None,None, , , , 
12025, ,0.08026433522257173,5.672426068491989e-11,None,None,None,None, , , , 
12026, ,0.08026433522257173,6.080224261649427e-11,None,None,None,None, , , , 
12027, ,0.08026433522257173,6.517339604882421e-11,None,None,None,None, , , , 
12028, ,0.08026433522257173,6.985879746785235e-11,None,None,None,None, , , , 
12029, ,0.08026433522257173,7.48810385759003e-11,None,None,None,None, , , , 
12030, ,0.08026433522257173,8.026433522257174e-11,None,None,None,None, , , , 
12031, ,0.08026433522257173,8.603464416684492e-11,None,None,None,None, , , , 
12032, ,0.08026433522257173,9.221978823334341e-11,None,None,None,None, , , , 
12033, ,0.08026433522257173,9.884959046625586e-11,None,None,None,None, , , , 
12034, ,0.08026433522257173,1.0595601792776149e-10,None,None,None,None, , , , 
12035, ,0.08026433522257173,1.1357333583431027e-10,None,None,None,None, , , , 
12036, ,0.08026433522257173,1.217382727739662e-10,None,None,None,None, , , , 
12037, ,0.08026433522257173,1.3049019780144016e-10,None,None,None,None, , , , 
12038, ,0.08026433522257173,1.398713102647236e-10,None,None,None,None, , , , 
12039, ,0.08026433522257173,1.4992684327860468e-10,None,None,None,None, , , , 
12040, ,0.08026433522257173,1.6070528182616384e-10,None,None,None,None, , , , 
12041, ,0.08026433522257173,1.722585965398784e-10,None,None,None,None, , , , 
12042, ,0.08026433522257173,1.8464249428955463e-10,None,None,None,None, , , , 
12043, ,0.08026433522257173,1.9791668678535569e-10,None,None,None,None, , , , 
12044, ,0.08026433522257173,2.121451784910628e-10,None,None,None,None, , , , 
12045, ,0.08026433522257173,2.273965752357932e-10,None,None,None,None, , , , 
12046, ,0.08026433522257173,2.4374441501222216e-10,None,None,None,None, , , , 
12047, ,0.08026433522257173,2.6126752255633265e-10,None,None,None,None, , , , 
12048, ,0.08026433522257173,2.8005038941836253e-10,None,None,None,None, , , , 
12049, ,0.08026433522257173,3.0018358135755917e-10,None,None,None,None, , , , 
12050, ,0.08026433522257173,3.2176417502507347e-10,None,None,None,None, , , , 
12051, ,0.08026433522257173,3.4489622604057533e-10,None,None,None,None, , , , 
12052, ,0.08026433522257173,3.696912707195032e-10,None,None,None,None, , , , 
12053, ,0.08026433522257173,3.9626886387014783e-10,None,None,None,None, , , , 
12054, ,0.08026433522257173,4.2475715525368935e-10,None,None,None,None, , , , 
12055, ,0.08026433522257173,4.552935074866938e-10,None,None,None,None, , , , 
12056, ,0.08026433522257173,4.880251583654433e-10,None,None,None,None, , , , 
12057, ,0.08026433522257173,5.231099308056258e-10,None,None,None,None, , , , 
12058, ,0.08026433522257173,5.60716993820547e-10,None,None,None,None, , , , 
12059, ,0.08026433522257173,6.010276782070387e-10,None,None,None,None, , , , 
12060, ,0.08026433522257173,6.442363508721371e-10,None,None,None,None, , , , 
12061, ,0.08026433522257173,6.905513520162316e-10,None,None,None,None, , , , 
12062, ,0.08026433522257173,7.401959996915653e-10,None,None,None,None, , , , 
12063, ,0.08026433522257173,7.934096665797492e-10,None,None,None,None, , , , 
12064, ,0.08026433522257173,8.504489341802668e-10,None,None,None,None, , , , 
12065, ,0.08026433522257173,9.115888299750837e-10,None,None,None,None, , , , 
12066, ,0.08026433522257173,9.771241535346502e-10,None,None,None,None, , , , 
12067, ,0.08026433522257173,1.0473708979594486e-09,None,None,None,None, , , , 
12068, ,0.08026433522257173,1.1226677735108114e-09,None,None,None,None, , , , 
12069, ,0.08026433522257173,1.2033778407775904e-09,None,None,None,None, , , , 
12070, ,0.08026433522257173,1.289890261253308e-09,None,None,None,None, , , , 
12071, ,0.08026433522257173,1.3826221737646535e-09,None,None,None,None, , , , 
12072, ,0.08026433522257173,1.4820207057988602e-09,None,None,None,None, , , , 
12073, ,0.08026433522257173,1.5885651294280526e-09,None,None,None,None, , , , 
12074, ,0.08026433522257173,1.702769172225898e-09,None,None,None,None, , , , 
12075, ,0.08026433522257173,1.825183494319039e-09,None,None,None,None, , , , 
12076, ,0.08026433522257173,1.956398343517065e-09,None,None,None,None, , , , 
12077, ,0.08026433522257173,2.0970464013232305e-09,None,None,None,None, , , , 
12078, ,0.08026433522257173,2.2478058335487307e-09,None,None,None,None, , , , 
12079, ,0.08026433522257173,2.409403560239527e-09,None,None,None,None, , , , 
12080, ,0.08026433522257173,2.582618760682675e-09,None,None,None,None, , , , 
12081, ,0.08026433522257173,2.768286630392061e-09,None,None,None,None, , , , 
12082, ,0.08026433522257173,2.9673024081888724e-09,None,None,None,None, , , , 
12083, ,0.08026433522257173,3.180625692794119e-09,None,None,None,None, , , , 
12084, ,0.08026433522257173,3.409285069746807e-09,None,None,None,None, , , , 
12085, ,0.08026433522257173,3.654383070957262e-09,None,None,None,None, , , , 
12086, ,0.08026433522257173,3.917101490809261e-09,None,None,None,None, , , , 
12087, ,0.08026433522257173,4.198707084443906e-09,None,None,None,None, , , , 
12088, ,0.08026433522257173,4.500557675700488e-09,None,None,None,None, , , , 
12089, ,0.08026433522257173,4.824108704165374e-09,None,None,None,None, , , , 
12090, ,0.08026433522257173,5.170920242896755e-09,None,None,None,None, , , , 
12091, ,0.08026433522257173,5.542664520663096e-09,None,None,None,None, , , , 
12092, ,0.08026433522257173,5.941133984965041e-09,None,None,None,None, , , , 
12093, ,0.08026433522257173,6.3682499447185856e-09,None,None,None,None, , , , 
12094, ,0.08026433522257173,6.826071834272379e-09,None,None,None,None, , , , 
12095, ,0.08026433522257173,7.316807143427175e-09,None,None,None,None, , , , 
12096, ,0.08026433522257173,7.842822061337681e-09,None,None,None,None, , , , 
12097, ,0.08026433522257173,8.406652885618316e-09,None,None,None,None, , , , 
12098, ,0.08026433522257173,9.011018251665036e-09,None,None,None,None, , , , 
12099, ,0.08026433522257173,9.658832241158707e-09,None,None,None,None, , , , 
12100, ,0.08026433522257173,1.0353218432956616e-08,None,None,None,None, , , , 
12101, ,0.08026433522257173,1.1097524964120722e-08,None,None,None,None, , , , 
12102, ,0.08026433522257173,1.1895340673703208e-08,None,None,None,None, , , , 
12103, ,0.08026433522257173,1.2750512407130128e-08,None,None,None,None, , , , 
12104, ,0.08026433522257173,1.3667163564620044e-08,None,None,None,None, , , , 
12105, ,0.08026433522257173,1.4649713983072853e-08,None,None,None,None, , , , 
12106, ,0.08026433522257173,1.5702901247293774e-08,None,None,None,None, , , , 
12107, ,0.08026433522257173,1.683180353330955e-08,None,None,None,None, , , , 
12108, ,0.08026433522257173,1.8041864093920717e-08,None,None,None,None, , , , 
12109, ,0.08026433522257173,1.933891750455232e-08,None,None,None,None, , , , 
12110, ,0.08026433522257173,2.0729217795953697e-08,None,None,None,None, , , , 
12111, ,0.08026433522257173,2.221946860939524e-08,None,None,None,None, , , , 
12112, ,0.08026433522257173,2.3816855519761606e-08,None,None,None,None, , , , 
12113, ,0.08026433522257173,2.552908068239516e-08,None,None,None,None, , , , 
12114, ,0.08026433522257173,2.7364399970746666e-08,None,None,None,None, , , , 
12115, ,0.08026433522257173,2.933166278390042e-08,None,None,None,None, , , , 
12116, ,0.08026433522257173,3.1440354715915e-08,None,None,None,None, , , , 
12117, ,0.08026433522257173,3.370064329271925e-08,None,None,None,None, , , , 
12118, ,0.08026433522257173,3.612342699709431e-08,None,None,None,None, , , , 
12119, ,0.08026433522257173,3.872038781812557e-08,None,None,None,None, , , , 
12120, ,0.08026433522257173,4.1504047578504727e-08,None,None,None,None, , , , 
12121, ,0.08026433522257173,4.448782831127585e-08,None,None,None,None, , , , 
12122, ,0.08026433522257173,4.768611697714474e-08,None,None,None,None, , , , 
12123, ,0.08026433522257173,5.111433483440165e-08,None,None,None,None, , , , 
12124, ,0.08026433522257173,5.478901179593934e-08,None,None,None,None, , , , 
12125, ,0.08026433522257173,5.872786613189478e-08,None,None,None,None, , , , 
12126, ,0.08026433522257173,6.294988990221888e-08,None,None,None,None, , , , 
12127, ,0.08026433522257173,6.747544053110687e-08,None,None,None,None, , , , 
12128, ,0.08026433522257173,7.232633896483534e-08,None,None,None,None, , , , 
12129, ,0.08026433522257173,7.752597488629465e-08,None,None,None,None, , , , 
12130, ,0.08026433522257173,8.309941949353386e-08,None,None,None,None, , , , 
12131, ,0.08026433522257173,8.907354638610439e-08,None,None,None,None, , , , 
12132, ,0.08026433522257173,9.547716114208066e-08,None,None,None,None, , , , 
12133, ,0.08026433522257173,1.0234114021054528e-07,None,None,None,None, , , , 
12134, ,0.08026433522257173,1.0969857978923841e-07,None,None,None,None, , , , 
12135, ,0.08026433522257173,1.1758495540521555e-07,None,None,None,None, , , , 
12136, ,0.08026433522257173,1.2603829296797277e-07,None,None,None,None, , , , 
12137, ,0.08026433522257173,1.350993521198025e-07,None,None,None,None, , , , 
12138, ,0.08026433522257173,1.4481182276745328e-07,None,None,None,None, , , , 
12139, ,0.08026433522257173,1.552225357427048e-07,None,None,None,None, , , , 
12140, ,0.08026433522257173,1.6638168860761273e-07,None,None,None,None, , , , 
12141, ,0.08026433522257173,1.7834308769319093e-07,None,None,None,None, , , , 
12142, ,0.08026433522257173,1.9116440753857e-07,None,None,None,None, , , , 
12143, ,0.08026433522257173,2.049074689815846e-07,None,None,None,None, , , , 
12144, ,0.08026433522257173,2.1963853724165468e-07,None,None,None,None, , , , 
12145, ,0.08026433522257173,2.3542864143224158e-07,None,None,None,None, , , , 
12146, ,0.08026433522257173,2.523539170434766e-07,None,None,None,None, , , , 
12147, ,0.08026433522257173,2.7049597304631316e-07,None,None,None,None, , , , 
12148, ,0.08026433522257173,2.899422853882875e-07,None,None,None,None, , , , 
12149, ,0.08026433522257173,3.107866187782014e-07,None,None,None,None, , , , 
12150, ,0.08026433522257173,3.33129478793467e-07,None,None,None,None, , , , 
12151, ,0.08026433522257173,3.5707859649004626e-07,None,None,None,None, , , , 
12152, ,0.08026433522257173,3.827494478516307e-07,None,None,None,None, , , , 
12153, ,0.08026433522257173,4.1026581058271904e-07,None,None,None,None, , , , 
12154, ,0.08026433522257173,4.397603609302722e-07,None,None,None,None, , , , 
12155, ,0.08026433522257173,4.7137531341167185e-07,None,None,None,None, , , , 
12156, ,0.08026433522257173,5.052631065335679e-07,None,None,None,None, , , , 
12157, ,0.08026433522257173,5.415871378079465e-07,None,None,None,None, , , , 
12158, ,0.08026433522257173,5.805225516094896e-07,None,None,None,None, , , , 
12159, ,0.08026433522257173,6.222570836730232e-07,None,None,None,None, , , , 
12160, ,0.08026433522257173,6.669919663030115e-07,None,None,None,None, , , , 
12161, ,0.08026433522257173,7.149428986597576e-07,None,None,None,None, , , , 
12162, ,0.08026433522257173,7.663410868007445e-07,None,None,None,None, , , , 
12163, ,0.08026433522257173,8.214343584919422e-07,None,None,None,None, , , , 
12164, ,0.08026433522257173,8.804883581643463e-07,None,None,None,None, , , , 
12165, ,0.08026433522257173,9.437878277775371e-07,None,None,None,None, , , , 
12166, ,0.08026433522257173,1.0116379797662072e-06,None,None,None,None, , , , 
12167, ,0.08026433522257173,1.0843659686896086e-06,None,None,None,None, , , , 
12168, ,0.08026433522257173,1.1623224686798522e-06,None,None,None,None, , , , 
12169, ,0.08026433522257173,1.2458833642950078e-06,None,None,None,None, , , , 
12170, ,0.08026433522257173,1.3354515629298971e-06,None,None,None,None, , , , 
12171, ,0.08026433522257173,1.4314589375234786e-06,None,None,None,None, , , , 
12172, ,0.08026433522257173,1.53436840893001e-06,None,None,None,None, , , , 
12173, ,0.08026433522257173,1.6446761779946631e-06,None,None,None,None, , , , 
12174, ,0.08026433522257173,1.762914118095948e-06,None,None,None,None, , , , 
12175, ,0.08026433522257173,1.8896523396912082e-06,None,None,None,None, , , , 
12176, ,0.08026433522257173,2.0255019392306664e-06,None,None,None,None, , , , 
12177, ,0.08026433522257173,2.171117945694501e-06,None,None,None,None, , , , 
12178, ,0.08026433522257173,2.327202478960408e-06,None,None,None,None, , , , 
12179, ,0.08026433522257173,2.494508135230317e-06,None,None,None,None, , , , 
12180, ,0.08026433522257173,2.673841615839944e-06,None,None,None,None, , , , 
12181, ,0.08026433522257173,2.8660676169482507e-06,None,None,None,None, , , , 
12182, ,0.08026433522257173,3.0721129988617524e-06,None,None,None,None, , , , 
12183, ,0.08026433522257173,3.292971255097148e-06,None,None,None,None, , , , 
12184, ,0.08026433522257173,3.5297073027306505e-06,None,None,None,None, , , , 
12185, ,0.08026433522257173,3.783462617131925e-06,None,None,None,None, , , , 
12186, ,0.08026433522257173,4.0554607358408275e-06,None,None,None,None, , , , 
12187, ,0.08026433522257173,4.3470131581250175e-06,None,None,None,None, , , , 
12188, ,0.08026433522257173,4.6595256686646765e-06,None,None,None,None, , , , 
12189, ,0.08026433522257173,4.99450511585514e-06,None,None,None,None, , , , 
12190, ,0.08026433522257173,5.353566677410719e-06,None,None,None,None, , , , 
12191, ,0.08026433522257173,5.738441648302393e-06,None,None,None,None, , , , 
12192, ,0.08026433522257173,6.150985788580505e-06,None,None,None,None, , , , 
12193, ,0.08026433522257173,6.593188271333541e-06,None,None,None,None, , , , 
12194, ,0.08026433522257173,7.067181273927492e-06,None,None,None,None, , , , 
12195, ,0.08026433522257173,7.575250258771904e-06,None,None,None,None, , , , 
12196, ,0.08026433522257173,8.119844993184007e-06,None,None,None,None, , , , 
12197, ,0.08026433522257173,8.703591361485167e-06,None,None,None,None, , , , 
12198, ,0.08026433522257173,9.329304026284676e-06,None,None,None,None, , , , 
12199, ,0.08026433522257173,1e-05,None,None,None,None, , , , 
12200, ,0.08309941949353396,1e-11,None,None,None,None, , , , 
12201, ,0.08309941949353396,1.0718913192051263e-11,None,None,None,None, , , , 
12202, ,0.08309941949353396,1.1489510001873107e-11,None,None,None,None, , , , 
12203, ,0.08309941949353396,1.2315506032928262e-11,None,None,None,None, , , , 
12204, ,0.08309941949353396,1.3200884008314167e-11,None,None,None,None, , , , 
12205, ,0.08309941949353396,1.4149912974345786e-11,None,None,None,None, , , , 
12206, ,0.08309941949353396,1.5167168884709242e-11,None,None,None,None, , , , 
12207, ,0.08309941949353396,1.6257556664437934e-11,None,None,None,None, , , , 
12208, ,0.08309941949353396,1.7426333860096473e-11,None,None,None,None, , , , 
12209, ,0.08309941949353396,1.8679135990207848e-11,None,None,None,None, , , , 
12210, ,0.08309941949353396,2.0022003718155844e-11,None,None,None,None, , , , 
12211, ,0.08309941949353396,2.1461411978584013e-11,None,None,None,None, , , , 
12212, ,0.08309941949353396,2.300430119772921e-11,None,None,None,None, , , , 
12213, ,0.08309941949353396,2.465811075822604e-11,None,None,None,None, , , , 
12214, ,0.08309941949353396,2.643081486974103e-11,None,None,None,None, , , , 
12215, ,0.08309941949353396,2.8330961018393178e-11,None,None,None,None, , , , 
12216, ,0.08309941949353396,3.036771118035461e-11,None,None,None,None, , , , 
12217, ,0.08309941949353396,3.255088599835057e-11,None,None,None,None, , , , 
12218, ,0.08309941949353396,3.4891012134067674e-11,None,None,None,None, , , , 
12219, ,0.08309941949353396,3.739937302478801e-11,None,None,None,None, , , , 
12220, ,0.08309941949353396,4.0088063288984646e-11,None,None,None,None, , , , 
12221, ,0.08309941949353396,4.297004704320835e-11,None,None,None,None, , , , 
12222, ,0.08309941949353396,4.605922041145113e-11,None,None,None,None, , , , 
12223, ,0.08309941949353396,4.937047852839004e-11,None,None,None,None, , , , 
12224, ,0.08309941949353396,5.2919787359584366e-11,None,None,None,None, , , , 
12225, ,0.08309941949353396,5.672426068491989e-11,None,None,None,None, , , , 
12226, ,0.08309941949353396,6.080224261649427e-11,None,None,None,None, , , , 
12227, ,0.08309941949353396,6.517339604882421e-11,None,None,None,None, , , , 
12228, ,0.08309941949353396,6.985879746785235e-11,None,None,None,None, , , , 
12229, ,0.08309941949353396,7.48810385759003e-11,None,None,None,None, , , , 
12230, ,0.08309941949353396,8.026433522257174e-11,None,None,None,None, , , , 
12231, ,0.08309941949353396,8.603464416684492e-11,None,None,None,None, , , , 
12232, ,0.08309941949353396,9.221978823334341e-11,None,None,None,None, , , , 
12233, ,0.08309941949353396,9.884959046625586e-11,None,None,None,None, , , , 
12234, ,0.08309941949353396,1.0595601792776149e-10,None,None,None,None, , , , 
12235, ,0.08309941949353396,1.1357333583431027e-10,None,None,None,None, , , , 
12236, ,0.08309941949353396,1.217382727739662e-10,None,None,None,None, , , , 
12237, ,0.08309941949353396,1.3049019780144016e-10,None,None,None,None, , , , 
12238, ,0.08309941949353396,1.398713102647236e-10,None,None,None,None, , , , 
12239, ,0.08309941949353396,1.4992684327860468e-10,None,None,None,None, , , , 
12240, ,0.08309941949353396,1.6070528182616384e-10,None,None,None,None, , , , 
12241, ,0.08309941949353396,1.722585965398784e-10,None,None,None,None, , , , 
12242, ,0.08309941949353396,1.8464249428955463e-10,None,None,None,None, , , , 
12243, ,0.08309941949353396,1.9791668678535569e-10,None,None,None,None, , , , 
12244, ,0.08309941949353396,2.121451784910628e-10,None,None,None,None, , , , 
12245, ,0.08309941949353396,2.273965752357932e-10,None,None,None,None, , , , 
12246, ,0.08309941949353396,2.4374441501222216e-10,None,None,None,None, , , , 
12247, ,0.08309941949353396,2.6126752255633265e-10,None,None,None,None, , , , 
12248, ,0.08309941949353396,2.8005038941836253e-10,None,None,None,None, , , , 
12249, ,0.08309941949353396,3.0018358135755917e-10,None,None,None,None, , , , 
12250, ,0.08309941949353396,3.2176417502507347e-10,None,None,None,None, , , , 
12251, ,0.08309941949353396,3.4489622604057533e-10,None,None,None,None, , , , 
12252, ,0.08309941949353396,3.696912707195032e-10,None,None,None,None, , , , 
12253, ,0.08309941949353396,3.9626886387014783e-10,None,None,None,None, , , , 
12254, ,0.08309941949353396,4.2475715525368935e-10,None,None,None,None, , , , 
12255, ,0.08309941949353396,4.552935074866938e-10,None,None,None,None, , , , 
12256, ,0.08309941949353396,4.880251583654433e-10,None,None,None,None, , , , 
12257, ,0.08309941949353396,5.231099308056258e-10,None,None,None,None, , , , 
12258, ,0.08309941949353396,5.60716993820547e-10,None,None,None,None, , , , 
12259, ,0.08309941949353396,6.010276782070387e-10,None,None,None,None, , , , 
12260, ,0.08309941949353396,6.442363508721371e-10,None,None,None,None, , , , 
12261, ,0.08309941949353396,6.905513520162316e-10,None,None,None,None, , , , 
12262, ,0.08309941949353396,7.401959996915653e-10,None,None,None,None, , , , 
12263, ,0.08309941949353396,7.934096665797492e-10,None,None,None,None, , , , 
12264, ,0.08309941949353396,8.504489341802668e-10,None,None,None,None, , , , 
12265, ,0.08309941949353396,9.115888299750837e-10,None,None,None,None, , , , 
12266, ,0.08309941949353396,9.771241535346502e-10,None,None,None,None, , , , 
12267, ,0.08309941949353396,1.0473708979594486e-09,None,None,None,None, , , , 
12268, ,0.08309941949353396,1.1226677735108114e-09,None,None,None,None, , , , 
12269, ,0.08309941949353396,1.2033778407775904e-09,None,None,None,None, , , , 
12270, ,0.08309941949353396,1.289890261253308e-09,None,None,None,None, , , , 
12271, ,0.08309941949353396,1.3826221737646535e-09,None,None,None,None, , , , 
12272, ,0.08309941949353396,1.4820207057988602e-09,None,None,None,None, , , , 
12273, ,0.08309941949353396,1.5885651294280526e-09,None,None,None,None, , , , 
12274, ,0.08309941949353396,1.702769172225898e-09,None,None,None,None, , , , 
12275, ,0.08309941949353396,1.825183494319039e-09,None,None,None,None, , , , 
12276, ,0.08309941949353396,1.956398343517065e-09,None,None,None,None, , , , 
12277, ,0.08309941949353396,2.0970464013232305e-09,None,None,None,None, , , , 
12278, ,0.08309941949353396,2.2478058335487307e-09,None,None,None,None, , , , 
12279, ,0.08309941949353396,2.409403560239527e-09,None,None,None,None, , , , 
12280, ,0.08309941949353396,2.582618760682675e-09,None,None,None,None, , , , 
12281, ,0.08309941949353396,2.768286630392061e-09,None,None,None,None, , , , 
12282, ,0.08309941949353396,2.9673024081888724e-09,None,None,None,None, , , , 
12283, ,0.08309941949353396,3.180625692794119e-09,None,None,None,None, , , , 
12284, ,0.08309941949353396,3.409285069746807e-09,None,None,None,None, , , , 
12285, ,0.08309941949353396,3.654383070957262e-09,None,None,None,None, , , , 
12286, ,0.08309941949353396,3.917101490809261e-09,None,None,None,None, , , , 
12287, ,0.08309941949353396,4.198707084443906e-09,None,None,None,None, , , , 
12288, ,0.08309941949353396,4.500557675700488e-09,None,None,None,None, , , , 
12289, ,0.08309941949353396,4.824108704165374e-09,None,None,None,None, , , , 
12290, ,0.08309941949353396,5.170920242896755e-09,None,None,None,None, , , , 
12291, ,0.08309941949353396,5.542664520663096e-09,None,None,None,None, , , , 
12292, ,0.08309941949353396,5.941133984965041e-09,None,None,None,None, , , , 
12293, ,0.08309941949353396,6.3682499447185856e-09,None,None,None,None, , , , 
12294, ,0.08309941949353396,6.826071834272379e-09,None,None,None,None, , , , 
12295, ,0.08309941949353396,7.316807143427175e-09,None,None,None,None, , , , 
12296, ,0.08309941949353396,7.842822061337681e-09,None,None,None,None, , , , 
12297, ,0.08309941949353396,8.406652885618316e-09,None,None,None,None, , , , 
12298, ,0.08309941949353396,9.011018251665036e-09,None,None,None,None, , , , 
12299, ,0.08309941949353396,9.658832241158707e-09,None,None,None,None, , , , 
12300, ,0.08309941949353396,1.0353218432956616e-08,None,None,None,None, , , , 
12301, ,0.08309941949353396,1.1097524964120722e-08,None,None,None,None, , , , 
12302, ,0.08309941949353396,1.1895340673703208e-08,None,None,None,None, , , , 
12303, ,0.08309941949353396,1.2750512407130128e-08,None,None,None,None, , , , 
12304, ,0.08309941949353396,1.3667163564620044e-08,None,None,None,None, , , , 
12305, ,0.08309941949353396,1.4649713983072853e-08,None,None,None,None, , , , 
12306, ,0.08309941949353396,1.5702901247293774e-08,None,None,None,None, , , , 
12307, ,0.08309941949353396,1.683180353330955e-08,None,None,None,None, , , , 
12308, ,0.08309941949353396,1.8041864093920717e-08,None,None,None,None, , , , 
12309, ,0.08309941949353396,1.933891750455232e-08,None,None,None,None, , , , 
12310, ,0.08309941949353396,2.0729217795953697e-08,None,None,None,None, , , , 
12311, ,0.08309941949353396,2.221946860939524e-08,None,None,None,None, , , , 
12312, ,0.08309941949353396,2.3816855519761606e-08,None,None,None,None, , , , 
12313, ,0.08309941949353396,2.552908068239516e-08,None,None,None,None, , , , 
12314, ,0.08309941949353396,2.7364399970746666e-08,None,None,None,None, , , , 
12315, ,0.08309941949353396,2.933166278390042e-08,None,None,None,None, , , , 
12316, ,0.08309941949353396,3.1440354715915e-08,None,None,None,None, , , , 
12317, ,0.08309941949353396,3.370064329271925e-08,None,None,None,None, , , , 
12318, ,0.08309941949353396,3.612342699709431e-08,None,None,None,None, , , , 
12319, ,0.08309941949353396,3.872038781812557e-08,None,None,None,None, , , , 
12320, ,0.08309941949353396,4.1504047578504727e-08,None,None,None,None, , , , 
12321, ,0.08309941949353396,4.448782831127585e-08,None,None,None,None, , , , 
12322, ,0.08309941949353396,4.768611697714474e-08,None,None,None,None, , , , 
12323, ,0.08309941949353396,5.111433483440165e-08,None,None,None,None, , , , 
12324, ,0.08309941949353396,5.478901179593934e-08,None,None,None,None, , , , 
12325, ,0.08309941949353396,5.872786613189478e-08,None,None,None,None, , , , 
12326, ,0.08309941949353396,6.294988990221888e-08,None,None,None,None, , , , 
12327, ,0.08309941949353396,6.747544053110687e-08,None,None,None,None, , , , 
12328, ,0.08309941949353396,7.232633896483534e-08,None,None,None,None, , , , 
12329, ,0.08309941949353396,7.752597488629465e-08,None,None,None,None, , , , 
12330, ,0.08309941949353396,8.309941949353386e-08,None,None,None,None, , , , 
12331, ,0.08309941949353396,8.907354638610439e-08,None,None,None,None, , , , 
12332, ,0.08309941949353396,9.547716114208066e-08,None,None,None,None, , , , 
12333, ,0.08309941949353396,1.0234114021054528e-07,None,None,None,None, , , , 
12334, ,0.08309941949353396,1.0969857978923841e-07,None,None,None,None, , , , 
12335, ,0.08309941949353396,1.1758495540521555e-07,None,None,None,None, , , , 
12336, ,0.08309941949353396,1.2603829296797277e-07,None,None,None,None, , , , 
12337, ,0.08309941949353396,1.350993521198025e-07,None,None,None,None, , , , 
12338, ,0.08309941949353396,1.4481182276745328e-07,None,None,None,None, , , , 
12339, ,0.08309941949353396,1.552225357427048e-07,None,None,None,None, , , , 
12340, ,0.08309941949353396,1.6638168860761273e-07,None,None,None,None, , , , 
12341, ,0.08309941949353396,1.7834308769319093e-07,None,None,None,None, , , , 
12342, ,0.08309941949353396,1.9116440753857e-07,None,None,None,None, , , , 
12343, ,0.08309941949353396,2.049074689815846e-07,None,None,None,None, , , , 
12344, ,0.08309941949353396,2.1963853724165468e-07,None,None,None,None, , , , 
12345, ,0.08309941949353396,2.3542864143224158e-07,None,None,None,None, , , , 
12346, ,0.08309941949353396,2.523539170434766e-07,None,None,None,None, , , , 
12347, ,0.08309941949353396,2.7049597304631316e-07,None,None,None,None, , , , 
12348, ,0.08309941949353396,2.899422853882875e-07,None,None,None,None, , , , 
12349, ,0.08309941949353396,3.107866187782014e-07,None,None,None,None, , , , 
12350, ,0.08309941949353396,3.33129478793467e-07,None,None,None,None, , , , 
12351, ,0.08309941949353396,3.5707859649004626e-07,None,None,None,None, , , , 
12352, ,0.08309941949353396,3.827494478516307e-07,None,None,None,None, , , , 
12353, ,0.08309941949353396,4.1026581058271904e-07,None,None,None,None, , , , 
12354, ,0.08309941949353396,4.397603609302722e-07,None,None,None,None, , , , 
12355, ,0.08309941949353396,4.7137531341167185e-07,None,None,None,None, , , , 
12356, ,0.08309941949353396,5.052631065335679e-07,None,None,None,None, , , , 
12357, ,0.08309941949353396,5.415871378079465e-07,None,None,None,None, , , , 
12358, ,0.08309941949353396,5.805225516094896e-07,None,None,None,None, , , , 
12359, ,0.08309941949353396,6.222570836730232e-07,None,None,None,None, , , , 
12360, ,0.08309941949353396,6.669919663030115e-07,None,None,None,None, , , , 
12361, ,0.08309941949353396,7.149428986597576e-07,None,None,None,None, , , , 
12362, ,0.08309941949353396,7.663410868007445e-07,None,None,None,None, , , , 
12363, ,0.08309941949353396,8.214343584919422e-07,None,None,None,None, , , , 
12364, ,0.08309941949353396,8.804883581643463e-07,None,None,None,None, , , , 
12365, ,0.08309941949353396,9.437878277775371e-07,None,None,None,None, , , , 
12366, ,0.08309941949353396,1.0116379797662072e-06,None,None,None,None, , , , 
12367, ,0.08309941949353396,1.0843659686896086e-06,None,None,None,None, , , , 
12368, ,0.08309941949353396,1.1623224686798522e-06,None,None,None,None, , , , 
12369, ,0.08309941949353396,1.2458833642950078e-06,None,None,None,None, , , , 
12370, ,0.08309941949353396,1.3354515629298971e-06,None,None,None,None, , , , 
12371, ,0.08309941949353396,1.4314589375234786e-06,None,None,None,None, , , , 
12372, ,0.08309941949353396,1.53436840893001e-06,None,None,None,None, , , , 
12373, ,0.08309941949353396,1.6446761779946631e-06,None,None,None,None, , , , 
12374, ,0.08309941949353396,1.762914118095948e-06,None,None,None,None, , , , 
12375, ,0.08309941949353396,1.8896523396912082e-06,None,None,None,None, , , , 
12376, ,0.08309941949353396,2.0255019392306664e-06,None,None,None,None, , , , 
12377, ,0.08309941949353396,2.171117945694501e-06,None,None,None,None, , , , 
12378, ,0.08309941949353396,2.327202478960408e-06,None,None,None,None, , , , 
12379, ,0.08309941949353396,2.494508135230317e-06,None,None,None,None, , , , 
12380, ,0.08309941949353396,2.673841615839944e-06,None,None,None,None, , , , 
12381, ,0.08309941949353396,2.8660676169482507e-06,None,None,None,None, , , , 
12382, ,0.08309941949353396,3.0721129988617524e-06,None,None,None,None, , , , 
12383, ,0.08309941949353396,3.292971255097148e-06,None,None,None,None, , , , 
12384, ,0.08309941949353396,3.5297073027306505e-06,None,None,None,None, , , , 
12385, ,0.08309941949353396,3.783462617131925e-06,None,None,None,None, , , , 
12386, ,0.08309941949353396,4.0554607358408275e-06,None,None,None,None, , , , 
12387, ,0.08309941949353396,4.3470131581250175e-06,None,None,None,None, , , , 
12388, ,0.08309941949353396,4.6595256686646765e-06,None,None,None,None, , , , 
12389, ,0.08309941949353396,4.99450511585514e-06,None,None,None,None, , , , 
12390, ,0.08309941949353396,5.353566677410719e-06,None,None,None,None, , , , 
12391, ,0.08309941949353396,5.738441648302393e-06,None,None,None,None, , , , 
12392, ,0.08309941949353396,6.150985788580505e-06,None,None,None,None, , , , 
12393, ,0.08309941949353396,6.593188271333541e-06,None,None,None,None, , , , 
12394, ,0.08309941949353396,7.067181273927492e-06,None,None,None,None, , , , 
12395, ,0.08309941949353396,7.575250258771904e-06,None,None,None,None, , , , 
12396, ,0.08309941949353396,8.119844993184007e-06,None,None,None,None, , , , 
12397, ,0.08309941949353396,8.703591361485167e-06,None,None,None,None, , , , 
12398, ,0.08309941949353396,9.329304026284676e-06,None,None,None,None, , , , 
12399, ,0.08309941949353396,1e-05,None,None,None,None, , , , 
12400, ,0.086034644166845,1e-11,None,None,None,None, , , , 
12401, ,0.086034644166845,1.0718913192051263e-11,None,None,None,None, , , , 
12402, ,0.086034644166845,1.1489510001873107e-11,None,None,None,None, , , , 
12403, ,0.086034644166845,1.2315506032928262e-11,None,None,None,None, , , , 
12404, ,0.086034644166845,1.3200884008314167e-11,None,None,None,None, , , , 
12405, ,0.086034644166845,1.4149912974345786e-11,None,None,None,None, , , , 
12406, ,0.086034644166845,1.5167168884709242e-11,None,None,None,None, , , , 
12407, ,0.086034644166845,1.6257556664437934e-11,None,None,None,None, , , , 
12408, ,0.086034644166845,1.7426333860096473e-11,None,None,None,None, , , , 
12409, ,0.086034644166845,1.8679135990207848e-11,None,None,None,None, , , , 
12410, ,0.086034644166845,2.0022003718155844e-11,None,None,None,None, , , , 
12411, ,0.086034644166845,2.1461411978584013e-11,None,None,None,None, , , , 
12412, ,0.086034644166845,2.300430119772921e-11,None,None,None,None, , , , 
12413, ,0.086034644166845,2.465811075822604e-11,None,None,None,None, , , , 
12414, ,0.086034644166845,2.643081486974103e-11,None,None,None,None, , , , 
12415, ,0.086034644166845,2.8330961018393178e-11,None,None,None,None, , , , 
12416, ,0.086034644166845,3.036771118035461e-11,None,None,None,None, , , , 
12417, ,0.086034644166845,3.255088599835057e-11,None,None,None,None, , , , 
12418, ,0.086034644166845,3.4891012134067674e-11,None,None,None,None, , , , 
12419, ,0.086034644166845,3.739937302478801e-11,None,None,None,None, , , , 
12420, ,0.086034644166845,4.0088063288984646e-11,None,None,None,None, , , , 
12421, ,0.086034644166845,4.297004704320835e-11,None,None,None,None, , , , 
12422, ,0.086034644166845,4.605922041145113e-11,None,None,None,None, , , , 
12423, ,0.086034644166845,4.937047852839004e-11,None,None,None,None, , , , 
12424, ,0.086034644166845,5.2919787359584366e-11,None,None,None,None, , , , 
12425, ,0.086034644166845,5.672426068491989e-11,None,None,None,None, , , , 
12426, ,0.086034644166845,6.080224261649427e-11,None,None,None,None, , , , 
12427, ,0.086034644166845,6.517339604882421e-11,None,None,None,None, , , , 
12428, ,0.086034644166845,6.985879746785235e-11,None,None,None,None, , , , 
12429, ,0.086034644166845,7.48810385759003e-11,None,None,None,None, , , , 
12430, ,0.086034644166845,8.026433522257174e-11,None,None,None,None, , , , 
12431, ,0.086034644166845,8.603464416684492e-11,None,None,None,None, , , , 
12432, ,0.086034644166845,9.221978823334341e-11,None,None,None,None, , , , 
12433, ,0.086034644166845,9.884959046625586e-11,None,None,None,None, , , , 
12434, ,0.086034644166845,1.0595601792776149e-10,None,None,None,None, , , , 
12435, ,0.086034644166845,1.1357333583431027e-10,None,None,None,None, , , , 
12436, ,0.086034644166845,1.217382727739662e-10,None,None,None,None, , , , 
12437, ,0.086034644166845,1.3049019780144016e-10,None,None,None,None, , , , 
12438, ,0.086034644166845,1.398713102647236e-10,None,None,None,None, , , , 
12439, ,0.086034644166845,1.4992684327860468e-10,None,None,None,None, , , , 
12440, ,0.086034644166845,1.6070528182616384e-10,None,None,None,None, , , , 
12441, ,0.086034644166845,1.722585965398784e-10,None,None,None,None, , , , 
12442, ,0.086034644166845,1.8464249428955463e-10,None,None,None,None, , , , 
12443, ,0.086034644166845,1.9791668678535569e-10,None,None,None,None, , , , 
12444, ,0.086034644166845,2.121451784910628e-10,None,None,None,None, , , , 
12445, ,0.086034644166845,2.273965752357932e-10,None,None,None,None, , , , 
12446, ,0.086034644166845,2.4374441501222216e-10,None,None,None,None, , , , 
12447, ,0.086034644166845,2.6126752255633265e-10,None,None,None,None, , , , 
12448, ,0.086034644166845,2.8005038941836253e-10,None,None,None,None, , , , 
12449, ,0.086034644166845,3.0018358135755917e-10,None,None,None,None, , , , 
12450, ,0.086034644166845,3.2176417502507347e-10,None,None,None,None, , , , 
12451, ,0.086034644166845,3.4489622604057533e-10,None,None,None,None, , , , 
12452, ,0.086034644166845,3.696912707195032e-10,None,None,None,None, , , , 
12453, ,0.086034644166845,3.9626886387014783e-10,None,None,None,None, , , , 
12454, ,0.086034644166845,4.2475715525368935e-10,None,None,None,None, , , , 
12455, ,0.086034644166845,4.552935074866938e-10,None,None,None,None, , , , 
12456, ,0.086034644166845,4.880251583654433e-10,None,None,None,None, , , , 
12457, ,0.086034644166845,5.231099308056258e-10,None,None,None,None, , , , 
12458, ,0.086034644166845,5.60716993820547e-10,None,None,None,None, , , , 
12459, ,0.086034644166845,6.010276782070387e-10,None,None,None,None, , , , 
12460, ,0.086034644166845,6.442363508721371e-10,None,None,None,None, , , , 
12461, ,0.086034644166845,6.905513520162316e-10,None,None,None,None, , , , 
12462, ,0.086034644166845,7.401959996915653e-10,None,None,None,None, , , , 
12463, ,0.086034644166845,7.934096665797492e-10,None,None,None,None, , , , 
12464, ,0.086034644166845,8.504489341802668e-10,None,None,None,None, , , , 
12465, ,0.086034644166845,9.115888299750837e-10,None,None,None,None, , , , 
12466, ,0.086034644166845,9.771241535346502e-10,None,None,None,None, , , , 
12467, ,0.086034644166845,1.0473708979594486e-09,None,None,None,None, , , , 
12468, ,0.086034644166845,1.1226677735108114e-09,None,None,None,None, , , , 
12469, ,0.086034644166845,1.2033778407775904e-09,None,None,None,None, , , , 
12470, ,0.086034644166845,1.289890261253308e-09,None,None,None,None, , , , 
12471, ,0.086034644166845,1.3826221737646535e-09,None,None,None,None, , , , 
12472, ,0.086034644166845,1.4820207057988602e-09,None,None,None,None, , , , 
12473, ,0.086034644166845,1.5885651294280526e-09,None,None,None,None, , , , 
12474, ,0.086034644166845,1.702769172225898e-09,None,None,None,None, , , , 
12475, ,0.086034644166845,1.825183494319039e-09,None,None,None,None, , , , 
12476, ,0.086034644166845,1.956398343517065e-09,None,None,None,None, , , , 
12477, ,0.086034644166845,2.0970464013232305e-09,None,None,None,None, , , , 
12478, ,0.086034644166845,2.2478058335487307e-09,None,None,None,None, , , , 
12479, ,0.086034644166845,2.409403560239527e-09,None,None,None,None, , , , 
12480, ,0.086034644166845,2.582618760682675e-09,None,None,None,None, , , , 
12481, ,0.086034644166845,2.768286630392061e-09,None,None,None,None, , , , 
12482, ,0.086034644166845,2.9673024081888724e-09,None,None,None,None, , , , 
12483, ,0.086034644166845,3.180625692794119e-09,None,None,None,None, , , , 
12484, ,0.086034644166845,3.409285069746807e-09,None,None,None,None, , , , 
12485, ,0.086034644166845,3.654383070957262e-09,None,None,None,None, , , , 
12486, ,0.086034644166845,3.917101490809261e-09,None,None,None,None, , , , 
12487, ,0.086034644166845,4.198707084443906e-09,None,None,None,None, , , , 
12488, ,0.086034644166845,4.500557675700488e-09,None,None,None,None, , , , 
12489, ,0.086034644166845,4.824108704165374e-09,None,None,None,None, , , , 
12490, ,0.086034644166845,5.170920242896755e-09,None,None,None,None, , , , 
12491, ,0.086034644166845,5.542664520663096e-09,None,None,None,None, , , , 
12492, ,0.086034644166845,5.941133984965041e-09,None,None,None,None, , , , 
12493, ,0.086034644166845,6.3682499447185856e-09,None,None,None,None, , , , 
12494, ,0.086034644166845,6.826071834272379e-09,None,None,None,None, , , , 
12495, ,0.086034644166845,7.316807143427175e-09,None,None,None,None, , , , 
12496, ,0.086034644166845,7.842822061337681e-09,None,None,None,None, , , , 
12497, ,0.086034644166845,8.406652885618316e-09,None,None,None,None, , , , 
12498, ,0.086034644166845,9.011018251665036e-09,None,None,None,None, , , , 
12499, ,0.086034644166845,9.658832241158707e-09,None,None,None,None, , , , 
12500, ,0.086034644166845,1.0353218432956616e-08,None,None,None,None, , , , 
12501, ,0.086034644166845,1.1097524964120722e-08,None,None,None,None, , , , 
12502, ,0.086034644166845,1.1895340673703208e-08,None,None,None,None, , , , 
12503, ,0.086034644166845,1.2750512407130128e-08,None,None,None,None, , , , 
12504, ,0.086034644166845,1.3667163564620044e-08,None,None,None,None, , , , 
12505, ,0.086034644166845,1.4649713983072853e-08,None,None,None,None, , , , 
12506, ,0.086034644166845,1.5702901247293774e-08,None,None,None,None, , , , 
12507, ,0.086034644166845,1.683180353330955e-08,None,None,None,None, , , , 
12508, ,0.086034644166845,1.8041864093920717e-08,None,None,None,None, , , , 
12509, ,0.086034644166845,1.933891750455232e-08,None,None,None,None, , , , 
12510, ,0.086034644166845,2.0729217795953697e-08,None,None,None,None, , , , 
12511, ,0.086034644166845,2.221946860939524e-08,None,None,None,None, , , , 
12512, ,0.086034644166845,2.3816855519761606e-08,None,None,None,None, , , , 
12513, ,0.086034644166845,2.552908068239516e-08,None,None,None,None, , , , 
12514, ,0.086034644166845,2.7364399970746666e-08,None,None,None,None, , , , 
12515, ,0.086034644166845,2.933166278390042e-08,None,None,None,None, , , , 
12516, ,0.086034644166845,3.1440354715915e-08,None,None,None,None, , , , 
12517, ,0.086034644166845,3.370064329271925e-08,None,None,None,None, , , , 
12518, ,0.086034644166845,3.612342699709431e-08,None,None,None,None, , , , 
12519, ,0.086034644166845,3.872038781812557e-08,None,None,None,None, , , , 
12520, ,0.086034644166845,4.1504047578504727e-08,None,None,None,None, , , , 
12521, ,0.086034644166845,4.448782831127585e-08,None,None,None,None, , , , 
12522, ,0.086034644166845,4.768611697714474e-08,None,None,None,None, , , , 
12523, ,0.086034644166845,5.111433483440165e-08,None,None,None,None, , , , 
12524, ,0.086034644166845,5.478901179593934e-08,None,None,None,None, , , , 
12525, ,0.086034644166845,5.872786613189478e-08,None,None,None,None, , , , 
12526, ,0.086034644166845,6.294988990221888e-08,None,None,None,None, , , , 
12527, ,0.086034644166845,6.747544053110687e-08,None,None,None,None, , , , 
12528, ,0.086034644166845,7.232633896483534e-08,None,None,None,None, , , , 
12529, ,0.086034644166845,7.752597488629465e-08,None,None,None,None, , , , 
12530, ,0.086034644166845,8.309941949353386e-08,None,None,None,None, , , , 
12531, ,0.086034644166845,8.907354638610439e-08,None,None,None,None, , , , 
12532, ,0.086034644166845,9.547716114208066e-08,None,None,None,None, , , , 
12533, ,0.086034644166845,1.0234114021054528e-07,None,None,None,None, , , , 
12534, ,0.086034644166845,1.0969857978923841e-07,None,None,None,None, , , , 
12535, ,0.086034644166845,1.1758495540521555e-07,None,None,None,None, , , , 
12536, ,0.086034644166845,1.2603829296797277e-07,None,None,None,None, , , , 
12537, ,0.086034644166845,1.350993521198025e-07,None,None,None,None, , , , 
12538, ,0.086034644166845,1.4481182276745328e-07,None,None,None,None, , , , 
12539, ,0.086034644166845,1.552225357427048e-07,None,None,None,None, , , , 
12540, ,0.086034644166845,1.6638168860761273e-07,None,None,None,None, , , , 
12541, ,0.086034644166845,1.7834308769319093e-07,None,None,None,None, , , , 
12542, ,0.086034644166845,1.9116440753857e-07,None,None,None,None, , , , 
12543, ,0.086034644166845,2.049074689815846e-07,None,None,None,None, , , , 
12544, ,0.086034644166845,2.1963853724165468e-07,None,None,None,None, , , , 
12545, ,0.086034644166845,2.3542864143224158e-07,None,None,None,None, , , , 
12546, ,0.086034644166845,2.523539170434766e-07,None,None,None,None, , , , 
12547, ,0.086034644166845,2.7049597304631316e-07,None,None,None,None, , , , 
12548, ,0.086034644166845,2.899422853882875e-07,None,None,None,None, , , , 
12549, ,0.086034644166845,3.107866187782014e-07,None,None,None,None, , , , 
12550, ,0.086034644166845,3.33129478793467e-07,None,None,None,None, , , , 
12551, ,0.086034644166845,3.5707859649004626e-07,None,None,None,None, , , , 
12552, ,0.086034644166845,3.827494478516307e-07,None,None,None,None, , , , 
12553, ,0.086034644166845,4.1026581058271904e-07,None,None,None,None, , , , 
12554, ,0.086034644166845,4.397603609302722e-07,None,None,None,None, , , , 
12555, ,0.086034644166845,4.7137531341167185e-07,None,None,None,None, , , , 
12556, ,0.086034644166845,5.052631065335679e-07,None,None,None,None, , , , 
12557, ,0.086034644166845,5.415871378079465e-07,None,None,None,None, , , , 
12558, ,0.086034644166845,5.805225516094896e-07,None,None,None,None, , , , 
12559, ,0.086034644166845,6.222570836730232e-07,None,None,None,None, , , , 
12560, ,0.086034644166845,6.669919663030115e-07,None,None,None,None, , , , 
12561, ,0.086034644166845,7.149428986597576e-07,None,None,None,None, , , , 
12562, ,0.086034644166845,7.663410868007445e-07,None,None,None,None, , , , 
12563, ,0.086034644166845,8.214343584919422e-07,None,None,None,None, , , , 
12564, ,0.086034644166845,8.804883581643463e-07,None,None,None,None, , , , 
12565, ,0.086034644166845,9.437878277775371e-07,None,None,None,None, , , , 
12566, ,0.086034644166845,1.0116379797662072e-06,None,None,None,None, , , , 
12567, ,0.086034644166845,1.0843659686896086e-06,None,None,None,None, , , , 
12568, ,0.086034644166845,1.1623224686798522e-06,None,None,None,None, , , , 
12569, ,0.086034644166845,1.2458833642950078e-06,None,None,None,None, , , , 
12570, ,0.086034644166845,1.3354515629298971e-06,None,None,None,None, , , , 
12571, ,0.086034644166845,1.4314589375234786e-06,None,None,None,None, , , , 
12572, ,0.086034644166845,1.53436840893001e-06,None,None,None,None, , , , 
12573, ,0.086034644166845,1.6446761779946631e-06,None,None,None,None, , , , 
12574, ,0.086034644166845,1.762914118095948e-06,None,None,None,None, , , , 
12575, ,0.086034644166845,1.8896523396912082e-06,None,None,None,None, , , , 
12576, ,0.086034644166845,2.0255019392306664e-06,None,None,None,None, , , , 
12577, ,0.086034644166845,2.171117945694501e-06,None,None,None,None, , , , 
12578, ,0.086034644166845,2.327202478960408e-06,None,None,None,None, , , , 
12579, ,0.086034644166845,2.494508135230317e-06,None,None,None,None, , , , 
12580, ,0.086034644166845,2.673841615839944e-06,None,None,None,None, , , , 
12581, ,0.086034644166845,2.8660676169482507e-06,None,None,None,None, , , , 
12582, ,0.086034644166845,3.0721129988617524e-06,None,None,None,None, , , , 
12583, ,0.086034644166845,3.292971255097148e-06,None,None,None,None, , , , 
12584, ,0.086034644166845,3.5297073027306505e-06,None,None,None,None, , , , 
12585, ,0.086034644166845,3.783462617131925e-06,None,None,None,None, , , , 
12586, ,0.086034644166845,4.0554607358408275e-06,None,None,None,None, , , , 
12587, ,0.086034644166845,4.3470131581250175e-06,None,None,None,None, , , , 
12588, ,0.086034644166845,4.6595256686646765e-06,None,None,None,None, , , , 
12589, ,0.086034644166845,4.99450511585514e-06,None,None,None,None, , , , 
12590, ,0.086034644166845,5.353566677410719e-06,None,None,None,None, , , , 
12591, ,0.086034644166845,5.738441648302393e-06,None,None,None,None, , , , 
12592, ,0.086034644166845,6.150985788580505e-06,None,None,None,None, , , , 
12593, ,0.086034644166845,6.593188271333541e-06,None,None,None,None, , , , 
12594, ,0.086034644166845,7.067181273927492e-06,None,None,None,None, , , , 
12595, ,0.086034644166845,7.575250258771904e-06,None,None,None,None, , , , 
12596, ,0.086034644166845,8.119844993184007e-06,None,None,None,None, , , , 
12597, ,0.086034644166845,8.703591361485167e-06,None,None,None,None, , , , 
12598, ,0.086034644166845,9.329304026284676e-06,None,None,None,None, , , , 
12599, ,0.086034644166845,1e-05,None,None,None,None, , , , 
12600, ,0.0890735463861044,1e-11,None,None,None,None, , , , 
12601, ,0.0890735463861044,1.0718913192051263e-11,None,None,None,None, , , , 
12602, ,0.0890735463861044,1.1489510001873107e-11,None,None,None,None, , , , 
12603, ,0.0890735463861044,1.2315506032928262e-11,None,None,None,None, , , , 
12604, ,0.0890735463861044,1.3200884008314167e-11,None,None,None,None, , , , 
12605, ,0.0890735463861044,1.4149912974345786e-11,None,None,None,None, , , , 
12606, ,0.0890735463861044,1.5167168884709242e-11,None,None,None,None, , , , 
12607, ,0.0890735463861044,1.6257556664437934e-11,None,None,None,None, , , , 
12608, ,0.0890735463861044,1.7426333860096473e-11,None,None,None,None, , , , 
12609, ,0.0890735463861044,1.8679135990207848e-11,None,None,None,None, , , , 
12610, ,0.0890735463861044,2.0022003718155844e-11,None,None,None,None, , , , 
12611, ,0.0890735463861044,2.1461411978584013e-11,None,None,None,None, , , , 
12612, ,0.0890735463861044,2.300430119772921e-11,None,None,None,None, , , , 
12613, ,0.0890735463861044,2.465811075822604e-11,None,None,None,None, , , , 
12614, ,0.0890735463861044,2.643081486974103e-11,None,None,None,None, , , , 
12615, ,0.0890735463861044,2.8330961018393178e-11,None,None,None,None, , , , 
12616, ,0.0890735463861044,3.036771118035461e-11,None,None,None,None, , , , 
12617, ,0.0890735463861044,3.255088599835057e-11,None,None,None,None, , , , 
12618, ,0.0890735463861044,3.4891012134067674e-11,None,None,None,None, , , , 
12619, ,0.0890735463861044,3.739937302478801e-11,None,None,None,None, , , , 
12620, ,0.0890735463861044,4.0088063288984646e-11,None,None,None,None, , , , 
12621, ,0.0890735463861044,4.297004704320835e-11,None,None,None,None, , , , 
12622, ,0.0890735463861044,4.605922041145113e-11,None,None,None,None, , , , 
12623, ,0.0890735463861044,4.937047852839004e-11,None,None,None,None, , , , 
12624, ,0.0890735463861044,5.2919787359584366e-11,None,None,None,None, , , , 
12625, ,0.0890735463861044,5.672426068491989e-11,None,None,None,None, , , , 
12626, ,0.0890735463861044,6.080224261649427e-11,None,None,None,None, , , , 
12627, ,0.0890735463861044,6.517339604882421e-11,None,None,None,None, , , , 
12628, ,0.0890735463861044,6.985879746785235e-11,None,None,None,None, , , , 
12629, ,0.0890735463861044,7.48810385759003e-11,None,None,None,None, , , , 
12630, ,0.0890735463861044,8.026433522257174e-11,None,None,None,None, , , , 
12631, ,0.0890735463861044,8.603464416684492e-11,None,None,None,None, , , , 
12632, ,0.0890735463861044,9.221978823334341e-11,None,None,None,None, , , , 
12633, ,0.0890735463861044,9.884959046625586e-11,None,None,None,None, , , , 
12634, ,0.0890735463861044,1.0595601792776149e-10,None,None,None,None, , , , 
12635, ,0.0890735463861044,1.1357333583431027e-10,None,None,None,None, , , , 
12636, ,0.0890735463861044,1.217382727739662e-10,None,None,None,None, , , , 
12637, ,0.0890735463861044,1.3049019780144016e-10,None,None,None,None, , , , 
12638, ,0.0890735463861044,1.398713102647236e-10,None,None,None,None, , , , 
12639, ,0.0890735463861044,1.4992684327860468e-10,None,None,None,None, , , , 
12640, ,0.0890735463861044,1.6070528182616384e-10,None,None,None,None, , , , 
12641, ,0.0890735463861044,1.722585965398784e-10,None,None,None,None, , , , 
12642, ,0.0890735463861044,1.8464249428955463e-10,None,None,None,None, , , , 
12643, ,0.0890735463861044,1.9791668678535569e-10,None,None,None,None, , , , 
12644, ,0.0890735463861044,2.121451784910628e-10,None,None,None,None, , , , 
12645, ,0.0890735463861044,2.273965752357932e-10,None,None,None,None, , , , 
12646, ,0.0890735463861044,2.4374441501222216e-10,None,None,None,None, , , , 
12647, ,0.0890735463861044,2.6126752255633265e-10,None,None,None,None, , , , 
12648, ,0.0890735463861044,2.8005038941836253e-10,None,None,None,None, , , , 
12649, ,0.0890735463861044,3.0018358135755917e-10,None,None,None,None, , , , 
12650, ,0.0890735463861044,3.2176417502507347e-10,None,None,None,None, , , , 
12651, ,0.0890735463861044,3.4489622604057533e-10,None,None,None,None, , , , 
12652, ,0.0890735463861044,3.696912707195032e-10,None,None,None,None, , , , 
12653, ,0.0890735463861044,3.9626886387014783e-10,None,None,None,None, , , , 
12654, ,0.0890735463861044,4.2475715525368935e-10,None,None,None,None, , , , 
12655, ,0.0890735463861044,4.552935074866938e-10,None,None,None,None, , , , 
12656, ,0.0890735463861044,4.880251583654433e-10,None,None,None,None, , , , 
12657, ,0.0890735463861044,5.231099308056258e-10,None,None,None,None, , , , 
12658, ,0.0890735463861044,5.60716993820547e-10,None,None,None,None, , , , 
12659, ,0.0890735463861044,6.010276782070387e-10,None,None,None,None, , , , 
12660, ,0.0890735463861044,6.442363508721371e-10,None,None,None,None, , , , 
12661, ,0.0890735463861044,6.905513520162316e-10,None,None,None,None, , , , 
12662, ,0.0890735463861044,7.401959996915653e-10,None,None,None,None, , , , 
12663, ,0.0890735463861044,7.934096665797492e-10,None,None,None,None, , , , 
12664, ,0.0890735463861044,8.504489341802668e-10,None,None,None,None, , , , 
12665, ,0.0890735463861044,9.115888299750837e-10,None,None,None,None, , , , 
12666, ,0.0890735463861044,9.771241535346502e-10,None,None,None,None, , , , 
12667, ,0.0890735463861044,1.0473708979594486e-09,None,None,None,None, , , , 
12668, ,0.0890735463861044,1.1226677735108114e-09,None,None,None,None, , , , 
12669, ,0.0890735463861044,1.2033778407775904e-09,None,None,None,None, , , , 
12670, ,0.0890735463861044,1.289890261253308e-09,None,None,None,None, , , , 
12671, ,0.0890735463861044,1.3826221737646535e-09,None,None,None,None, , , , 
12672, ,0.0890735463861044,1.4820207057988602e-09,None,None,None,None, , , , 
12673, ,0.0890735463861044,1.5885651294280526e-09,None,None,None,None, , , , 
12674, ,0.0890735463861044,1.702769172225898e-09,None,None,None,None, , , , 
12675, ,0.0890735463861044,1.825183494319039e-09,None,None,None,None, , , , 
12676, ,0.0890735463861044,1.956398343517065e-09,None,None,None,None, , , , 
12677, ,0.0890735463861044,2.0970464013232305e-09,None,None,None,None, , , , 
12678, ,0.0890735463861044,2.2478058335487307e-09,None,None,None,None, , , , 
12679, ,0.0890735463861044,2.409403560239527e-09,None,None,None,None, , , , 
12680, ,0.0890735463861044,2.582618760682675e-09,None,None,None,None, , , , 
12681, ,0.0890735463861044,2.768286630392061e-09,None,None,None,None, , , , 
12682, ,0.0890735463861044,2.9673024081888724e-09,None,None,None,None, , , , 
12683, ,0.0890735463861044,3.180625692794119e-09,None,None,None,None, , , , 
12684, ,0.0890735463861044,3.409285069746807e-09,None,None,None,None, , , , 
12685, ,0.0890735463861044,3.654383070957262e-09,None,None,None,None, , , , 
12686, ,0.0890735463861044,3.917101490809261e-09,None,None,None,None, , , , 
12687, ,0.0890735463861044,4.198707084443906e-09,None,None,None,None, , , , 
12688, ,0.0890735463861044,4.500557675700488e-09,None,None,None,None, , , , 
12689, ,0.0890735463861044,4.824108704165374e-09,None,None,None,None, , , , 
12690, ,0.0890735463861044,5.170920242896755e-09,None,None,None,None, , , , 
12691, ,0.0890735463861044,5.542664520663096e-09,None,None,None,None, , , , 
12692, ,0.0890735463861044,5.941133984965041e-09,None,None,None,None, , , , 
12693, ,0.0890735463861044,6.3682499447185856e-09,None,None,None,None, , , , 
12694, ,0.0890735463861044,6.826071834272379e-09,None,None,None,None, , , , 
12695, ,0.0890735463861044,7.316807143427175e-09,None,None,None,None, , , , 
12696, ,0.0890735463861044,7.842822061337681e-09,None,None,None,None, , , , 
12697, ,0.0890735463861044,8.406652885618316e-09,None,None,None,None, , , , 
12698, ,0.0890735463861044,9.011018251665036e-09,None,None,None,None, , , , 
12699, ,0.0890735463861044,9.658832241158707e-09,None,None,None,None, , , , 
12700, ,0.0890735463861044,1.0353218432956616e-08,None,None,None,None, , , , 
12701, ,0.0890735463861044,1.1097524964120722e-08,None,None,None,None, , , , 
12702, ,0.0890735463861044,1.1895340673703208e-08,None,None,None,None, , , , 
12703, ,0.0890735463861044,1.2750512407130128e-08,None,None,None,None, , , , 
12704, ,0.0890735463861044,1.3667163564620044e-08,None,None,None,None, , , , 
12705, ,0.0890735463861044,1.4649713983072853e-08,None,None,None,None, , , , 
12706, ,0.0890735463861044,1.5702901247293774e-08,None,None,None,None, , , , 
12707, ,0.0890735463861044,1.683180353330955e-08,None,None,None,None, , , , 
12708, ,0.0890735463861044,1.8041864093920717e-08,None,None,None,None, , , , 
12709, ,0.0890735463861044,1.933891750455232e-08,None,None,None,None, , , , 
12710, ,0.0890735463861044,2.0729217795953697e-08,None,None,None,None, , , , 
12711, ,0.0890735463861044,2.221946860939524e-08,None,None,None,None, , , , 
12712, ,0.0890735463861044,2.3816855519761606e-08,None,None,None,None, , , , 
12713, ,0.0890735463861044,2.552908068239516e-08,None,None,None,None, , , , 
12714, ,0.0890735463861044,2.7364399970746666e-08,None,None,None,None, , , , 
12715, ,0.0890735463861044,2.933166278390042e-08,None,None,None,None, , , , 
12716, ,0.0890735463861044,3.1440354715915e-08,None,None,None,None, , , , 
12717, ,0.0890735463861044,3.370064329271925e-08,None,None,None,None, , , , 
12718, ,0.0890735463861044,3.612342699709431e-08,None,None,None,None, , , , 
12719, ,0.0890735463861044,3.872038781812557e-08,None,None,None,None, , , , 
12720, ,0.0890735463861044,4.1504047578504727e-08,None,None,None,None, , , , 
12721, ,0.0890735463861044,4.448782831127585e-08,None,None,None,None, , , , 
12722, ,0.0890735463861044,4.768611697714474e-08,None,None,None,None, , , , 
12723, ,0.0890735463861044,5.111433483440165e-08,None,None,None,None, , , , 
12724, ,0.0890735463861044,5.478901179593934e-08,None,None,None,None, , , , 
12725, ,0.0890735463861044,5.872786613189478e-08,None,None,None,None, , , , 
12726, ,0.0890735463861044,6.294988990221888e-08,None,None,None,None, , , , 
12727, ,0.0890735463861044,6.747544053110687e-08,None,None,None,None, , , , 
12728, ,0.0890735463861044,7.232633896483534e-08,None,None,None,None, , , , 
12729, ,0.0890735463861044,7.752597488629465e-08,None,None,None,None, , , , 
12730, ,0.0890735463861044,8.309941949353386e-08,None,None,None,None, , , , 
12731, ,0.0890735463861044,8.907354638610439e-08,None,None,None,None, , , , 
12732, ,0.0890735463861044,9.547716114208066e-08,None,None,None,None, , , , 
12733, ,0.0890735463861044,1.0234114021054528e-07,None,None,None,None, , , , 
12734, ,0.0890735463861044,1.0969857978923841e-07,None,None,None,None, , , , 
12735, ,0.0890735463861044,1.1758495540521555e-07,None,None,None,None, , , , 
12736, ,0.0890735463861044,1.2603829296797277e-07,None,None,None,None, , , , 
12737, ,0.0890735463861044,1.350993521198025e-07,None,None,None,None, , , , 
12738, ,0.0890735463861044,1.4481182276745328e-07,None,None,None,None, , , , 
12739, ,0.0890735463861044,1.552225357427048e-07,None,None,None,None, , , , 
12740, ,0.0890735463861044,1.6638168860761273e-07,None,None,None,None, , , , 
12741, ,0.0890735463861044,1.7834308769319093e-07,None,None,None,None, , , , 
12742, ,0.0890735463861044,1.9116440753857e-07,None,None,None,None, , , , 
12743, ,0.0890735463861044,2.049074689815846e-07,None,None,None,None, , , , 
12744, ,0.0890735463861044,2.1963853724165468e-07,None,None,None,None, , , , 
12745, ,0.0890735463861044,2.3542864143224158e-07,None,None,None,None, , , , 
12746, ,0.0890735463861044,2.523539170434766e-07,None,None,None,None, , , , 
12747, ,0.0890735463861044,2.7049597304631316e-07,None,None,None,None, , , , 
12748, ,0.0890735463861044,2.899422853882875e-07,None,None,None,None, , , , 
12749, ,0.0890735463861044,3.107866187782014e-07,None,None,None,None, , , , 
12750, ,0.0890735463861044,3.33129478793467e-07,None,None,None,None, , , , 
12751, ,0.0890735463861044,3.5707859649004626e-07,None,None,None,None, , , , 
12752, ,0.0890735463861044,3.827494478516307e-07,None,None,None,None, , , , 
12753, ,0.0890735463861044,4.1026581058271904e-07,None,None,None,None, , , , 
12754, ,0.0890735463861044,4.397603609302722e-07,None,None,None,None, , , , 
12755, ,0.0890735463861044,4.7137531341167185e-07,None,None,None,None, , , , 
12756, ,0.0890735463861044,5.052631065335679e-07,None,None,None,None, , , , 
12757, ,0.0890735463861044,5.415871378079465e-07,None,None,None,None, , , , 
12758, ,0.0890735463861044,5.805225516094896e-07,None,None,None,None, , , , 
12759, ,0.0890735463861044,6.222570836730232e-07,None,None,None,None, , , , 
12760, ,0.0890735463861044,6.669919663030115e-07,None,None,None,None, , , , 
12761, ,0.0890735463861044,7.149428986597576e-07,None,None,None,None, , , , 
12762, ,0.0890735463861044,7.663410868007445e-07,None,None,None,None, , , , 
12763, ,0.0890735463861044,8.214343584919422e-07,None,None,None,None, , , , 
12764, ,0.0890735463861044,8.804883581643463e-07,None,None,None,None, , , , 
12765, ,0.0890735463861044,9.437878277775371e-07,None,None,None,None, , , , 
12766, ,0.0890735463861044,1.0116379797662072e-06,None,None,None,None, , , , 
12767, ,0.0890735463861044,1.0843659686896086e-06,None,None,None,None, , , , 
12768, ,0.0890735463861044,1.1623224686798522e-06,None,None,None,None, , , , 
12769, ,0.0890735463861044,1.2458833642950078e-06,None,None,None,None, , , , 
12770, ,0.0890735463861044,1.3354515629298971e-06,None,None,None,None, , , , 
12771, ,0.0890735463861044,1.4314589375234786e-06,None,None,None,None, , , , 
12772, ,0.0890735463861044,1.53436840893001e-06,None,None,None,None, , , , 
12773, ,0.0890735463861044,1.6446761779946631e-06,None,None,None,None, , , , 
12774, ,0.0890735463861044,1.762914118095948e-06,None,None,None,None, , , , 
12775, ,0.0890735463861044,1.8896523396912082e-06,None,None,None,None, , , , 
12776, ,0.0890735463861044,2.0255019392306664e-06,None,None,None,None, , , , 
12777, ,0.0890735463861044,2.171117945694501e-06,None,None,None,None, , , , 
12778, ,0.0890735463861044,2.327202478960408e-06,None,None,None,None, , , , 
12779, ,0.0890735463861044,2.494508135230317e-06,None,None,None,None, , , , 
12780, ,0.0890735463861044,2.673841615839944e-06,None,None,None,None, , , , 
12781, ,0.0890735463861044,2.8660676169482507e-06,None,None,None,None, , , , 
12782, ,0.0890735463861044,3.0721129988617524e-06,None,None,None,None, , , , 
12783, ,0.0890735463861044,3.292971255097148e-06,None,None,None,None, , , , 
12784, ,0.0890735463861044,3.5297073027306505e-06,None,None,None,None, , , , 
12785, ,0.0890735463861044,3.783462617131925e-06,None,None,None,None, , , , 
12786, ,0.0890735463861044,4.0554607358408275e-06,None,None,None,None, , , , 
12787, ,0.0890735463861044,4.3470131581250175e-06,None,None,None,None, , , , 
12788, ,0.0890735463861044,4.6595256686646765e-06,None,None,None,None, , , , 
12789, ,0.0890735463861044,4.99450511585514e-06,None,None,None,None, , , , 
12790, ,0.0890735463861044,5.353566677410719e-06,None,None,None,None, , , , 
12791, ,0.0890735463861044,5.738441648302393e-06,None,None,None,None, , , , 
12792, ,0.0890735463861044,6.150985788580505e-06,None,None,None,None, , , , 
12793, ,0.0890735463861044,6.593188271333541e-06,None,None,None,None, , , , 
12794, ,0.0890735463861044,7.067181273927492e-06,None,None,None,None, , , , 
12795, ,0.0890735463861044,7.575250258771904e-06,None,None,None,None, , , , 
12796, ,0.0890735463861044,8.119844993184007e-06,None,None,None,None, , , , 
12797, ,0.0890735463861044,8.703591361485167e-06,None,None,None,None, , , , 
12798, ,0.0890735463861044,9.329304026284676e-06,None,None,None,None, , , , 
12799, ,0.0890735463861044,1e-05,None,None,None,None, , , , 
12800, ,0.09221978823334327,1e-11,None,None,None,None, , , , 
12801, ,0.09221978823334327,1.0718913192051263e-11,None,None,None,None, , , , 
12802, ,0.09221978823334327,1.1489510001873107e-11,None,None,None,None, , , , 
12803, ,0.09221978823334327,1.2315506032928262e-11,None,None,None,None, , , , 
12804, ,0.09221978823334327,1.3200884008314167e-11,None,None,None,None, , , , 
12805, ,0.09221978823334327,1.4149912974345786e-11,None,None,None,None, , , , 
12806, ,0.09221978823334327,1.5167168884709242e-11,None,None,None,None, , , , 
12807, ,0.09221978823334327,1.6257556664437934e-11,None,None,None,None, , , , 
12808, ,0.09221978823334327,1.7426333860096473e-11,None,None,None,None, , , , 
12809, ,0.09221978823334327,1.8679135990207848e-11,None,None,None,None, , , , 
12810, ,0.09221978823334327,2.0022003718155844e-11,None,None,None,None, , , , 
12811, ,0.09221978823334327,2.1461411978584013e-11,None,None,None,None, , , , 
12812, ,0.09221978823334327,2.300430119772921e-11,None,None,None,None, , , , 
12813, ,0.09221978823334327,2.465811075822604e-11,None,None,None,None, , , , 
12814, ,0.09221978823334327,2.643081486974103e-11,None,None,None,None, , , , 
12815, ,0.09221978823334327,2.8330961018393178e-11,None,None,None,None, , , , 
12816, ,0.09221978823334327,3.036771118035461e-11,None,None,None,None, , , , 
12817, ,0.09221978823334327,3.255088599835057e-11,None,None,None,None, , , , 
12818, ,0.09221978823334327,3.4891012134067674e-11,None,None,None,None, , , , 
12819, ,0.09221978823334327,3.739937302478801e-11,None,None,None,None, , , , 
12820, ,0.09221978823334327,4.0088063288984646e-11,None,None,None,None, , , , 
12821, ,0.09221978823334327,4.297004704320835e-11,None,None,None,None, , , , 
12822, ,0.09221978823334327,4.605922041145113e-11,None,None,None,None, , , , 
12823, ,0.09221978823334327,4.937047852839004e-11,None,None,None,None, , , , 
12824, ,0.09221978823334327,5.2919787359584366e-11,None,None,None,None, , , , 
12825, ,0.09221978823334327,5.672426068491989e-11,None,None,None,None, , , , 
12826, ,0.09221978823334327,6.080224261649427e-11,None,None,None,None, , , , 
12827, ,0.09221978823334327,6.517339604882421e-11,None,None,None,None, , , , 
12828, ,0.09221978823334327,6.985879746785235e-11,None,None,None,None, , , , 
12829, ,0.09221978823334327,7.48810385759003e-11,None,None,None,None, , , , 
12830, ,0.09221978823334327,8.026433522257174e-11,None,None,None,None, , , , 
12831, ,0.09221978823334327,8.603464416684492e-11,None,None,None,None, , , , 
12832, ,0.09221978823334327,9.221978823334341e-11,None,None,None,None, , , , 
12833, ,0.09221978823334327,9.884959046625586e-11,None,None,None,None, , , , 
12834, ,0.09221978823334327,1.0595601792776149e-10,None,None,None,None, , , , 
12835, ,0.09221978823334327,1.1357333583431027e-10,None,None,None,None, , , , 
12836, ,0.09221978823334327,1.217382727739662e-10,None,None,None,None, , , , 
12837, ,0.09221978823334327,1.3049019780144016e-10,None,None,None,None, , , , 
12838, ,0.09221978823334327,1.398713102647236e-10,None,None,None,None, , , , 
12839, ,0.09221978823334327,1.4992684327860468e-10,None,None,None,None, , , , 
12840, ,0.09221978823334327,1.6070528182616384e-10,None,None,None,None, , , , 
12841, ,0.09221978823334327,1.722585965398784e-10,None,None,None,None, , , , 
12842, ,0.09221978823334327,1.8464249428955463e-10,None,None,None,None, , , , 
12843, ,0.09221978823334327,1.9791668678535569e-10,None,None,None,None, , , , 
12844, ,0.09221978823334327,2.121451784910628e-10,None,None,None,None, , , , 
12845, ,0.09221978823334327,2.273965752357932e-10,None,None,None,None, , , , 
12846, ,0.09221978823334327,2.4374441501222216e-10,None,None,None,None, , , , 
12847, ,0.09221978823334327,2.6126752255633265e-10,None,None,None,None, , , , 
12848, ,0.09221978823334327,2.8005038941836253e-10,None,None,None,None, , , , 
12849, ,0.09221978823334327,3.0018358135755917e-10,None,None,None,None, , , , 
12850, ,0.09221978823334327,3.2176417502507347e-10,None,None,None,None, , , , 
12851, ,0.09221978823334327,3.4489622604057533e-10,None,None,None,None, , , , 
12852, ,0.09221978823334327,3.696912707195032e-10,None,None,None,None, , , , 
12853, ,0.09221978823334327,3.9626886387014783e-10,None,None,None,None, , , , 
12854, ,0.09221978823334327,4.2475715525368935e-10,None,None,None,None, , , , 
12855, ,0.09221978823334327,4.552935074866938e-10,None,None,None,None, , , , 
12856, ,0.09221978823334327,4.880251583654433e-10,None,None,None,None, , , , 
12857, ,0.09221978823334327,5.231099308056258e-10,None,None,None,None, , , , 
12858, ,0.09221978823334327,5.60716993820547e-10,None,None,None,None, , , , 
12859, ,0.09221978823334327,6.010276782070387e-10,None,None,None,None, , , , 
12860, ,0.09221978823334327,6.442363508721371e-10,None,None,None,None, , , , 
12861, ,0.09221978823334327,6.905513520162316e-10,None,None,None,None, , , , 
12862, ,0.09221978823334327,7.401959996915653e-10,None,None,None,None, , , , 
12863, ,0.09221978823334327,7.934096665797492e-10,None,None,None,None, , , , 
12864, ,0.09221978823334327,8.504489341802668e-10,None,None,None,None, , , , 
12865, ,0.09221978823334327,9.115888299750837e-10,None,None,None,None, , , , 
12866, ,0.09221978823334327,9.771241535346502e-10,None,None,None,None, , , , 
12867, ,0.09221978823334327,1.0473708979594486e-09,None,None,None,None, , , , 
12868, ,0.09221978823334327,1.1226677735108114e-09,None,None,None,None, , , , 
12869, ,0.09221978823334327,1.2033778407775904e-09,None,None,None,None, , , , 
12870, ,0.09221978823334327,1.289890261253308e-09,None,None,None,None, , , , 
12871, ,0.09221978823334327,1.3826221737646535e-09,None,None,None,None, , , , 
12872, ,0.09221978823334327,1.4820207057988602e-09,None,None,None,None, , , , 
12873, ,0.09221978823334327,1.5885651294280526e-09,None,None,None,None, , , , 
12874, ,0.09221978823334327,1.702769172225898e-09,None,None,None,None, , , , 
12875, ,0.09221978823334327,1.825183494319039e-09,None,None,None,None, , , , 
12876, ,0.09221978823334327,1.956398343517065e-09,None,None,None,None, , , , 
12877, ,0.09221978823334327,2.0970464013232305e-09,None,None,None,None, , , , 
12878, ,0.09221978823334327,2.2478058335487307e-09,None,None,None,None, , , , 
12879, ,0.09221978823334327,2.409403560239527e-09,None,None,None,None, , , , 
12880, ,0.09221978823334327,2.582618760682675e-09,None,None,None,None, , , , 
12881, ,0.09221978823334327,2.768286630392061e-09,None,None,None,None, , , , 
12882, ,0.09221978823334327,2.9673024081888724e-09,None,None,None,None, , , , 
12883, ,0.09221978823334327,3.180625692794119e-09,None,None,None,None, , , , 
12884, ,0.09221978823334327,3.409285069746807e-09,None,None,None,None, , , , 
12885, ,0.09221978823334327,3.654383070957262e-09,None,None,None,None, , , , 
12886, ,0.09221978823334327,3.917101490809261e-09,None,None,None,None, , , , 
12887, ,0.09221978823334327,4.198707084443906e-09,None,None,None,None, , , , 
12888, ,0.09221978823334327,4.500557675700488e-09,None,None,None,None, , , , 
12889, ,0.09221978823334327,4.824108704165374e-09,None,None,None,None, , , , 
12890, ,0.09221978823334327,5.170920242896755e-09,None,None,None,None, , , , 
12891, ,0.09221978823334327,5.542664520663096e-09,None,None,None,None, , , , 
12892, ,0.09221978823334327,5.941133984965041e-09,None,None,None,None, , , , 
12893, ,0.09221978823334327,6.3682499447185856e-09,None,None,None,None, , , , 
12894, ,0.09221978823334327,6.826071834272379e-09,None,None,None,None, , , , 
12895, ,0.09221978823334327,7.316807143427175e-09,None,None,None,None, , , , 
12896, ,0.09221978823334327,7.842822061337681e-09,None,None,None,None, , , , 
12897, ,0.09221978823334327,8.406652885618316e-09,None,None,None,None, , , , 
12898, ,0.09221978823334327,9.011018251665036e-09,None,None,None,None, , , , 
12899, ,0.09221978823334327,9.658832241158707e-09,None,None,None,None, , , , 
12900, ,0.09221978823334327,1.0353218432956616e-08,None,None,None,None, , , , 
12901, ,0.09221978823334327,1.1097524964120722e-08,None,None,None,None, , , , 
12902, ,0.09221978823334327,1.1895340673703208e-08,None,None,None,None, , , , 
12903, ,0.09221978823334327,1.2750512407130128e-08,None,None,None,None, , , , 
12904, ,0.09221978823334327,1.3667163564620044e-08,None,None,None,None, , , , 
12905, ,0.09221978823334327,1.4649713983072853e-08,None,None,None,None, , , , 
12906, ,0.09221978823334327,1.5702901247293774e-08,None,None,None,None, , , , 
12907, ,0.09221978823334327,1.683180353330955e-08,None,None,None,None, , , , 
12908, ,0.09221978823334327,1.8041864093920717e-08,None,None,None,None, , , , 
12909, ,0.09221978823334327,1.933891750455232e-08,None,None,None,None, , , , 
12910, ,0.09221978823334327,2.0729217795953697e-08,None,None,None,None, , , , 
12911, ,0.09221978823334327,2.221946860939524e-08,None,None,None,None, , , , 
12912, ,0.09221978823334327,2.3816855519761606e-08,None,None,None,None, , , , 
12913, ,0.09221978823334327,2.552908068239516e-08,None,None,None,None, , , , 
12914, ,0.09221978823334327,2.7364399970746666e-08,None,None,None,None, , , , 
12915, ,0.09221978823334327,2.933166278390042e-08,None,None,None,None, , , , 
12916, ,0.09221978823334327,3.1440354715915e-08,None,None,None,None, , , , 
12917, ,0.09221978823334327,3.370064329271925e-08,None,None,None,None, , , , 
12918, ,0.09221978823334327,3.612342699709431e-08,None,None,None,None, , , , 
12919, ,0.09221978823334327,3.872038781812557e-08,None,None,None,None, , , , 
12920, ,0.09221978823334327,4.1504047578504727e-08,None,None,None,None, , , , 
12921, ,0.09221978823334327,4.448782831127585e-08,None,None,None,None, , , , 
12922, ,0.09221978823334327,4.768611697714474e-08,None,None,None,None, , , , 
12923, ,0.09221978823334327,5.111433483440165e-08,None,None,None,None, , , , 
12924, ,0.09221978823334327,5.478901179593934e-08,None,None,None,None, , , , 
12925, ,0.09221978823334327,5.872786613189478e-08,None,None,None,None, , , , 
12926, ,0.09221978823334327,6.294988990221888e-08,None,None,None,None, , , , 
12927, ,0.09221978823334327,6.747544053110687e-08,None,None,None,None, , , , 
12928, ,0.09221978823334327,7.232633896483534e-08,None,None,None,None, , , , 
12929, ,0.09221978823334327,7.752597488629465e-08,None,None,None,None, , , , 
12930, ,0.09221978823334327,8.309941949353386e-08,None,None,None,None, , , , 
12931, ,0.09221978823334327,8.907354638610439e-08,None,None,None,None, , , , 
12932, ,0.09221978823334327,9.547716114208066e-08,None,None,None,None, , , , 
12933, ,0.09221978823334327,1.0234114021054528e-07,None,None,None,None, , , , 
12934, ,0.09221978823334327,1.0969857978923841e-07,None,None,None,None, , , , 
12935, ,0.09221978823334327,1.1758495540521555e-07,None,None,None,None, , , , 
12936, ,0.09221978823334327,1.2603829296797277e-07,None,None,None,None, , , , 
12937, ,0.09221978823334327,1.350993521198025e-07,None,None,None,None, , , , 
12938, ,0.09221978823334327,1.4481182276745328e-07,None,None,None,None, , , , 
12939, ,0.09221978823334327,1.552225357427048e-07,None,None,None,None, , , , 
12940, ,0.09221978823334327,1.6638168860761273e-07,None,None,None,None, , , , 
12941, ,0.09221978823334327,1.7834308769319093e-07,None,None,None,None, , , , 
12942, ,0.09221978823334327,1.9116440753857e-07,None,None,None,None, , , , 
12943, ,0.09221978823334327,2.049074689815846e-07,None,None,None,None, , , , 
12944, ,0.09221978823334327,2.1963853724165468e-07,None,None,None,None, , , , 
12945, ,0.09221978823334327,2.3542864143224158e-07,None,None,None,None, , , , 
12946, ,0.09221978823334327,2.523539170434766e-07,None,None,None,None, , , , 
12947, ,0.09221978823334327,2.7049597304631316e-07,None,None,None,None, , , , 
12948, ,0.09221978823334327,2.899422853882875e-07,None,None,None,None, , , , 
12949, ,0.09221978823334327,3.107866187782014e-07,None,None,None,None, , , , 
12950, ,0.09221978823334327,3.33129478793467e-07,None,None,None,None, , , , 
12951, ,0.09221978823334327,3.5707859649004626e-07,None,None,None,None, , , , 
12952, ,0.09221978823334327,3.827494478516307e-07,None,None,None,None, , , , 
12953, ,0.09221978823334327,4.1026581058271904e-07,None,None,None,None, , , , 
12954, ,0.09221978823334327,4.397603609302722e-07,None,None,None,None, , , , 
12955, ,0.09221978823334327,4.7137531341167185e-07,None,None,None,None, , , , 
12956, ,0.09221978823334327,5.052631065335679e-07,None,None,None,None, , , , 
12957, ,0.09221978823334327,5.415871378079465e-07,None,None,None,None, , , , 
12958, ,0.09221978823334327,5.805225516094896e-07,None,None,None,None, , , , 
12959, ,0.09221978823334327,6.222570836730232e-07,None,None,None,None, , , , 
12960, ,0.09221978823334327,6.669919663030115e-07,None,None,None,None, , , , 
12961, ,0.09221978823334327,7.149428986597576e-07,None,None,None,None, , , , 
12962, ,0.09221978823334327,7.663410868007445e-07,None,None,None,None, , , , 
12963, ,0.09221978823334327,8.214343584919422e-07,None,None,None,None, , , , 
12964, ,0.09221978823334327,8.804883581643463e-07,None,None,None,None, , , , 
12965, ,0.09221978823334327,9.437878277775371e-07,None,None,None,None, , , , 
12966, ,0.09221978823334327,1.0116379797662072e-06,None,None,None,None, , , , 
12967, ,0.09221978823334327,1.0843659686896086e-06,None,None,None,None, , , , 
12968, ,0.09221978823334327,1.1623224686798522e-06,None,None,None,None, , , , 
12969, ,0.09221978823334327,1.2458833642950078e-06,None,None,None,None, , , , 
12970, ,0.09221978823334327,1.3354515629298971e-06,None,None,None,None, , , , 
12971, ,0.09221978823334327,1.4314589375234786e-06,None,None,None,None, , , , 
12972, ,0.09221978823334327,1.53436840893001e-06,None,None,None,None, , , , 
12973, ,0.09221978823334327,1.6446761779946631e-06,None,None,None,None, , , , 
12974, ,0.09221978823334327,1.762914118095948e-06,None,None,None,None, , , , 
12975, ,0.09221978823334327,1.8896523396912082e-06,None,None,None,None, , , , 
12976, ,0.09221978823334327,2.0255019392306664e-06,None,None,None,None, , , , 
12977, ,0.09221978823334327,2.171117945694501e-06,None,None,None,None, , , , 
12978, ,0.09221978823334327,2.327202478960408e-06,None,None,None,None, , , , 
12979, ,0.09221978823334327,2.494508135230317e-06,None,None,None,None, , , , 
12980, ,0.09221978823334327,2.673841615839944e-06,None,None,None,None, , , , 
12981, ,0.09221978823334327,2.8660676169482507e-06,None,None,None,None, , , , 
12982, ,0.09221978823334327,3.0721129988617524e-06,None,None,None,None, , , , 
12983, ,0.09221978823334327,3.292971255097148e-06,None,None,None,None, , , , 
12984, ,0.09221978823334327,3.5297073027306505e-06,None,None,None,None, , , , 
12985, ,0.09221978823334327,3.783462617131925e-06,None,None,None,None, , , , 
12986, ,0.09221978823334327,4.0554607358408275e-06,None,None,None,None, , , , 
12987, ,0.09221978823334327,4.3470131581250175e-06,None,None,None,None, , , , 
12988, ,0.09221978823334327,4.6595256686646765e-06,None,None,None,None, , , , 
12989, ,0.09221978823334327,4.99450511585514e-06,None,None,None,None, , , , 
12990, ,0.09221978823334327,5.353566677410719e-06,None,None,None,None, , , , 
12991, ,0.09221978823334327,5.738441648302393e-06,None,None,None,None, , , , 
12992, ,0.09221978823334327,6.150985788580505e-06,None,None,None,None, , , , 
12993, ,0.09221978823334327,6.593188271333541e-06,None,None,None,None, , , , 
12994, ,0.09221978823334327,7.067181273927492e-06,None,None,None,None, , , , 
12995, ,0.09221978823334327,7.575250258771904e-06,None,None,None,None, , , , 
12996, ,0.09221978823334327,8.119844993184007e-06,None,None,None,None, , , , 
12997, ,0.09221978823334327,8.703591361485167e-06,None,None,None,None, , , , 
12998, ,0.09221978823334327,9.329304026284676e-06,None,None,None,None, , , , 
12999, ,0.09221978823334327,1e-05,None,None,None,None, , , , 
13000, ,0.09547716114208056,1e-11,None,None,None,None, , , , 
13001, ,0.09547716114208056,1.0718913192051263e-11,None,None,None,None, , , , 
13002, ,0.09547716114208056,1.1489510001873107e-11,None,None,None,None, , , , 
13003, ,0.09547716114208056,1.2315506032928262e-11,None,None,None,None, , , , 
13004, ,0.09547716114208056,1.3200884008314167e-11,None,None,None,None, , , , 
13005, ,0.09547716114208056,1.4149912974345786e-11,None,None,None,None, , , , 
13006, ,0.09547716114208056,1.5167168884709242e-11,None,None,None,None, , , , 
13007, ,0.09547716114208056,1.6257556664437934e-11,None,None,None,None, , , , 
13008, ,0.09547716114208056,1.7426333860096473e-11,None,None,None,None, , , , 
13009, ,0.09547716114208056,1.8679135990207848e-11,None,None,None,None, , , , 
13010, ,0.09547716114208056,2.0022003718155844e-11,None,None,None,None, , , , 
13011, ,0.09547716114208056,2.1461411978584013e-11,None,None,None,None, , , , 
13012, ,0.09547716114208056,2.300430119772921e-11,None,None,None,None, , , , 
13013, ,0.09547716114208056,2.465811075822604e-11,None,None,None,None, , , , 
13014, ,0.09547716114208056,2.643081486974103e-11,None,None,None,None, , , , 
13015, ,0.09547716114208056,2.8330961018393178e-11,None,None,None,None, , , , 
13016, ,0.09547716114208056,3.036771118035461e-11,None,None,None,None, , , , 
13017, ,0.09547716114208056,3.255088599835057e-11,None,None,None,None, , , , 
13018, ,0.09547716114208056,3.4891012134067674e-11,None,None,None,None, , , , 
13019, ,0.09547716114208056,3.739937302478801e-11,None,None,None,None, , , , 
13020, ,0.09547716114208056,4.0088063288984646e-11,None,None,None,None, , , , 
13021, ,0.09547716114208056,4.297004704320835e-11,None,None,None,None, , , , 
13022, ,0.09547716114208056,4.605922041145113e-11,None,None,None,None, , , , 
13023, ,0.09547716114208056,4.937047852839004e-11,None,None,None,None, , , , 
13024, ,0.09547716114208056,5.2919787359584366e-11,None,None,None,None, , , , 
13025, ,0.09547716114208056,5.672426068491989e-11,None,None,None,None, , , , 
13026, ,0.09547716114208056,6.080224261649427e-11,None,None,None,None, , , , 
13027, ,0.09547716114208056,6.517339604882421e-11,None,None,None,None, , , , 
13028, ,0.09547716114208056,6.985879746785235e-11,None,None,None,None, , , , 
13029, ,0.09547716114208056,7.48810385759003e-11,None,None,None,None, , , , 
13030, ,0.09547716114208056,8.026433522257174e-11,None,None,None,None, , , , 
13031, ,0.09547716114208056,8.603464416684492e-11,None,None,None,None, , , , 
13032, ,0.09547716114208056,9.221978823334341e-11,None,None,None,None, , , , 
13033, ,0.09547716114208056,9.884959046625586e-11,None,None,None,None, , , , 
13034, ,0.09547716114208056,1.0595601792776149e-10,None,None,None,None, , , , 
13035, ,0.09547716114208056,1.1357333583431027e-10,None,None,None,None, , , , 
13036, ,0.09547716114208056,1.217382727739662e-10,None,None,None,None, , , , 
13037, ,0.09547716114208056,1.3049019780144016e-10,None,None,None,None, , , , 
13038, ,0.09547716114208056,1.398713102647236e-10,None,None,None,None, , , , 
13039, ,0.09547716114208056,1.4992684327860468e-10,None,None,None,None, , , , 
13040, ,0.09547716114208056,1.6070528182616384e-10,None,None,None,None, , , , 
13041, ,0.09547716114208056,1.722585965398784e-10,None,None,None,None, , , , 
13042, ,0.09547716114208056,1.8464249428955463e-10,None,None,None,None, , , , 
13043, ,0.09547716114208056,1.9791668678535569e-10,None,None,None,None, , , , 
13044, ,0.09547716114208056,2.121451784910628e-10,None,None,None,None, , , , 
13045, ,0.09547716114208056,2.273965752357932e-10,None,None,None,None, , , , 
13046, ,0.09547716114208056,2.4374441501222216e-10,None,None,None,None, , , , 
13047, ,0.09547716114208056,2.6126752255633265e-10,None,None,None,None, , , , 
13048, ,0.09547716114208056,2.8005038941836253e-10,None,None,None,None, , , , 
13049, ,0.09547716114208056,3.0018358135755917e-10,None,None,None,None, , , , 
13050, ,0.09547716114208056,3.2176417502507347e-10,None,None,None,None, , , , 
13051, ,0.09547716114208056,3.4489622604057533e-10,None,None,None,None, , , , 
13052, ,0.09547716114208056,3.696912707195032e-10,None,None,None,None, , , , 
13053, ,0.09547716114208056,3.9626886387014783e-10,None,None,None,None, , , , 
13054, ,0.09547716114208056,4.2475715525368935e-10,None,None,None,None, , , , 
13055, ,0.09547716114208056,4.552935074866938e-10,None,None,None,None, , , , 
13056, ,0.09547716114208056,4.880251583654433e-10,None,None,None,None, , , , 
13057, ,0.09547716114208056,5.231099308056258e-10,None,None,None,None, , , , 
13058, ,0.09547716114208056,5.60716993820547e-10,None,None,None,None, , , , 
13059, ,0.09547716114208056,6.010276782070387e-10,None,None,None,None, , , , 
13060, ,0.09547716114208056,6.442363508721371e-10,None,None,None,None, , , , 
13061, ,0.09547716114208056,6.905513520162316e-10,None,None,None,None, , , , 
13062, ,0.09547716114208056,7.401959996915653e-10,None,None,None,None, , , , 
13063, ,0.09547716114208056,7.934096665797492e-10,None,None,None,None, , , , 
13064, ,0.09547716114208056,8.504489341802668e-10,None,None,None,None, , , , 
13065, ,0.09547716114208056,9.115888299750837e-10,None,None,None,None, , , , 
13066, ,0.09547716114208056,9.771241535346502e-10,None,None,None,None, , , , 
13067, ,0.09547716114208056,1.0473708979594486e-09,None,None,None,None, , , , 
13068, ,0.09547716114208056,1.1226677735108114e-09,None,None,None,None, , , , 
13069, ,0.09547716114208056,1.2033778407775904e-09,None,None,None,None, , , , 
13070, ,0.09547716114208056,1.289890261253308e-09,None,None,None,None, , , , 
13071, ,0.09547716114208056,1.3826221737646535e-09,None,None,None,None, , , , 
13072, ,0.09547716114208056,1.4820207057988602e-09,None,None,None,None, , , , 
13073, ,0.09547716114208056,1.5885651294280526e-09,None,None,None,None, , , , 
13074, ,0.09547716114208056,1.702769172225898e-09,None,None,None,None, , , , 
13075, ,0.09547716114208056,1.825183494319039e-09,None,None,None,None, , , , 
13076, ,0.09547716114208056,1.956398343517065e-09,None,None,None,None, , , , 
13077, ,0.09547716114208056,2.0970464013232305e-09,None,None,None,None, , , , 
13078, ,0.09547716114208056,2.2478058335487307e-09,None,None,None,None, , , , 
13079, ,0.09547716114208056,2.409403560239527e-09,None,None,None,None, , , , 
13080, ,0.09547716114208056,2.582618760682675e-09,None,None,None,None, , , , 
13081, ,0.09547716114208056,2.768286630392061e-09,None,None,None,None, , , , 
13082, ,0.09547716114208056,2.9673024081888724e-09,None,None,None,None, , , , 
13083, ,0.09547716114208056,3.180625692794119e-09,None,None,None,None, , , , 
13084, ,0.09547716114208056,3.409285069746807e-09,None,None,None,None, , , , 
13085, ,0.09547716114208056,3.654383070957262e-09,None,None,None,None, , , , 
13086, ,0.09547716114208056,3.917101490809261e-09,None,None,None,None, , , , 
13087, ,0.09547716114208056,4.198707084443906e-09,None,None,None,None, , , , 
13088, ,0.09547716114208056,4.500557675700488e-09,None,None,None,None, , , , 
13089, ,0.09547716114208056,4.824108704165374e-09,None,None,None,None, , , , 
13090, ,0.09547716114208056,5.170920242896755e-09,None,None,None,None, , , , 
13091, ,0.09547716114208056,5.542664520663096e-09,None,None,None,None, , , , 
13092, ,0.09547716114208056,5.941133984965041e-09,None,None,None,None, , , , 
13093, ,0.09547716114208056,6.3682499447185856e-09,None,None,None,None, , , , 
13094, ,0.09547716114208056,6.826071834272379e-09,None,None,None,None, , , , 
13095, ,0.09547716114208056,7.316807143427175e-09,None,None,None,None, , , , 
13096, ,0.09547716114208056,7.842822061337681e-09,None,None,None,None, , , , 
13097, ,0.09547716114208056,8.406652885618316e-09,None,None,None,None, , , , 
13098, ,0.09547716114208056,9.011018251665036e-09,None,None,None,None, , , , 
13099, ,0.09547716114208056,9.658832241158707e-09,None,None,None,None, , , , 
13100, ,0.09547716114208056,1.0353218432956616e-08,None,None,None,None, , , , 
13101, ,0.09547716114208056,1.1097524964120722e-08,None,None,None,None, , , , 
13102, ,0.09547716114208056,1.1895340673703208e-08,None,None,None,None, , , , 
13103, ,0.09547716114208056,1.2750512407130128e-08,None,None,None,None, , , , 
13104, ,0.09547716114208056,1.3667163564620044e-08,None,None,None,None, , , , 
13105, ,0.09547716114208056,1.4649713983072853e-08,None,None,None,None, , , , 
13106, ,0.09547716114208056,1.5702901247293774e-08,None,None,None,None, , , , 
13107, ,0.09547716114208056,1.683180353330955e-08,None,None,None,None, , , , 
13108, ,0.09547716114208056,1.8041864093920717e-08,None,None,None,None, , , , 
13109, ,0.09547716114208056,1.933891750455232e-08,None,None,None,None, , , , 
13110, ,0.09547716114208056,2.0729217795953697e-08,None,None,None,None, , , , 
13111, ,0.09547716114208056,2.221946860939524e-08,None,None,None,None, , , , 
13112, ,0.09547716114208056,2.3816855519761606e-08,None,None,None,None, , , , 
13113, ,0.09547716114208056,2.552908068239516e-08,None,None,None,None, , , , 
13114, ,0.09547716114208056,2.7364399970746666e-08,None,None,None,None, , , , 
13115, ,0.09547716114208056,2.933166278390042e-08,None,None,None,None, , , , 
13116, ,0.09547716114208056,3.1440354715915e-08,None,None,None,None, , , , 
13117, ,0.09547716114208056,3.370064329271925e-08,None,None,None,None, , , , 
13118, ,0.09547716114208056,3.612342699709431e-08,None,None,None,None, , , , 
13119, ,0.09547716114208056,3.872038781812557e-08,None,None,None,None, , , , 
13120, ,0.09547716114208056,4.1504047578504727e-08,None,None,None,None, , , , 
13121, ,0.09547716114208056,4.448782831127585e-08,None,None,None,None, , , , 
13122, ,0.09547716114208056,4.768611697714474e-08,None,None,None,None, , , , 
13123, ,0.09547716114208056,5.111433483440165e-08,None,None,None,None, , , , 
13124, ,0.09547716114208056,5.478901179593934e-08,None,None,None,None, , , , 
13125, ,0.09547716114208056,5.872786613189478e-08,None,None,None,None, , , , 
13126, ,0.09547716114208056,6.294988990221888e-08,None,None,None,None, , , , 
13127, ,0.09547716114208056,6.747544053110687e-08,None,None,None,None, , , , 
13128, ,0.09547716114208056,7.232633896483534e-08,None,None,None,None, , , , 
13129, ,0.09547716114208056,7.752597488629465e-08,None,None,None,None, , , , 
13130, ,0.09547716114208056,8.309941949353386e-08,None,None,None,None, , , , 
13131, ,0.09547716114208056,8.907354638610439e-08,None,None,None,None, , , , 
13132, ,0.09547716114208056,9.547716114208066e-08,None,None,None,None, , , , 
13133, ,0.09547716114208056,1.0234114021054528e-07,None,None,None,None, , , , 
13134, ,0.09547716114208056,1.0969857978923841e-07,None,None,None,None, , , , 
13135, ,0.09547716114208056,1.1758495540521555e-07,None,None,None,None, , , , 
13136, ,0.09547716114208056,1.2603829296797277e-07,None,None,None,None, , , , 
13137, ,0.09547716114208056,1.350993521198025e-07,None,None,None,None, , , , 
13138, ,0.09547716114208056,1.4481182276745328e-07,None,None,None,None, , , , 
13139, ,0.09547716114208056,1.552225357427048e-07,None,None,None,None, , , , 
13140, ,0.09547716114208056,1.6638168860761273e-07,None,None,None,None, , , , 
13141, ,0.09547716114208056,1.7834308769319093e-07,None,None,None,None, , , , 
13142, ,0.09547716114208056,1.9116440753857e-07,None,None,None,None, , , , 
13143, ,0.09547716114208056,2.049074689815846e-07,None,None,None,None, , , , 
13144, ,0.09547716114208056,2.1963853724165468e-07,None,None,None,None, , , , 
13145, ,0.09547716114208056,2.3542864143224158e-07,None,None,None,None, , , , 
13146, ,0.09547716114208056,2.523539170434766e-07,None,None,None,None, , , , 
13147, ,0.09547716114208056,2.7049597304631316e-07,None,None,None,None, , , , 
13148, ,0.09547716114208056,2.899422853882875e-07,None,None,None,None, , , , 
13149, ,0.09547716114208056,3.107866187782014e-07,None,None,None,None, , , , 
13150, ,0.09547716114208056,3.33129478793467e-07,None,None,None,None, , , , 
13151, ,0.09547716114208056,3.5707859649004626e-07,None,None,None,None, , , , 
13152, ,0.09547716114208056,3.827494478516307e-07,None,None,None,None, , , , 
13153, ,0.09547716114208056,4.1026581058271904e-07,None,None,None,None, , , , 
13154, ,0.09547716114208056,4.397603609302722e-07,None,None,None,None, , , , 
13155, ,0.09547716114208056,4.7137531341167185e-07,None,None,None,None, , , , 
13156, ,0.09547716114208056,5.052631065335679e-07,None,None,None,None, , , , 
13157, ,0.09547716114208056,5.415871378079465e-07,None,None,None,None, , , , 
13158, ,0.09547716114208056,5.805225516094896e-07,None,None,None,None, , , , 
13159, ,0.09547716114208056,6.222570836730232e-07,None,None,None,None, , , , 
13160, ,0.09547716114208056,6.669919663030115e-07,None,None,None,None, , , , 
13161, ,0.09547716114208056,7.149428986597576e-07,None,None,None,None, , , , 
13162, ,0.09547716114208056,7.663410868007445e-07,None,None,None,None, , , , 
13163, ,0.09547716114208056,8.214343584919422e-07,None,None,None,None, , , , 
13164, ,0.09547716114208056,8.804883581643463e-07,None,None,None,None, , , , 
13165, ,0.09547716114208056,9.437878277775371e-07,None,None,None,None, , , , 
13166, ,0.09547716114208056,1.0116379797662072e-06,None,None,None,None, , , , 
13167, ,0.09547716114208056,1.0843659686896086e-06,None,None,None,None, , , , 
13168, ,0.09547716114208056,1.1623224686798522e-06,None,None,None,None, , , , 
13169, ,0.09547716114208056,1.2458833642950078e-06,None,None,None,None, , , , 
13170, ,0.09547716114208056,1.3354515629298971e-06,None,None,None,None, , , , 
13171, ,0.09547716114208056,1.4314589375234786e-06,None,None,None,None, , , , 
13172, ,0.09547716114208056,1.53436840893001e-06,None,None,None,None, , , , 
13173, ,0.09547716114208056,1.6446761779946631e-06,None,None,None,None, , , , 
13174, ,0.09547716114208056,1.762914118095948e-06,None,None,None,None, , , , 
13175, ,0.09547716114208056,1.8896523396912082e-06,None,None,None,None, , , , 
13176, ,0.09547716114208056,2.0255019392306664e-06,None,None,None,None, , , , 
13177, ,0.09547716114208056,2.171117945694501e-06,None,None,None,None, , , , 
13178, ,0.09547716114208056,2.327202478960408e-06,None,None,None,None, , , , 
13179, ,0.09547716114208056,2.494508135230317e-06,None,None,None,None, , , , 
13180, ,0.09547716114208056,2.673841615839944e-06,None,None,None,None, , , , 
13181, ,0.09547716114208056,2.8660676169482507e-06,None,None,None,None, , , , 
13182, ,0.09547716114208056,3.0721129988617524e-06,None,None,None,None, , , , 
13183, ,0.09547716114208056,3.292971255097148e-06,None,None,None,None, , , , 
13184, ,0.09547716114208056,3.5297073027306505e-06,None,None,None,None, , , , 
13185, ,0.09547716114208056,3.783462617131925e-06,None,None,None,None, , , , 
13186, ,0.09547716114208056,4.0554607358408275e-06,None,None,None,None, , , , 
13187, ,0.09547716114208056,4.3470131581250175e-06,None,None,None,None, , , , 
13188, ,0.09547716114208056,4.6595256686646765e-06,None,None,None,None, , , , 
13189, ,0.09547716114208056,4.99450511585514e-06,None,None,None,None, , , , 
13190, ,0.09547716114208056,5.353566677410719e-06,None,None,None,None, , , , 
13191, ,0.09547716114208056,5.738441648302393e-06,None,None,None,None, , , , 
13192, ,0.09547716114208056,6.150985788580505e-06,None,None,None,None, , , , 
13193, ,0.09547716114208056,6.593188271333541e-06,None,None,None,None, , , , 
13194, ,0.09547716114208056,7.067181273927492e-06,None,None,None,None, , , , 
13195, ,0.09547716114208056,7.575250258771904e-06,None,None,None,None, , , , 
13196, ,0.09547716114208056,8.119844993184007e-06,None,None,None,None, , , , 
13197, ,0.09547716114208056,8.703591361485167e-06,None,None,None,None, , , , 
13198, ,0.09547716114208056,9.329304026284676e-06,None,None,None,None, , , , 
13199, ,0.09547716114208056,1e-05,None,None,None,None, , , , 
13200, ,0.09884959046625587,1e-11,None,None,None,None, , , , 
13201, ,0.09884959046625587,1.0718913192051263e-11,None,None,None,None, , , , 
13202, ,0.09884959046625587,1.1489510001873107e-11,None,None,None,None, , , , 
13203, ,0.09884959046625587,1.2315506032928262e-11,None,None,None,None, , , , 
13204, ,0.09884959046625587,1.3200884008314167e-11,None,None,None,None, , , , 
13205, ,0.09884959046625587,1.4149912974345786e-11,None,None,None,None, , , , 
13206, ,0.09884959046625587,1.5167168884709242e-11,None,None,None,None, , , , 
13207, ,0.09884959046625587,1.6257556664437934e-11,None,None,None,None, , , , 
13208, ,0.09884959046625587,1.7426333860096473e-11,None,None,None,None, , , , 
13209, ,0.09884959046625587,1.8679135990207848e-11,None,None,None,None, , , , 
13210, ,0.09884959046625587,2.0022003718155844e-11,None,None,None,None, , , , 
13211, ,0.09884959046625587,2.1461411978584013e-11,None,None,None,None, , , , 
13212, ,0.09884959046625587,2.300430119772921e-11,None,None,None,None, , , , 
13213, ,0.09884959046625587,2.465811075822604e-11,None,None,None,None, , , , 
13214, ,0.09884959046625587,2.643081486974103e-11,None,None,None,None, , , , 
13215, ,0.09884959046625587,2.8330961018393178e-11,None,None,None,None, , , , 
13216, ,0.09884959046625587,3.036771118035461e-11,None,None,None,None, , , , 
13217, ,0.09884959046625587,3.255088599835057e-11,None,None,None,None, , , , 
13218, ,0.09884959046625587,3.4891012134067674e-11,None,None,None,None, , , , 
13219, ,0.09884959046625587,3.739937302478801e-11,None,None,None,None, , , , 
13220, ,0.09884959046625587,4.0088063288984646e-11,None,None,None,None, , , , 
13221, ,0.09884959046625587,4.297004704320835e-11,None,None,None,None, , , , 
13222, ,0.09884959046625587,4.605922041145113e-11,None,None,None,None, , , , 
13223, ,0.09884959046625587,4.937047852839004e-11,None,None,None,None, , , , 
13224, ,0.09884959046625587,5.2919787359584366e-11,None,None,None,None, , , , 
13225, ,0.09884959046625587,5.672426068491989e-11,None,None,None,None, , , , 
13226, ,0.09884959046625587,6.080224261649427e-11,None,None,None,None, , , , 
13227, ,0.09884959046625587,6.517339604882421e-11,None,None,None,None, , , , 
13228, ,0.09884959046625587,6.985879746785235e-11,None,None,None,None, , , , 
13229, ,0.09884959046625587,7.48810385759003e-11,None,None,None,None, , , , 
13230, ,0.09884959046625587,8.026433522257174e-11,None,None,None,None, , , , 
13231, ,0.09884959046625587,8.603464416684492e-11,None,None,None,None, , , , 
13232, ,0.09884959046625587,9.221978823334341e-11,None,None,None,None, , , , 
13233, ,0.09884959046625587,9.884959046625586e-11,None,None,None,None, , , , 
13234, ,0.09884959046625587,1.0595601792776149e-10,None,None,None,None, , , , 
13235, ,0.09884959046625587,1.1357333583431027e-10,None,None,None,None, , , , 
13236, ,0.09884959046625587,1.217382727739662e-10,None,None,None,None, , , , 
13237, ,0.09884959046625587,1.3049019780144016e-10,None,None,None,None, , , , 
13238, ,0.09884959046625587,1.398713102647236e-10,None,None,None,None, , , , 
13239, ,0.09884959046625587,1.4992684327860468e-10,None,None,None,None, , , , 
13240, ,0.09884959046625587,1.6070528182616384e-10,None,None,None,None, , , , 
13241, ,0.09884959046625587,1.722585965398784e-10,None,None,None,None, , , , 
13242, ,0.09884959046625587,1.8464249428955463e-10,None,None,None,None, , , , 
13243, ,0.09884959046625587,1.9791668678535569e-10,None,None,None,None, , , , 
13244, ,0.09884959046625587,2.121451784910628e-10,None,None,None,None, , , , 
13245, ,0.09884959046625587,2.273965752357932e-10,None,None,None,None, , , , 
13246, ,0.09884959046625587,2.4374441501222216e-10,None,None,None,None, , , , 
13247, ,0.09884959046625587,2.6126752255633265e-10,None,None,None,None, , , , 
13248, ,0.09884959046625587,2.8005038941836253e-10,None,None,None,None, , , , 
13249, ,0.09884959046625587,3.0018358135755917e-10,None,None,None,None, , , , 
13250, ,0.09884959046625587,3.2176417502507347e-10,None,None,None,None, , , , 
13251, ,0.09884959046625587,3.4489622604057533e-10,None,None,None,None, , , , 
13252, ,0.09884959046625587,3.696912707195032e-10,None,None,None,None, , , , 
13253, ,0.09884959046625587,3.9626886387014783e-10,None,None,None,None, , , , 
13254, ,0.09884959046625587,4.2475715525368935e-10,None,None,None,None, , , , 
13255, ,0.09884959046625587,4.552935074866938e-10,None,None,None,None, , , , 
13256, ,0.09884959046625587,4.880251583654433e-10,None,None,None,None, , , , 
13257, ,0.09884959046625587,5.231099308056258e-10,None,None,None,None, , , , 
13258, ,0.09884959046625587,5.60716993820547e-10,None,None,None,None, , , , 
13259, ,0.09884959046625587,6.010276782070387e-10,None,None,None,None, , , , 
13260, ,0.09884959046625587,6.442363508721371e-10,None,None,None,None, , , , 
13261, ,0.09884959046625587,6.905513520162316e-10,None,None,None,None, , , , 
13262, ,0.09884959046625587,7.401959996915653e-10,None,None,None,None, , , , 
13263, ,0.09884959046625587,7.934096665797492e-10,None,None,None,None, , , , 
13264, ,0.09884959046625587,8.504489341802668e-10,None,None,None,None, , , , 
13265, ,0.09884959046625587,9.115888299750837e-10,None,None,None,None, , , , 
13266, ,0.09884959046625587,9.771241535346502e-10,None,None,None,None, , , , 
13267, ,0.09884959046625587,1.0473708979594486e-09,None,None,None,None, , , , 
13268, ,0.09884959046625587,1.1226677735108114e-09,None,None,None,None, , , , 
13269, ,0.09884959046625587,1.2033778407775904e-09,None,None,None,None, , , , 
13270, ,0.09884959046625587,1.289890261253308e-09,None,None,None,None, , , , 
13271, ,0.09884959046625587,1.3826221737646535e-09,None,None,None,None, , , , 
13272, ,0.09884959046625587,1.4820207057988602e-09,None,None,None,None, , , , 
13273, ,0.09884959046625587,1.5885651294280526e-09,None,None,None,None, , , , 
13274, ,0.09884959046625587,1.702769172225898e-09,None,None,None,None, , , , 
13275, ,0.09884959046625587,1.825183494319039e-09,None,None,None,None, , , , 
13276, ,0.09884959046625587,1.956398343517065e-09,None,None,None,None, , , , 
13277, ,0.09884959046625587,2.0970464013232305e-09,None,None,None,None, , , , 
13278, ,0.09884959046625587,2.2478058335487307e-09,None,None,None,None, , , , 
13279, ,0.09884959046625587,2.409403560239527e-09,None,None,None,None, , , , 
13280, ,0.09884959046625587,2.582618760682675e-09,None,None,None,None, , , , 
13281, ,0.09884959046625587,2.768286630392061e-09,None,None,None,None, , , , 
13282, ,0.09884959046625587,2.9673024081888724e-09,None,None,None,None, , , , 
13283, ,0.09884959046625587,3.180625692794119e-09,None,None,None,None, , , , 
13284, ,0.09884959046625587,3.409285069746807e-09,None,None,None,None, , , , 
13285, ,0.09884959046625587,3.654383070957262e-09,None,None,None,None, , , , 
13286, ,0.09884959046625587,3.917101490809261e-09,None,None,None,None, , , , 
13287, ,0.09884959046625587,4.198707084443906e-09,None,None,None,None, , , , 
13288, ,0.09884959046625587,4.500557675700488e-09,None,None,None,None, , , , 
13289, ,0.09884959046625587,4.824108704165374e-09,None,None,None,None, , , , 
13290, ,0.09884959046625587,5.170920242896755e-09,None,None,None,None, , , , 
13291, ,0.09884959046625587,5.542664520663096e-09,None,None,None,None, , , , 
13292, ,0.09884959046625587,5.941133984965041e-09,None,None,None,None, , , , 
13293, ,0.09884959046625587,6.3682499447185856e-09,None,None,None,None, , , , 
13294, ,0.09884959046625587,6.826071834272379e-09,None,None,None,None, , , , 
13295, ,0.09884959046625587,7.316807143427175e-09,None,None,None,None, , , , 
13296, ,0.09884959046625587,7.842822061337681e-09,None,None,None,None, , , , 
13297, ,0.09884959046625587,8.406652885618316e-09,None,None,None,None, , , , 
13298, ,0.09884959046625587,9.011018251665036e-09,None,None,None,None, , , , 
13299, ,0.09884959046625587,9.658832241158707e-09,None,None,None,None, , , , 
13300, ,0.09884959046625587,1.0353218432956616e-08,None,None,None,None, , , , 
13301, ,0.09884959046625587,1.1097524964120722e-08,None,None,None,None, , , , 
13302, ,0.09884959046625587,1.1895340673703208e-08,None,None,None,None, , , , 
13303, ,0.09884959046625587,1.2750512407130128e-08,None,None,None,None, , , , 
13304, ,0.09884959046625587,1.3667163564620044e-08,None,None,None,None, , , , 
13305, ,0.09884959046625587,1.4649713983072853e-08,None,None,None,None, , , , 
13306, ,0.09884959046625587,1.5702901247293774e-08,None,None,None,None, , , , 
13307, ,0.09884959046625587,1.683180353330955e-08,None,None,None,None, , , , 
13308, ,0.09884959046625587,1.8041864093920717e-08,None,None,None,None, , , , 
13309, ,0.09884959046625587,1.933891750455232e-08,None,None,None,None, , , , 
13310, ,0.09884959046625587,2.0729217795953697e-08,None,None,None,None, , , , 
13311, ,0.09884959046625587,2.221946860939524e-08,None,None,None,None, , , , 
13312, ,0.09884959046625587,2.3816855519761606e-08,None,None,None,None, , , , 
13313, ,0.09884959046625587,2.552908068239516e-08,None,None,None,None, , , , 
13314, ,0.09884959046625587,2.7364399970746666e-08,None,None,None,None, , , , 
13315, ,0.09884959046625587,2.933166278390042e-08,None,None,None,None, , , , 
13316, ,0.09884959046625587,3.1440354715915e-08,None,None,None,None, , , , 
13317, ,0.09884959046625587,3.370064329271925e-08,None,None,None,None, , , , 
13318, ,0.09884959046625587,3.612342699709431e-08,None,None,None,None, , , , 
13319, ,0.09884959046625587,3.872038781812557e-08,None,None,None,None, , , , 
13320, ,0.09884959046625587,4.1504047578504727e-08,None,None,None,None, , , , 
13321, ,0.09884959046625587,4.448782831127585e-08,None,None,None,None, , , , 
13322, ,0.09884959046625587,4.768611697714474e-08,None,None,None,None, , , , 
13323, ,0.09884959046625587,5.111433483440165e-08,None,None,None,None, , , , 
13324, ,0.09884959046625587,5.478901179593934e-08,None,None,None,None, , , , 
13325, ,0.09884959046625587,5.872786613189478e-08,None,None,None,None, , , , 
13326, ,0.09884959046625587,6.294988990221888e-08,None,None,None,None, , , , 
13327, ,0.09884959046625587,6.747544053110687e-08,None,None,None,None, , , , 
13328, ,0.09884959046625587,7.232633896483534e-08,None,None,None,None, , , , 
13329, ,0.09884959046625587,7.752597488629465e-08,None,None,None,None, , , , 
13330, ,0.09884959046625587,8.309941949353386e-08,None,None,None,None, , , , 
13331, ,0.09884959046625587,8.907354638610439e-08,None,None,None,None, , , , 
13332, ,0.09884959046625587,9.547716114208066e-08,None,None,None,None, , , , 
13333, ,0.09884959046625587,1.0234114021054528e-07,None,None,None,None, , , , 
13334, ,0.09884959046625587,1.0969857978923841e-07,None,None,None,None, , , , 
13335, ,0.09884959046625587,1.1758495540521555e-07,None,None,None,None, , , , 
13336, ,0.09884959046625587,1.2603829296797277e-07,None,None,None,None, , , , 
13337, ,0.09884959046625587,1.350993521198025e-07,None,None,None,None, , , , 
13338, ,0.09884959046625587,1.4481182276745328e-07,None,None,None,None, , , , 
13339, ,0.09884959046625587,1.552225357427048e-07,None,None,None,None, , , , 
13340, ,0.09884959046625587,1.6638168860761273e-07,None,None,None,None, , , , 
13341, ,0.09884959046625587,1.7834308769319093e-07,None,None,None,None, , , , 
13342, ,0.09884959046625587,1.9116440753857e-07,None,None,None,None, , , , 
13343, ,0.09884959046625587,2.049074689815846e-07,None,None,None,None, , , , 
13344, ,0.09884959046625587,2.1963853724165468e-07,None,None,None,None, , , , 
13345, ,0.09884959046625587,2.3542864143224158e-07,None,None,None,None, , , , 
13346, ,0.09884959046625587,2.523539170434766e-07,None,None,None,None, , , , 
13347, ,0.09884959046625587,2.7049597304631316e-07,None,None,None,None, , , , 
13348, ,0.09884959046625587,2.899422853882875e-07,None,None,None,None, , , , 
13349, ,0.09884959046625587,3.107866187782014e-07,None,None,None,None, , , , 
13350, ,0.09884959046625587,3.33129478793467e-07,None,None,None,None, , , , 
13351, ,0.09884959046625587,3.5707859649004626e-07,None,None,None,None, , , , 
13352, ,0.09884959046625587,3.827494478516307e-07,None,None,None,None, , , , 
13353, ,0.09884959046625587,4.1026581058271904e-07,None,None,None,None, , , , 
13354, ,0.09884959046625587,4.397603609302722e-07,None,None,None,None, , , , 
13355, ,0.09884959046625587,4.7137531341167185e-07,None,None,None,None, , , , 
13356, ,0.09884959046625587,5.052631065335679e-07,None,None,None,None, , , , 
13357, ,0.09884959046625587,5.415871378079465e-07,None,None,None,None, , , , 
13358, ,0.09884959046625587,5.805225516094896e-07,None,None,None,None, , , , 
13359, ,0.09884959046625587,6.222570836730232e-07,None,None,None,None, , , , 
13360, ,0.09884959046625587,6.669919663030115e-07,None,None,None,None, , , , 
13361, ,0.09884959046625587,7.149428986597576e-07,None,None,None,None, , , , 
13362, ,0.09884959046625587,7.663410868007445e-07,None,None,None,None, , , , 
13363, ,0.09884959046625587,8.214343584919422e-07,None,None,None,None, , , , 
13364, ,0.09884959046625587,8.804883581643463e-07,None,None,None,None, , , , 
13365, ,0.09884959046625587,9.437878277775371e-07,None,None,None,None, , , , 
13366, ,0.09884959046625587,1.0116379797662072e-06,None,None,None,None, , , , 
13367, ,0.09884959046625587,1.0843659686896086e-06,None,None,None,None, , , , 
13368, ,0.09884959046625587,1.1623224686798522e-06,None,None,None,None, , , , 
13369, ,0.09884959046625587,1.2458833642950078e-06,None,None,None,None, , , , 
13370, ,0.09884959046625587,1.3354515629298971e-06,None,None,None,None, , , , 
13371, ,0.09884959046625587,1.4314589375234786e-06,None,None,None,None, , , , 
13372, ,0.09884959046625587,1.53436840893001e-06,None,None,None,None, , , , 
13373, ,0.09884959046625587,1.6446761779946631e-06,None,None,None,None, , , , 
13374, ,0.09884959046625587,1.762914118095948e-06,None,None,None,None, , , , 
13375, ,0.09884959046625587,1.8896523396912082e-06,None,None,None,None, , , , 
13376, ,0.09884959046625587,2.0255019392306664e-06,None,None,None,None, , , , 
13377, ,0.09884959046625587,2.171117945694501e-06,None,None,None,None, , , , 
13378, ,0.09884959046625587,2.327202478960408e-06,None,None,None,None, , , , 
13379, ,0.09884959046625587,2.494508135230317e-06,None,None,None,None, , , , 
13380, ,0.09884959046625587,2.673841615839944e-06,None,None,None,None, , , , 
13381, ,0.09884959046625587,2.8660676169482507e-06,None,None,None,None, , , , 
13382, ,0.09884959046625587,3.0721129988617524e-06,None,None,None,None, , , , 
13383, ,0.09884959046625587,3.292971255097148e-06,None,None,None,None, , , , 
13384, ,0.09884959046625587,3.5297073027306505e-06,None,None,None,None, , , , 
13385, ,0.09884959046625587,3.783462617131925e-06,None,None,None,None, , , , 
13386, ,0.09884959046625587,4.0554607358408275e-06,None,None,None,None, , , , 
13387, ,0.09884959046625587,4.3470131581250175e-06,None,None,None,None, , , , 
13388, ,0.09884959046625587,4.6595256686646765e-06,None,None,None,None, , , , 
13389, ,0.09884959046625587,4.99450511585514e-06,None,None,None,None, , , , 
13390, ,0.09884959046625587,5.353566677410719e-06,None,None,None,None, , , , 
13391, ,0.09884959046625587,5.738441648302393e-06,None,None,None,None, , , , 
13392, ,0.09884959046625587,6.150985788580505e-06,None,None,None,None, , , , 
13393, ,0.09884959046625587,6.593188271333541e-06,None,None,None,None, , , , 
13394, ,0.09884959046625587,7.067181273927492e-06,None,None,None,None, , , , 
13395, ,0.09884959046625587,7.575250258771904e-06,None,None,None,None, , , , 
13396, ,0.09884959046625587,8.119844993184007e-06,None,None,None,None, , , , 
13397, ,0.09884959046625587,8.703591361485167e-06,None,None,None,None, , , , 
13398, ,0.09884959046625587,9.329304026284676e-06,None,None,None,None, , , , 
13399, ,0.09884959046625587,1e-05,None,None,None,None, , , , 
13400, ,0.10234114021054533,1e-11,None,None,None,None, , , , 
13401, ,0.10234114021054533,1.0718913192051263e-11,None,None,None,None, , , , 
13402, ,0.10234114021054533,1.1489510001873107e-11,None,None,None,None, , , , 
13403, ,0.10234114021054533,1.2315506032928262e-11,None,None,None,None, , , , 
13404, ,0.10234114021054533,1.3200884008314167e-11,None,None,None,None, , , , 
13405, ,0.10234114021054533,1.4149912974345786e-11,None,None,None,None, , , , 
13406, ,0.10234114021054533,1.5167168884709242e-11,None,None,None,None, , , , 
13407, ,0.10234114021054533,1.6257556664437934e-11,None,None,None,None, , , , 
13408, ,0.10234114021054533,1.7426333860096473e-11,None,None,None,None, , , , 
13409, ,0.10234114021054533,1.8679135990207848e-11,None,None,None,None, , , , 
13410, ,0.10234114021054533,2.0022003718155844e-11,None,None,None,None, , , , 
13411, ,0.10234114021054533,2.1461411978584013e-11,None,None,None,None, , , , 
13412, ,0.10234114021054533,2.300430119772921e-11,None,None,None,None, , , , 
13413, ,0.10234114021054533,2.465811075822604e-11,None,None,None,None, , , , 
13414, ,0.10234114021054533,2.643081486974103e-11,None,None,None,None, , , , 
13415, ,0.10234114021054533,2.8330961018393178e-11,None,None,None,None, , , , 
13416, ,0.10234114021054533,3.036771118035461e-11,None,None,None,None, , , , 
13417, ,0.10234114021054533,3.255088599835057e-11,None,None,None,None, , , , 
13418, ,0.10234114021054533,3.4891012134067674e-11,None,None,None,None, , , , 
13419, ,0.10234114021054533,3.739937302478801e-11,None,None,None,None, , , , 
13420, ,0.10234114021054533,4.0088063288984646e-11,None,None,None,None, , , , 
13421, ,0.10234114021054533,4.297004704320835e-11,None,None,None,None, , , , 
13422, ,0.10234114021054533,4.605922041145113e-11,None,None,None,None, , , , 
13423, ,0.10234114021054533,4.937047852839004e-11,None,None,None,None, , , , 
13424, ,0.10234114021054533,5.2919787359584366e-11,None,None,None,None, , , , 
13425, ,0.10234114021054533,5.672426068491989e-11,None,None,None,None, , , , 
13426, ,0.10234114021054533,6.080224261649427e-11,None,None,None,None, , , , 
13427, ,0.10234114021054533,6.517339604882421e-11,None,None,None,None, , , , 
13428, ,0.10234114021054533,6.985879746785235e-11,None,None,None,None, , , , 
13429, ,0.10234114021054533,7.48810385759003e-11,None,None,None,None, , , , 
13430, ,0.10234114021054533,8.026433522257174e-11,None,None,None,None, , , , 
13431, ,0.10234114021054533,8.603464416684492e-11,None,None,None,None, , , , 
13432, ,0.10234114021054533,9.221978823334341e-11,None,None,None,None, , , , 
13433, ,0.10234114021054533,9.884959046625586e-11,None,None,None,None, , , , 
13434, ,0.10234114021054533,1.0595601792776149e-10,None,None,None,None, , , , 
13435, ,0.10234114021054533,1.1357333583431027e-10,None,None,None,None, , , , 
13436, ,0.10234114021054533,1.217382727739662e-10,None,None,None,None, , , , 
13437, ,0.10234114021054533,1.3049019780144016e-10,None,None,None,None, , , , 
13438, ,0.10234114021054533,1.398713102647236e-10,None,None,None,None, , , , 
13439, ,0.10234114021054533,1.4992684327860468e-10,None,None,None,None, , , , 
13440, ,0.10234114021054533,1.6070528182616384e-10,None,None,None,None, , , , 
13441, ,0.10234114021054533,1.722585965398784e-10,None,None,None,None, , , , 
13442, ,0.10234114021054533,1.8464249428955463e-10,None,None,None,None, , , , 
13443, ,0.10234114021054533,1.9791668678535569e-10,None,None,None,None, , , , 
13444, ,0.10234114021054533,2.121451784910628e-10,None,None,None,None, , , , 
13445, ,0.10234114021054533,2.273965752357932e-10,None,None,None,None, , , , 
13446, ,0.10234114021054533,2.4374441501222216e-10,None,None,None,None, , , , 
13447, ,0.10234114021054533,2.6126752255633265e-10,None,None,None,None, , , , 
13448, ,0.10234114021054533,2.8005038941836253e-10,None,None,None,None, , , , 
13449, ,0.10234114021054533,3.0018358135755917e-10,None,None,None,None, , , , 
13450, ,0.10234114021054533,3.2176417502507347e-10,None,None,None,None, , , , 
13451, ,0.10234114021054533,3.4489622604057533e-10,None,None,None,None, , , , 
13452, ,0.10234114021054533,3.696912707195032e-10,None,None,None,None, , , , 
13453, ,0.10234114021054533,3.9626886387014783e-10,None,None,None,None, , , , 
13454, ,0.10234114021054533,4.2475715525368935e-10,None,None,None,None, , , , 
13455, ,0.10234114021054533,4.552935074866938e-10,None,None,None,None, , , , 
13456, ,0.10234114021054533,4.880251583654433e-10,None,None,None,None, , , , 
13457, ,0.10234114021054533,5.231099308056258e-10,None,None,None,None, , , , 
13458, ,0.10234114021054533,5.60716993820547e-10,None,None,None,None, , , , 
13459, ,0.10234114021054533,6.010276782070387e-10,None,None,None,None, , , , 
13460, ,0.10234114021054533,6.442363508721371e-10,None,None,None,None, , , , 
13461, ,0.10234114021054533,6.905513520162316e-10,None,None,None,None, , , , 
13462, ,0.10234114021054533,7.401959996915653e-10,None,None,None,None, , , , 
13463, ,0.10234114021054533,7.934096665797492e-10,None,None,None,None, , , , 
13464, ,0.10234114021054533,8.504489341802668e-10,None,None,None,None, , , , 
13465, ,0.10234114021054533,9.115888299750837e-10,None,None,None,None, , , , 
13466, ,0.10234114021054533,9.771241535346502e-10,None,None,None,None, , , , 
13467, ,0.10234114021054533,1.0473708979594486e-09,None,None,None,None, , , , 
13468, ,0.10234114021054533,1.1226677735108114e-09,None,None,None,None, , , , 
13469, ,0.10234114021054533,1.2033778407775904e-09,None,None,None,None, , , , 
13470, ,0.10234114021054533,1.289890261253308e-09,None,None,None,None, , , , 
13471, ,0.10234114021054533,1.3826221737646535e-09,None,None,None,None, , , , 
13472, ,0.10234114021054533,1.4820207057988602e-09,None,None,None,None, , , , 
13473, ,0.10234114021054533,1.5885651294280526e-09,None,None,None,None, , , , 
13474, ,0.10234114021054533,1.702769172225898e-09,None,None,None,None, , , , 
13475, ,0.10234114021054533,1.825183494319039e-09,None,None,None,None, , , , 
13476, ,0.10234114021054533,1.956398343517065e-09,None,None,None,None, , , , 
13477, ,0.10234114021054533,2.0970464013232305e-09,None,None,None,None, , , , 
13478, ,0.10234114021054533,2.2478058335487307e-09,None,None,None,None, , , , 
13479, ,0.10234114021054533,2.409403560239527e-09,None,None,None,None, , , , 
13480, ,0.10234114021054533,2.582618760682675e-09,None,None,None,None, , , , 
13481, ,0.10234114021054533,2.768286630392061e-09,None,None,None,None, , , , 
13482, ,0.10234114021054533,2.9673024081888724e-09,None,None,None,None, , , , 
13483, ,0.10234114021054533,3.180625692794119e-09,None,None,None,None, , , , 
13484, ,0.10234114021054533,3.409285069746807e-09,None,None,None,None, , , , 
13485, ,0.10234114021054533,3.654383070957262e-09,None,None,None,None, , , , 
13486, ,0.10234114021054533,3.917101490809261e-09,None,None,None,None, , , , 
13487, ,0.10234114021054533,4.198707084443906e-09,None,None,None,None, , , , 
13488, ,0.10234114021054533,4.500557675700488e-09,None,None,None,None, , , , 
13489, ,0.10234114021054533,4.824108704165374e-09,None,None,None,None, , , , 
13490, ,0.10234114021054533,5.170920242896755e-09,None,None,None,None, , , , 
13491, ,0.10234114021054533,5.542664520663096e-09,None,None,None,None, , , , 
13492, ,0.10234114021054533,5.941133984965041e-09,None,None,None,None, , , , 
13493, ,0.10234114021054533,6.3682499447185856e-09,None,None,None,None, , , , 
13494, ,0.10234114021054533,6.826071834272379e-09,None,None,None,None, , , , 
13495, ,0.10234114021054533,7.316807143427175e-09,None,None,None,None, , , , 
13496, ,0.10234114021054533,7.842822061337681e-09,None,None,None,None, , , , 
13497, ,0.10234114021054533,8.406652885618316e-09,None,None,None,None, , , , 
13498, ,0.10234114021054533,9.011018251665036e-09,None,None,None,None, , , , 
13499, ,0.10234114021054533,9.658832241158707e-09,None,None,None,None, , , , 
13500, ,0.10234114021054533,1.0353218432956616e-08,None,None,None,None, , , , 
13501, ,0.10234114021054533,1.1097524964120722e-08,None,None,None,None, , , , 
13502, ,0.10234114021054533,1.1895340673703208e-08,None,None,None,None, , , , 
13503, ,0.10234114021054533,1.2750512407130128e-08,None,None,None,None, , , , 
13504, ,0.10234114021054533,1.3667163564620044e-08,None,None,None,None, , , , 
13505, ,0.10234114021054533,1.4649713983072853e-08,None,None,None,None, , , , 
13506, ,0.10234114021054533,1.5702901247293774e-08,None,None,None,None, , , , 
13507, ,0.10234114021054533,1.683180353330955e-08,None,None,None,None, , , , 
13508, ,0.10234114021054533,1.8041864093920717e-08,None,None,None,None, , , , 
13509, ,0.10234114021054533,1.933891750455232e-08,None,None,None,None, , , , 
13510, ,0.10234114021054533,2.0729217795953697e-08,None,None,None,None, , , , 
13511, ,0.10234114021054533,2.221946860939524e-08,None,None,None,None, , , , 
13512, ,0.10234114021054533,2.3816855519761606e-08,None,None,None,None, , , , 
13513, ,0.10234114021054533,2.552908068239516e-08,None,None,None,None, , , , 
13514, ,0.10234114021054533,2.7364399970746666e-08,None,None,None,None, , , , 
13515, ,0.10234114021054533,2.933166278390042e-08,None,None,None,None, , , , 
13516, ,0.10234114021054533,3.1440354715915e-08,None,None,None,None, , , , 
13517, ,0.10234114021054533,3.370064329271925e-08,None,None,None,None, , , , 
13518, ,0.10234114021054533,3.612342699709431e-08,None,None,None,None, , , , 
13519, ,0.10234114021054533,3.872038781812557e-08,None,None,None,None, , , , 
13520, ,0.10234114021054533,4.1504047578504727e-08,None,None,None,None, , , , 
13521, ,0.10234114021054533,4.448782831127585e-08,None,None,None,None, , , , 
13522, ,0.10234114021054533,4.768611697714474e-08,None,None,None,None, , , , 
13523, ,0.10234114021054533,5.111433483440165e-08,None,None,None,None, , , , 
13524, ,0.10234114021054533,5.478901179593934e-08,None,None,None,None, , , , 
13525, ,0.10234114021054533,5.872786613189478e-08,None,None,None,None, , , , 
13526, ,0.10234114021054533,6.294988990221888e-08,None,None,None,None, , , , 
13527, ,0.10234114021054533,6.747544053110687e-08,None,None,None,None, , , , 
13528, ,0.10234114021054533,7.232633896483534e-08,None,None,None,None, , , , 
13529, ,0.10234114021054533,7.752597488629465e-08,None,None,None,None, , , , 
13530, ,0.10234114021054533,8.309941949353386e-08,None,None,None,None, , , , 
13531, ,0.10234114021054533,8.907354638610439e-08,None,None,None,None, , , , 
13532, ,0.10234114021054533,9.547716114208066e-08,None,None,None,None, , , , 
13533, ,0.10234114021054533,1.0234114021054528e-07,None,None,None,None, , , , 
13534, ,0.10234114021054533,1.0969857978923841e-07,None,None,None,None, , , , 
13535, ,0.10234114021054533,1.1758495540521555e-07,None,None,None,None, , , , 
13536, ,0.10234114021054533,1.2603829296797277e-07,None,None,None,None, , , , 
13537, ,0.10234114021054533,1.350993521198025e-07,None,None,None,None, , , , 
13538, ,0.10234114021054533,1.4481182276745328e-07,None,None,None,None, , , , 
13539, ,0.10234114021054533,1.552225357427048e-07,None,None,None,None, , , , 
13540, ,0.10234114021054533,1.6638168860761273e-07,None,None,None,None, , , , 
13541, ,0.10234114021054533,1.7834308769319093e-07,None,None,None,None, , , , 
13542, ,0.10234114021054533,1.9116440753857e-07,None,None,None,None, , , , 
13543, ,0.10234114021054533,2.049074689815846e-07,None,None,None,None, , , , 
13544, ,0.10234114021054533,2.1963853724165468e-07,None,None,None,None, , , , 
13545, ,0.10234114021054533,2.3542864143224158e-07,None,None,None,None, , , , 
13546, ,0.10234114021054533,2.523539170434766e-07,None,None,None,None, , , , 
13547, ,0.10234114021054533,2.7049597304631316e-07,None,None,None,None, , , , 
13548, ,0.10234114021054533,2.899422853882875e-07,None,None,None,None, , , , 
13549, ,0.10234114021054533,3.107866187782014e-07,None,None,None,None, , , , 
13550, ,0.10234114021054533,3.33129478793467e-07,None,None,None,None, , , , 
13551, ,0.10234114021054533,3.5707859649004626e-07,None,None,None,None, , , , 
13552, ,0.10234114021054533,3.827494478516307e-07,None,None,None,None, , , , 
13553, ,0.10234114021054533,4.1026581058271904e-07,None,None,None,None, , , , 
13554, ,0.10234114021054533,4.397603609302722e-07,None,None,None,None, , , , 
13555, ,0.10234114021054533,4.7137531341167185e-07,None,None,None,None, , , , 
13556, ,0.10234114021054533,5.052631065335679e-07,None,None,None,None, , , , 
13557, ,0.10234114021054533,5.415871378079465e-07,None,None,None,None, , , , 
13558, ,0.10234114021054533,5.805225516094896e-07,None,None,None,None, , , , 
13559, ,0.10234114021054533,6.222570836730232e-07,None,None,None,None, , , , 
13560, ,0.10234114021054533,6.669919663030115e-07,None,None,None,None, , , , 
13561, ,0.10234114021054533,7.149428986597576e-07,None,None,None,None, , , , 
13562, ,0.10234114021054533,7.663410868007445e-07,None,None,None,None, , , , 
13563, ,0.10234114021054533,8.214343584919422e-07,None,None,None,None, , , , 
13564, ,0.10234114021054533,8.804883581643463e-07,None,None,None,None, , , , 
13565, ,0.10234114021054533,9.437878277775371e-07,None,None,None,None, , , , 
13566, ,0.10234114021054533,1.0116379797662072e-06,None,None,None,None, , , , 
13567, ,0.10234114021054533,1.0843659686896086e-06,None,None,None,None, , , , 
13568, ,0.10234114021054533,1.1623224686798522e-06,None,None,None,None, , , , 
13569, ,0.10234114021054533,1.2458833642950078e-06,None,None,None,None, , , , 
13570, ,0.10234114021054533,1.3354515629298971e-06,None,None,None,None, , , , 
13571, ,0.10234114021054533,1.4314589375234786e-06,None,None,None,None, , , , 
13572, ,0.10234114021054533,1.53436840893001e-06,None,None,None,None, , , , 
13573, ,0.10234114021054533,1.6446761779946631e-06,None,None,None,None, , , , 
13574, ,0.10234114021054533,1.762914118095948e-06,None,None,None,None, , , , 
13575, ,0.10234114021054533,1.8896523396912082e-06,None,None,None,None, , , , 
13576, ,0.10234114021054533,2.0255019392306664e-06,None,None,None,None, , , , 
13577, ,0.10234114021054533,2.171117945694501e-06,None,None,None,None, , , , 
13578, ,0.10234114021054533,2.327202478960408e-06,None,None,None,None, , , , 
13579, ,0.10234114021054533,2.494508135230317e-06,None,None,None,None, , , , 
13580, ,0.10234114021054533,2.673841615839944e-06,None,None,None,None, , , , 
13581, ,0.10234114021054533,2.8660676169482507e-06,None,None,None,None, , , , 
13582, ,0.10234114021054533,3.0721129988617524e-06,None,None,None,None, , , , 
13583, ,0.10234114021054533,3.292971255097148e-06,None,None,None,None, , , , 
13584, ,0.10234114021054533,3.5297073027306505e-06,None,None,None,None, , , , 
13585, ,0.10234114021054533,3.783462617131925e-06,None,None,None,None, , , , 
13586, ,0.10234114021054533,4.0554607358408275e-06,None,None,None,None, , , , 
13587, ,0.10234114021054533,4.3470131581250175e-06,None,None,None,None, , , , 
13588, ,0.10234114021054533,4.6595256686646765e-06,None,None,None,None, , , , 
13589, ,0.10234114021054533,4.99450511585514e-06,None,None,None,None, , , , 
13590, ,0.10234114021054533,5.353566677410719e-06,None,None,None,None, , , , 
13591, ,0.10234114021054533,5.738441648302393e-06,None,None,None,None, , , , 
13592, ,0.10234114021054533,6.150985788580505e-06,None,None,None,None, , , , 
13593, ,0.10234114021054533,6.593188271333541e-06,None,None,None,None, , , , 
13594, ,0.10234114021054533,7.067181273927492e-06,None,None,None,None, , , , 
13595, ,0.10234114021054533,7.575250258771904e-06,None,None,None,None, , , , 
13596, ,0.10234114021054533,8.119844993184007e-06,None,None,None,None, , , , 
13597, ,0.10234114021054533,8.703591361485167e-06,None,None,None,None, , , , 
13598, ,0.10234114021054533,9.329304026284676e-06,None,None,None,None, , , , 
13599, ,0.10234114021054533,1e-05,None,None,None,None, , , , 
13600, ,0.1059560179277616,1e-11,None,None,None,None, , , , 
13601, ,0.1059560179277616,1.0718913192051263e-11,None,None,None,None, , , , 
13602, ,0.1059560179277616,1.1489510001873107e-11,None,None,None,None, , , , 
13603, ,0.1059560179277616,1.2315506032928262e-11,None,None,None,None, , , , 
13604, ,0.1059560179277616,1.3200884008314167e-11,None,None,None,None, , , , 
13605, ,0.1059560179277616,1.4149912974345786e-11,None,None,None,None, , , , 
13606, ,0.1059560179277616,1.5167168884709242e-11,None,None,None,None, , , , 
13607, ,0.1059560179277616,1.6257556664437934e-11,None,None,None,None, , , , 
13608, ,0.1059560179277616,1.7426333860096473e-11,None,None,None,None, , , , 
13609, ,0.1059560179277616,1.8679135990207848e-11,None,None,None,None, , , , 
13610, ,0.1059560179277616,2.0022003718155844e-11,None,None,None,None, , , , 
13611, ,0.1059560179277616,2.1461411978584013e-11,None,None,None,None, , , , 
13612, ,0.1059560179277616,2.300430119772921e-11,None,None,None,None, , , , 
13613, ,0.1059560179277616,2.465811075822604e-11,None,None,None,None, , , , 
13614, ,0.1059560179277616,2.643081486974103e-11,None,None,None,None, , , , 
13615, ,0.1059560179277616,2.8330961018393178e-11,None,None,None,None, , , , 
13616, ,0.1059560179277616,3.036771118035461e-11,None,None,None,None, , , , 
13617, ,0.1059560179277616,3.255088599835057e-11,None,None,None,None, , , , 
13618, ,0.1059560179277616,3.4891012134067674e-11,None,None,None,None, , , , 
13619, ,0.1059560179277616,3.739937302478801e-11,None,None,None,None, , , , 
13620, ,0.1059560179277616,4.0088063288984646e-11,None,None,None,None, , , , 
13621, ,0.1059560179277616,4.297004704320835e-11,None,None,None,None, , , , 
13622, ,0.1059560179277616,4.605922041145113e-11,None,None,None,None, , , , 
13623, ,0.1059560179277616,4.937047852839004e-11,None,None,None,None, , , , 
13624, ,0.1059560179277616,5.2919787359584366e-11,None,None,None,None, , , , 
13625, ,0.1059560179277616,5.672426068491989e-11,None,None,None,None, , , , 
13626, ,0.1059560179277616,6.080224261649427e-11,None,None,None,None, , , , 
13627, ,0.1059560179277616,6.517339604882421e-11,None,None,None,None, , , , 
13628, ,0.1059560179277616,6.985879746785235e-11,None,None,None,None, , , , 
13629, ,0.1059560179277616,7.48810385759003e-11,None,None,None,None, , , , 
13630, ,0.1059560179277616,8.026433522257174e-11,None,None,None,None, , , , 
13631, ,0.1059560179277616,8.603464416684492e-11,None,None,None,None, , , , 
13632, ,0.1059560179277616,9.221978823334341e-11,None,None,None,None, , , , 
13633, ,0.1059560179277616,9.884959046625586e-11,None,None,None,None, , , , 
13634, ,0.1059560179277616,1.0595601792776149e-10,None,None,None,None, , , , 
13635, ,0.1059560179277616,1.1357333583431027e-10,None,None,None,None, , , , 
13636, ,0.1059560179277616,1.217382727739662e-10,None,None,None,None, , , , 
13637, ,0.1059560179277616,1.3049019780144016e-10,None,None,None,None, , , , 
13638, ,0.1059560179277616,1.398713102647236e-10,None,None,None,None, , , , 
13639, ,0.1059560179277616,1.4992684327860468e-10,None,None,None,None, , , , 
13640, ,0.1059560179277616,1.6070528182616384e-10,None,None,None,None, , , , 
13641, ,0.1059560179277616,1.722585965398784e-10,None,None,None,None, , , , 
13642, ,0.1059560179277616,1.8464249428955463e-10,None,None,None,None, , , , 
13643, ,0.1059560179277616,1.9791668678535569e-10,None,None,None,None, , , , 
13644, ,0.1059560179277616,2.121451784910628e-10,None,None,None,None, , , , 
13645, ,0.1059560179277616,2.273965752357932e-10,None,None,None,None, , , , 
13646, ,0.1059560179277616,2.4374441501222216e-10,None,None,None,None, , , , 
13647, ,0.1059560179277616,2.6126752255633265e-10,None,None,None,None, , , , 
13648, ,0.1059560179277616,2.8005038941836253e-10,None,None,None,None, , , , 
13649, ,0.1059560179277616,3.0018358135755917e-10,None,None,None,None, , , , 
13650, ,0.1059560179277616,3.2176417502507347e-10,None,None,None,None, , , , 
13651, ,0.1059560179277616,3.4489622604057533e-10,None,None,None,None, , , , 
13652, ,0.1059560179277616,3.696912707195032e-10,None,None,None,None, , , , 
13653, ,0.1059560179277616,3.9626886387014783e-10,None,None,None,None, , , , 
13654, ,0.1059560179277616,4.2475715525368935e-10,None,None,None,None, , , , 
13655, ,0.1059560179277616,4.552935074866938e-10,None,None,None,None, , , , 
13656, ,0.1059560179277616,4.880251583654433e-10,None,None,None,None, , , , 
13657, ,0.1059560179277616,5.231099308056258e-10,None,None,None,None, , , , 
13658, ,0.1059560179277616,5.60716993820547e-10,None,None,None,None, , , , 
13659, ,0.1059560179277616,6.010276782070387e-10,None,None,None,None, , , , 
13660, ,0.1059560179277616,6.442363508721371e-10,None,None,None,None, , , , 
13661, ,0.1059560179277616,6.905513520162316e-10,None,None,None,None, , , , 
13662, ,0.1059560179277616,7.401959996915653e-10,None,None,None,None, , , , 
13663, ,0.1059560179277616,7.934096665797492e-10,None,None,None,None, , , , 
13664, ,0.1059560179277616,8.504489341802668e-10,None,None,None,None, , , , 
13665, ,0.1059560179277616,9.115888299750837e-10,None,None,None,None, , , , 
13666, ,0.1059560179277616,9.771241535346502e-10,None,None,None,None, , , , 
13667, ,0.1059560179277616,1.0473708979594486e-09,None,None,None,None, , , , 
13668, ,0.1059560179277616,1.1226677735108114e-09,None,None,None,None, , , , 
13669, ,0.1059560179277616,1.2033778407775904e-09,None,None,None,None, , , , 
13670, ,0.1059560179277616,1.289890261253308e-09,None,None,None,None, , , , 
13671, ,0.1059560179277616,1.3826221737646535e-09,None,None,None,None, , , , 
13672, ,0.1059560179277616,1.4820207057988602e-09,None,None,None,None, , , , 
13673, ,0.1059560179277616,1.5885651294280526e-09,None,None,None,None, , , , 
13674, ,0.1059560179277616,1.702769172225898e-09,None,None,None,None, , , , 
13675, ,0.1059560179277616,1.825183494319039e-09,None,None,None,None, , , , 
13676, ,0.1059560179277616,1.956398343517065e-09,None,None,None,None, , , , 
13677, ,0.1059560179277616,2.0970464013232305e-09,None,None,None,None, , , , 
13678, ,0.1059560179277616,2.2478058335487307e-09,None,None,None,None, , , , 
13679, ,0.1059560179277616,2.409403560239527e-09,None,None,None,None, , , , 
13680, ,0.1059560179277616,2.582618760682675e-09,None,None,None,None, , , , 
13681, ,0.1059560179277616,2.768286630392061e-09,None,None,None,None, , , , 
13682, ,0.1059560179277616,2.9673024081888724e-09,None,None,None,None, , , , 
13683, ,0.1059560179277616,3.180625692794119e-09,None,None,None,None, , , , 
13684, ,0.1059560179277616,3.409285069746807e-09,None,None,None,None, , , , 
13685, ,0.1059560179277616,3.654383070957262e-09,None,None,None,None, , , , 
13686, ,0.1059560179277616,3.917101490809261e-09,None,None,None,None, , , , 
13687, ,0.1059560179277616,4.198707084443906e-09,None,None,None,None, , , , 
13688, ,0.1059560179277616,4.500557675700488e-09,None,None,None,None, , , , 
13689, ,0.1059560179277616,4.824108704165374e-09,None,None,None,None, , , , 
13690, ,0.1059560179277616,5.170920242896755e-09,None,None,None,None, , , , 
13691, ,0.1059560179277616,5.542664520663096e-09,None,None,None,None, , , , 
13692, ,0.1059560179277616,5.941133984965041e-09,None,None,None,None, , , , 
13693, ,0.1059560179277616,6.3682499447185856e-09,None,None,None,None, , , , 
13694, ,0.1059560179277616,6.826071834272379e-09,None,None,None,None, , , , 
13695, ,0.1059560179277616,7.316807143427175e-09,None,None,None,None, , , , 
13696, ,0.1059560179277616,7.842822061337681e-09,None,None,None,None, , , , 
13697, ,0.1059560179277616,8.406652885618316e-09,None,None,None,None, , , , 
13698, ,0.1059560179277616,9.011018251665036e-09,None,None,None,None, , , , 
13699, ,0.1059560179277616,9.658832241158707e-09,None,None,None,None, , , , 
13700, ,0.1059560179277616,1.0353218432956616e-08,None,None,None,None, , , , 
13701, ,0.1059560179277616,1.1097524964120722e-08,None,None,None,None, , , , 
13702, ,0.1059560179277616,1.1895340673703208e-08,None,None,None,None, , , , 
13703, ,0.1059560179277616,1.2750512407130128e-08,None,None,None,None, , , , 
13704, ,0.1059560179277616,1.3667163564620044e-08,None,None,None,None, , , , 
13705, ,0.1059560179277616,1.4649713983072853e-08,None,None,None,None, , , , 
13706, ,0.1059560179277616,1.5702901247293774e-08,None,None,None,None, , , , 
13707, ,0.1059560179277616,1.683180353330955e-08,None,None,None,None, , , , 
13708, ,0.1059560179277616,1.8041864093920717e-08,None,None,None,None, , , , 
13709, ,0.1059560179277616,1.933891750455232e-08,None,None,None,None, , , , 
13710, ,0.1059560179277616,2.0729217795953697e-08,None,None,None,None, , , , 
13711, ,0.1059560179277616,2.221946860939524e-08,None,None,None,None, , , , 
13712, ,0.1059560179277616,2.3816855519761606e-08,None,None,None,None, , , , 
13713, ,0.1059560179277616,2.552908068239516e-08,None,None,None,None, , , , 
13714, ,0.1059560179277616,2.7364399970746666e-08,None,None,None,None, , , , 
13715, ,0.1059560179277616,2.933166278390042e-08,None,None,None,None, , , , 
13716, ,0.1059560179277616,3.1440354715915e-08,None,None,None,None, , , , 
13717, ,0.1059560179277616,3.370064329271925e-08,None,None,None,None, , , , 
13718, ,0.1059560179277616,3.612342699709431e-08,None,None,None,None, , , , 
13719, ,0.1059560179277616,3.872038781812557e-08,None,None,None,None, , , , 
13720, ,0.1059560179277616,4.1504047578504727e-08,None,None,None,None, , , , 
13721, ,0.1059560179277616,4.448782831127585e-08,None,None,None,None, , , , 
13722, ,0.1059560179277616,4.768611697714474e-08,None,None,None,None, , , , 
13723, ,0.1059560179277616,5.111433483440165e-08,None,None,None,None, , , , 
13724, ,0.1059560179277616,5.478901179593934e-08,None,None,None,None, , , , 
13725, ,0.1059560179277616,5.872786613189478e-08,None,None,None,None, , , , 
13726, ,0.1059560179277616,6.294988990221888e-08,None,None,None,None, , , , 
13727, ,0.1059560179277616,6.747544053110687e-08,None,None,None,None, , , , 
13728, ,0.1059560179277616,7.232633896483534e-08,None,None,None,None, , , , 
13729, ,0.1059560179277616,7.752597488629465e-08,None,None,None,None, , , , 
13730, ,0.1059560179277616,8.309941949353386e-08,None,None,None,None, , , , 
13731, ,0.1059560179277616,8.907354638610439e-08,None,None,None,None, , , , 
13732, ,0.1059560179277616,9.547716114208066e-08,None,None,None,None, , , , 
13733, ,0.1059560179277616,1.0234114021054528e-07,None,None,None,None, , , , 
13734, ,0.1059560179277616,1.0969857978923841e-07,None,None,None,None, , , , 
13735, ,0.1059560179277616,1.1758495540521555e-07,None,None,None,None, , , , 
13736, ,0.1059560179277616,1.2603829296797277e-07,None,None,None,None, , , , 
13737, ,0.1059560179277616,1.350993521198025e-07,None,None,None,None, , , , 
13738, ,0.1059560179277616,1.4481182276745328e-07,None,None,None,None, , , , 
13739, ,0.1059560179277616,1.552225357427048e-07,None,None,None,None, , , , 
13740, ,0.1059560179277616,1.6638168860761273e-07,None,None,None,None, , , , 
13741, ,0.1059560179277616,1.7834308769319093e-07,None,None,None,None, , , , 
13742, ,0.1059560179277616,1.9116440753857e-07,None,None,None,None, , , , 
13743, ,0.1059560179277616,2.049074689815846e-07,None,None,None,None, , , , 
13744, ,0.1059560179277616,2.1963853724165468e-07,None,None,None,None, , , , 
13745, ,0.1059560179277616,2.3542864143224158e-07,None,None,None,None, , , , 
13746, ,0.1059560179277616,2.523539170434766e-07,None,None,None,None, , , , 
13747, ,0.1059560179277616,2.7049597304631316e-07,None,None,None,None, , , , 
13748, ,0.1059560179277616,2.899422853882875e-07,None,None,None,None, , , , 
13749, ,0.1059560179277616,3.107866187782014e-07,None,None,None,None, , , , 
13750, ,0.1059560179277616,3.33129478793467e-07,None,None,None,None, , , , 
13751, ,0.1059560179277616,3.5707859649004626e-07,None,None,None,None, , , , 
13752, ,0.1059560179277616,3.827494478516307e-07,None,None,None,None, , , , 
13753, ,0.1059560179277616,4.1026581058271904e-07,None,None,None,None, , , , 
13754, ,0.1059560179277616,4.397603609302722e-07,None,None,None,None, , , , 
13755, ,0.1059560179277616,4.7137531341167185e-07,None,None,None,None, , , , 
13756, ,0.1059560179277616,5.052631065335679e-07,None,None,None,None, , , , 
13757, ,0.1059560179277616,5.415871378079465e-07,None,None,None,None, , , , 
13758, ,0.1059560179277616,5.805225516094896e-07,None,None,None,None, , , , 
13759, ,0.1059560179277616,6.222570836730232e-07,None,None,None,None, , , , 
13760, ,0.1059560179277616,6.669919663030115e-07,None,None,None,None, , , , 
13761, ,0.1059560179277616,7.149428986597576e-07,None,None,None,None, , , , 
13762, ,0.1059560179277616,7.663410868007445e-07,None,None,None,None, , , , 
13763, ,0.1059560179277616,8.214343584919422e-07,None,None,None,None, , , , 
13764, ,0.1059560179277616,8.804883581643463e-07,None,None,None,None, , , , 
13765, ,0.1059560179277616,9.437878277775371e-07,None,None,None,None, , , , 
13766, ,0.1059560179277616,1.0116379797662072e-06,None,None,None,None, , , , 
13767, ,0.1059560179277616,1.0843659686896086e-06,None,None,None,None, , , , 
13768, ,0.1059560179277616,1.1623224686798522e-06,None,None,None,None, , , , 
13769, ,0.1059560179277616,1.2458833642950078e-06,None,None,None,None, , , , 
13770, ,0.1059560179277616,1.3354515629298971e-06,None,None,None,None, , , , 
13771, ,0.1059560179277616,1.4314589375234786e-06,None,None,None,None, , , , 
13772, ,0.1059560179277616,1.53436840893001e-06,None,None,None,None, , , , 
13773, ,0.1059560179277616,1.6446761779946631e-06,None,None,None,None, , , , 
13774, ,0.1059560179277616,1.762914118095948e-06,None,None,None,None, , , , 
13775, ,0.1059560179277616,1.8896523396912082e-06,None,None,None,None, , , , 
13776, ,0.1059560179277616,2.0255019392306664e-06,None,None,None,None, , , , 
13777, ,0.1059560179277616,2.171117945694501e-06,None,None,None,None, , , , 
13778, ,0.1059560179277616,2.327202478960408e-06,None,None,None,None, , , , 
13779, ,0.1059560179277616,2.494508135230317e-06,None,None,None,None, , , , 
13780, ,0.1059560179277616,2.673841615839944e-06,None,None,None,None, , , , 
13781, ,0.1059560179277616,2.8660676169482507e-06,None,None,None,None, , , , 
13782, ,0.1059560179277616,3.0721129988617524e-06,None,None,None,None, , , , 
13783, ,0.1059560179277616,3.292971255097148e-06,None,None,None,None, , , , 
13784, ,0.1059560179277616,3.5297073027306505e-06,None,None,None,None, , , , 
13785, ,0.1059560179277616,3.783462617131925e-06,None,None,None,None, , , , 
13786, ,0.1059560179277616,4.0554607358408275e-06,None,None,None,None, , , , 
13787, ,0.1059560179277616,4.3470131581250175e-06,None,None,None,None, , , , 
13788, ,0.1059560179277616,4.6595256686646765e-06,None,None,None,None, , , , 
13789, ,0.1059560179277616,4.99450511585514e-06,None,None,None,None, , , , 
13790, ,0.1059560179277616,5.353566677410719e-06,None,None,None,None, , , , 
13791, ,0.1059560179277616,5.738441648302393e-06,None,None,None,None, , , , 
13792, ,0.1059560179277616,6.150985788580505e-06,None,None,None,None, , , , 
13793, ,0.1059560179277616,6.593188271333541e-06,None,None,None,None, , , , 
13794, ,0.1059560179277616,7.067181273927492e-06,None,None,None,None, , , , 
13795, ,0.1059560179277616,7.575250258771904e-06,None,None,None,None, , , , 
13796, ,0.1059560179277616,8.119844993184007e-06,None,None,None,None, , , , 
13797, ,0.1059560179277616,8.703591361485167e-06,None,None,None,None, , , , 
13798, ,0.1059560179277616,9.329304026284676e-06,None,None,None,None, , , , 
13799, ,0.1059560179277616,1e-05,None,None,None,None, , , , 
13800, ,0.10969857978923836,1e-11,None,None,None,None, , , , 
13801, ,0.10969857978923836,1.0718913192051263e-11,None,None,None,None, , , , 
13802, ,0.10969857978923836,1.1489510001873107e-11,None,None,None,None, , , , 
13803, ,0.10969857978923836,1.2315506032928262e-11,None,None,None,None, , , , 
13804, ,0.10969857978923836,1.3200884008314167e-11,None,None,None,None, , , , 
13805, ,0.10969857978923836,1.4149912974345786e-11,None,None,None,None, , , , 
13806, ,0.10969857978923836,1.5167168884709242e-11,None,None,None,None, , , , 
13807, ,0.10969857978923836,1.6257556664437934e-11,None,None,None,None, , , , 
13808, ,0.10969857978923836,1.7426333860096473e-11,None,None,None,None, , , , 
13809, ,0.10969857978923836,1.8679135990207848e-11,None,None,None,None, , , , 
13810, ,0.10969857978923836,2.0022003718155844e-11,None,None,None,None, , , , 
13811, ,0.10969857978923836,2.1461411978584013e-11,None,None,None,None, , , , 
13812, ,0.10969857978923836,2.300430119772921e-11,None,None,None,None, , , , 
13813, ,0.10969857978923836,2.465811075822604e-11,None,None,None,None, , , , 
13814, ,0.10969857978923836,2.643081486974103e-11,None,None,None,None, , , , 
13815, ,0.10969857978923836,2.8330961018393178e-11,None,None,None,None, , , , 
13816, ,0.10969857978923836,3.036771118035461e-11,None,None,None,None, , , , 
13817, ,0.10969857978923836,3.255088599835057e-11,None,None,None,None, , , , 
13818, ,0.10969857978923836,3.4891012134067674e-11,None,None,None,None, , , , 
13819, ,0.10969857978923836,3.739937302478801e-11,None,None,None,None, , , , 
13820, ,0.10969857978923836,4.0088063288984646e-11,None,None,None,None, , , , 
13821, ,0.10969857978923836,4.297004704320835e-11,None,None,None,None, , , , 
13822, ,0.10969857978923836,4.605922041145113e-11,None,None,None,None, , , , 
13823, ,0.10969857978923836,4.937047852839004e-11,None,None,None,None, , , , 
13824, ,0.10969857978923836,5.2919787359584366e-11,None,None,None,None, , , , 
13825, ,0.10969857978923836,5.672426068491989e-11,None,None,None,None, , , , 
13826, ,0.10969857978923836,6.080224261649427e-11,None,None,None,None, , , , 
13827, ,0.10969857978923836,6.517339604882421e-11,None,None,None,None, , , , 
13828, ,0.10969857978923836,6.985879746785235e-11,None,None,None,None, , , , 
13829, ,0.10969857978923836,7.48810385759003e-11,None,None,None,None, , , , 
13830, ,0.10969857978923836,8.026433522257174e-11,None,None,None,None, , , , 
13831, ,0.10969857978923836,8.603464416684492e-11,None,None,None,None, , , , 
13832, ,0.10969857978923836,9.221978823334341e-11,None,None,None,None, , , , 
13833, ,0.10969857978923836,9.884959046625586e-11,None,None,None,None, , , , 
13834, ,0.10969857978923836,1.0595601792776149e-10,None,None,None,None, , , , 
13835, ,0.10969857978923836,1.1357333583431027e-10,None,None,None,None, , , , 
13836, ,0.10969857978923836,1.217382727739662e-10,None,None,None,None, , , , 
13837, ,0.10969857978923836,1.3049019780144016e-10,None,None,None,None, , , , 
13838, ,0.10969857978923836,1.398713102647236e-10,None,None,None,None, , , , 
13839, ,0.10969857978923836,1.4992684327860468e-10,None,None,None,None, , , , 
13840, ,0.10969857978923836,1.6070528182616384e-10,None,None,None,None, , , , 
13841, ,0.10969857978923836,1.722585965398784e-10,None,None,None,None, , , , 
13842, ,0.10969857978923836,1.8464249428955463e-10,None,None,None,None, , , , 
13843, ,0.10969857978923836,1.9791668678535569e-10,None,None,None,None, , , , 
13844, ,0.10969857978923836,2.121451784910628e-10,None,None,None,None, , , , 
13845, ,0.10969857978923836,2.273965752357932e-10,None,None,None,None, , , , 
13846, ,0.10969857978923836,2.4374441501222216e-10,None,None,None,None, , , , 
13847, ,0.10969857978923836,2.6126752255633265e-10,None,None,None,None, , , , 
13848, ,0.10969857978923836,2.8005038941836253e-10,None,None,None,None, , , , 
13849, ,0.10969857978923836,3.0018358135755917e-10,None,None,None,None, , , , 
13850, ,0.10969857978923836,3.2176417502507347e-10,None,None,None,None, , , , 
13851, ,0.10969857978923836,3.4489622604057533e-10,None,None,None,None, , , , 
13852, ,0.10969857978923836,3.696912707195032e-10,None,None,None,None, , , , 
13853, ,0.10969857978923836,3.9626886387014783e-10,None,None,None,None, , , , 
13854, ,0.10969857978923836,4.2475715525368935e-10,None,None,None,None, , , , 
13855, ,0.10969857978923836,4.552935074866938e-10,None,None,None,None, , , , 
13856, ,0.10969857978923836,4.880251583654433e-10,None,None,None,None, , , , 
13857, ,0.10969857978923836,5.231099308056258e-10,None,None,None,None, , , , 
13858, ,0.10969857978923836,5.60716993820547e-10,None,None,None,None, , , , 
13859, ,0.10969857978923836,6.010276782070387e-10,None,None,None,None, , , , 
13860, ,0.10969857978923836,6.442363508721371e-10,None,None,None,None, , , , 
13861, ,0.10969857978923836,6.905513520162316e-10,None,None,None,None, , , , 
13862, ,0.10969857978923836,7.401959996915653e-10,None,None,None,None, , , , 
13863, ,0.10969857978923836,7.934096665797492e-10,None,None,None,None, , , , 
13864, ,0.10969857978923836,8.504489341802668e-10,None,None,None,None, , , , 
13865, ,0.10969857978923836,9.115888299750837e-10,None,None,None,None, , , , 
13866, ,0.10969857978923836,9.771241535346502e-10,None,None,None,None, , , , 
13867, ,0.10969857978923836,1.0473708979594486e-09,None,None,None,None, , , , 
13868, ,0.10969857978923836,1.1226677735108114e-09,None,None,None,None, , , , 
13869, ,0.10969857978923836,1.2033778407775904e-09,None,None,None,None, , , , 
13870, ,0.10969857978923836,1.289890261253308e-09,None,None,None,None, , , , 
13871, ,0.10969857978923836,1.3826221737646535e-09,None,None,None,None, , , , 
13872, ,0.10969857978923836,1.4820207057988602e-09,None,None,None,None, , , , 
13873, ,0.10969857978923836,1.5885651294280526e-09,None,None,None,None, , , , 
13874, ,0.10969857978923836,1.702769172225898e-09,None,None,None,None, , , , 
13875, ,0.10969857978923836,1.825183494319039e-09,None,None,None,None, , , , 
13876, ,0.10969857978923836,1.956398343517065e-09,None,None,None,None, , , , 
13877, ,0.10969857978923836,2.0970464013232305e-09,None,None,None,None, , , , 
13878, ,0.10969857978923836,2.2478058335487307e-09,None,None,None,None, , , , 
13879, ,0.10969857978923836,2.409403560239527e-09,None,None,None,None, , , , 
13880, ,0.10969857978923836,2.582618760682675e-09,None,None,None,None, , , , 
13881, ,0.10969857978923836,2.768286630392061e-09,None,None,None,None, , , , 
13882, ,0.10969857978923836,2.9673024081888724e-09,None,None,None,None, , , , 
13883, ,0.10969857978923836,3.180625692794119e-09,None,None,None,None, , , , 
13884, ,0.10969857978923836,3.409285069746807e-09,None,None,None,None, , , , 
13885, ,0.10969857978923836,3.654383070957262e-09,None,None,None,None, , , , 
13886, ,0.10969857978923836,3.917101490809261e-09,None,None,None,None, , , , 
13887, ,0.10969857978923836,4.198707084443906e-09,None,None,None,None, , , , 
13888, ,0.10969857978923836,4.500557675700488e-09,None,None,None,None, , , , 
13889, ,0.10969857978923836,4.824108704165374e-09,None,None,None,None, , , , 
13890, ,0.10969857978923836,5.170920242896755e-09,None,None,None,None, , , , 
13891, ,0.10969857978923836,5.542664520663096e-09,None,None,None,None, , , , 
13892, ,0.10969857978923836,5.941133984965041e-09,None,None,None,None, , , , 
13893, ,0.10969857978923836,6.3682499447185856e-09,None,None,None,None, , , , 
13894, ,0.10969857978923836,6.826071834272379e-09,None,None,None,None, , , , 
13895, ,0.10969857978923836,7.316807143427175e-09,None,None,None,None, , , , 
13896, ,0.10969857978923836,7.842822061337681e-09,None,None,None,None, , , , 
13897, ,0.10969857978923836,8.406652885618316e-09,None,None,None,None, , , , 
13898, ,0.10969857978923836,9.011018251665036e-09,None,None,None,None, , , , 
13899, ,0.10969857978923836,9.658832241158707e-09,None,None,None,None, , , , 
13900, ,0.10969857978923836,1.0353218432956616e-08,None,None,None,None, , , , 
13901, ,0.10969857978923836,1.1097524964120722e-08,None,None,None,None, , , , 
13902, ,0.10969857978923836,1.1895340673703208e-08,None,None,None,None, , , , 
13903, ,0.10969857978923836,1.2750512407130128e-08,None,None,None,None, , , , 
13904, ,0.10969857978923836,1.3667163564620044e-08,None,None,None,None, , , , 
13905, ,0.10969857978923836,1.4649713983072853e-08,None,None,None,None, , , , 
13906, ,0.10969857978923836,1.5702901247293774e-08,None,None,None,None, , , , 
13907, ,0.10969857978923836,1.683180353330955e-08,None,None,None,None, , , , 
13908, ,0.10969857978923836,1.8041864093920717e-08,None,None,None,None, , , , 
13909, ,0.10969857978923836,1.933891750455232e-08,None,None,None,None, , , , 
13910, ,0.10969857978923836,2.0729217795953697e-08,None,None,None,None, , , , 
13911, ,0.10969857978923836,2.221946860939524e-08,None,None,None,None, , , , 
13912, ,0.10969857978923836,2.3816855519761606e-08,None,None,None,None, , , , 
13913, ,0.10969857978923836,2.552908068239516e-08,None,None,None,None, , , , 
13914, ,0.10969857978923836,2.7364399970746666e-08,None,None,None,None, , , , 
13915, ,0.10969857978923836,2.933166278390042e-08,None,None,None,None, , , , 
13916, ,0.10969857978923836,3.1440354715915e-08,None,None,None,None, , , , 
13917, ,0.10969857978923836,3.370064329271925e-08,None,None,None,None, , , , 
13918, ,0.10969857978923836,3.612342699709431e-08,None,None,None,None, , , , 
13919, ,0.10969857978923836,3.872038781812557e-08,None,None,None,None, , , , 
13920, ,0.10969857978923836,4.1504047578504727e-08,None,None,None,None, , , , 
13921, ,0.10969857978923836,4.448782831127585e-08,None,None,None,None, , , , 
13922, ,0.10969857978923836,4.768611697714474e-08,None,None,None,None, , , , 
13923, ,0.10969857978923836,5.111433483440165e-08,None,None,None,None, , , , 
13924, ,0.10969857978923836,5.478901179593934e-08,None,None,None,None, , , , 
13925, ,0.10969857978923836,5.872786613189478e-08,None,None,None,None, , , , 
13926, ,0.10969857978923836,6.294988990221888e-08,None,None,None,None, , , , 
13927, ,0.10969857978923836,6.747544053110687e-08,None,None,None,None, , , , 
13928, ,0.10969857978923836,7.232633896483534e-08,None,None,None,None, , , , 
13929, ,0.10969857978923836,7.752597488629465e-08,None,None,None,None, , , , 
13930, ,0.10969857978923836,8.309941949353386e-08,None,None,None,None, , , , 
13931, ,0.10969857978923836,8.907354638610439e-08,None,None,None,None, , , , 
13932, ,0.10969857978923836,9.547716114208066e-08,None,None,None,None, , , , 
13933, ,0.10969857978923836,1.0234114021054528e-07,None,None,None,None, , , , 
13934, ,0.10969857978923836,1.0969857978923841e-07,None,None,None,None, , , , 
13935, ,0.10969857978923836,1.1758495540521555e-07,None,None,None,None, , , , 
13936, ,0.10969857978923836,1.2603829296797277e-07,None,None,None,None, , , , 
13937, ,0.10969857978923836,1.350993521198025e-07,None,None,None,None, , , , 
13938, ,0.10969857978923836,1.4481182276745328e-07,None,None,None,None, , , , 
13939, ,0.10969857978923836,1.552225357427048e-07,None,None,None,None, , , , 
13940, ,0.10969857978923836,1.6638168860761273e-07,None,None,None,None, , , , 
13941, ,0.10969857978923836,1.7834308769319093e-07,None,None,None,None, , , , 
13942, ,0.10969857978923836,1.9116440753857e-07,None,None,None,None, , , , 
13943, ,0.10969857978923836,2.049074689815846e-07,None,None,None,None, , , , 
13944, ,0.10969857978923836,2.1963853724165468e-07,None,None,None,None, , , , 
13945, ,0.10969857978923836,2.3542864143224158e-07,None,None,None,None, , , , 
13946, ,0.10969857978923836,2.523539170434766e-07,None,None,None,None, , , , 
13947, ,0.10969857978923836,2.7049597304631316e-07,None,None,None,None, , , , 
13948, ,0.10969857978923836,2.899422853882875e-07,None,None,None,None, , , , 
13949, ,0.10969857978923836,3.107866187782014e-07,None,None,None,None, , , , 
13950, ,0.10969857978923836,3.33129478793467e-07,None,None,None,None, , , , 
13951, ,0.10969857978923836,3.5707859649004626e-07,None,None,None,None, , , , 
13952, ,0.10969857978923836,3.827494478516307e-07,None,None,None,None, , , , 
13953, ,0.10969857978923836,4.1026581058271904e-07,None,None,None,None, , , , 
13954, ,0.10969857978923836,4.397603609302722e-07,None,None,None,None, , , , 
13955, ,0.10969857978923836,4.7137531341167185e-07,None,None,None,None, , , , 
13956, ,0.10969857978923836,5.052631065335679e-07,None,None,None,None, , , , 
13957, ,0.10969857978923836,5.415871378079465e-07,None,None,None,None, , , , 
13958, ,0.10969857978923836,5.805225516094896e-07,None,None,None,None, , , , 
13959, ,0.10969857978923836,6.222570836730232e-07,None,None,None,None, , , , 
13960, ,0.10969857978923836,6.669919663030115e-07,None,None,None,None, , , , 
13961, ,0.10969857978923836,7.149428986597576e-07,None,None,None,None, , , , 
13962, ,0.10969857978923836,7.663410868007445e-07,None,None,None,None, , , , 
13963, ,0.10969857978923836,8.214343584919422e-07,None,None,None,None, , , , 
13964, ,0.10969857978923836,8.804883581643463e-07,None,None,None,None, , , , 
13965, ,0.10969857978923836,9.437878277775371e-07,None,None,None,None, , , , 
13966, ,0.10969857978923836,1.0116379797662072e-06,None,None,None,None, , , , 
13967, ,0.10969857978923836,1.0843659686896086e-06,None,None,None,None, , , , 
13968, ,0.10969857978923836,1.1623224686798522e-06,None,None,None,None, , , , 
13969, ,0.10969857978923836,1.2458833642950078e-06,None,None,None,None, , , , 
13970, ,0.10969857978923836,1.3354515629298971e-06,None,None,None,None, , , , 
13971, ,0.10969857978923836,1.4314589375234786e-06,None,None,None,None, , , , 
13972, ,0.10969857978923836,1.53436840893001e-06,None,None,None,None, , , , 
13973, ,0.10969857978923836,1.6446761779946631e-06,None,None,None,None, , , , 
13974, ,0.10969857978923836,1.762914118095948e-06,None,None,None,None, , , , 
13975, ,0.10969857978923836,1.8896523396912082e-06,None,None,None,None, , , , 
13976, ,0.10969857978923836,2.0255019392306664e-06,None,None,None,None, , , , 
13977, ,0.10969857978923836,2.171117945694501e-06,None,None,None,None, , , , 
13978, ,0.10969857978923836,2.327202478960408e-06,None,None,None,None, , , , 
13979, ,0.10969857978923836,2.494508135230317e-06,None,None,None,None, , , , 
13980, ,0.10969857978923836,2.673841615839944e-06,None,None,None,None, , , , 
13981, ,0.10969857978923836,2.8660676169482507e-06,None,None,None,None, , , , 
13982, ,0.10969857978923836,3.0721129988617524e-06,None,None,None,None, , , , 
13983, ,0.10969857978923836,3.292971255097148e-06,None,None,None,None, , , , 
13984, ,0.10969857978923836,3.5297073027306505e-06,None,None,None,None, , , , 
13985, ,0.10969857978923836,3.783462617131925e-06,None,None,None,None, , , , 
13986, ,0.10969857978923836,4.0554607358408275e-06,None,None,None,None, , , , 
13987, ,0.10969857978923836,4.3470131581250175e-06,None,None,None,None, , , , 
13988, ,0.10969857978923836,4.6595256686646765e-06,None,None,None,None, , , , 
13989, ,0.10969857978923836,4.99450511585514e-06,None,None,None,None, , , , 
13990, ,0.10969857978923836,5.353566677410719e-06,None,None,None,None, , , , 
13991, ,0.10969857978923836,5.738441648302393e-06,None,None,None,None, , , , 
13992, ,0.10969857978923836,6.150985788580505e-06,None,None,None,None, , , , 
13993, ,0.10969857978923836,6.593188271333541e-06,None,None,None,None, , , , 
13994, ,0.10969857978923836,7.067181273927492e-06,None,None,None,None, , , , 
13995, ,0.10969857978923836,7.575250258771904e-06,None,None,None,None, , , , 
13996, ,0.10969857978923836,8.119844993184007e-06,None,None,None,None, , , , 
13997, ,0.10969857978923836,8.703591361485167e-06,None,None,None,None, , , , 
13998, ,0.10969857978923836,9.329304026284676e-06,None,None,None,None, , , , 
13999, ,0.10969857978923836,1e-05,None,None,None,None, , , , 
14000, ,0.11357333583431052,1e-11,None,None,None,None, , , , 
14001, ,0.11357333583431052,1.0718913192051263e-11,None,None,None,None, , , , 
14002, ,0.11357333583431052,1.1489510001873107e-11,None,None,None,None, , , , 
14003, ,0.11357333583431052,1.2315506032928262e-11,None,None,None,None, , , , 
14004, ,0.11357333583431052,1.3200884008314167e-11,None,None,None,None, , , , 
14005, ,0.11357333583431052,1.4149912974345786e-11,None,None,None,None, , , , 
14006, ,0.11357333583431052,1.5167168884709242e-11,None,None,None,None, , , , 
14007, ,0.11357333583431052,1.6257556664437934e-11,None,None,None,None, , , , 
14008, ,0.11357333583431052,1.7426333860096473e-11,None,None,None,None, , , , 
14009, ,0.11357333583431052,1.8679135990207848e-11,None,None,None,None, , , , 
14010, ,0.11357333583431052,2.0022003718155844e-11,None,None,None,None, , , , 
14011, ,0.11357333583431052,2.1461411978584013e-11,None,None,None,None, , , , 
14012, ,0.11357333583431052,2.300430119772921e-11,None,None,None,None, , , , 
14013, ,0.11357333583431052,2.465811075822604e-11,None,None,None,None, , , , 
14014, ,0.11357333583431052,2.643081486974103e-11,None,None,None,None, , , , 
14015, ,0.11357333583431052,2.8330961018393178e-11,None,None,None,None, , , , 
14016, ,0.11357333583431052,3.036771118035461e-11,None,None,None,None, , , , 
14017, ,0.11357333583431052,3.255088599835057e-11,None,None,None,None, , , , 
14018, ,0.11357333583431052,3.4891012134067674e-11,None,None,None,None, , , , 
14019, ,0.11357333583431052,3.739937302478801e-11,None,None,None,None, , , , 
14020, ,0.11357333583431052,4.0088063288984646e-11,None,None,None,None, , , , 
14021, ,0.11357333583431052,4.297004704320835e-11,None,None,None,None, , , , 
14022, ,0.11357333583431052,4.605922041145113e-11,None,None,None,None, , , , 
14023, ,0.11357333583431052,4.937047852839004e-11,None,None,None,None, , , , 
14024, ,0.11357333583431052,5.2919787359584366e-11,None,None,None,None, , , , 
14025, ,0.11357333583431052,5.672426068491989e-11,None,None,None,None, , , , 
14026, ,0.11357333583431052,6.080224261649427e-11,None,None,None,None, , , , 
14027, ,0.11357333583431052,6.517339604882421e-11,None,None,None,None, , , , 
14028, ,0.11357333583431052,6.985879746785235e-11,None,None,None,None, , , , 
14029, ,0.11357333583431052,7.48810385759003e-11,None,None,None,None, , , , 
14030, ,0.11357333583431052,8.026433522257174e-11,None,None,None,None, , , , 
14031, ,0.11357333583431052,8.603464416684492e-11,None,None,None,None, , , , 
14032, ,0.11357333583431052,9.221978823334341e-11,None,None,None,None, , , , 
14033, ,0.11357333583431052,9.884959046625586e-11,None,None,None,None, , , , 
14034, ,0.11357333583431052,1.0595601792776149e-10,None,None,None,None, , , , 
14035, ,0.11357333583431052,1.1357333583431027e-10,None,None,None,None, , , , 
14036, ,0.11357333583431052,1.217382727739662e-10,None,None,None,None, , , , 
14037, ,0.11357333583431052,1.3049019780144016e-10,None,None,None,None, , , , 
14038, ,0.11357333583431052,1.398713102647236e-10,None,None,None,None, , , , 
14039, ,0.11357333583431052,1.4992684327860468e-10,None,None,None,None, , , , 
14040, ,0.11357333583431052,1.6070528182616384e-10,None,None,None,None, , , , 
14041, ,0.11357333583431052,1.722585965398784e-10,None,None,None,None, , , , 
14042, ,0.11357333583431052,1.8464249428955463e-10,None,None,None,None, , , , 
14043, ,0.11357333583431052,1.9791668678535569e-10,None,None,None,None, , , , 
14044, ,0.11357333583431052,2.121451784910628e-10,None,None,None,None, , , , 
14045, ,0.11357333583431052,2.273965752357932e-10,None,None,None,None, , , , 
14046, ,0.11357333583431052,2.4374441501222216e-10,None,None,None,None, , , , 
14047, ,0.11357333583431052,2.6126752255633265e-10,None,None,None,None, , , , 
14048, ,0.11357333583431052,2.8005038941836253e-10,None,None,None,None, , , , 
14049, ,0.11357333583431052,3.0018358135755917e-10,None,None,None,None, , , , 
14050, ,0.11357333583431052,3.2176417502507347e-10,None,None,None,None, , , , 
14051, ,0.11357333583431052,3.4489622604057533e-10,None,None,None,None, , , , 
14052, ,0.11357333583431052,3.696912707195032e-10,None,None,None,None, , , , 
14053, ,0.11357333583431052,3.9626886387014783e-10,None,None,None,None, , , , 
14054, ,0.11357333583431052,4.2475715525368935e-10,None,None,None,None, , , , 
14055, ,0.11357333583431052,4.552935074866938e-10,None,None,None,None, , , , 
14056, ,0.11357333583431052,4.880251583654433e-10,None,None,None,None, , , , 
14057, ,0.11357333583431052,5.231099308056258e-10,None,None,None,None, , , , 
14058, ,0.11357333583431052,5.60716993820547e-10,None,None,None,None, , , , 
14059, ,0.11357333583431052,6.010276782070387e-10,None,None,None,None, , , , 
14060, ,0.11357333583431052,6.442363508721371e-10,None,None,None,None, , , , 
14061, ,0.11357333583431052,6.905513520162316e-10,None,None,None,None, , , , 
14062, ,0.11357333583431052,7.401959996915653e-10,None,None,None,None, , , , 
14063, ,0.11357333583431052,7.934096665797492e-10,None,None,None,None, , , , 
14064, ,0.11357333583431052,8.504489341802668e-10,None,None,None,None, , , , 
14065, ,0.11357333583431052,9.115888299750837e-10,None,None,None,None, , , , 
14066, ,0.11357333583431052,9.771241535346502e-10,None,None,None,None, , , , 
14067, ,0.11357333583431052,1.0473708979594486e-09,None,None,None,None, , , , 
14068, ,0.11357333583431052,1.1226677735108114e-09,None,None,None,None, , , , 
14069, ,0.11357333583431052,1.2033778407775904e-09,None,None,None,None, , , , 
14070, ,0.11357333583431052,1.289890261253308e-09,None,None,None,None, , , , 
14071, ,0.11357333583431052,1.3826221737646535e-09,None,None,None,None, , , , 
14072, ,0.11357333583431052,1.4820207057988602e-09,None,None,None,None, , , , 
14073, ,0.11357333583431052,1.5885651294280526e-09,None,None,None,None, , , , 
14074, ,0.11357333583431052,1.702769172225898e-09,None,None,None,None, , , , 
14075, ,0.11357333583431052,1.825183494319039e-09,None,None,None,None, , , , 
14076, ,0.11357333583431052,1.956398343517065e-09,None,None,None,None, , , , 
14077, ,0.11357333583431052,2.0970464013232305e-09,None,None,None,None, , , , 
14078, ,0.11357333583431052,2.2478058335487307e-09,None,None,None,None, , , , 
14079, ,0.11357333583431052,2.409403560239527e-09,None,None,None,None, , , , 
14080, ,0.11357333583431052,2.582618760682675e-09,None,None,None,None, , , , 
14081, ,0.11357333583431052,2.768286630392061e-09,None,None,None,None, , , , 
14082, ,0.11357333583431052,2.9673024081888724e-09,None,None,None,None, , , , 
14083, ,0.11357333583431052,3.180625692794119e-09,None,None,None,None, , , , 
14084, ,0.11357333583431052,3.409285069746807e-09,None,None,None,None, , , , 
14085, ,0.11357333583431052,3.654383070957262e-09,None,None,None,None, , , , 
14086, ,0.11357333583431052,3.917101490809261e-09,None,None,None,None, , , , 
14087, ,0.11357333583431052,4.198707084443906e-09,None,None,None,None, , , , 
14088, ,0.11357333583431052,4.500557675700488e-09,None,None,None,None, , , , 
14089, ,0.11357333583431052,4.824108704165374e-09,None,None,None,None, , , , 
14090, ,0.11357333583431052,5.170920242896755e-09,None,None,None,None, , , , 
14091, ,0.11357333583431052,5.542664520663096e-09,None,None,None,None, , , , 
14092, ,0.11357333583431052,5.941133984965041e-09,None,None,None,None, , , , 
14093, ,0.11357333583431052,6.3682499447185856e-09,None,None,None,None, , , , 
14094, ,0.11357333583431052,6.826071834272379e-09,None,None,None,None, , , , 
14095, ,0.11357333583431052,7.316807143427175e-09,None,None,None,None, , , , 
14096, ,0.11357333583431052,7.842822061337681e-09,None,None,None,None, , , , 
14097, ,0.11357333583431052,8.406652885618316e-09,None,None,None,None, , , , 
14098, ,0.11357333583431052,9.011018251665036e-09,None,None,None,None, , , , 
14099, ,0.11357333583431052,9.658832241158707e-09,None,None,None,None, , , , 
14100, ,0.11357333583431052,1.0353218432956616e-08,None,None,None,None, , , , 
14101, ,0.11357333583431052,1.1097524964120722e-08,None,None,None,None, , , , 
14102, ,0.11357333583431052,1.1895340673703208e-08,None,None,None,None, , , , 
14103, ,0.11357333583431052,1.2750512407130128e-08,None,None,None,None, , , , 
14104, ,0.11357333583431052,1.3667163564620044e-08,None,None,None,None, , , , 
14105, ,0.11357333583431052,1.4649713983072853e-08,None,None,None,None, , , , 
14106, ,0.11357333583431052,1.5702901247293774e-08,None,None,None,None, , , , 
14107, ,0.11357333583431052,1.683180353330955e-08,None,None,None,None, , , , 
14108, ,0.11357333583431052,1.8041864093920717e-08,None,None,None,None, , , , 
14109, ,0.11357333583431052,1.933891750455232e-08,None,None,None,None, , , , 
14110, ,0.11357333583431052,2.0729217795953697e-08,None,None,None,None, , , , 
14111, ,0.11357333583431052,2.221946860939524e-08,None,None,None,None, , , , 
14112, ,0.11357333583431052,2.3816855519761606e-08,None,None,None,None, , , , 
14113, ,0.11357333583431052,2.552908068239516e-08,None,None,None,None, , , , 
14114, ,0.11357333583431052,2.7364399970746666e-08,None,None,None,None, , , , 
14115, ,0.11357333583431052,2.933166278390042e-08,None,None,None,None, , , , 
14116, ,0.11357333583431052,3.1440354715915e-08,None,None,None,None, , , , 
14117, ,0.11357333583431052,3.370064329271925e-08,None,None,None,None, , , , 
14118, ,0.11357333583431052,3.612342699709431e-08,None,None,None,None, , , , 
14119, ,0.11357333583431052,3.872038781812557e-08,None,None,None,None, , , , 
14120, ,0.11357333583431052,4.1504047578504727e-08,None,None,None,None, , , , 
14121, ,0.11357333583431052,4.448782831127585e-08,None,None,None,None, , , , 
14122, ,0.11357333583431052,4.768611697714474e-08,None,None,None,None, , , , 
14123, ,0.11357333583431052,5.111433483440165e-08,None,None,None,None, , , , 
14124, ,0.11357333583431052,5.478901179593934e-08,None,None,None,None, , , , 
14125, ,0.11357333583431052,5.872786613189478e-08,None,None,None,None, , , , 
14126, ,0.11357333583431052,6.294988990221888e-08,None,None,None,None, , , , 
14127, ,0.11357333583431052,6.747544053110687e-08,None,None,None,None, , , , 
14128, ,0.11357333583431052,7.232633896483534e-08,None,None,None,None, , , , 
14129, ,0.11357333583431052,7.752597488629465e-08,None,None,None,None, , , , 
14130, ,0.11357333583431052,8.309941949353386e-08,None,None,None,None, , , , 
14131, ,0.11357333583431052,8.907354638610439e-08,None,None,None,None, , , , 
14132, ,0.11357333583431052,9.547716114208066e-08,None,None,None,None, , , , 
14133, ,0.11357333583431052,1.0234114021054528e-07,None,None,None,None, , , , 
14134, ,0.11357333583431052,1.0969857978923841e-07,None,None,None,None, , , , 
14135, ,0.11357333583431052,1.1758495540521555e-07,None,None,None,None, , , , 
14136, ,0.11357333583431052,1.2603829296797277e-07,None,None,None,None, , , , 
14137, ,0.11357333583431052,1.350993521198025e-07,None,None,None,None, , , , 
14138, ,0.11357333583431052,1.4481182276745328e-07,None,None,None,None, , , , 
14139, ,0.11357333583431052,1.552225357427048e-07,None,None,None,None, , , , 
14140, ,0.11357333583431052,1.6638168860761273e-07,None,None,None,None, , , , 
14141, ,0.11357333583431052,1.7834308769319093e-07,None,None,None,None, , , , 
14142, ,0.11357333583431052,1.9116440753857e-07,None,None,None,None, , , , 
14143, ,0.11357333583431052,2.049074689815846e-07,None,None,None,None, , , , 
14144, ,0.11357333583431052,2.1963853724165468e-07,None,None,None,None, , , , 
14145, ,0.11357333583431052,2.3542864143224158e-07,None,None,None,None, , , , 
14146, ,0.11357333583431052,2.523539170434766e-07,None,None,None,None, , , , 
14147, ,0.11357333583431052,2.7049597304631316e-07,None,None,None,None, , , , 
14148, ,0.11357333583431052,2.899422853882875e-07,None,None,None,None, , , , 
14149, ,0.11357333583431052,3.107866187782014e-07,None,None,None,None, , , , 
14150, ,0.11357333583431052,3.33129478793467e-07,None,None,None,None, , , , 
14151, ,0.11357333583431052,3.5707859649004626e-07,None,None,None,None, , , , 
14152, ,0.11357333583431052,3.827494478516307e-07,None,None,None,None, , , , 
14153, ,0.11357333583431052,4.1026581058271904e-07,None,None,None,None, , , , 
14154, ,0.11357333583431052,4.397603609302722e-07,None,None,None,None, , , , 
14155, ,0.11357333583431052,4.7137531341167185e-07,None,None,None,None, , , , 
14156, ,0.11357333583431052,5.052631065335679e-07,None,None,None,None, , , , 
14157, ,0.11357333583431052,5.415871378079465e-07,None,None,None,None, , , , 
14158, ,0.11357333583431052,5.805225516094896e-07,None,None,None,None, , , , 
14159, ,0.11357333583431052,6.222570836730232e-07,None,None,None,None, , , , 
14160, ,0.11357333583431052,6.669919663030115e-07,None,None,None,None, , , , 
14161, ,0.11357333583431052,7.149428986597576e-07,None,None,None,None, , , , 
14162, ,0.11357333583431052,7.663410868007445e-07,None,None,None,None, , , , 
14163, ,0.11357333583431052,8.214343584919422e-07,None,None,None,None, , , , 
14164, ,0.11357333583431052,8.804883581643463e-07,None,None,None,None, , , , 
14165, ,0.11357333583431052,9.437878277775371e-07,None,None,None,None, , , , 
14166, ,0.11357333583431052,1.0116379797662072e-06,None,None,None,None, , , , 
14167, ,0.11357333583431052,1.0843659686896086e-06,None,None,None,None, , , , 
14168, ,0.11357333583431052,1.1623224686798522e-06,None,None,None,None, , , , 
14169, ,0.11357333583431052,1.2458833642950078e-06,None,None,None,None, , , , 
14170, ,0.11357333583431052,1.3354515629298971e-06,None,None,None,None, , , , 
14171, ,0.11357333583431052,1.4314589375234786e-06,None,None,None,None, , , , 
14172, ,0.11357333583431052,1.53436840893001e-06,None,None,None,None, , , , 
14173, ,0.11357333583431052,1.6446761779946631e-06,None,None,None,None, , , , 
14174, ,0.11357333583431052,1.762914118095948e-06,None,None,None,None, , , , 
14175, ,0.11357333583431052,1.8896523396912082e-06,None,None,None,None, , , , 
14176, ,0.11357333583431052,2.0255019392306664e-06,None,None,None,None, , , , 
14177, ,0.11357333583431052,2.171117945694501e-06,None,None,None,None, , , , 
14178, ,0.11357333583431052,2.327202478960408e-06,None,None,None,None, , , , 
14179, ,0.11357333583431052,2.494508135230317e-06,None,None,None,None, , , , 
14180, ,0.11357333583431052,2.673841615839944e-06,None,None,None,None, , , , 
14181, ,0.11357333583431052,2.8660676169482507e-06,None,None,None,None, , , , 
14182, ,0.11357333583431052,3.0721129988617524e-06,None,None,None,None, , , , 
14183, ,0.11357333583431052,3.292971255097148e-06,None,None,None,None, , , , 
14184, ,0.11357333583431052,3.5297073027306505e-06,None,None,None,None, , , , 
14185, ,0.11357333583431052,3.783462617131925e-06,None,None,None,None, , , , 
14186, ,0.11357333583431052,4.0554607358408275e-06,None,None,None,None, , , , 
14187, ,0.11357333583431052,4.3470131581250175e-06,None,None,None,None, , , , 
14188, ,0.11357333583431052,4.6595256686646765e-06,None,None,None,None, , , , 
14189, ,0.11357333583431052,4.99450511585514e-06,None,None,None,None, , , , 
14190, ,0.11357333583431052,5.353566677410719e-06,None,None,None,None, , , , 
14191, ,0.11357333583431052,5.738441648302393e-06,None,None,None,None, , , , 
14192, ,0.11357333583431052,6.150985788580505e-06,None,None,None,None, , , , 
14193, ,0.11357333583431052,6.593188271333541e-06,None,None,None,None, , , , 
14194, ,0.11357333583431052,7.067181273927492e-06,None,None,None,None, , , , 
14195, ,0.11357333583431052,7.575250258771904e-06,None,None,None,None, , , , 
14196, ,0.11357333583431052,8.119844993184007e-06,None,None,None,None, , , , 
14197, ,0.11357333583431052,8.703591361485167e-06,None,None,None,None, , , , 
14198, ,0.11357333583431052,9.329304026284676e-06,None,None,None,None, , , , 
14199, ,0.11357333583431052,1e-05,None,None,None,None, , , , 
14200, ,0.11758495540521564,1e-11,None,None,None,None, , , , 
14201, ,0.11758495540521564,1.0718913192051263e-11,None,None,None,None, , , , 
14202, ,0.11758495540521564,1.1489510001873107e-11,None,None,None,None, , , , 
14203, ,0.11758495540521564,1.2315506032928262e-11,None,None,None,None, , , , 
14204, ,0.11758495540521564,1.3200884008314167e-11,None,None,None,None, , , , 
14205, ,0.11758495540521564,1.4149912974345786e-11,None,None,None,None, , , , 
14206, ,0.11758495540521564,1.5167168884709242e-11,None,None,None,None, , , , 
14207, ,0.11758495540521564,1.6257556664437934e-11,None,None,None,None, , , , 
14208, ,0.11758495540521564,1.7426333860096473e-11,None,None,None,None, , , , 
14209, ,0.11758495540521564,1.8679135990207848e-11,None,None,None,None, , , , 
14210, ,0.11758495540521564,2.0022003718155844e-11,None,None,None,None, , , , 
14211, ,0.11758495540521564,2.1461411978584013e-11,None,None,None,None, , , , 
14212, ,0.11758495540521564,2.300430119772921e-11,None,None,None,None, , , , 
14213, ,0.11758495540521564,2.465811075822604e-11,None,None,None,None, , , , 
14214, ,0.11758495540521564,2.643081486974103e-11,None,None,None,None, , , , 
14215, ,0.11758495540521564,2.8330961018393178e-11,None,None,None,None, , , , 
14216, ,0.11758495540521564,3.036771118035461e-11,None,None,None,None, , , , 
14217, ,0.11758495540521564,3.255088599835057e-11,None,None,None,None, , , , 
14218, ,0.11758495540521564,3.4891012134067674e-11,None,None,None,None, , , , 
14219, ,0.11758495540521564,3.739937302478801e-11,None,None,None,None, , , , 
14220, ,0.11758495540521564,4.0088063288984646e-11,None,None,None,None, , , , 
14221, ,0.11758495540521564,4.297004704320835e-11,None,None,None,None, , , , 
14222, ,0.11758495540521564,4.605922041145113e-11,None,None,None,None, , , , 
14223, ,0.11758495540521564,4.937047852839004e-11,None,None,None,None, , , , 
14224, ,0.11758495540521564,5.2919787359584366e-11,None,None,None,None, , , , 
14225, ,0.11758495540521564,5.672426068491989e-11,None,None,None,None, , , , 
14226, ,0.11758495540521564,6.080224261649427e-11,None,None,None,None, , , , 
14227, ,0.11758495540521564,6.517339604882421e-11,None,None,None,None, , , , 
14228, ,0.11758495540521564,6.985879746785235e-11,None,None,None,None, , , , 
14229, ,0.11758495540521564,7.48810385759003e-11,None,None,None,None, , , , 
14230, ,0.11758495540521564,8.026433522257174e-11,None,None,None,None, , , , 
14231, ,0.11758495540521564,8.603464416684492e-11,None,None,None,None, , , , 
14232, ,0.11758495540521564,9.221978823334341e-11,None,None,None,None, , , , 
14233, ,0.11758495540521564,9.884959046625586e-11,None,None,None,None, , , , 
14234, ,0.11758495540521564,1.0595601792776149e-10,None,None,None,None, , , , 
14235, ,0.11758495540521564,1.1357333583431027e-10,None,None,None,None, , , , 
14236, ,0.11758495540521564,1.217382727739662e-10,None,None,None,None, , , , 
14237, ,0.11758495540521564,1.3049019780144016e-10,None,None,None,None, , , , 
14238, ,0.11758495540521564,1.398713102647236e-10,None,None,None,None, , , , 
14239, ,0.11758495540521564,1.4992684327860468e-10,None,None,None,None, , , , 
14240, ,0.11758495540521564,1.6070528182616384e-10,None,None,None,None, , , , 
14241, ,0.11758495540521564,1.722585965398784e-10,None,None,None,None, , , , 
14242, ,0.11758495540521564,1.8464249428955463e-10,None,None,None,None, , , , 
14243, ,0.11758495540521564,1.9791668678535569e-10,None,None,None,None, , , , 
14244, ,0.11758495540521564,2.121451784910628e-10,None,None,None,None, , , , 
14245, ,0.11758495540521564,2.273965752357932e-10,None,None,None,None, , , , 
14246, ,0.11758495540521564,2.4374441501222216e-10,None,None,None,None, , , , 
14247, ,0.11758495540521564,2.6126752255633265e-10,None,None,None,None, , , , 
14248, ,0.11758495540521564,2.8005038941836253e-10,None,None,None,None, , , , 
14249, ,0.11758495540521564,3.0018358135755917e-10,None,None,None,None, , , , 
14250, ,0.11758495540521564,3.2176417502507347e-10,None,None,None,None, , , , 
14251, ,0.11758495540521564,3.4489622604057533e-10,None,None,None,None, , , , 
14252, ,0.11758495540521564,3.696912707195032e-10,None,None,None,None, , , , 
14253, ,0.11758495540521564,3.9626886387014783e-10,None,None,None,None, , , , 
14254, ,0.11758495540521564,4.2475715525368935e-10,None,None,None,None, , , , 
14255, ,0.11758495540521564,4.552935074866938e-10,None,None,None,None, , , , 
14256, ,0.11758495540521564,4.880251583654433e-10,None,None,None,None, , , , 
14257, ,0.11758495540521564,5.231099308056258e-10,None,None,None,None, , , , 
14258, ,0.11758495540521564,5.60716993820547e-10,None,None,None,None, , , , 
14259, ,0.11758495540521564,6.010276782070387e-10,None,None,None,None, , , , 
14260, ,0.11758495540521564,6.442363508721371e-10,None,None,None,None, , , , 
14261, ,0.11758495540521564,6.905513520162316e-10,None,None,None,None, , , , 
14262, ,0.11758495540521564,7.401959996915653e-10,None,None,None,None, , , , 
14263, ,0.11758495540521564,7.934096665797492e-10,None,None,None,None, , , , 
14264, ,0.11758495540521564,8.504489341802668e-10,None,None,None,None, , , , 
14265, ,0.11758495540521564,9.115888299750837e-10,None,None,None,None, , , , 
14266, ,0.11758495540521564,9.771241535346502e-10,None,None,None,None, , , , 
14267, ,0.11758495540521564,1.0473708979594486e-09,None,None,None,None, , , , 
14268, ,0.11758495540521564,1.1226677735108114e-09,None,None,None,None, , , , 
14269, ,0.11758495540521564,1.2033778407775904e-09,None,None,None,None, , , , 
14270, ,0.11758495540521564,1.289890261253308e-09,None,None,None,None, , , , 
14271, ,0.11758495540521564,1.3826221737646535e-09,None,None,None,None, , , , 
14272, ,0.11758495540521564,1.4820207057988602e-09,None,None,None,None, , , , 
14273, ,0.11758495540521564,1.5885651294280526e-09,None,None,None,None, , , , 
14274, ,0.11758495540521564,1.702769172225898e-09,None,None,None,None, , , , 
14275, ,0.11758495540521564,1.825183494319039e-09,None,None,None,None, , , , 
14276, ,0.11758495540521564,1.956398343517065e-09,None,None,None,None, , , , 
14277, ,0.11758495540521564,2.0970464013232305e-09,None,None,None,None, , , , 
14278, ,0.11758495540521564,2.2478058335487307e-09,None,None,None,None, , , , 
14279, ,0.11758495540521564,2.409403560239527e-09,None,None,None,None, , , , 
14280, ,0.11758495540521564,2.582618760682675e-09,None,None,None,None, , , , 
14281, ,0.11758495540521564,2.768286630392061e-09,None,None,None,None, , , , 
14282, ,0.11758495540521564,2.9673024081888724e-09,None,None,None,None, , , , 
14283, ,0.11758495540521564,3.180625692794119e-09,None,None,None,None, , , , 
14284, ,0.11758495540521564,3.409285069746807e-09,None,None,None,None, , , , 
14285, ,0.11758495540521564,3.654383070957262e-09,None,None,None,None, , , , 
14286, ,0.11758495540521564,3.917101490809261e-09,None,None,None,None, , , , 
14287, ,0.11758495540521564,4.198707084443906e-09,None,None,None,None, , , , 
14288, ,0.11758495540521564,4.500557675700488e-09,None,None,None,None, , , , 
14289, ,0.11758495540521564,4.824108704165374e-09,None,None,None,None, , , , 
14290, ,0.11758495540521564,5.170920242896755e-09,None,None,None,None, , , , 
14291, ,0.11758495540521564,5.542664520663096e-09,None,None,None,None, , , , 
14292, ,0.11758495540521564,5.941133984965041e-09,None,None,None,None, , , , 
14293, ,0.11758495540521564,6.3682499447185856e-09,None,None,None,None, , , , 
14294, ,0.11758495540521564,6.826071834272379e-09,None,None,None,None, , , , 
14295, ,0.11758495540521564,7.316807143427175e-09,None,None,None,None, , , , 
14296, ,0.11758495540521564,7.842822061337681e-09,None,None,None,None, , , , 
14297, ,0.11758495540521564,8.406652885618316e-09,None,None,None,None, , , , 
14298, ,0.11758495540521564,9.011018251665036e-09,None,None,None,None, , , , 
14299, ,0.11758495540521564,9.658832241158707e-09,None,None,None,None, , , , 
14300, ,0.11758495540521564,1.0353218432956616e-08,None,None,None,None, , , , 
14301, ,0.11758495540521564,1.1097524964120722e-08,None,None,None,None, , , , 
14302, ,0.11758495540521564,1.1895340673703208e-08,None,None,None,None, , , , 
14303, ,0.11758495540521564,1.2750512407130128e-08,None,None,None,None, , , , 
14304, ,0.11758495540521564,1.3667163564620044e-08,None,None,None,None, , , , 
14305, ,0.11758495540521564,1.4649713983072853e-08,None,None,None,None, , , , 
14306, ,0.11758495540521564,1.5702901247293774e-08,None,None,None,None, , , , 
14307, ,0.11758495540521564,1.683180353330955e-08,None,None,None,None, , , , 
14308, ,0.11758495540521564,1.8041864093920717e-08,None,None,None,None, , , , 
14309, ,0.11758495540521564,1.933891750455232e-08,None,None,None,None, , , , 
14310, ,0.11758495540521564,2.0729217795953697e-08,None,None,None,None, , , , 
14311, ,0.11758495540521564,2.221946860939524e-08,None,None,None,None, , , , 
14312, ,0.11758495540521564,2.3816855519761606e-08,None,None,None,None, , , , 
14313, ,0.11758495540521564,2.552908068239516e-08,None,None,None,None, , , , 
14314, ,0.11758495540521564,2.7364399970746666e-08,None,None,None,None, , , , 
14315, ,0.11758495540521564,2.933166278390042e-08,None,None,None,None, , , , 
14316, ,0.11758495540521564,3.1440354715915e-08,None,None,None,None, , , , 
14317, ,0.11758495540521564,3.370064329271925e-08,None,None,None,None, , , , 
14318, ,0.11758495540521564,3.612342699709431e-08,None,None,None,None, , , , 
14319, ,0.11758495540521564,3.872038781812557e-08,None,None,None,None, , , , 
14320, ,0.11758495540521564,4.1504047578504727e-08,None,None,None,None, , , , 
14321, ,0.11758495540521564,4.448782831127585e-08,None,None,None,None, , , , 
14322, ,0.11758495540521564,4.768611697714474e-08,None,None,None,None, , , , 
14323, ,0.11758495540521564,5.111433483440165e-08,None,None,None,None, , , , 
14324, ,0.11758495540521564,5.478901179593934e-08,None,None,None,None, , , , 
14325, ,0.11758495540521564,5.872786613189478e-08,None,None,None,None, , , , 
14326, ,0.11758495540521564,6.294988990221888e-08,None,None,None,None, , , , 
14327, ,0.11758495540521564,6.747544053110687e-08,None,None,None,None, , , , 
14328, ,0.11758495540521564,7.232633896483534e-08,None,None,None,None, , , , 
14329, ,0.11758495540521564,7.752597488629465e-08,None,None,None,None, , , , 
14330, ,0.11758495540521564,8.309941949353386e-08,None,None,None,None, , , , 
14331, ,0.11758495540521564,8.907354638610439e-08,None,None,None,None, , , , 
14332, ,0.11758495540521564,9.547716114208066e-08,None,None,None,None, , , , 
14333, ,0.11758495540521564,1.0234114021054528e-07,None,None,None,None, , , , 
14334, ,0.11758495540521564,1.0969857978923841e-07,None,None,None,None, , , , 
14335, ,0.11758495540521564,1.1758495540521555e-07,None,None,None,None, , , , 
14336, ,0.11758495540521564,1.2603829296797277e-07,None,None,None,None, , , , 
14337, ,0.11758495540521564,1.350993521198025e-07,None,None,None,None, , , , 
14338, ,0.11758495540521564,1.4481182276745328e-07,None,None,None,None, , , , 
14339, ,0.11758495540521564,1.552225357427048e-07,None,None,None,None, , , , 
14340, ,0.11758495540521564,1.6638168860761273e-07,None,None,None,None, , , , 
14341, ,0.11758495540521564,1.7834308769319093e-07,None,None,None,None, , , , 
14342, ,0.11758495540521564,1.9116440753857e-07,None,None,None,None, , , , 
14343, ,0.11758495540521564,2.049074689815846e-07,None,None,None,None, , , , 
14344, ,0.11758495540521564,2.1963853724165468e-07,None,None,None,None, , , , 
14345, ,0.11758495540521564,2.3542864143224158e-07,None,None,None,None, , , , 
14346, ,0.11758495540521564,2.523539170434766e-07,None,None,None,None, , , , 
14347, ,0.11758495540521564,2.7049597304631316e-07,None,None,None,None, , , , 
14348, ,0.11758495540521564,2.899422853882875e-07,None,None,None,None, , , , 
14349, ,0.11758495540521564,3.107866187782014e-07,None,None,None,None, , , , 
14350, ,0.11758495540521564,3.33129478793467e-07,None,None,None,None, , , , 
14351, ,0.11758495540521564,3.5707859649004626e-07,None,None,None,None, , , , 
14352, ,0.11758495540521564,3.827494478516307e-07,None,None,None,None, , , , 
14353, ,0.11758495540521564,4.1026581058271904e-07,None,None,None,None, , , , 
14354, ,0.11758495540521564,4.397603609302722e-07,None,None,None,None, , , , 
14355, ,0.11758495540521564,4.7137531341167185e-07,None,None,None,None, , , , 
14356, ,0.11758495540521564,5.052631065335679e-07,None,None,None,None, , , , 
14357, ,0.11758495540521564,5.415871378079465e-07,None,None,None,None, , , , 
14358, ,0.11758495540521564,5.805225516094896e-07,None,None,None,None, , , , 
14359, ,0.11758495540521564,6.222570836730232e-07,None,None,None,None, , , , 
14360, ,0.11758495540521564,6.669919663030115e-07,None,None,None,None, , , , 
14361, ,0.11758495540521564,7.149428986597576e-07,None,None,None,None, , , , 
14362, ,0.11758495540521564,7.663410868007445e-07,None,None,None,None, , , , 
14363, ,0.11758495540521564,8.214343584919422e-07,None,None,None,None, , , , 
14364, ,0.11758495540521564,8.804883581643463e-07,None,None,None,None, , , , 
14365, ,0.11758495540521564,9.437878277775371e-07,None,None,None,None, , , , 
14366, ,0.11758495540521564,1.0116379797662072e-06,None,None,None,None, , , , 
14367, ,0.11758495540521564,1.0843659686896086e-06,None,None,None,None, , , , 
14368, ,0.11758495540521564,1.1623224686798522e-06,None,None,None,None, , , , 
14369, ,0.11758495540521564,1.2458833642950078e-06,None,None,None,None, , , , 
14370, ,0.11758495540521564,1.3354515629298971e-06,None,None,None,None, , , , 
14371, ,0.11758495540521564,1.4314589375234786e-06,None,None,None,None, , , , 
14372, ,0.11758495540521564,1.53436840893001e-06,None,None,None,None, , , , 
14373, ,0.11758495540521564,1.6446761779946631e-06,None,None,None,None, , , , 
14374, ,0.11758495540521564,1.762914118095948e-06,None,None,None,None, , , , 
14375, ,0.11758495540521564,1.8896523396912082e-06,None,None,None,None, , , , 
14376, ,0.11758495540521564,2.0255019392306664e-06,None,None,None,None, , , , 
14377, ,0.11758495540521564,2.171117945694501e-06,None,None,None,None, , , , 
14378, ,0.11758495540521564,2.327202478960408e-06,None,None,None,None, , , , 
14379, ,0.11758495540521564,2.494508135230317e-06,None,None,None,None, , , , 
14380, ,0.11758495540521564,2.673841615839944e-06,None,None,None,None, , , , 
14381, ,0.11758495540521564,2.8660676169482507e-06,None,None,None,None, , , , 
14382, ,0.11758495540521564,3.0721129988617524e-06,None,None,None,None, , , , 
14383, ,0.11758495540521564,3.292971255097148e-06,None,None,None,None, , , , 
14384, ,0.11758495540521564,3.5297073027306505e-06,None,None,None,None, , , , 
14385, ,0.11758495540521564,3.783462617131925e-06,None,None,None,None, , , , 
14386, ,0.11758495540521564,4.0554607358408275e-06,None,None,None,None, , , , 
14387, ,0.11758495540521564,4.3470131581250175e-06,None,None,None,None, , , , 
14388, ,0.11758495540521564,4.6595256686646765e-06,None,None,None,None, , , , 
14389, ,0.11758495540521564,4.99450511585514e-06,None,None,None,None, , , , 
14390, ,0.11758495540521564,5.353566677410719e-06,None,None,None,None, , , , 
14391, ,0.11758495540521564,5.738441648302393e-06,None,None,None,None, , , , 
14392, ,0.11758495540521564,6.150985788580505e-06,None,None,None,None, , , , 
14393, ,0.11758495540521564,6.593188271333541e-06,None,None,None,None, , , , 
14394, ,0.11758495540521564,7.067181273927492e-06,None,None,None,None, , , , 
14395, ,0.11758495540521564,7.575250258771904e-06,None,None,None,None, , , , 
14396, ,0.11758495540521564,8.119844993184007e-06,None,None,None,None, , , , 
14397, ,0.11758495540521564,8.703591361485167e-06,None,None,None,None, , , , 
14398, ,0.11758495540521564,9.329304026284676e-06,None,None,None,None, , , , 
14399, ,0.11758495540521564,1e-05,None,None,None,None, , , , 
14400, ,0.12173827277396615,1e-11,None,None,None,None, , , , 
14401, ,0.12173827277396615,1.0718913192051263e-11,None,None,None,None, , , , 
14402, ,0.12173827277396615,1.1489510001873107e-11,None,None,None,None, , , , 
14403, ,0.12173827277396615,1.2315506032928262e-11,None,None,None,None, , , , 
14404, ,0.12173827277396615,1.3200884008314167e-11,None,None,None,None, , , , 
14405, ,0.12173827277396615,1.4149912974345786e-11,None,None,None,None, , , , 
14406, ,0.12173827277396615,1.5167168884709242e-11,None,None,None,None, , , , 
14407, ,0.12173827277396615,1.6257556664437934e-11,None,None,None,None, , , , 
14408, ,0.12173827277396615,1.7426333860096473e-11,None,None,None,None, , , , 
14409, ,0.12173827277396615,1.8679135990207848e-11,None,None,None,None, , , , 
14410, ,0.12173827277396615,2.0022003718155844e-11,None,None,None,None, , , , 
14411, ,0.12173827277396615,2.1461411978584013e-11,None,None,None,None, , , , 
14412, ,0.12173827277396615,2.300430119772921e-11,None,None,None,None, , , , 
14413, ,0.12173827277396615,2.465811075822604e-11,None,None,None,None, , , , 
14414, ,0.12173827277396615,2.643081486974103e-11,None,None,None,None, , , , 
14415, ,0.12173827277396615,2.8330961018393178e-11,None,None,None,None, , , , 
14416, ,0.12173827277396615,3.036771118035461e-11,None,None,None,None, , , , 
14417, ,0.12173827277396615,3.255088599835057e-11,None,None,None,None, , , , 
14418, ,0.12173827277396615,3.4891012134067674e-11,None,None,None,None, , , , 
14419, ,0.12173827277396615,3.739937302478801e-11,None,None,None,None, , , , 
14420, ,0.12173827277396615,4.0088063288984646e-11,None,None,None,None, , , , 
14421, ,0.12173827277396615,4.297004704320835e-11,None,None,None,None, , , , 
14422, ,0.12173827277396615,4.605922041145113e-11,None,None,None,None, , , , 
14423, ,0.12173827277396615,4.937047852839004e-11,None,None,None,None, , , , 
14424, ,0.12173827277396615,5.2919787359584366e-11,None,None,None,None, , , , 
14425, ,0.12173827277396615,5.672426068491989e-11,None,None,None,None, , , , 
14426, ,0.12173827277396615,6.080224261649427e-11,None,None,None,None, , , , 
14427, ,0.12173827277396615,6.517339604882421e-11,None,None,None,None, , , , 
14428, ,0.12173827277396615,6.985879746785235e-11,None,None,None,None, , , , 
14429, ,0.12173827277396615,7.48810385759003e-11,None,None,None,None, , , , 
14430, ,0.12173827277396615,8.026433522257174e-11,None,None,None,None, , , , 
14431, ,0.12173827277396615,8.603464416684492e-11,None,None,None,None, , , , 
14432, ,0.12173827277396615,9.221978823334341e-11,None,None,None,None, , , , 
14433, ,0.12173827277396615,9.884959046625586e-11,None,None,None,None, , , , 
14434, ,0.12173827277396615,1.0595601792776149e-10,None,None,None,None, , , , 
14435, ,0.12173827277396615,1.1357333583431027e-10,None,None,None,None, , , , 
14436, ,0.12173827277396615,1.217382727739662e-10,None,None,None,None, , , , 
14437, ,0.12173827277396615,1.3049019780144016e-10,None,None,None,None, , , , 
14438, ,0.12173827277396615,1.398713102647236e-10,None,None,None,None, , , , 
14439, ,0.12173827277396615,1.4992684327860468e-10,None,None,None,None, , , , 
14440, ,0.12173827277396615,1.6070528182616384e-10,None,None,None,None, , , , 
14441, ,0.12173827277396615,1.722585965398784e-10,None,None,None,None, , , , 
14442, ,0.12173827277396615,1.8464249428955463e-10,None,None,None,None, , , , 
14443, ,0.12173827277396615,1.9791668678535569e-10,None,None,None,None, , , , 
14444, ,0.12173827277396615,2.121451784910628e-10,None,None,None,None, , , , 
14445, ,0.12173827277396615,2.273965752357932e-10,None,None,None,None, , , , 
14446, ,0.12173827277396615,2.4374441501222216e-10,None,None,None,None, , , , 
14447, ,0.12173827277396615,2.6126752255633265e-10,None,None,None,None, , , , 
14448, ,0.12173827277396615,2.8005038941836253e-10,None,None,None,None, , , , 
14449, ,0.12173827277396615,3.0018358135755917e-10,None,None,None,None, , , , 
14450, ,0.12173827277396615,3.2176417502507347e-10,None,None,None,None, , , , 
14451, ,0.12173827277396615,3.4489622604057533e-10,None,None,None,None, , , , 
14452, ,0.12173827277396615,3.696912707195032e-10,None,None,None,None, , , , 
14453, ,0.12173827277396615,3.9626886387014783e-10,None,None,None,None, , , , 
14454, ,0.12173827277396615,4.2475715525368935e-10,None,None,None,None, , , , 
14455, ,0.12173827277396615,4.552935074866938e-10,None,None,None,None, , , , 
14456, ,0.12173827277396615,4.880251583654433e-10,None,None,None,None, , , , 
14457, ,0.12173827277396615,5.231099308056258e-10,None,None,None,None, , , , 
14458, ,0.12173827277396615,5.60716993820547e-10,None,None,None,None, , , , 
14459, ,0.12173827277396615,6.010276782070387e-10,None,None,None,None, , , , 
14460, ,0.12173827277396615,6.442363508721371e-10,None,None,None,None, , , , 
14461, ,0.12173827277396615,6.905513520162316e-10,None,None,None,None, , , , 
14462, ,0.12173827277396615,7.401959996915653e-10,None,None,None,None, , , , 
14463, ,0.12173827277396615,7.934096665797492e-10,None,None,None,None, , , , 
14464, ,0.12173827277396615,8.504489341802668e-10,None,None,None,None, , , , 
14465, ,0.12173827277396615,9.115888299750837e-10,None,None,None,None, , , , 
14466, ,0.12173827277396615,9.771241535346502e-10,None,None,None,None, , , , 
14467, ,0.12173827277396615,1.0473708979594486e-09,None,None,None,None, , , , 
14468, ,0.12173827277396615,1.1226677735108114e-09,None,None,None,None, , , , 
14469, ,0.12173827277396615,1.2033778407775904e-09,None,None,None,None, , , , 
14470, ,0.12173827277396615,1.289890261253308e-09,None,None,None,None, , , , 
14471, ,0.12173827277396615,1.3826221737646535e-09,None,None,None,None, , , , 
14472, ,0.12173827277396615,1.4820207057988602e-09,None,None,None,None, , , , 
14473, ,0.12173827277396615,1.5885651294280526e-09,None,None,None,None, , , , 
14474, ,0.12173827277396615,1.702769172225898e-09,None,None,None,None, , , , 
14475, ,0.12173827277396615,1.825183494319039e-09,None,None,None,None, , , , 
14476, ,0.12173827277396615,1.956398343517065e-09,None,None,None,None, , , , 
14477, ,0.12173827277396615,2.0970464013232305e-09,None,None,None,None, , , , 
14478, ,0.12173827277396615,2.2478058335487307e-09,None,None,None,None, , , , 
14479, ,0.12173827277396615,2.409403560239527e-09,None,None,None,None, , , , 
14480, ,0.12173827277396615,2.582618760682675e-09,None,None,None,None, , , , 
14481, ,0.12173827277396615,2.768286630392061e-09,None,None,None,None, , , , 
14482, ,0.12173827277396615,2.9673024081888724e-09,None,None,None,None, , , , 
14483, ,0.12173827277396615,3.180625692794119e-09,None,None,None,None, , , , 
14484, ,0.12173827277396615,3.409285069746807e-09,None,None,None,None, , , , 
14485, ,0.12173827277396615,3.654383070957262e-09,None,None,None,None, , , , 
14486, ,0.12173827277396615,3.917101490809261e-09,None,None,None,None, , , , 
14487, ,0.12173827277396615,4.198707084443906e-09,None,None,None,None, , , , 
14488, ,0.12173827277396615,4.500557675700488e-09,None,None,None,None, , , , 
14489, ,0.12173827277396615,4.824108704165374e-09,None,None,None,None, , , , 
14490, ,0.12173827277396615,5.170920242896755e-09,None,None,None,None, , , , 
14491, ,0.12173827277396615,5.542664520663096e-09,None,None,None,None, , , , 
14492, ,0.12173827277396615,5.941133984965041e-09,None,None,None,None, , , , 
14493, ,0.12173827277396615,6.3682499447185856e-09,None,None,None,None, , , , 
14494, ,0.12173827277396615,6.826071834272379e-09,None,None,None,None, , , , 
14495, ,0.12173827277396615,7.316807143427175e-09,None,None,None,None, , , , 
14496, ,0.12173827277396615,7.842822061337681e-09,None,None,None,None, , , , 
14497, ,0.12173827277396615,8.406652885618316e-09,None,None,None,None, , , , 
14498, ,0.12173827277396615,9.011018251665036e-09,None,None,None,None, , , , 
14499, ,0.12173827277396615,9.658832241158707e-09,None,None,None,None, , , , 
14500, ,0.12173827277396615,1.0353218432956616e-08,None,None,None,None, , , , 
14501, ,0.12173827277396615,1.1097524964120722e-08,None,None,None,None, , , , 
14502, ,0.12173827277396615,1.1895340673703208e-08,None,None,None,None, , , , 
14503, ,0.12173827277396615,1.2750512407130128e-08,None,None,None,None, , , , 
14504, ,0.12173827277396615,1.3667163564620044e-08,None,None,None,None, , , , 
14505, ,0.12173827277396615,1.4649713983072853e-08,None,None,None,None, , , , 
14506, ,0.12173827277396615,1.5702901247293774e-08,None,None,None,None, , , , 
14507, ,0.12173827277396615,1.683180353330955e-08,None,None,None,None, , , , 
14508, ,0.12173827277396615,1.8041864093920717e-08,None,None,None,None, , , , 
14509, ,0.12173827277396615,1.933891750455232e-08,None,None,None,None, , , , 
14510, ,0.12173827277396615,2.0729217795953697e-08,None,None,None,None, , , , 
14511, ,0.12173827277396615,2.221946860939524e-08,None,None,None,None, , , , 
14512, ,0.12173827277396615,2.3816855519761606e-08,None,None,None,None, , , , 
14513, ,0.12173827277396615,2.552908068239516e-08,None,None,None,None, , , , 
14514, ,0.12173827277396615,2.7364399970746666e-08,None,None,None,None, , , , 
14515, ,0.12173827277396615,2.933166278390042e-08,None,None,None,None, , , , 
14516, ,0.12173827277396615,3.1440354715915e-08,None,None,None,None, , , , 
14517, ,0.12173827277396615,3.370064329271925e-08,None,None,None,None, , , , 
14518, ,0.12173827277396615,3.612342699709431e-08,None,None,None,None, , , , 
14519, ,0.12173827277396615,3.872038781812557e-08,None,None,None,None, , , , 
14520, ,0.12173827277396615,4.1504047578504727e-08,None,None,None,None, , , , 
14521, ,0.12173827277396615,4.448782831127585e-08,None,None,None,None, , , , 
14522, ,0.12173827277396615,4.768611697714474e-08,None,None,None,None, , , , 
14523, ,0.12173827277396615,5.111433483440165e-08,None,None,None,None, , , , 
14524, ,0.12173827277396615,5.478901179593934e-08,None,None,None,None, , , , 
14525, ,0.12173827277396615,5.872786613189478e-08,None,None,None,None, , , , 
14526, ,0.12173827277396615,6.294988990221888e-08,None,None,None,None, , , , 
14527, ,0.12173827277396615,6.747544053110687e-08,None,None,None,None, , , , 
14528, ,0.12173827277396615,7.232633896483534e-08,None,None,None,None, , , , 
14529, ,0.12173827277396615,7.752597488629465e-08,None,None,None,None, , , , 
14530, ,0.12173827277396615,8.309941949353386e-08,None,None,None,None, , , , 
14531, ,0.12173827277396615,8.907354638610439e-08,None,None,None,None, , , , 
14532, ,0.12173827277396615,9.547716114208066e-08,None,None,None,None, , , , 
14533, ,0.12173827277396615,1.0234114021054528e-07,None,None,None,None, , , , 
14534, ,0.12173827277396615,1.0969857978923841e-07,None,None,None,None, , , , 
14535, ,0.12173827277396615,1.1758495540521555e-07,None,None,None,None, , , , 
14536, ,0.12173827277396615,1.2603829296797277e-07,None,None,None,None, , , , 
14537, ,0.12173827277396615,1.350993521198025e-07,None,None,None,None, , , , 
14538, ,0.12173827277396615,1.4481182276745328e-07,None,None,None,None, , , , 
14539, ,0.12173827277396615,1.552225357427048e-07,None,None,None,None, , , , 
14540, ,0.12173827277396615,1.6638168860761273e-07,None,None,None,None, , , , 
14541, ,0.12173827277396615,1.7834308769319093e-07,None,None,None,None, , , , 
14542, ,0.12173827277396615,1.9116440753857e-07,None,None,None,None, , , , 
14543, ,0.12173827277396615,2.049074689815846e-07,None,None,None,None, , , , 
14544, ,0.12173827277396615,2.1963853724165468e-07,None,None,None,None, , , , 
14545, ,0.12173827277396615,2.3542864143224158e-07,None,None,None,None, , , , 
14546, ,0.12173827277396615,2.523539170434766e-07,None,None,None,None, , , , 
14547, ,0.12173827277396615,2.7049597304631316e-07,None,None,None,None, , , , 
14548, ,0.12173827277396615,2.899422853882875e-07,None,None,None,None, , , , 
14549, ,0.12173827277396615,3.107866187782014e-07,None,None,None,None, , , , 
14550, ,0.12173827277396615,3.33129478793467e-07,None,None,None,None, , , , 
14551, ,0.12173827277396615,3.5707859649004626e-07,None,None,None,None, , , , 
14552, ,0.12173827277396615,3.827494478516307e-07,None,None,None,None, , , , 
14553, ,0.12173827277396615,4.1026581058271904e-07,None,None,None,None, , , , 
14554, ,0.12173827277396615,4.397603609302722e-07,None,None,None,None, , , , 
14555, ,0.12173827277396615,4.7137531341167185e-07,None,None,None,None, , , , 
14556, ,0.12173827277396615,5.052631065335679e-07,None,None,None,None, , , , 
14557, ,0.12173827277396615,5.415871378079465e-07,None,None,None,None, , , , 
14558, ,0.12173827277396615,5.805225516094896e-07,None,None,None,None, , , , 
14559, ,0.12173827277396615,6.222570836730232e-07,None,None,None,None, , , , 
14560, ,0.12173827277396615,6.669919663030115e-07,None,None,None,None, , , , 
14561, ,0.12173827277396615,7.149428986597576e-07,None,None,None,None, , , , 
14562, ,0.12173827277396615,7.663410868007445e-07,None,None,None,None, , , , 
14563, ,0.12173827277396615,8.214343584919422e-07,None,None,None,None, , , , 
14564, ,0.12173827277396615,8.804883581643463e-07,None,None,None,None, , , , 
14565, ,0.12173827277396615,9.437878277775371e-07,None,None,None,None, , , , 
14566, ,0.12173827277396615,1.0116379797662072e-06,None,None,None,None, , , , 
14567, ,0.12173827277396615,1.0843659686896086e-06,None,None,None,None, , , , 
14568, ,0.12173827277396615,1.1623224686798522e-06,None,None,None,None, , , , 
14569, ,0.12173827277396615,1.2458833642950078e-06,None,None,None,None, , , , 
14570, ,0.12173827277396615,1.3354515629298971e-06,None,None,None,None, , , , 
14571, ,0.12173827277396615,1.4314589375234786e-06,None,None,None,None, , , , 
14572, ,0.12173827277396615,1.53436840893001e-06,None,None,None,None, , , , 
14573, ,0.12173827277396615,1.6446761779946631e-06,None,None,None,None, , , , 
14574, ,0.12173827277396615,1.762914118095948e-06,None,None,None,None, , , , 
14575, ,0.12173827277396615,1.8896523396912082e-06,None,None,None,None, , , , 
14576, ,0.12173827277396615,2.0255019392306664e-06,None,None,None,None, , , , 
14577, ,0.12173827277396615,2.171117945694501e-06,None,None,None,None, , , , 
14578, ,0.12173827277396615,2.327202478960408e-06,None,None,None,None, , , , 
14579, ,0.12173827277396615,2.494508135230317e-06,None,None,None,None, , , , 
14580, ,0.12173827277396615,2.673841615839944e-06,None,None,None,None, , , , 
14581, ,0.12173827277396615,2.8660676169482507e-06,None,None,None,None, , , , 
14582, ,0.12173827277396615,3.0721129988617524e-06,None,None,None,None, , , , 
14583, ,0.12173827277396615,3.292971255097148e-06,None,None,None,None, , , , 
14584, ,0.12173827277396615,3.5297073027306505e-06,None,None,None,None, , , , 
14585, ,0.12173827277396615,3.783462617131925e-06,None,None,None,None, , , , 
14586, ,0.12173827277396615,4.0554607358408275e-06,None,None,None,None, , , , 
14587, ,0.12173827277396615,4.3470131581250175e-06,None,None,None,None, , , , 
14588, ,0.12173827277396615,4.6595256686646765e-06,None,None,None,None, , , , 
14589, ,0.12173827277396615,4.99450511585514e-06,None,None,None,None, , , , 
14590, ,0.12173827277396615,5.353566677410719e-06,None,None,None,None, , , , 
14591, ,0.12173827277396615,5.738441648302393e-06,None,None,None,None, , , , 
14592, ,0.12173827277396615,6.150985788580505e-06,None,None,None,None, , , , 
14593, ,0.12173827277396615,6.593188271333541e-06,None,None,None,None, , , , 
14594, ,0.12173827277396615,7.067181273927492e-06,None,None,None,None, , , , 
14595, ,0.12173827277396615,7.575250258771904e-06,None,None,None,None, , , , 
14596, ,0.12173827277396615,8.119844993184007e-06,None,None,None,None, , , , 
14597, ,0.12173827277396615,8.703591361485167e-06,None,None,None,None, , , , 
14598, ,0.12173827277396615,9.329304026284676e-06,None,None,None,None, , , , 
14599, ,0.12173827277396615,1e-05,None,None,None,None, , , , 
14600, ,0.12603829296797275,1e-11,None,None,None,None, , , , 
14601, ,0.12603829296797275,1.0718913192051263e-11,None,None,None,None, , , , 
14602, ,0.12603829296797275,1.1489510001873107e-11,None,None,None,None, , , , 
14603, ,0.12603829296797275,1.2315506032928262e-11,None,None,None,None, , , , 
14604, ,0.12603829296797275,1.3200884008314167e-11,None,None,None,None, , , , 
14605, ,0.12603829296797275,1.4149912974345786e-11,None,None,None,None, , , , 
14606, ,0.12603829296797275,1.5167168884709242e-11,None,None,None,None, , , , 
14607, ,0.12603829296797275,1.6257556664437934e-11,None,None,None,None, , , , 
14608, ,0.12603829296797275,1.7426333860096473e-11,None,None,None,None, , , , 
14609, ,0.12603829296797275,1.8679135990207848e-11,None,None,None,None, , , , 
14610, ,0.12603829296797275,2.0022003718155844e-11,None,None,None,None, , , , 
14611, ,0.12603829296797275,2.1461411978584013e-11,None,None,None,None, , , , 
14612, ,0.12603829296797275,2.300430119772921e-11,None,None,None,None, , , , 
14613, ,0.12603829296797275,2.465811075822604e-11,None,None,None,None, , , , 
14614, ,0.12603829296797275,2.643081486974103e-11,None,None,None,None, , , , 
14615, ,0.12603829296797275,2.8330961018393178e-11,None,None,None,None, , , , 
14616, ,0.12603829296797275,3.036771118035461e-11,None,None,None,None, , , , 
14617, ,0.12603829296797275,3.255088599835057e-11,None,None,None,None, , , , 
14618, ,0.12603829296797275,3.4891012134067674e-11,None,None,None,None, , , , 
14619, ,0.12603829296797275,3.739937302478801e-11,None,None,None,None, , , , 
14620, ,0.12603829296797275,4.0088063288984646e-11,None,None,None,None, , , , 
14621, ,0.12603829296797275,4.297004704320835e-11,None,None,None,None, , , , 
14622, ,0.12603829296797275,4.605922041145113e-11,None,None,None,None, , , , 
14623, ,0.12603829296797275,4.937047852839004e-11,None,None,None,None, , , , 
14624, ,0.12603829296797275,5.2919787359584366e-11,None,None,None,None, , , , 
14625, ,0.12603829296797275,5.672426068491989e-11,None,None,None,None, , , , 
14626, ,0.12603829296797275,6.080224261649427e-11,None,None,None,None, , , , 
14627, ,0.12603829296797275,6.517339604882421e-11,None,None,None,None, , , , 
14628, ,0.12603829296797275,6.985879746785235e-11,None,None,None,None, , , , 
14629, ,0.12603829296797275,7.48810385759003e-11,None,None,None,None, , , , 
14630, ,0.12603829296797275,8.026433522257174e-11,None,None,None,None, , , , 
14631, ,0.12603829296797275,8.603464416684492e-11,None,None,None,None, , , , 
14632, ,0.12603829296797275,9.221978823334341e-11,None,None,None,None, , , , 
14633, ,0.12603829296797275,9.884959046625586e-11,None,None,None,None, , , , 
14634, ,0.12603829296797275,1.0595601792776149e-10,None,None,None,None, , , , 
14635, ,0.12603829296797275,1.1357333583431027e-10,None,None,None,None, , , , 
14636, ,0.12603829296797275,1.217382727739662e-10,None,None,None,None, , , , 
14637, ,0.12603829296797275,1.3049019780144016e-10,None,None,None,None, , , , 
14638, ,0.12603829296797275,1.398713102647236e-10,None,None,None,None, , , , 
14639, ,0.12603829296797275,1.4992684327860468e-10,None,None,None,None, , , , 
14640, ,0.12603829296797275,1.6070528182616384e-10,None,None,None,None, , , , 
14641, ,0.12603829296797275,1.722585965398784e-10,None,None,None,None, , , , 
14642, ,0.12603829296797275,1.8464249428955463e-10,None,None,None,None, , , , 
14643, ,0.12603829296797275,1.9791668678535569e-10,None,None,None,None, , , , 
14644, ,0.12603829296797275,2.121451784910628e-10,None,None,None,None, , , , 
14645, ,0.12603829296797275,2.273965752357932e-10,None,None,None,None, , , , 
14646, ,0.12603829296797275,2.4374441501222216e-10,None,None,None,None, , , , 
14647, ,0.12603829296797275,2.6126752255633265e-10,None,None,None,None, , , , 
14648, ,0.12603829296797275,2.8005038941836253e-10,None,None,None,None, , , , 
14649, ,0.12603829296797275,3.0018358135755917e-10,None,None,None,None, , , , 
14650, ,0.12603829296797275,3.2176417502507347e-10,None,None,None,None, , , , 
14651, ,0.12603829296797275,3.4489622604057533e-10,None,None,None,None, , , , 
14652, ,0.12603829296797275,3.696912707195032e-10,None,None,None,None, , , , 
14653, ,0.12603829296797275,3.9626886387014783e-10,None,None,None,None, , , , 
14654, ,0.12603829296797275,4.2475715525368935e-10,None,None,None,None, , , , 
14655, ,0.12603829296797275,4.552935074866938e-10,None,None,None,None, , , , 
14656, ,0.12603829296797275,4.880251583654433e-10,None,None,None,None, , , , 
14657, ,0.12603829296797275,5.231099308056258e-10,None,None,None,None, , , , 
14658, ,0.12603829296797275,5.60716993820547e-10,None,None,None,None, , , , 
14659, ,0.12603829296797275,6.010276782070387e-10,None,None,None,None, , , , 
14660, ,0.12603829296797275,6.442363508721371e-10,None,None,None,None, , , , 
14661, ,0.12603829296797275,6.905513520162316e-10,None,None,None,None, , , , 
14662, ,0.12603829296797275,7.401959996915653e-10,None,None,None,None, , , , 
14663, ,0.12603829296797275,7.934096665797492e-10,None,None,None,None, , , , 
14664, ,0.12603829296797275,8.504489341802668e-10,None,None,None,None, , , , 
14665, ,0.12603829296797275,9.115888299750837e-10,None,None,None,None, , , , 
14666, ,0.12603829296797275,9.771241535346502e-10,None,None,None,None, , , , 
14667, ,0.12603829296797275,1.0473708979594486e-09,None,None,None,None, , , , 
14668, ,0.12603829296797275,1.1226677735108114e-09,None,None,None,None, , , , 
14669, ,0.12603829296797275,1.2033778407775904e-09,None,None,None,None, , , , 
14670, ,0.12603829296797275,1.289890261253308e-09,None,None,None,None, , , , 
14671, ,0.12603829296797275,1.3826221737646535e-09,None,None,None,None, , , , 
14672, ,0.12603829296797275,1.4820207057988602e-09,None,None,None,None, , , , 
14673, ,0.12603829296797275,1.5885651294280526e-09,None,None,None,None, , , , 
14674, ,0.12603829296797275,1.702769172225898e-09,None,None,None,None, , , , 
14675, ,0.12603829296797275,1.825183494319039e-09,None,None,None,None, , , , 
14676, ,0.12603829296797275,1.956398343517065e-09,None,None,None,None, , , , 
14677, ,0.12603829296797275,2.0970464013232305e-09,None,None,None,None, , , , 
14678, ,0.12603829296797275,2.2478058335487307e-09,None,None,None,None, , , , 
14679, ,0.12603829296797275,2.409403560239527e-09,None,None,None,None, , , , 
14680, ,0.12603829296797275,2.582618760682675e-09,None,None,None,None, , , , 
14681, ,0.12603829296797275,2.768286630392061e-09,None,None,None,None, , , , 
14682, ,0.12603829296797275,2.9673024081888724e-09,None,None,None,None, , , , 
14683, ,0.12603829296797275,3.180625692794119e-09,None,None,None,None, , , , 
14684, ,0.12603829296797275,3.409285069746807e-09,None,None,None,None, , , , 
14685, ,0.12603829296797275,3.654383070957262e-09,None,None,None,None, , , , 
14686, ,0.12603829296797275,3.917101490809261e-09,None,None,None,None, , , , 
14687, ,0.12603829296797275,4.198707084443906e-09,None,None,None,None, , , , 
14688, ,0.12603829296797275,4.500557675700488e-09,None,None,None,None, , , , 
14689, ,0.12603829296797275,4.824108704165374e-09,None,None,None,None, , , , 
14690, ,0.12603829296797275,5.170920242896755e-09,None,None,None,None, , , , 
14691, ,0.12603829296797275,5.542664520663096e-09,None,None,None,None, , , , 
14692, ,0.12603829296797275,5.941133984965041e-09,None,None,None,None, , , , 
14693, ,0.12603829296797275,6.3682499447185856e-09,None,None,None,None, , , , 
14694, ,0.12603829296797275,6.826071834272379e-09,None,None,None,None, , , , 
14695, ,0.12603829296797275,7.316807143427175e-09,None,None,None,None, , , , 
14696, ,0.12603829296797275,7.842822061337681e-09,None,None,None,None, , , , 
14697, ,0.12603829296797275,8.406652885618316e-09,None,None,None,None, , , , 
14698, ,0.12603829296797275,9.011018251665036e-09,None,None,None,None, , , , 
14699, ,0.12603829296797275,9.658832241158707e-09,None,None,None,None, , , , 
14700, ,0.12603829296797275,1.0353218432956616e-08,None,None,None,None, , , , 
14701, ,0.12603829296797275,1.1097524964120722e-08,None,None,None,None, , , , 
14702, ,0.12603829296797275,1.1895340673703208e-08,None,None,None,None, , , , 
14703, ,0.12603829296797275,1.2750512407130128e-08,None,None,None,None, , , , 
14704, ,0.12603829296797275,1.3667163564620044e-08,None,None,None,None, , , , 
14705, ,0.12603829296797275,1.4649713983072853e-08,None,None,None,None, , , , 
14706, ,0.12603829296797275,1.5702901247293774e-08,None,None,None,None, , , , 
14707, ,0.12603829296797275,1.683180353330955e-08,None,None,None,None, , , , 
14708, ,0.12603829296797275,1.8041864093920717e-08,None,None,None,None, , , , 
14709, ,0.12603829296797275,1.933891750455232e-08,None,None,None,None, , , , 
14710, ,0.12603829296797275,2.0729217795953697e-08,None,None,None,None, , , , 
14711, ,0.12603829296797275,2.221946860939524e-08,None,None,None,None, , , , 
14712, ,0.12603829296797275,2.3816855519761606e-08,None,None,None,None, , , , 
14713, ,0.12603829296797275,2.552908068239516e-08,None,None,None,None, , , , 
14714, ,0.12603829296797275,2.7364399970746666e-08,None,None,None,None, , , , 
14715, ,0.12603829296797275,2.933166278390042e-08,None,None,None,None, , , , 
14716, ,0.12603829296797275,3.1440354715915e-08,None,None,None,None, , , , 
14717, ,0.12603829296797275,3.370064329271925e-08,None,None,None,None, , , , 
14718, ,0.12603829296797275,3.612342699709431e-08,None,None,None,None, , , , 
14719, ,0.12603829296797275,3.872038781812557e-08,None,None,None,None, , , , 
14720, ,0.12603829296797275,4.1504047578504727e-08,None,None,None,None, , , , 
14721, ,0.12603829296797275,4.448782831127585e-08,None,None,None,None, , , , 
14722, ,0.12603829296797275,4.768611697714474e-08,None,None,None,None, , , , 
14723, ,0.12603829296797275,5.111433483440165e-08,None,None,None,None, , , , 
14724, ,0.12603829296797275,5.478901179593934e-08,None,None,None,None, , , , 
14725, ,0.12603829296797275,5.872786613189478e-08,None,None,None,None, , , , 
14726, ,0.12603829296797275,6.294988990221888e-08,None,None,None,None, , , , 
14727, ,0.12603829296797275,6.747544053110687e-08,None,None,None,None, , , , 
14728, ,0.12603829296797275,7.232633896483534e-08,None,None,None,None, , , , 
14729, ,0.12603829296797275,7.752597488629465e-08,None,None,None,None, , , , 
14730, ,0.12603829296797275,8.309941949353386e-08,None,None,None,None, , , , 
14731, ,0.12603829296797275,8.907354638610439e-08,None,None,None,None, , , , 
14732, ,0.12603829296797275,9.547716114208066e-08,None,None,None,None, , , , 
14733, ,0.12603829296797275,1.0234114021054528e-07,None,None,None,None, , , , 
14734, ,0.12603829296797275,1.0969857978923841e-07,None,None,None,None, , , , 
14735, ,0.12603829296797275,1.1758495540521555e-07,None,None,None,None, , , , 
14736, ,0.12603829296797275,1.2603829296797277e-07,None,None,None,None, , , , 
14737, ,0.12603829296797275,1.350993521198025e-07,None,None,None,None, , , , 
14738, ,0.12603829296797275,1.4481182276745328e-07,None,None,None,None, , , , 
14739, ,0.12603829296797275,1.552225357427048e-07,None,None,None,None, , , , 
14740, ,0.12603829296797275,1.6638168860761273e-07,None,None,None,None, , , , 
14741, ,0.12603829296797275,1.7834308769319093e-07,None,None,None,None, , , , 
14742, ,0.12603829296797275,1.9116440753857e-07,None,None,None,None, , , , 
14743, ,0.12603829296797275,2.049074689815846e-07,None,None,None,None, , , , 
14744, ,0.12603829296797275,2.1963853724165468e-07,None,None,None,None, , , , 
14745, ,0.12603829296797275,2.3542864143224158e-07,None,None,None,None, , , , 
14746, ,0.12603829296797275,2.523539170434766e-07,None,None,None,None, , , , 
14747, ,0.12603829296797275,2.7049597304631316e-07,None,None,None,None, , , , 
14748, ,0.12603829296797275,2.899422853882875e-07,None,None,None,None, , , , 
14749, ,0.12603829296797275,3.107866187782014e-07,None,None,None,None, , , , 
14750, ,0.12603829296797275,3.33129478793467e-07,None,None,None,None, , , , 
14751, ,0.12603829296797275,3.5707859649004626e-07,None,None,None,None, , , , 
14752, ,0.12603829296797275,3.827494478516307e-07,None,None,None,None, , , , 
14753, ,0.12603829296797275,4.1026581058271904e-07,None,None,None,None, , , , 
14754, ,0.12603829296797275,4.397603609302722e-07,None,None,None,None, , , , 
14755, ,0.12603829296797275,4.7137531341167185e-07,None,None,None,None, , , , 
14756, ,0.12603829296797275,5.052631065335679e-07,None,None,None,None, , , , 
14757, ,0.12603829296797275,5.415871378079465e-07,None,None,None,None, , , , 
14758, ,0.12603829296797275,5.805225516094896e-07,None,None,None,None, , , , 
14759, ,0.12603829296797275,6.222570836730232e-07,None,None,None,None, , , , 
14760, ,0.12603829296797275,6.669919663030115e-07,None,None,None,None, , , , 
14761, ,0.12603829296797275,7.149428986597576e-07,None,None,None,None, , , , 
14762, ,0.12603829296797275,7.663410868007445e-07,None,None,None,None, , , , 
14763, ,0.12603829296797275,8.214343584919422e-07,None,None,None,None, , , , 
14764, ,0.12603829296797275,8.804883581643463e-07,None,None,None,None, , , , 
14765, ,0.12603829296797275,9.437878277775371e-07,None,None,None,None, , , , 
14766, ,0.12603829296797275,1.0116379797662072e-06,None,None,None,None, , , , 
14767, ,0.12603829296797275,1.0843659686896086e-06,None,None,None,None, , , , 
14768, ,0.12603829296797275,1.1623224686798522e-06,None,None,None,None, , , , 
14769, ,0.12603829296797275,1.2458833642950078e-06,None,None,None,None, , , , 
14770, ,0.12603829296797275,1.3354515629298971e-06,None,None,None,None, , , , 
14771, ,0.12603829296797275,1.4314589375234786e-06,None,None,None,None, , , , 
14772, ,0.12603829296797275,1.53436840893001e-06,None,None,None,None, , , , 
14773, ,0.12603829296797275,1.6446761779946631e-06,None,None,None,None, , , , 
14774, ,0.12603829296797275,1.762914118095948e-06,None,None,None,None, , , , 
14775, ,0.12603829296797275,1.8896523396912082e-06,None,None,None,None, , , , 
14776, ,0.12603829296797275,2.0255019392306664e-06,None,None,None,None, , , , 
14777, ,0.12603829296797275,2.171117945694501e-06,None,None,None,None, , , , 
14778, ,0.12603829296797275,2.327202478960408e-06,None,None,None,None, , , , 
14779, ,0.12603829296797275,2.494508135230317e-06,None,None,None,None, , , , 
14780, ,0.12603829296797275,2.673841615839944e-06,None,None,None,None, , , , 
14781, ,0.12603829296797275,2.8660676169482507e-06,None,None,None,None, , , , 
14782, ,0.12603829296797275,3.0721129988617524e-06,None,None,None,None, , , , 
14783, ,0.12603829296797275,3.292971255097148e-06,None,None,None,None, , , , 
14784, ,0.12603829296797275,3.5297073027306505e-06,None,None,None,None, , , , 
14785, ,0.12603829296797275,3.783462617131925e-06,None,None,None,None, , , , 
14786, ,0.12603829296797275,4.0554607358408275e-06,None,None,None,None, , , , 
14787, ,0.12603829296797275,4.3470131581250175e-06,None,None,None,None, , , , 
14788, ,0.12603829296797275,4.6595256686646765e-06,None,None,None,None, , , , 
14789, ,0.12603829296797275,4.99450511585514e-06,None,None,None,None, , , , 
14790, ,0.12603829296797275,5.353566677410719e-06,None,None,None,None, , , , 
14791, ,0.12603829296797275,5.738441648302393e-06,None,None,None,None, , , , 
14792, ,0.12603829296797275,6.150985788580505e-06,None,None,None,None, , , , 
14793, ,0.12603829296797275,6.593188271333541e-06,None,None,None,None, , , , 
14794, ,0.12603829296797275,7.067181273927492e-06,None,None,None,None, , , , 
14795, ,0.12603829296797275,7.575250258771904e-06,None,None,None,None, , , , 
14796, ,0.12603829296797275,8.119844993184007e-06,None,None,None,None, , , , 
14797, ,0.12603829296797275,8.703591361485167e-06,None,None,None,None, , , , 
14798, ,0.12603829296797275,9.329304026284676e-06,None,None,None,None, , , , 
14799, ,0.12603829296797275,1e-05,None,None,None,None, , , , 
14800, ,0.13049019780144022,1e-11,None,None,None,None, , , , 
14801, ,0.13049019780144022,1.0718913192051263e-11,None,None,None,None, , , , 
14802, ,0.13049019780144022,1.1489510001873107e-11,None,None,None,None, , , , 
14803, ,0.13049019780144022,1.2315506032928262e-11,None,None,None,None, , , , 
14804, ,0.13049019780144022,1.3200884008314167e-11,None,None,None,None, , , , 
14805, ,0.13049019780144022,1.4149912974345786e-11,None,None,None,None, , , , 
14806, ,0.13049019780144022,1.5167168884709242e-11,None,None,None,None, , , , 
14807, ,0.13049019780144022,1.6257556664437934e-11,None,None,None,None, , , , 
14808, ,0.13049019780144022,1.7426333860096473e-11,None,None,None,None, , , , 
14809, ,0.13049019780144022,1.8679135990207848e-11,None,None,None,None, , , , 
14810, ,0.13049019780144022,2.0022003718155844e-11,None,None,None,None, , , , 
14811, ,0.13049019780144022,2.1461411978584013e-11,None,None,None,None, , , , 
14812, ,0.13049019780144022,2.300430119772921e-11,None,None,None,None, , , , 
14813, ,0.13049019780144022,2.465811075822604e-11,None,None,None,None, , , , 
14814, ,0.13049019780144022,2.643081486974103e-11,None,None,None,None, , , , 
14815, ,0.13049019780144022,2.8330961018393178e-11,None,None,None,None, , , , 
14816, ,0.13049019780144022,3.036771118035461e-11,None,None,None,None, , , , 
14817, ,0.13049019780144022,3.255088599835057e-11,None,None,None,None, , , , 
14818, ,0.13049019780144022,3.4891012134067674e-11,None,None,None,None, , , , 
14819, ,0.13049019780144022,3.739937302478801e-11,None,None,None,None, , , , 
14820, ,0.13049019780144022,4.0088063288984646e-11,None,None,None,None, , , , 
14821, ,0.13049019780144022,4.297004704320835e-11,None,None,None,None, , , , 
14822, ,0.13049019780144022,4.605922041145113e-11,None,None,None,None, , , , 
14823, ,0.13049019780144022,4.937047852839004e-11,None,None,None,None, , , , 
14824, ,0.13049019780144022,5.2919787359584366e-11,None,None,None,None, , , , 
14825, ,0.13049019780144022,5.672426068491989e-11,None,None,None,None, , , , 
14826, ,0.13049019780144022,6.080224261649427e-11,None,None,None,None, , , , 
14827, ,0.13049019780144022,6.517339604882421e-11,None,None,None,None, , , , 
14828, ,0.13049019780144022,6.985879746785235e-11,None,None,None,None, , , , 
14829, ,0.13049019780144022,7.48810385759003e-11,None,None,None,None, , , , 
14830, ,0.13049019780144022,8.026433522257174e-11,None,None,None,None, , , , 
14831, ,0.13049019780144022,8.603464416684492e-11,None,None,None,None, , , , 
14832, ,0.13049019780144022,9.221978823334341e-11,None,None,None,None, , , , 
14833, ,0.13049019780144022,9.884959046625586e-11,None,None,None,None, , , , 
14834, ,0.13049019780144022,1.0595601792776149e-10,None,None,None,None, , , , 
14835, ,0.13049019780144022,1.1357333583431027e-10,None,None,None,None, , , , 
14836, ,0.13049019780144022,1.217382727739662e-10,None,None,None,None, , , , 
14837, ,0.13049019780144022,1.3049019780144016e-10,None,None,None,None, , , , 
14838, ,0.13049019780144022,1.398713102647236e-10,None,None,None,None, , , , 
14839, ,0.13049019780144022,1.4992684327860468e-10,None,None,None,None, , , , 
14840, ,0.13049019780144022,1.6070528182616384e-10,None,None,None,None, , , , 
14841, ,0.13049019780144022,1.722585965398784e-10,None,None,None,None, , , , 
14842, ,0.13049019780144022,1.8464249428955463e-10,None,None,None,None, , , , 
14843, ,0.13049019780144022,1.9791668678535569e-10,None,None,None,None, , , , 
14844, ,0.13049019780144022,2.121451784910628e-10,None,None,None,None, , , , 
14845, ,0.13049019780144022,2.273965752357932e-10,None,None,None,None, , , , 
14846, ,0.13049019780144022,2.4374441501222216e-10,None,None,None,None, , , , 
14847, ,0.13049019780144022,2.6126752255633265e-10,None,None,None,None, , , , 
14848, ,0.13049019780144022,2.8005038941836253e-10,None,None,None,None, , , , 
14849, ,0.13049019780144022,3.0018358135755917e-10,None,None,None,None, , , , 
14850, ,0.13049019780144022,3.2176417502507347e-10,None,None,None,None, , , , 
14851, ,0.13049019780144022,3.4489622604057533e-10,None,None,None,None, , , , 
14852, ,0.13049019780144022,3.696912707195032e-10,None,None,None,None, , , , 
14853, ,0.13049019780144022,3.9626886387014783e-10,None,None,None,None, , , , 
14854, ,0.13049019780144022,4.2475715525368935e-10,None,None,None,None, , , , 
14855, ,0.13049019780144022,4.552935074866938e-10,None,None,None,None, , , , 
14856, ,0.13049019780144022,4.880251583654433e-10,None,None,None,None, , , , 
14857, ,0.13049019780144022,5.231099308056258e-10,None,None,None,None, , , , 
14858, ,0.13049019780144022,5.60716993820547e-10,None,None,None,None, , , , 
14859, ,0.13049019780144022,6.010276782070387e-10,None,None,None,None, , , , 
14860, ,0.13049019780144022,6.442363508721371e-10,None,None,None,None, , , , 
14861, ,0.13049019780144022,6.905513520162316e-10,None,None,None,None, , , , 
14862, ,0.13049019780144022,7.401959996915653e-10,None,None,None,None, , , , 
14863, ,0.13049019780144022,7.934096665797492e-10,None,None,None,None, , , , 
14864, ,0.13049019780144022,8.504489341802668e-10,None,None,None,None, , , , 
14865, ,0.13049019780144022,9.115888299750837e-10,None,None,None,None, , , , 
14866, ,0.13049019780144022,9.771241535346502e-10,None,None,None,None, , , , 
14867, ,0.13049019780144022,1.0473708979594486e-09,None,None,None,None, , , , 
14868, ,0.13049019780144022,1.1226677735108114e-09,None,None,None,None, , , , 
14869, ,0.13049019780144022,1.2033778407775904e-09,None,None,None,None, , , , 
14870, ,0.13049019780144022,1.289890261253308e-09,None,None,None,None, , , , 
14871, ,0.13049019780144022,1.3826221737646535e-09,None,None,None,None, , , , 
14872, ,0.13049019780144022,1.4820207057988602e-09,None,None,None,None, , , , 
14873, ,0.13049019780144022,1.5885651294280526e-09,None,None,None,None, , , , 
14874, ,0.13049019780144022,1.702769172225898e-09,None,None,None,None, , , , 
14875, ,0.13049019780144022,1.825183494319039e-09,None,None,None,None, , , , 
14876, ,0.13049019780144022,1.956398343517065e-09,None,None,None,None, , , , 
14877, ,0.13049019780144022,2.0970464013232305e-09,None,None,None,None, , , , 
14878, ,0.13049019780144022,2.2478058335487307e-09,None,None,None,None, , , , 
14879, ,0.13049019780144022,2.409403560239527e-09,None,None,None,None, , , , 
14880, ,0.13049019780144022,2.582618760682675e-09,None,None,None,None, , , , 
14881, ,0.13049019780144022,2.768286630392061e-09,None,None,None,None, , , , 
14882, ,0.13049019780144022,2.9673024081888724e-09,None,None,None,None, , , , 
14883, ,0.13049019780144022,3.180625692794119e-09,None,None,None,None, , , , 
14884, ,0.13049019780144022,3.409285069746807e-09,None,None,None,None, , , , 
14885, ,0.13049019780144022,3.654383070957262e-09,None,None,None,None, , , , 
14886, ,0.13049019780144022,3.917101490809261e-09,None,None,None,None, , , , 
14887, ,0.13049019780144022,4.198707084443906e-09,None,None,None,None, , , , 
14888, ,0.13049019780144022,4.500557675700488e-09,None,None,None,None, , , , 
14889, ,0.13049019780144022,4.824108704165374e-09,None,None,None,None, , , , 
14890, ,0.13049019780144022,5.170920242896755e-09,None,None,None,None, , , , 
14891, ,0.13049019780144022,5.542664520663096e-09,None,None,None,None, , , , 
14892, ,0.13049019780144022,5.941133984965041e-09,None,None,None,None, , , , 
14893, ,0.13049019780144022,6.3682499447185856e-09,None,None,None,None, , , , 
14894, ,0.13049019780144022,6.826071834272379e-09,None,None,None,None, , , , 
14895, ,0.13049019780144022,7.316807143427175e-09,None,None,None,None, , , , 
14896, ,0.13049019780144022,7.842822061337681e-09,None,None,None,None, , , , 
14897, ,0.13049019780144022,8.406652885618316e-09,None,None,None,None, , , , 
14898, ,0.13049019780144022,9.011018251665036e-09,None,None,None,None, , , , 
14899, ,0.13049019780144022,9.658832241158707e-09,None,None,None,None, , , , 
14900, ,0.13049019780144022,1.0353218432956616e-08,None,None,None,None, , , , 
14901, ,0.13049019780144022,1.1097524964120722e-08,None,None,None,None, , , , 
14902, ,0.13049019780144022,1.1895340673703208e-08,None,None,None,None, , , , 
14903, ,0.13049019780144022,1.2750512407130128e-08,None,None,None,None, , , , 
14904, ,0.13049019780144022,1.3667163564620044e-08,None,None,None,None, , , , 
14905, ,0.13049019780144022,1.4649713983072853e-08,None,None,None,None, , , , 
14906, ,0.13049019780144022,1.5702901247293774e-08,None,None,None,None, , , , 
14907, ,0.13049019780144022,1.683180353330955e-08,None,None,None,None, , , , 
14908, ,0.13049019780144022,1.8041864093920717e-08,None,None,None,None, , , , 
14909, ,0.13049019780144022,1.933891750455232e-08,None,None,None,None, , , , 
14910, ,0.13049019780144022,2.0729217795953697e-08,None,None,None,None, , , , 
14911, ,0.13049019780144022,2.221946860939524e-08,None,None,None,None, , , , 
14912, ,0.13049019780144022,2.3816855519761606e-08,None,None,None,None, , , , 
14913, ,0.13049019780144022,2.552908068239516e-08,None,None,None,None, , , , 
14914, ,0.13049019780144022,2.7364399970746666e-08,None,None,None,None, , , , 
14915, ,0.13049019780144022,2.933166278390042e-08,None,None,None,None, , , , 
14916, ,0.13049019780144022,3.1440354715915e-08,None,None,None,None, , , , 
14917, ,0.13049019780144022,3.370064329271925e-08,None,None,None,None, , , , 
14918, ,0.13049019780144022,3.612342699709431e-08,None,None,None,None, , , , 
14919, ,0.13049019780144022,3.872038781812557e-08,None,None,None,None, , , , 
14920, ,0.13049019780144022,4.1504047578504727e-08,None,None,None,None, , , , 
14921, ,0.13049019780144022,4.448782831127585e-08,None,None,None,None, , , , 
14922, ,0.13049019780144022,4.768611697714474e-08,None,None,None,None, , , , 
14923, ,0.13049019780144022,5.111433483440165e-08,None,None,None,None, , , , 
14924, ,0.13049019780144022,5.478901179593934e-08,None,None,None,None, , , , 
14925, ,0.13049019780144022,5.872786613189478e-08,None,None,None,None, , , , 
14926, ,0.13049019780144022,6.294988990221888e-08,None,None,None,None, , , , 
14927, ,0.13049019780144022,6.747544053110687e-08,None,None,None,None, , , , 
14928, ,0.13049019780144022,7.232633896483534e-08,None,None,None,None, , , , 
14929, ,0.13049019780144022,7.752597488629465e-08,None,None,None,None, , , , 
14930, ,0.13049019780144022,8.309941949353386e-08,None,None,None,None, , , , 
14931, ,0.13049019780144022,8.907354638610439e-08,None,None,None,None, , , , 
14932, ,0.13049019780144022,9.547716114208066e-08,None,None,None,None, , , , 
14933, ,0.13049019780144022,1.0234114021054528e-07,None,None,None,None, , , , 
14934, ,0.13049019780144022,1.0969857978923841e-07,None,None,None,None, , , , 
14935, ,0.13049019780144022,1.1758495540521555e-07,None,None,None,None, , , , 
14936, ,0.13049019780144022,1.2603829296797277e-07,None,None,None,None, , , , 
14937, ,0.13049019780144022,1.350993521198025e-07,None,None,None,None, , , , 
14938, ,0.13049019780144022,1.4481182276745328e-07,None,None,None,None, , , , 
14939, ,0.13049019780144022,1.552225357427048e-07,None,None,None,None, , , , 
14940, ,0.13049019780144022,1.6638168860761273e-07,None,None,None,None, , , , 
14941, ,0.13049019780144022,1.7834308769319093e-07,None,None,None,None, , , , 
14942, ,0.13049019780144022,1.9116440753857e-07,None,None,None,None, , , , 
14943, ,0.13049019780144022,2.049074689815846e-07,None,None,None,None, , , , 
14944, ,0.13049019780144022,2.1963853724165468e-07,None,None,None,None, , , , 
14945, ,0.13049019780144022,2.3542864143224158e-07,None,None,None,None, , , , 
14946, ,0.13049019780144022,2.523539170434766e-07,None,None,None,None, , , , 
14947, ,0.13049019780144022,2.7049597304631316e-07,None,None,None,None, , , , 
14948, ,0.13049019780144022,2.899422853882875e-07,None,None,None,None, , , , 
14949, ,0.13049019780144022,3.107866187782014e-07,None,None,None,None, , , , 
14950, ,0.13049019780144022,3.33129478793467e-07,None,None,None,None, , , , 
14951, ,0.13049019780144022,3.5707859649004626e-07,None,None,None,None, , , , 
14952, ,0.13049019780144022,3.827494478516307e-07,None,None,None,None, , , , 
14953, ,0.13049019780144022,4.1026581058271904e-07,None,None,None,None, , , , 
14954, ,0.13049019780144022,4.397603609302722e-07,None,None,None,None, , , , 
14955, ,0.13049019780144022,4.7137531341167185e-07,None,None,None,None, , , , 
14956, ,0.13049019780144022,5.052631065335679e-07,None,None,None,None, , , , 
14957, ,0.13049019780144022,5.415871378079465e-07,None,None,None,None, , , , 
14958, ,0.13049019780144022,5.805225516094896e-07,None,None,None,None, , , , 
14959, ,0.13049019780144022,6.222570836730232e-07,None,None,None,None, , , , 
14960, ,0.13049019780144022,6.669919663030115e-07,None,None,None,None, , , , 
14961, ,0.13049019780144022,7.149428986597576e-07,None,None,None,None, , , , 
14962, ,0.13049019780144022,7.663410868007445e-07,None,None,None,None, , , , 
14963, ,0.13049019780144022,8.214343584919422e-07,None,None,None,None, , , , 
14964, ,0.13049019780144022,8.804883581643463e-07,None,None,None,None, , , , 
14965, ,0.13049019780144022,9.437878277775371e-07,None,None,None,None, , , , 
14966, ,0.13049019780144022,1.0116379797662072e-06,None,None,None,None, , , , 
14967, ,0.13049019780144022,1.0843659686896086e-06,None,None,None,None, , , , 
14968, ,0.13049019780144022,1.1623224686798522e-06,None,None,None,None, , , , 
14969, ,0.13049019780144022,1.2458833642950078e-06,None,None,None,None, , , , 
14970, ,0.13049019780144022,1.3354515629298971e-06,None,None,None,None, , , , 
14971, ,0.13049019780144022,1.4314589375234786e-06,None,None,None,None, , , , 
14972, ,0.13049019780144022,1.53436840893001e-06,None,None,None,None, , , , 
14973, ,0.13049019780144022,1.6446761779946631e-06,None,None,None,None, , , , 
14974, ,0.13049019780144022,1.762914118095948e-06,None,None,None,None, , , , 
14975, ,0.13049019780144022,1.8896523396912082e-06,None,None,None,None, , , , 
14976, ,0.13049019780144022,2.0255019392306664e-06,None,None,None,None, , , , 
14977, ,0.13049019780144022,2.171117945694501e-06,None,None,None,None, , , , 
14978, ,0.13049019780144022,2.327202478960408e-06,None,None,None,None, , , , 
14979, ,0.13049019780144022,2.494508135230317e-06,None,None,None,None, , , , 
14980, ,0.13049019780144022,2.673841615839944e-06,None,None,None,None, , , , 
14981, ,0.13049019780144022,2.8660676169482507e-06,None,None,None,None, , , , 
14982, ,0.13049019780144022,3.0721129988617524e-06,None,None,None,None, , , , 
14983, ,0.13049019780144022,3.292971255097148e-06,None,None,None,None, , , , 
14984, ,0.13049019780144022,3.5297073027306505e-06,None,None,None,None, , , , 
14985, ,0.13049019780144022,3.783462617131925e-06,None,None,None,None, , , , 
14986, ,0.13049019780144022,4.0554607358408275e-06,None,None,None,None, , , , 
14987, ,0.13049019780144022,4.3470131581250175e-06,None,None,None,None, , , , 
14988, ,0.13049019780144022,4.6595256686646765e-06,None,None,None,None, , , , 
14989, ,0.13049019780144022,4.99450511585514e-06,None,None,None,None, , , , 
14990, ,0.13049019780144022,5.353566677410719e-06,None,None,None,None, , , , 
14991, ,0.13049019780144022,5.738441648302393e-06,None,None,None,None, , , , 
14992, ,0.13049019780144022,6.150985788580505e-06,None,None,None,None, , , , 
14993, ,0.13049019780144022,6.593188271333541e-06,None,None,None,None, , , , 
14994, ,0.13049019780144022,7.067181273927492e-06,None,None,None,None, , , , 
14995, ,0.13049019780144022,7.575250258771904e-06,None,None,None,None, , , , 
14996, ,0.13049019780144022,8.119844993184007e-06,None,None,None,None, , , , 
14997, ,0.13049019780144022,8.703591361485167e-06,None,None,None,None, , , , 
14998, ,0.13049019780144022,9.329304026284676e-06,None,None,None,None, , , , 
14999, ,0.13049019780144022,1e-05,None,None,None,None, , , , 
15000, ,0.13509935211980265,1e-11,None,None,None,None, , , , 
15001, ,0.13509935211980265,1.0718913192051263e-11,None,None,None,None, , , , 
15002, ,0.13509935211980265,1.1489510001873107e-11,None,None,None,None, , , , 
15003, ,0.13509935211980265,1.2315506032928262e-11,None,None,None,None, , , , 
15004, ,0.13509935211980265,1.3200884008314167e-11,None,None,None,None, , , , 
15005, ,0.13509935211980265,1.4149912974345786e-11,None,None,None,None, , , , 
15006, ,0.13509935211980265,1.5167168884709242e-11,None,None,None,None, , , , 
15007, ,0.13509935211980265,1.6257556664437934e-11,None,None,None,None, , , , 
15008, ,0.13509935211980265,1.7426333860096473e-11,None,None,None,None, , , , 
15009, ,0.13509935211980265,1.8679135990207848e-11,None,None,None,None, , , , 
15010, ,0.13509935211980265,2.0022003718155844e-11,None,None,None,None, , , , 
15011, ,0.13509935211980265,2.1461411978584013e-11,None,None,None,None, , , , 
15012, ,0.13509935211980265,2.300430119772921e-11,None,None,None,None, , , , 
15013, ,0.13509935211980265,2.465811075822604e-11,None,None,None,None, , , , 
15014, ,0.13509935211980265,2.643081486974103e-11,None,None,None,None, , , , 
15015, ,0.13509935211980265,2.8330961018393178e-11,None,None,None,None, , , , 
15016, ,0.13509935211980265,3.036771118035461e-11,None,None,None,None, , , , 
15017, ,0.13509935211980265,3.255088599835057e-11,None,None,None,None, , , , 
15018, ,0.13509935211980265,3.4891012134067674e-11,None,None,None,None, , , , 
15019, ,0.13509935211980265,3.739937302478801e-11,None,None,None,None, , , , 
15020, ,0.13509935211980265,4.0088063288984646e-11,None,None,None,None, , , , 
15021, ,0.13509935211980265,4.297004704320835e-11,None,None,None,None, , , , 
15022, ,0.13509935211980265,4.605922041145113e-11,None,None,None,None, , , , 
15023, ,0.13509935211980265,4.937047852839004e-11,None,None,None,None, , , , 
15024, ,0.13509935211980265,5.2919787359584366e-11,None,None,None,None, , , , 
15025, ,0.13509935211980265,5.672426068491989e-11,None,None,None,None, , , , 
15026, ,0.13509935211980265,6.080224261649427e-11,None,None,None,None, , , , 
15027, ,0.13509935211980265,6.517339604882421e-11,None,None,None,None, , , , 
15028, ,0.13509935211980265,6.985879746785235e-11,None,None,None,None, , , , 
15029, ,0.13509935211980265,7.48810385759003e-11,None,None,None,None, , , , 
15030, ,0.13509935211980265,8.026433522257174e-11,None,None,None,None, , , , 
15031, ,0.13509935211980265,8.603464416684492e-11,None,None,None,None, , , , 
15032, ,0.13509935211980265,9.221978823334341e-11,None,None,None,None, , , , 
15033, ,0.13509935211980265,9.884959046625586e-11,None,None,None,None, , , , 
15034, ,0.13509935211980265,1.0595601792776149e-10,None,None,None,None, , , , 
15035, ,0.13509935211980265,1.1357333583431027e-10,None,None,None,None, , , , 
15036, ,0.13509935211980265,1.217382727739662e-10,None,None,None,None, , , , 
15037, ,0.13509935211980265,1.3049019780144016e-10,None,None,None,None, , , , 
15038, ,0.13509935211980265,1.398713102647236e-10,None,None,None,None, , , , 
15039, ,0.13509935211980265,1.4992684327860468e-10,None,None,None,None, , , , 
15040, ,0.13509935211980265,1.6070528182616384e-10,None,None,None,None, , , , 
15041, ,0.13509935211980265,1.722585965398784e-10,None,None,None,None, , , , 
15042, ,0.13509935211980265,1.8464249428955463e-10,None,None,None,None, , , , 
15043, ,0.13509935211980265,1.9791668678535569e-10,None,None,None,None, , , , 
15044, ,0.13509935211980265,2.121451784910628e-10,None,None,None,None, , , , 
15045, ,0.13509935211980265,2.273965752357932e-10,None,None,None,None, , , , 
15046, ,0.13509935211980265,2.4374441501222216e-10,None,None,None,None, , , , 
15047, ,0.13509935211980265,2.6126752255633265e-10,None,None,None,None, , , , 
15048, ,0.13509935211980265,2.8005038941836253e-10,None,None,None,None, , , , 
15049, ,0.13509935211980265,3.0018358135755917e-10,None,None,None,None, , , , 
15050, ,0.13509935211980265,3.2176417502507347e-10,None,None,None,None, , , , 
15051, ,0.13509935211980265,3.4489622604057533e-10,None,None,None,None, , , , 
15052, ,0.13509935211980265,3.696912707195032e-10,None,None,None,None, , , , 
15053, ,0.13509935211980265,3.9626886387014783e-10,None,None,None,None, , , , 
15054, ,0.13509935211980265,4.2475715525368935e-10,None,None,None,None, , , , 
15055, ,0.13509935211980265,4.552935074866938e-10,None,None,None,None, , , , 
15056, ,0.13509935211980265,4.880251583654433e-10,None,None,None,None, , , , 
15057, ,0.13509935211980265,5.231099308056258e-10,None,None,None,None, , , , 
15058, ,0.13509935211980265,5.60716993820547e-10,None,None,None,None, , , , 
15059, ,0.13509935211980265,6.010276782070387e-10,None,None,None,None, , , , 
15060, ,0.13509935211980265,6.442363508721371e-10,None,None,None,None, , , , 
15061, ,0.13509935211980265,6.905513520162316e-10,None,None,None,None, , , , 
15062, ,0.13509935211980265,7.401959996915653e-10,None,None,None,None, , , , 
15063, ,0.13509935211980265,7.934096665797492e-10,None,None,None,None, , , , 
15064, ,0.13509935211980265,8.504489341802668e-10,None,None,None,None, , , , 
15065, ,0.13509935211980265,9.115888299750837e-10,None,None,None,None, , , , 
15066, ,0.13509935211980265,9.771241535346502e-10,None,None,None,None, , , , 
15067, ,0.13509935211980265,1.0473708979594486e-09,None,None,None,None, , , , 
15068, ,0.13509935211980265,1.1226677735108114e-09,None,None,None,None, , , , 
15069, ,0.13509935211980265,1.2033778407775904e-09,None,None,None,None, , , , 
15070, ,0.13509935211980265,1.289890261253308e-09,None,None,None,None, , , , 
15071, ,0.13509935211980265,1.3826221737646535e-09,None,None,None,None, , , , 
15072, ,0.13509935211980265,1.4820207057988602e-09,None,None,None,None, , , , 
15073, ,0.13509935211980265,1.5885651294280526e-09,None,None,None,None, , , , 
15074, ,0.13509935211980265,1.702769172225898e-09,None,None,None,None, , , , 
15075, ,0.13509935211980265,1.825183494319039e-09,None,None,None,None, , , , 
15076, ,0.13509935211980265,1.956398343517065e-09,None,None,None,None, , , , 
15077, ,0.13509935211980265,2.0970464013232305e-09,None,None,None,None, , , , 
15078, ,0.13509935211980265,2.2478058335487307e-09,None,None,None,None, , , , 
15079, ,0.13509935211980265,2.409403560239527e-09,None,None,None,None, , , , 
15080, ,0.13509935211980265,2.582618760682675e-09,None,None,None,None, , , , 
15081, ,0.13509935211980265,2.768286630392061e-09,None,None,None,None, , , , 
15082, ,0.13509935211980265,2.9673024081888724e-09,None,None,None,None, , , , 
15083, ,0.13509935211980265,3.180625692794119e-09,None,None,None,None, , , , 
15084, ,0.13509935211980265,3.409285069746807e-09,None,None,None,None, , , , 
15085, ,0.13509935211980265,3.654383070957262e-09,None,None,None,None, , , , 
15086, ,0.13509935211980265,3.917101490809261e-09,None,None,None,None, , , , 
15087, ,0.13509935211980265,4.198707084443906e-09,None,None,None,None, , , , 
15088, ,0.13509935211980265,4.500557675700488e-09,None,None,None,None, , , , 
15089, ,0.13509935211980265,4.824108704165374e-09,None,None,None,None, , , , 
15090, ,0.13509935211980265,5.170920242896755e-09,None,None,None,None, , , , 
15091, ,0.13509935211980265,5.542664520663096e-09,None,None,None,None, , , , 
15092, ,0.13509935211980265,5.941133984965041e-09,None,None,None,None, , , , 
15093, ,0.13509935211980265,6.3682499447185856e-09,None,None,None,None, , , , 
15094, ,0.13509935211980265,6.826071834272379e-09,None,None,None,None, , , , 
15095, ,0.13509935211980265,7.316807143427175e-09,None,None,None,None, , , , 
15096, ,0.13509935211980265,7.842822061337681e-09,None,None,None,None, , , , 
15097, ,0.13509935211980265,8.406652885618316e-09,None,None,None,None, , , , 
15098, ,0.13509935211980265,9.011018251665036e-09,None,None,None,None, , , , 
15099, ,0.13509935211980265,9.658832241158707e-09,None,None,None,None, , , , 
15100, ,0.13509935211980265,1.0353218432956616e-08,None,None,None,None, , , , 
15101, ,0.13509935211980265,1.1097524964120722e-08,None,None,None,None, , , , 
15102, ,0.13509935211980265,1.1895340673703208e-08,None,None,None,None, , , , 
15103, ,0.13509935211980265,1.2750512407130128e-08,None,None,None,None, , , , 
15104, ,0.13509935211980265,1.3667163564620044e-08,None,None,None,None, , , , 
15105, ,0.13509935211980265,1.4649713983072853e-08,None,None,None,None, , , , 
15106, ,0.13509935211980265,1.5702901247293774e-08,None,None,None,None, , , , 
15107, ,0.13509935211980265,1.683180353330955e-08,None,None,None,None, , , , 
15108, ,0.13509935211980265,1.8041864093920717e-08,None,None,None,None, , , , 
15109, ,0.13509935211980265,1.933891750455232e-08,None,None,None,None, , , , 
15110, ,0.13509935211980265,2.0729217795953697e-08,None,None,None,None, , , , 
15111, ,0.13509935211980265,2.221946860939524e-08,None,None,None,None, , , , 
15112, ,0.13509935211980265,2.3816855519761606e-08,None,None,None,None, , , , 
15113, ,0.13509935211980265,2.552908068239516e-08,None,None,None,None, , , , 
15114, ,0.13509935211980265,2.7364399970746666e-08,None,None,None,None, , , , 
15115, ,0.13509935211980265,2.933166278390042e-08,None,None,None,None, , , , 
15116, ,0.13509935211980265,3.1440354715915e-08,None,None,None,None, , , , 
15117, ,0.13509935211980265,3.370064329271925e-08,None,None,None,None, , , , 
15118, ,0.13509935211980265,3.612342699709431e-08,None,None,None,None, , , , 
15119, ,0.13509935211980265,3.872038781812557e-08,None,None,None,None, , , , 
15120, ,0.13509935211980265,4.1504047578504727e-08,None,None,None,None, , , , 
15121, ,0.13509935211980265,4.448782831127585e-08,None,None,None,None, , , , 
15122, ,0.13509935211980265,4.768611697714474e-08,None,None,None,None, , , , 
15123, ,0.13509935211980265,5.111433483440165e-08,None,None,None,None, , , , 
15124, ,0.13509935211980265,5.478901179593934e-08,None,None,None,None, , , , 
15125, ,0.13509935211980265,5.872786613189478e-08,None,None,None,None, , , , 
15126, ,0.13509935211980265,6.294988990221888e-08,None,None,None,None, , , , 
15127, ,0.13509935211980265,6.747544053110687e-08,None,None,None,None, , , , 
15128, ,0.13509935211980265,7.232633896483534e-08,None,None,None,None, , , , 
15129, ,0.13509935211980265,7.752597488629465e-08,None,None,None,None, , , , 
15130, ,0.13509935211980265,8.309941949353386e-08,None,None,None,None, , , , 
15131, ,0.13509935211980265,8.907354638610439e-08,None,None,None,None, , , , 
15132, ,0.13509935211980265,9.547716114208066e-08,None,None,None,None, , , , 
15133, ,0.13509935211980265,1.0234114021054528e-07,None,None,None,None, , , , 
15134, ,0.13509935211980265,1.0969857978923841e-07,None,None,None,None, , , , 
15135, ,0.13509935211980265,1.1758495540521555e-07,None,None,None,None, , , , 
15136, ,0.13509935211980265,1.2603829296797277e-07,None,None,None,None, , , , 
15137, ,0.13509935211980265,1.350993521198025e-07,None,None,None,None, , , , 
15138, ,0.13509935211980265,1.4481182276745328e-07,None,None,None,None, , , , 
15139, ,0.13509935211980265,1.552225357427048e-07,None,None,None,None, , , , 
15140, ,0.13509935211980265,1.6638168860761273e-07,None,None,None,None, , , , 
15141, ,0.13509935211980265,1.7834308769319093e-07,None,None,None,None, , , , 
15142, ,0.13509935211980265,1.9116440753857e-07,None,None,None,None, , , , 
15143, ,0.13509935211980265,2.049074689815846e-07,None,None,None,None, , , , 
15144, ,0.13509935211980265,2.1963853724165468e-07,None,None,None,None, , , , 
15145, ,0.13509935211980265,2.3542864143224158e-07,None,None,None,None, , , , 
15146, ,0.13509935211980265,2.523539170434766e-07,None,None,None,None, , , , 
15147, ,0.13509935211980265,2.7049597304631316e-07,None,None,None,None, , , , 
15148, ,0.13509935211980265,2.899422853882875e-07,None,None,None,None, , , , 
15149, ,0.13509935211980265,3.107866187782014e-07,None,None,None,None, , , , 
15150, ,0.13509935211980265,3.33129478793467e-07,None,None,None,None, , , , 
15151, ,0.13509935211980265,3.5707859649004626e-07,None,None,None,None, , , , 
15152, ,0.13509935211980265,3.827494478516307e-07,None,None,None,None, , , , 
15153, ,0.13509935211980265,4.1026581058271904e-07,None,None,None,None, , , , 
15154, ,0.13509935211980265,4.397603609302722e-07,None,None,None,None, , , , 
15155, ,0.13509935211980265,4.7137531341167185e-07,None,None,None,None, , , , 
15156, ,0.13509935211980265,5.052631065335679e-07,None,None,None,None, , , , 
15157, ,0.13509935211980265,5.415871378079465e-07,None,None,None,None, , , , 
15158, ,0.13509935211980265,5.805225516094896e-07,None,None,None,None, , , , 
15159, ,0.13509935211980265,6.222570836730232e-07,None,None,None,None, , , , 
15160, ,0.13509935211980265,6.669919663030115e-07,None,None,None,None, , , , 
15161, ,0.13509935211980265,7.149428986597576e-07,None,None,None,None, , , , 
15162, ,0.13509935211980265,7.663410868007445e-07,None,None,None,None, , , , 
15163, ,0.13509935211980265,8.214343584919422e-07,None,None,None,None, , , , 
15164, ,0.13509935211980265,8.804883581643463e-07,None,None,None,None, , , , 
15165, ,0.13509935211980265,9.437878277775371e-07,None,None,None,None, , , , 
15166, ,0.13509935211980265,1.0116379797662072e-06,None,None,None,None, , , , 
15167, ,0.13509935211980265,1.0843659686896086e-06,None,None,None,None, , , , 
15168, ,0.13509935211980265,1.1623224686798522e-06,None,None,None,None, , , , 
15169, ,0.13509935211980265,1.2458833642950078e-06,None,None,None,None, , , , 
15170, ,0.13509935211980265,1.3354515629298971e-06,None,None,None,None, , , , 
15171, ,0.13509935211980265,1.4314589375234786e-06,None,None,None,None, , , , 
15172, ,0.13509935211980265,1.53436840893001e-06,None,None,None,None, , , , 
15173, ,0.13509935211980265,1.6446761779946631e-06,None,None,None,None, , , , 
15174, ,0.13509935211980265,1.762914118095948e-06,None,None,None,None, , , , 
15175, ,0.13509935211980265,1.8896523396912082e-06,None,None,None,None, , , , 
15176, ,0.13509935211980265,2.0255019392306664e-06,None,None,None,None, , , , 
15177, ,0.13509935211980265,2.171117945694501e-06,None,None,None,None, , , , 
15178, ,0.13509935211980265,2.327202478960408e-06,None,None,None,None, , , , 
15179, ,0.13509935211980265,2.494508135230317e-06,None,None,None,None, , , , 
15180, ,0.13509935211980265,2.673841615839944e-06,None,None,None,None, , , , 
15181, ,0.13509935211980265,2.8660676169482507e-06,None,None,None,None, , , , 
15182, ,0.13509935211980265,3.0721129988617524e-06,None,None,None,None, , , , 
15183, ,0.13509935211980265,3.292971255097148e-06,None,None,None,None, , , , 
15184, ,0.13509935211980265,3.5297073027306505e-06,None,None,None,None, , , , 
15185, ,0.13509935211980265,3.783462617131925e-06,None,None,None,None, , , , 
15186, ,0.13509935211980265,4.0554607358408275e-06,None,None,None,None, , , , 
15187, ,0.13509935211980265,4.3470131581250175e-06,None,None,None,None, , , , 
15188, ,0.13509935211980265,4.6595256686646765e-06,None,None,None,None, , , , 
15189, ,0.13509935211980265,4.99450511585514e-06,None,None,None,None, , , , 
15190, ,0.13509935211980265,5.353566677410719e-06,None,None,None,None, , , , 
15191, ,0.13509935211980265,5.738441648302393e-06,None,None,None,None, , , , 
15192, ,0.13509935211980265,6.150985788580505e-06,None,None,None,None, , , , 
15193, ,0.13509935211980265,6.593188271333541e-06,None,None,None,None, , , , 
15194, ,0.13509935211980265,7.067181273927492e-06,None,None,None,None, , , , 
15195, ,0.13509935211980265,7.575250258771904e-06,None,None,None,None, , , , 
15196, ,0.13509935211980265,8.119844993184007e-06,None,None,None,None, , , , 
15197, ,0.13509935211980265,8.703591361485167e-06,None,None,None,None, , , , 
15198, ,0.13509935211980265,9.329304026284676e-06,None,None,None,None, , , , 
15199, ,0.13509935211980265,1e-05,None,None,None,None, , , , 
15200, ,0.1398713102647238,1e-11,None,None,None,None, , , , 
15201, ,0.1398713102647238,1.0718913192051263e-11,None,None,None,None, , , , 
15202, ,0.1398713102647238,1.1489510001873107e-11,None,None,None,None, , , , 
15203, ,0.1398713102647238,1.2315506032928262e-11,None,None,None,None, , , , 
15204, ,0.1398713102647238,1.3200884008314167e-11,None,None,None,None, , , , 
15205, ,0.1398713102647238,1.4149912974345786e-11,None,None,None,None, , , , 
15206, ,0.1398713102647238,1.5167168884709242e-11,None,None,None,None, , , , 
15207, ,0.1398713102647238,1.6257556664437934e-11,None,None,None,None, , , , 
15208, ,0.1398713102647238,1.7426333860096473e-11,None,None,None,None, , , , 
15209, ,0.1398713102647238,1.8679135990207848e-11,None,None,None,None, , , , 
15210, ,0.1398713102647238,2.0022003718155844e-11,None,None,None,None, , , , 
15211, ,0.1398713102647238,2.1461411978584013e-11,None,None,None,None, , , , 
15212, ,0.1398713102647238,2.300430119772921e-11,None,None,None,None, , , , 
15213, ,0.1398713102647238,2.465811075822604e-11,None,None,None,None, , , , 
15214, ,0.1398713102647238,2.643081486974103e-11,None,None,None,None, , , , 
15215, ,0.1398713102647238,2.8330961018393178e-11,None,None,None,None, , , , 
15216, ,0.1398713102647238,3.036771118035461e-11,None,None,None,None, , , , 
15217, ,0.1398713102647238,3.255088599835057e-11,None,None,None,None, , , , 
15218, ,0.1398713102647238,3.4891012134067674e-11,None,None,None,None, , , , 
15219, ,0.1398713102647238,3.739937302478801e-11,None,None,None,None, , , , 
15220, ,0.1398713102647238,4.0088063288984646e-11,None,None,None,None, , , , 
15221, ,0.1398713102647238,4.297004704320835e-11,None,None,None,None, , , , 
15222, ,0.1398713102647238,4.605922041145113e-11,None,None,None,None, , , , 
15223, ,0.1398713102647238,4.937047852839004e-11,None,None,None,None, , , , 
15224, ,0.1398713102647238,5.2919787359584366e-11,None,None,None,None, , , , 
15225, ,0.1398713102647238,5.672426068491989e-11,None,None,None,None, , , , 
15226, ,0.1398713102647238,6.080224261649427e-11,None,None,None,None, , , , 
15227, ,0.1398713102647238,6.517339604882421e-11,None,None,None,None, , , , 
15228, ,0.1398713102647238,6.985879746785235e-11,None,None,None,None, , , , 
15229, ,0.1398713102647238,7.48810385759003e-11,None,None,None,None, , , , 
15230, ,0.1398713102647238,8.026433522257174e-11,None,None,None,None, , , , 
15231, ,0.1398713102647238,8.603464416684492e-11,None,None,None,None, , , , 
15232, ,0.1398713102647238,9.221978823334341e-11,None,None,None,None, , , , 
15233, ,0.1398713102647238,9.884959046625586e-11,None,None,None,None, , , , 
15234, ,0.1398713102647238,1.0595601792776149e-10,None,None,None,None, , , , 
15235, ,0.1398713102647238,1.1357333583431027e-10,None,None,None,None, , , , 
15236, ,0.1398713102647238,1.217382727739662e-10,None,None,None,None, , , , 
15237, ,0.1398713102647238,1.3049019780144016e-10,None,None,None,None, , , , 
15238, ,0.1398713102647238,1.398713102647236e-10,None,None,None,None, , , , 
15239, ,0.1398713102647238,1.4992684327860468e-10,None,None,None,None, , , , 
15240, ,0.1398713102647238,1.6070528182616384e-10,None,None,None,None, , , , 
15241, ,0.1398713102647238,1.722585965398784e-10,None,None,None,None, , , , 
15242, ,0.1398713102647238,1.8464249428955463e-10,None,None,None,None, , , , 
15243, ,0.1398713102647238,1.9791668678535569e-10,None,None,None,None, , , , 
15244, ,0.1398713102647238,2.121451784910628e-10,None,None,None,None, , , , 
15245, ,0.1398713102647238,2.273965752357932e-10,None,None,None,None, , , , 
15246, ,0.1398713102647238,2.4374441501222216e-10,None,None,None,None, , , , 
15247, ,0.1398713102647238,2.6126752255633265e-10,None,None,None,None, , , , 
15248, ,0.1398713102647238,2.8005038941836253e-10,None,None,None,None, , , , 
15249, ,0.1398713102647238,3.0018358135755917e-10,None,None,None,None, , , , 
15250, ,0.1398713102647238,3.2176417502507347e-10,None,None,None,None, , , , 
15251, ,0.1398713102647238,3.4489622604057533e-10,None,None,None,None, , , , 
15252, ,0.1398713102647238,3.696912707195032e-10,None,None,None,None, , , , 
15253, ,0.1398713102647238,3.9626886387014783e-10,None,None,None,None, , , , 
15254, ,0.1398713102647238,4.2475715525368935e-10,None,None,None,None, , , , 
15255, ,0.1398713102647238,4.552935074866938e-10,None,None,None,None, , , , 
15256, ,0.1398713102647238,4.880251583654433e-10,None,None,None,None, , , , 
15257, ,0.1398713102647238,5.231099308056258e-10,None,None,None,None, , , , 
15258, ,0.1398713102647238,5.60716993820547e-10,None,None,None,None, , , , 
15259, ,0.1398713102647238,6.010276782070387e-10,None,None,None,None, , , , 
15260, ,0.1398713102647238,6.442363508721371e-10,None,None,None,None, , , , 
15261, ,0.1398713102647238,6.905513520162316e-10,None,None,None,None, , , , 
15262, ,0.1398713102647238,7.401959996915653e-10,None,None,None,None, , , , 
15263, ,0.1398713102647238,7.934096665797492e-10,None,None,None,None, , , , 
15264, ,0.1398713102647238,8.504489341802668e-10,None,None,None,None, , , , 
15265, ,0.1398713102647238,9.115888299750837e-10,None,None,None,None, , , , 
15266, ,0.1398713102647238,9.771241535346502e-10,None,None,None,None, , , , 
15267, ,0.1398713102647238,1.0473708979594486e-09,None,None,None,None, , , , 
15268, ,0.1398713102647238,1.1226677735108114e-09,None,None,None,None, , , , 
15269, ,0.1398713102647238,1.2033778407775904e-09,None,None,None,None, , , , 
15270, ,0.1398713102647238,1.289890261253308e-09,None,None,None,None, , , , 
15271, ,0.1398713102647238,1.3826221737646535e-09,None,None,None,None, , , , 
15272, ,0.1398713102647238,1.4820207057988602e-09,None,None,None,None, , , , 
15273, ,0.1398713102647238,1.5885651294280526e-09,None,None,None,None, , , , 
15274, ,0.1398713102647238,1.702769172225898e-09,None,None,None,None, , , , 
15275, ,0.1398713102647238,1.825183494319039e-09,None,None,None,None, , , , 
15276, ,0.1398713102647238,1.956398343517065e-09,None,None,None,None, , , , 
15277, ,0.1398713102647238,2.0970464013232305e-09,None,None,None,None, , , , 
15278, ,0.1398713102647238,2.2478058335487307e-09,None,None,None,None, , , , 
15279, ,0.1398713102647238,2.409403560239527e-09,None,None,None,None, , , , 
15280, ,0.1398713102647238,2.582618760682675e-09,None,None,None,None, , , , 
15281, ,0.1398713102647238,2.768286630392061e-09,None,None,None,None, , , , 
15282, ,0.1398713102647238,2.9673024081888724e-09,None,None,None,None, , , , 
15283, ,0.1398713102647238,3.180625692794119e-09,None,None,None,None, , , , 
15284, ,0.1398713102647238,3.409285069746807e-09,None,None,None,None, , , , 
15285, ,0.1398713102647238,3.654383070957262e-09,None,None,None,None, , , , 
15286, ,0.1398713102647238,3.917101490809261e-09,None,None,None,None, , , , 
15287, ,0.1398713102647238,4.198707084443906e-09,None,None,None,None, , , , 
15288, ,0.1398713102647238,4.500557675700488e-09,None,None,None,None, , , , 
15289, ,0.1398713102647238,4.824108704165374e-09,None,None,None,None, , , , 
15290, ,0.1398713102647238,5.170920242896755e-09,None,None,None,None, , , , 
15291, ,0.1398713102647238,5.542664520663096e-09,None,None,None,None, , , , 
15292, ,0.1398713102647238,5.941133984965041e-09,None,None,None,None, , , , 
15293, ,0.1398713102647238,6.3682499447185856e-09,None,None,None,None, , , , 
15294, ,0.1398713102647238,6.826071834272379e-09,None,None,None,None, , , , 
15295, ,0.1398713102647238,7.316807143427175e-09,None,None,None,None, , , , 
15296, ,0.1398713102647238,7.842822061337681e-09,None,None,None,None, , , , 
15297, ,0.1398713102647238,8.406652885618316e-09,None,None,None,None, , , , 
15298, ,0.1398713102647238,9.011018251665036e-09,None,None,None,None, , , , 
15299, ,0.1398713102647238,9.658832241158707e-09,None,None,None,None, , , , 
15300, ,0.1398713102647238,1.0353218432956616e-08,None,None,None,None, , , , 
15301, ,0.1398713102647238,1.1097524964120722e-08,None,None,None,None, , , , 
15302, ,0.1398713102647238,1.1895340673703208e-08,None,None,None,None, , , , 
15303, ,0.1398713102647238,1.2750512407130128e-08,None,None,None,None, , , , 
15304, ,0.1398713102647238,1.3667163564620044e-08,None,None,None,None, , , , 
15305, ,0.1398713102647238,1.4649713983072853e-08,None,None,None,None, , , , 
15306, ,0.1398713102647238,1.5702901247293774e-08,None,None,None,None, , , , 
15307, ,0.1398713102647238,1.683180353330955e-08,None,None,None,None, , , , 
15308, ,0.1398713102647238,1.8041864093920717e-08,None,None,None,None, , , , 
15309, ,0.1398713102647238,1.933891750455232e-08,None,None,None,None, , , , 
15310, ,0.1398713102647238,2.0729217795953697e-08,None,None,None,None, , , , 
15311, ,0.1398713102647238,2.221946860939524e-08,None,None,None,None, , , , 
15312, ,0.1398713102647238,2.3816855519761606e-08,None,None,None,None, , , , 
15313, ,0.1398713102647238,2.552908068239516e-08,None,None,None,None, , , , 
15314, ,0.1398713102647238,2.7364399970746666e-08,None,None,None,None, , , , 
15315, ,0.1398713102647238,2.933166278390042e-08,None,None,None,None, , , , 
15316, ,0.1398713102647238,3.1440354715915e-08,None,None,None,None, , , , 
15317, ,0.1398713102647238,3.370064329271925e-08,None,None,None,None, , , , 
15318, ,0.1398713102647238,3.612342699709431e-08,None,None,None,None, , , , 
15319, ,0.1398713102647238,3.872038781812557e-08,None,None,None,None, , , , 
15320, ,0.1398713102647238,4.1504047578504727e-08,None,None,None,None, , , , 
15321, ,0.1398713102647238,4.448782831127585e-08,None,None,None,None, , , , 
15322, ,0.1398713102647238,4.768611697714474e-08,None,None,None,None, , , , 
15323, ,0.1398713102647238,5.111433483440165e-08,None,None,None,None, , , , 
15324, ,0.1398713102647238,5.478901179593934e-08,None,None,None,None, , , , 
15325, ,0.1398713102647238,5.872786613189478e-08,None,None,None,None, , , , 
15326, ,0.1398713102647238,6.294988990221888e-08,None,None,None,None, , , , 
15327, ,0.1398713102647238,6.747544053110687e-08,None,None,None,None, , , , 
15328, ,0.1398713102647238,7.232633896483534e-08,None,None,None,None, , , , 
15329, ,0.1398713102647238,7.752597488629465e-08,None,None,None,None, , , , 
15330, ,0.1398713102647238,8.309941949353386e-08,None,None,None,None, , , , 
15331, ,0.1398713102647238,8.907354638610439e-08,None,None,None,None, , , , 
15332, ,0.1398713102647238,9.547716114208066e-08,None,None,None,None, , , , 
15333, ,0.1398713102647238,1.0234114021054528e-07,None,None,None,None, , , , 
15334, ,0.1398713102647238,1.0969857978923841e-07,None,None,None,None, , , , 
15335, ,0.1398713102647238,1.1758495540521555e-07,None,None,None,None, , , , 
15336, ,0.1398713102647238,1.2603829296797277e-07,None,None,None,None, , , , 
15337, ,0.1398713102647238,1.350993521198025e-07,None,None,None,None, , , , 
15338, ,0.1398713102647238,1.4481182276745328e-07,None,None,None,None, , , , 
15339, ,0.1398713102647238,1.552225357427048e-07,None,None,None,None, , , , 
15340, ,0.1398713102647238,1.6638168860761273e-07,None,None,None,None, , , , 
15341, ,0.1398713102647238,1.7834308769319093e-07,None,None,None,None, , , , 
15342, ,0.1398713102647238,1.9116440753857e-07,None,None,None,None, , , , 
15343, ,0.1398713102647238,2.049074689815846e-07,None,None,None,None, , , , 
15344, ,0.1398713102647238,2.1963853724165468e-07,None,None,None,None, , , , 
15345, ,0.1398713102647238,2.3542864143224158e-07,None,None,None,None, , , , 
15346, ,0.1398713102647238,2.523539170434766e-07,None,None,None,None, , , , 
15347, ,0.1398713102647238,2.7049597304631316e-07,None,None,None,None, , , , 
15348, ,0.1398713102647238,2.899422853882875e-07,None,None,None,None, , , , 
15349, ,0.1398713102647238,3.107866187782014e-07,None,None,None,None, , , , 
15350, ,0.1398713102647238,3.33129478793467e-07,None,None,None,None, , , , 
15351, ,0.1398713102647238,3.5707859649004626e-07,None,None,None,None, , , , 
15352, ,0.1398713102647238,3.827494478516307e-07,None,None,None,None, , , , 
15353, ,0.1398713102647238,4.1026581058271904e-07,None,None,None,None, , , , 
15354, ,0.1398713102647238,4.397603609302722e-07,None,None,None,None, , , , 
15355, ,0.1398713102647238,4.7137531341167185e-07,None,None,None,None, , , , 
15356, ,0.1398713102647238,5.052631065335679e-07,None,None,None,None, , , , 
15357, ,0.1398713102647238,5.415871378079465e-07,None,None,None,None, , , , 
15358, ,0.1398713102647238,5.805225516094896e-07,None,None,None,None, , , , 
15359, ,0.1398713102647238,6.222570836730232e-07,None,None,None,None, , , , 
15360, ,0.1398713102647238,6.669919663030115e-07,None,None,None,None, , , , 
15361, ,0.1398713102647238,7.149428986597576e-07,None,None,None,None, , , , 
15362, ,0.1398713102647238,7.663410868007445e-07,None,None,None,None, , , , 
15363, ,0.1398713102647238,8.214343584919422e-07,None,None,None,None, , , , 
15364, ,0.1398713102647238,8.804883581643463e-07,None,None,None,None, , , , 
15365, ,0.1398713102647238,9.437878277775371e-07,None,None,None,None, , , , 
15366, ,0.1398713102647238,1.0116379797662072e-06,None,None,None,None, , , , 
15367, ,0.1398713102647238,1.0843659686896086e-06,None,None,None,None, , , , 
15368, ,0.1398713102647238,1.1623224686798522e-06,None,None,None,None, , , , 
15369, ,0.1398713102647238,1.2458833642950078e-06,None,None,None,None, , , , 
15370, ,0.1398713102647238,1.3354515629298971e-06,None,None,None,None, , , , 
15371, ,0.1398713102647238,1.4314589375234786e-06,None,None,None,None, , , , 
15372, ,0.1398713102647238,1.53436840893001e-06,None,None,None,None, , , , 
15373, ,0.1398713102647238,1.6446761779946631e-06,None,None,None,None, , , , 
15374, ,0.1398713102647238,1.762914118095948e-06,None,None,None,None, , , , 
15375, ,0.1398713102647238,1.8896523396912082e-06,None,None,None,None, , , , 
15376, ,0.1398713102647238,2.0255019392306664e-06,None,None,None,None, , , , 
15377, ,0.1398713102647238,2.171117945694501e-06,None,None,None,None, , , , 
15378, ,0.1398713102647238,2.327202478960408e-06,None,None,None,None, , , , 
15379, ,0.1398713102647238,2.494508135230317e-06,None,None,None,None, , , , 
15380, ,0.1398713102647238,2.673841615839944e-06,None,None,None,None, , , , 
15381, ,0.1398713102647238,2.8660676169482507e-06,None,None,None,None, , , , 
15382, ,0.1398713102647238,3.0721129988617524e-06,None,None,None,None, , , , 
15383, ,0.1398713102647238,3.292971255097148e-06,None,None,None,None, , , , 
15384, ,0.1398713102647238,3.5297073027306505e-06,None,None,None,None, , , , 
15385, ,0.1398713102647238,3.783462617131925e-06,None,None,None,None, , , , 
15386, ,0.1398713102647238,4.0554607358408275e-06,None,None,None,None, , , , 
15387, ,0.1398713102647238,4.3470131581250175e-06,None,None,None,None, , , , 
15388, ,0.1398713102647238,4.6595256686646765e-06,None,None,None,None, , , , 
15389, ,0.1398713102647238,4.99450511585514e-06,None,None,None,None, , , , 
15390, ,0.1398713102647238,5.353566677410719e-06,None,None,None,None, , , , 
15391, ,0.1398713102647238,5.738441648302393e-06,None,None,None,None, , , , 
15392, ,0.1398713102647238,6.150985788580505e-06,None,None,None,None, , , , 
15393, ,0.1398713102647238,6.593188271333541e-06,None,None,None,None, , , , 
15394, ,0.1398713102647238,7.067181273927492e-06,None,None,None,None, , , , 
15395, ,0.1398713102647238,7.575250258771904e-06,None,None,None,None, , , , 
15396, ,0.1398713102647238,8.119844993184007e-06,None,None,None,None, , , , 
15397, ,0.1398713102647238,8.703591361485167e-06,None,None,None,None, , , , 
15398, ,0.1398713102647238,9.329304026284676e-06,None,None,None,None, , , , 
15399, ,0.1398713102647238,1e-05,None,None,None,None, , , , 
15400, ,0.1448118227674534,1e-11,None,None,None,None, , , , 
15401, ,0.1448118227674534,1.0718913192051263e-11,None,None,None,None, , , , 
15402, ,0.1448118227674534,1.1489510001873107e-11,None,None,None,None, , , , 
15403, ,0.1448118227674534,1.2315506032928262e-11,None,None,None,None, , , , 
15404, ,0.1448118227674534,1.3200884008314167e-11,None,None,None,None, , , , 
15405, ,0.1448118227674534,1.4149912974345786e-11,None,None,None,None, , , , 
15406, ,0.1448118227674534,1.5167168884709242e-11,None,None,None,None, , , , 
15407, ,0.1448118227674534,1.6257556664437934e-11,None,None,None,None, , , , 
15408, ,0.1448118227674534,1.7426333860096473e-11,None,None,None,None, , , , 
15409, ,0.1448118227674534,1.8679135990207848e-11,None,None,None,None, , , , 
15410, ,0.1448118227674534,2.0022003718155844e-11,None,None,None,None, , , , 
15411, ,0.1448118227674534,2.1461411978584013e-11,None,None,None,None, , , , 
15412, ,0.1448118227674534,2.300430119772921e-11,None,None,None,None, , , , 
15413, ,0.1448118227674534,2.465811075822604e-11,None,None,None,None, , , , 
15414, ,0.1448118227674534,2.643081486974103e-11,None,None,None,None, , , , 
15415, ,0.1448118227674534,2.8330961018393178e-11,None,None,None,None, , , , 
15416, ,0.1448118227674534,3.036771118035461e-11,None,None,None,None, , , , 
15417, ,0.1448118227674534,3.255088599835057e-11,None,None,None,None, , , , 
15418, ,0.1448118227674534,3.4891012134067674e-11,None,None,None,None, , , , 
15419, ,0.1448118227674534,3.739937302478801e-11,None,None,None,None, , , , 
15420, ,0.1448118227674534,4.0088063288984646e-11,None,None,None,None, , , , 
15421, ,0.1448118227674534,4.297004704320835e-11,None,None,None,None, , , , 
15422, ,0.1448118227674534,4.605922041145113e-11,None,None,None,None, , , , 
15423, ,0.1448118227674534,4.937047852839004e-11,None,None,None,None, , , , 
15424, ,0.1448118227674534,5.2919787359584366e-11,None,None,None,None, , , , 
15425, ,0.1448118227674534,5.672426068491989e-11,None,None,None,None, , , , 
15426, ,0.1448118227674534,6.080224261649427e-11,None,None,None,None, , , , 
15427, ,0.1448118227674534,6.517339604882421e-11,None,None,None,None, , , , 
15428, ,0.1448118227674534,6.985879746785235e-11,None,None,None,None, , , , 
15429, ,0.1448118227674534,7.48810385759003e-11,None,None,None,None, , , , 
15430, ,0.1448118227674534,8.026433522257174e-11,None,None,None,None, , , , 
15431, ,0.1448118227674534,8.603464416684492e-11,None,None,None,None, , , , 
15432, ,0.1448118227674534,9.221978823334341e-11,None,None,None,None, , , , 
15433, ,0.1448118227674534,9.884959046625586e-11,None,None,None,None, , , , 
15434, ,0.1448118227674534,1.0595601792776149e-10,None,None,None,None, , , , 
15435, ,0.1448118227674534,1.1357333583431027e-10,None,None,None,None, , , , 
15436, ,0.1448118227674534,1.217382727739662e-10,None,None,None,None, , , , 
15437, ,0.1448118227674534,1.3049019780144016e-10,None,None,None,None, , , , 
15438, ,0.1448118227674534,1.398713102647236e-10,None,None,None,None, , , , 
15439, ,0.1448118227674534,1.4992684327860468e-10,None,None,None,None, , , , 
15440, ,0.1448118227674534,1.6070528182616384e-10,None,None,None,None, , , , 
15441, ,0.1448118227674534,1.722585965398784e-10,None,None,None,None, , , , 
15442, ,0.1448118227674534,1.8464249428955463e-10,None,None,None,None, , , , 
15443, ,0.1448118227674534,1.9791668678535569e-10,None,None,None,None, , , , 
15444, ,0.1448118227674534,2.121451784910628e-10,None,None,None,None, , , , 
15445, ,0.1448118227674534,2.273965752357932e-10,None,None,None,None, , , , 
15446, ,0.1448118227674534,2.4374441501222216e-10,None,None,None,None, , , , 
15447, ,0.1448118227674534,2.6126752255633265e-10,None,None,None,None, , , , 
15448, ,0.1448118227674534,2.8005038941836253e-10,None,None,None,None, , , , 
15449, ,0.1448118227674534,3.0018358135755917e-10,None,None,None,None, , , , 
15450, ,0.1448118227674534,3.2176417502507347e-10,None,None,None,None, , , , 
15451, ,0.1448118227674534,3.4489622604057533e-10,None,None,None,None, , , , 
15452, ,0.1448118227674534,3.696912707195032e-10,None,None,None,None, , , , 
15453, ,0.1448118227674534,3.9626886387014783e-10,None,None,None,None, , , , 
15454, ,0.1448118227674534,4.2475715525368935e-10,None,None,None,None, , , , 
15455, ,0.1448118227674534,4.552935074866938e-10,None,None,None,None, , , , 
15456, ,0.1448118227674534,4.880251583654433e-10,None,None,None,None, , , , 
15457, ,0.1448118227674534,5.231099308056258e-10,None,None,None,None, , , , 
15458, ,0.1448118227674534,5.60716993820547e-10,None,None,None,None, , , , 
15459, ,0.1448118227674534,6.010276782070387e-10,None,None,None,None, , , , 
15460, ,0.1448118227674534,6.442363508721371e-10,None,None,None,None, , , , 
15461, ,0.1448118227674534,6.905513520162316e-10,None,None,None,None, , , , 
15462, ,0.1448118227674534,7.401959996915653e-10,None,None,None,None, , , , 
15463, ,0.1448118227674534,7.934096665797492e-10,None,None,None,None, , , , 
15464, ,0.1448118227674534,8.504489341802668e-10,None,None,None,None, , , , 
15465, ,0.1448118227674534,9.115888299750837e-10,None,None,None,None, , , , 
15466, ,0.1448118227674534,9.771241535346502e-10,None,None,None,None, , , , 
15467, ,0.1448118227674534,1.0473708979594486e-09,None,None,None,None, , , , 
15468, ,0.1448118227674534,1.1226677735108114e-09,None,None,None,None, , , , 
15469, ,0.1448118227674534,1.2033778407775904e-09,None,None,None,None, , , , 
15470, ,0.1448118227674534,1.289890261253308e-09,None,None,None,None, , , , 
15471, ,0.1448118227674534,1.3826221737646535e-09,None,None,None,None, , , , 
15472, ,0.1448118227674534,1.4820207057988602e-09,None,None,None,None, , , , 
15473, ,0.1448118227674534,1.5885651294280526e-09,None,None,None,None, , , , 
15474, ,0.1448118227674534,1.702769172225898e-09,None,None,None,None, , , , 
15475, ,0.1448118227674534,1.825183494319039e-09,None,None,None,None, , , , 
15476, ,0.1448118227674534,1.956398343517065e-09,None,None,None,None, , , , 
15477, ,0.1448118227674534,2.0970464013232305e-09,None,None,None,None, , , , 
15478, ,0.1448118227674534,2.2478058335487307e-09,None,None,None,None, , , , 
15479, ,0.1448118227674534,2.409403560239527e-09,None,None,None,None, , , , 
15480, ,0.1448118227674534,2.582618760682675e-09,None,None,None,None, , , , 
15481, ,0.1448118227674534,2.768286630392061e-09,None,None,None,None, , , , 
15482, ,0.1448118227674534,2.9673024081888724e-09,None,None,None,None, , , , 
15483, ,0.1448118227674534,3.180625692794119e-09,None,None,None,None, , , , 
15484, ,0.1448118227674534,3.409285069746807e-09,None,None,None,None, , , , 
15485, ,0.1448118227674534,3.654383070957262e-09,None,None,None,None, , , , 
15486, ,0.1448118227674534,3.917101490809261e-09,None,None,None,None, , , , 
15487, ,0.1448118227674534,4.198707084443906e-09,None,None,None,None, , , , 
15488, ,0.1448118227674534,4.500557675700488e-09,None,None,None,None, , , , 
15489, ,0.1448118227674534,4.824108704165374e-09,None,None,None,None, , , , 
15490, ,0.1448118227674534,5.170920242896755e-09,None,None,None,None, , , , 
15491, ,0.1448118227674534,5.542664520663096e-09,None,None,None,None, , , , 
15492, ,0.1448118227674534,5.941133984965041e-09,None,None,None,None, , , , 
15493, ,0.1448118227674534,6.3682499447185856e-09,None,None,None,None, , , , 
15494, ,0.1448118227674534,6.826071834272379e-09,None,None,None,None, , , , 
15495, ,0.1448118227674534,7.316807143427175e-09,None,None,None,None, , , , 
15496, ,0.1448118227674534,7.842822061337681e-09,None,None,None,None, , , , 
15497, ,0.1448118227674534,8.406652885618316e-09,None,None,None,None, , , , 
15498, ,0.1448118227674534,9.011018251665036e-09,None,None,None,None, , , , 
15499, ,0.1448118227674534,9.658832241158707e-09,None,None,None,None, , , , 
15500, ,0.1448118227674534,1.0353218432956616e-08,None,None,None,None, , , , 
15501, ,0.1448118227674534,1.1097524964120722e-08,None,None,None,None, , , , 
15502, ,0.1448118227674534,1.1895340673703208e-08,None,None,None,None, , , , 
15503, ,0.1448118227674534,1.2750512407130128e-08,None,None,None,None, , , , 
15504, ,0.1448118227674534,1.3667163564620044e-08,None,None,None,None, , , , 
15505, ,0.1448118227674534,1.4649713983072853e-08,None,None,None,None, , , , 
15506, ,0.1448118227674534,1.5702901247293774e-08,None,None,None,None, , , , 
15507, ,0.1448118227674534,1.683180353330955e-08,None,None,None,None, , , , 
15508, ,0.1448118227674534,1.8041864093920717e-08,None,None,None,None, , , , 
15509, ,0.1448118227674534,1.933891750455232e-08,None,None,None,None, , , , 
15510, ,0.1448118227674534,2.0729217795953697e-08,None,None,None,None, , , , 
15511, ,0.1448118227674534,2.221946860939524e-08,None,None,None,None, , , , 
15512, ,0.1448118227674534,2.3816855519761606e-08,None,None,None,None, , , , 
15513, ,0.1448118227674534,2.552908068239516e-08,None,None,None,None, , , , 
15514, ,0.1448118227674534,2.7364399970746666e-08,None,None,None,None, , , , 
15515, ,0.1448118227674534,2.933166278390042e-08,None,None,None,None, , , , 
15516, ,0.1448118227674534,3.1440354715915e-08,None,None,None,None, , , , 
15517, ,0.1448118227674534,3.370064329271925e-08,None,None,None,None, , , , 
15518, ,0.1448118227674534,3.612342699709431e-08,None,None,None,None, , , , 
15519, ,0.1448118227674534,3.872038781812557e-08,None,None,None,None, , , , 
15520, ,0.1448118227674534,4.1504047578504727e-08,None,None,None,None, , , , 
15521, ,0.1448118227674534,4.448782831127585e-08,None,None,None,None, , , , 
15522, ,0.1448118227674534,4.768611697714474e-08,None,None,None,None, , , , 
15523, ,0.1448118227674534,5.111433483440165e-08,None,None,None,None, , , , 
15524, ,0.1448118227674534,5.478901179593934e-08,None,None,None,None, , , , 
15525, ,0.1448118227674534,5.872786613189478e-08,None,None,None,None, , , , 
15526, ,0.1448118227674534,6.294988990221888e-08,None,None,None,None, , , , 
15527, ,0.1448118227674534,6.747544053110687e-08,None,None,None,None, , , , 
15528, ,0.1448118227674534,7.232633896483534e-08,None,None,None,None, , , , 
15529, ,0.1448118227674534,7.752597488629465e-08,None,None,None,None, , , , 
15530, ,0.1448118227674534,8.309941949353386e-08,None,None,None,None, , , , 
15531, ,0.1448118227674534,8.907354638610439e-08,None,None,None,None, , , , 
15532, ,0.1448118227674534,9.547716114208066e-08,None,None,None,None, , , , 
15533, ,0.1448118227674534,1.0234114021054528e-07,None,None,None,None, , , , 
15534, ,0.1448118227674534,1.0969857978923841e-07,None,None,None,None, , , , 
15535, ,0.1448118227674534,1.1758495540521555e-07,None,None,None,None, , , , 
15536, ,0.1448118227674534,1.2603829296797277e-07,None,None,None,None, , , , 
15537, ,0.1448118227674534,1.350993521198025e-07,None,None,None,None, , , , 
15538, ,0.1448118227674534,1.4481182276745328e-07,None,None,None,None, , , , 
15539, ,0.1448118227674534,1.552225357427048e-07,None,None,None,None, , , , 
15540, ,0.1448118227674534,1.6638168860761273e-07,None,None,None,None, , , , 
15541, ,0.1448118227674534,1.7834308769319093e-07,None,None,None,None, , , , 
15542, ,0.1448118227674534,1.9116440753857e-07,None,None,None,None, , , , 
15543, ,0.1448118227674534,2.049074689815846e-07,None,None,None,None, , , , 
15544, ,0.1448118227674534,2.1963853724165468e-07,None,None,None,None, , , , 
15545, ,0.1448118227674534,2.3542864143224158e-07,None,None,None,None, , , , 
15546, ,0.1448118227674534,2.523539170434766e-07,None,None,None,None, , , , 
15547, ,0.1448118227674534,2.7049597304631316e-07,None,None,None,None, , , , 
15548, ,0.1448118227674534,2.899422853882875e-07,None,None,None,None, , , , 
15549, ,0.1448118227674534,3.107866187782014e-07,None,None,None,None, , , , 
15550, ,0.1448118227674534,3.33129478793467e-07,None,None,None,None, , , , 
15551, ,0.1448118227674534,3.5707859649004626e-07,None,None,None,None, , , , 
15552, ,0.1448118227674534,3.827494478516307e-07,None,None,None,None, , , , 
15553, ,0.1448118227674534,4.1026581058271904e-07,None,None,None,None, , , , 
15554, ,0.1448118227674534,4.397603609302722e-07,None,None,None,None, , , , 
15555, ,0.1448118227674534,4.7137531341167185e-07,None,None,None,None, , , , 
15556, ,0.1448118227674534,5.052631065335679e-07,None,None,None,None, , , , 
15557, ,0.1448118227674534,5.415871378079465e-07,None,None,None,None, , , , 
15558, ,0.1448118227674534,5.805225516094896e-07,None,None,None,None, , , , 
15559, ,0.1448118227674534,6.222570836730232e-07,None,None,None,None, , , , 
15560, ,0.1448118227674534,6.669919663030115e-07,None,None,None,None, , , , 
15561, ,0.1448118227674534,7.149428986597576e-07,None,None,None,None, , , , 
15562, ,0.1448118227674534,7.663410868007445e-07,None,None,None,None, , , , 
15563, ,0.1448118227674534,8.214343584919422e-07,None,None,None,None, , , , 
15564, ,0.1448118227674534,8.804883581643463e-07,None,None,None,None, , , , 
15565, ,0.1448118227674534,9.437878277775371e-07,None,None,None,None, , , , 
15566, ,0.1448118227674534,1.0116379797662072e-06,None,None,None,None, , , , 
15567, ,0.1448118227674534,1.0843659686896086e-06,None,None,None,None, , , , 
15568, ,0.1448118227674534,1.1623224686798522e-06,None,None,None,None, , , , 
15569, ,0.1448118227674534,1.2458833642950078e-06,None,None,None,None, , , , 
15570, ,0.1448118227674534,1.3354515629298971e-06,None,None,None,None, , , , 
15571, ,0.1448118227674534,1.4314589375234786e-06,None,None,None,None, , , , 
15572, ,0.1448118227674534,1.53436840893001e-06,None,None,None,None, , , , 
15573, ,0.1448118227674534,1.6446761779946631e-06,None,None,None,None, , , , 
15574, ,0.1448118227674534,1.762914118095948e-06,None,None,None,None, , , , 
15575, ,0.1448118227674534,1.8896523396912082e-06,None,None,None,None, , , , 
15576, ,0.1448118227674534,2.0255019392306664e-06,None,None,None,None, , , , 
15577, ,0.1448118227674534,2.171117945694501e-06,None,None,None,None, , , , 
15578, ,0.1448118227674534,2.327202478960408e-06,None,None,None,None, , , , 
15579, ,0.1448118227674534,2.494508135230317e-06,None,None,None,None, , , , 
15580, ,0.1448118227674534,2.673841615839944e-06,None,None,None,None, , , , 
15581, ,0.1448118227674534,2.8660676169482507e-06,None,None,None,None, , , , 
15582, ,0.1448118227674534,3.0721129988617524e-06,None,None,None,None, , , , 
15583, ,0.1448118227674534,3.292971255097148e-06,None,None,None,None, , , , 
15584, ,0.1448118227674534,3.5297073027306505e-06,None,None,None,None, , , , 
15585, ,0.1448118227674534,3.783462617131925e-06,None,None,None,None, , , , 
15586, ,0.1448118227674534,4.0554607358408275e-06,None,None,None,None, , , , 
15587, ,0.1448118227674534,4.3470131581250175e-06,None,None,None,None, , , , 
15588, ,0.1448118227674534,4.6595256686646765e-06,None,None,None,None, , , , 
15589, ,0.1448118227674534,4.99450511585514e-06,None,None,None,None, , , , 
15590, ,0.1448118227674534,5.353566677410719e-06,None,None,None,None, , , , 
15591, ,0.1448118227674534,5.738441648302393e-06,None,None,None,None, , , , 
15592, ,0.1448118227674534,6.150985788580505e-06,None,None,None,None, , , , 
15593, ,0.1448118227674534,6.593188271333541e-06,None,None,None,None, , , , 
15594, ,0.1448118227674534,7.067181273927492e-06,None,None,None,None, , , , 
15595, ,0.1448118227674534,7.575250258771904e-06,None,None,None,None, , , , 
15596, ,0.1448118227674534,8.119844993184007e-06,None,None,None,None, , , , 
15597, ,0.1448118227674534,8.703591361485167e-06,None,None,None,None, , , , 
15598, ,0.1448118227674534,9.329304026284676e-06,None,None,None,None, , , , 
15599, ,0.1448118227674534,1e-05,None,None,None,None, , , , 
15600, ,0.14992684327860456,1e-11,None,None,None,None, , , , 
15601, ,0.14992684327860456,1.0718913192051263e-11,None,None,None,None, , , , 
15602, ,0.14992684327860456,1.1489510001873107e-11,None,None,None,None, , , , 
15603, ,0.14992684327860456,1.2315506032928262e-11,None,None,None,None, , , , 
15604, ,0.14992684327860456,1.3200884008314167e-11,None,None,None,None, , , , 
15605, ,0.14992684327860456,1.4149912974345786e-11,None,None,None,None, , , , 
15606, ,0.14992684327860456,1.5167168884709242e-11,None,None,None,None, , , , 
15607, ,0.14992684327860456,1.6257556664437934e-11,None,None,None,None, , , , 
15608, ,0.14992684327860456,1.7426333860096473e-11,None,None,None,None, , , , 
15609, ,0.14992684327860456,1.8679135990207848e-11,None,None,None,None, , , , 
15610, ,0.14992684327860456,2.0022003718155844e-11,None,None,None,None, , , , 
15611, ,0.14992684327860456,2.1461411978584013e-11,None,None,None,None, , , , 
15612, ,0.14992684327860456,2.300430119772921e-11,None,None,None,None, , , , 
15613, ,0.14992684327860456,2.465811075822604e-11,None,None,None,None, , , , 
15614, ,0.14992684327860456,2.643081486974103e-11,None,None,None,None, , , , 
15615, ,0.14992684327860456,2.8330961018393178e-11,None,None,None,None, , , , 
15616, ,0.14992684327860456,3.036771118035461e-11,None,None,None,None, , , , 
15617, ,0.14992684327860456,3.255088599835057e-11,None,None,None,None, , , , 
15618, ,0.14992684327860456,3.4891012134067674e-11,None,None,None,None, , , , 
15619, ,0.14992684327860456,3.739937302478801e-11,None,None,None,None, , , , 
15620, ,0.14992684327860456,4.0088063288984646e-11,None,None,None,None, , , , 
15621, ,0.14992684327860456,4.297004704320835e-11,None,None,None,None, , , , 
15622, ,0.14992684327860456,4.605922041145113e-11,None,None,None,None, , , , 
15623, ,0.14992684327860456,4.937047852839004e-11,None,None,None,None, , , , 
15624, ,0.14992684327860456,5.2919787359584366e-11,None,None,None,None, , , , 
15625, ,0.14992684327860456,5.672426068491989e-11,None,None,None,None, , , , 
15626, ,0.14992684327860456,6.080224261649427e-11,None,None,None,None, , , , 
15627, ,0.14992684327860456,6.517339604882421e-11,None,None,None,None, , , , 
15628, ,0.14992684327860456,6.985879746785235e-11,None,None,None,None, , , , 
15629, ,0.14992684327860456,7.48810385759003e-11,None,None,None,None, , , , 
15630, ,0.14992684327860456,8.026433522257174e-11,None,None,None,None, , , , 
15631, ,0.14992684327860456,8.603464416684492e-11,None,None,None,None, , , , 
15632, ,0.14992684327860456,9.221978823334341e-11,None,None,None,None, , , , 
15633, ,0.14992684327860456,9.884959046625586e-11,None,None,None,None, , , , 
15634, ,0.14992684327860456,1.0595601792776149e-10,None,None,None,None, , , , 
15635, ,0.14992684327860456,1.1357333583431027e-10,None,None,None,None, , , , 
15636, ,0.14992684327860456,1.217382727739662e-10,None,None,None,None, , , , 
15637, ,0.14992684327860456,1.3049019780144016e-10,None,None,None,None, , , , 
15638, ,0.14992684327860456,1.398713102647236e-10,None,None,None,None, , , , 
15639, ,0.14992684327860456,1.4992684327860468e-10,None,None,None,None, , , , 
15640, ,0.14992684327860456,1.6070528182616384e-10,None,None,None,None, , , , 
15641, ,0.14992684327860456,1.722585965398784e-10,None,None,None,None, , , , 
15642, ,0.14992684327860456,1.8464249428955463e-10,None,None,None,None, , , , 
15643, ,0.14992684327860456,1.9791668678535569e-10,None,None,None,None, , , , 
15644, ,0.14992684327860456,2.121451784910628e-10,None,None,None,None, , , , 
15645, ,0.14992684327860456,2.273965752357932e-10,None,None,None,None, , , , 
15646, ,0.14992684327860456,2.4374441501222216e-10,None,None,None,None, , , , 
15647, ,0.14992684327860456,2.6126752255633265e-10,None,None,None,None, , , , 
15648, ,0.14992684327860456,2.8005038941836253e-10,None,None,None,None, , , , 
15649, ,0.14992684327860456,3.0018358135755917e-10,None,None,None,None, , , , 
15650, ,0.14992684327860456,3.2176417502507347e-10,None,None,None,None, , , , 
15651, ,0.14992684327860456,3.4489622604057533e-10,None,None,None,None, , , , 
15652, ,0.14992684327860456,3.696912707195032e-10,None,None,None,None, , , , 
15653, ,0.14992684327860456,3.9626886387014783e-10,None,None,None,None, , , , 
15654, ,0.14992684327860456,4.2475715525368935e-10,None,None,None,None, , , , 
15655, ,0.14992684327860456,4.552935074866938e-10,None,None,None,None, , , , 
15656, ,0.14992684327860456,4.880251583654433e-10,None,None,None,None, , , , 
15657, ,0.14992684327860456,5.231099308056258e-10,None,None,None,None, , , , 
15658, ,0.14992684327860456,5.60716993820547e-10,None,None,None,None, , , , 
15659, ,0.14992684327860456,6.010276782070387e-10,None,None,None,None, , , , 
15660, ,0.14992684327860456,6.442363508721371e-10,None,None,None,None, , , , 
15661, ,0.14992684327860456,6.905513520162316e-10,None,None,None,None, , , , 
15662, ,0.14992684327860456,7.401959996915653e-10,None,None,None,None, , , , 
15663, ,0.14992684327860456,7.934096665797492e-10,None,None,None,None, , , , 
15664, ,0.14992684327860456,8.504489341802668e-10,None,None,None,None, , , , 
15665, ,0.14992684327860456,9.115888299750837e-10,None,None,None,None, , , , 
15666, ,0.14992684327860456,9.771241535346502e-10,None,None,None,None, , , , 
15667, ,0.14992684327860456,1.0473708979594486e-09,None,None,None,None, , , , 
15668, ,0.14992684327860456,1.1226677735108114e-09,None,None,None,None, , , , 
15669, ,0.14992684327860456,1.2033778407775904e-09,None,None,None,None, , , , 
15670, ,0.14992684327860456,1.289890261253308e-09,None,None,None,None, , , , 
15671, ,0.14992684327860456,1.3826221737646535e-09,None,None,None,None, , , , 
15672, ,0.14992684327860456,1.4820207057988602e-09,None,None,None,None, , , , 
15673, ,0.14992684327860456,1.5885651294280526e-09,None,None,None,None, , , , 
15674, ,0.14992684327860456,1.702769172225898e-09,None,None,None,None, , , , 
15675, ,0.14992684327860456,1.825183494319039e-09,None,None,None,None, , , , 
15676, ,0.14992684327860456,1.956398343517065e-09,None,None,None,None, , , , 
15677, ,0.14992684327860456,2.0970464013232305e-09,None,None,None,None, , , , 
15678, ,0.14992684327860456,2.2478058335487307e-09,None,None,None,None, , , , 
15679, ,0.14992684327860456,2.409403560239527e-09,None,None,None,None, , , , 
15680, ,0.14992684327860456,2.582618760682675e-09,None,None,None,None, , , , 
15681, ,0.14992684327860456,2.768286630392061e-09,None,None,None,None, , , , 
15682, ,0.14992684327860456,2.9673024081888724e-09,None,None,None,None, , , , 
15683, ,0.14992684327860456,3.180625692794119e-09,None,None,None,None, , , , 
15684, ,0.14992684327860456,3.409285069746807e-09,None,None,None,None, , , , 
15685, ,0.14992684327860456,3.654383070957262e-09,None,None,None,None, , , , 
15686, ,0.14992684327860456,3.917101490809261e-09,None,None,None,None, , , , 
15687, ,0.14992684327860456,4.198707084443906e-09,None,None,None,None, , , , 
15688, ,0.14992684327860456,4.500557675700488e-09,None,None,None,None, , , , 
15689, ,0.14992684327860456,4.824108704165374e-09,None,None,None,None, , , , 
15690, ,0.14992684327860456,5.170920242896755e-09,None,None,None,None, , , , 
15691, ,0.14992684327860456,5.542664520663096e-09,None,None,None,None, , , , 
15692, ,0.14992684327860456,5.941133984965041e-09,None,None,None,None, , , , 
15693, ,0.14992684327860456,6.3682499447185856e-09,None,None,None,None, , , , 
15694, ,0.14992684327860456,6.826071834272379e-09,None,None,None,None, , , , 
15695, ,0.14992684327860456,7.316807143427175e-09,None,None,None,None, , , , 
15696, ,0.14992684327860456,7.842822061337681e-09,None,None,None,None, , , , 
15697, ,0.14992684327860456,8.406652885618316e-09,None,None,None,None, , , , 
15698, ,0.14992684327860456,9.011018251665036e-09,None,None,None,None, , , , 
15699, ,0.14992684327860456,9.658832241158707e-09,None,None,None,None, , , , 
15700, ,0.14992684327860456,1.0353218432956616e-08,None,None,None,None, , , , 
15701, ,0.14992684327860456,1.1097524964120722e-08,None,None,None,None, , , , 
15702, ,0.14992684327860456,1.1895340673703208e-08,None,None,None,None, , , , 
15703, ,0.14992684327860456,1.2750512407130128e-08,None,None,None,None, , , , 
15704, ,0.14992684327860456,1.3667163564620044e-08,None,None,None,None, , , , 
15705, ,0.14992684327860456,1.4649713983072853e-08,None,None,None,None, , , , 
15706, ,0.14992684327860456,1.5702901247293774e-08,None,None,None,None, , , , 
15707, ,0.14992684327860456,1.683180353330955e-08,None,None,None,None, , , , 
15708, ,0.14992684327860456,1.8041864093920717e-08,None,None,None,None, , , , 
15709, ,0.14992684327860456,1.933891750455232e-08,None,None,None,None, , , , 
15710, ,0.14992684327860456,2.0729217795953697e-08,None,None,None,None, , , , 
15711, ,0.14992684327860456,2.221946860939524e-08,None,None,None,None, , , , 
15712, ,0.14992684327860456,2.3816855519761606e-08,None,None,None,None, , , , 
15713, ,0.14992684327860456,2.552908068239516e-08,None,None,None,None, , , , 
15714, ,0.14992684327860456,2.7364399970746666e-08,None,None,None,None, , , , 
15715, ,0.14992684327860456,2.933166278390042e-08,None,None,None,None, , , , 
15716, ,0.14992684327860456,3.1440354715915e-08,None,None,None,None, , , , 
15717, ,0.14992684327860456,3.370064329271925e-08,None,None,None,None, , , , 
15718, ,0.14992684327860456,3.612342699709431e-08,None,None,None,None, , , , 
15719, ,0.14992684327860456,3.872038781812557e-08,None,None,None,None, , , , 
15720, ,0.14992684327860456,4.1504047578504727e-08,None,None,None,None, , , , 
15721, ,0.14992684327860456,4.448782831127585e-08,None,None,None,None, , , , 
15722, ,0.14992684327860456,4.768611697714474e-08,None,None,None,None, , , , 
15723, ,0.14992684327860456,5.111433483440165e-08,None,None,None,None, , , , 
15724, ,0.14992684327860456,5.478901179593934e-08,None,None,None,None, , , , 
15725, ,0.14992684327860456,5.872786613189478e-08,None,None,None,None, , , , 
15726, ,0.14992684327860456,6.294988990221888e-08,None,None,None,None, , , , 
15727, ,0.14992684327860456,6.747544053110687e-08,None,None,None,None, , , , 
15728, ,0.14992684327860456,7.232633896483534e-08,None,None,None,None, , , , 
15729, ,0.14992684327860456,7.752597488629465e-08,None,None,None,None, , , , 
15730, ,0.14992684327860456,8.309941949353386e-08,None,None,None,None, , , , 
15731, ,0.14992684327860456,8.907354638610439e-08,None,None,None,None, , , , 
15732, ,0.14992684327860456,9.547716114208066e-08,None,None,None,None, , , , 
15733, ,0.14992684327860456,1.0234114021054528e-07,None,None,None,None, , , , 
15734, ,0.14992684327860456,1.0969857978923841e-07,None,None,None,None, , , , 
15735, ,0.14992684327860456,1.1758495540521555e-07,None,None,None,None, , , , 
15736, ,0.14992684327860456,1.2603829296797277e-07,None,None,None,None, , , , 
15737, ,0.14992684327860456,1.350993521198025e-07,None,None,None,None, , , , 
15738, ,0.14992684327860456,1.4481182276745328e-07,None,None,None,None, , , , 
15739, ,0.14992684327860456,1.552225357427048e-07,None,None,None,None, , , , 
15740, ,0.14992684327860456,1.6638168860761273e-07,None,None,None,None, , , , 
15741, ,0.14992684327860456,1.7834308769319093e-07,None,None,None,None, , , , 
15742, ,0.14992684327860456,1.9116440753857e-07,None,None,None,None, , , , 
15743, ,0.14992684327860456,2.049074689815846e-07,None,None,None,None, , , , 
15744, ,0.14992684327860456,2.1963853724165468e-07,None,None,None,None, , , , 
15745, ,0.14992684327860456,2.3542864143224158e-07,None,None,None,None, , , , 
15746, ,0.14992684327860456,2.523539170434766e-07,None,None,None,None, , , , 
15747, ,0.14992684327860456,2.7049597304631316e-07,None,None,None,None, , , , 
15748, ,0.14992684327860456,2.899422853882875e-07,None,None,None,None, , , , 
15749, ,0.14992684327860456,3.107866187782014e-07,None,None,None,None, , , , 
15750, ,0.14992684327860456,3.33129478793467e-07,None,None,None,None, , , , 
15751, ,0.14992684327860456,3.5707859649004626e-07,None,None,None,None, , , , 
15752, ,0.14992684327860456,3.827494478516307e-07,None,None,None,None, , , , 
15753, ,0.14992684327860456,4.1026581058271904e-07,None,None,None,None, , , , 
15754, ,0.14992684327860456,4.397603609302722e-07,None,None,None,None, , , , 
15755, ,0.14992684327860456,4.7137531341167185e-07,None,None,None,None, , , , 
15756, ,0.14992684327860456,5.052631065335679e-07,None,None,None,None, , , , 
15757, ,0.14992684327860456,5.415871378079465e-07,None,None,None,None, , , , 
15758, ,0.14992684327860456,5.805225516094896e-07,None,None,None,None, , , , 
15759, ,0.14992684327860456,6.222570836730232e-07,None,None,None,None, , , , 
15760, ,0.14992684327860456,6.669919663030115e-07,None,None,None,None, , , , 
15761, ,0.14992684327860456,7.149428986597576e-07,None,None,None,None, , , , 
15762, ,0.14992684327860456,7.663410868007445e-07,None,None,None,None, , , , 
15763, ,0.14992684327860456,8.214343584919422e-07,None,None,None,None, , , , 
15764, ,0.14992684327860456,8.804883581643463e-07,None,None,None,None, , , , 
15765, ,0.14992684327860456,9.437878277775371e-07,None,None,None,None, , , , 
15766, ,0.14992684327860456,1.0116379797662072e-06,None,None,None,None, , , , 
15767, ,0.14992684327860456,1.0843659686896086e-06,None,None,None,None, , , , 
15768, ,0.14992684327860456,1.1623224686798522e-06,None,None,None,None, , , , 
15769, ,0.14992684327860456,1.2458833642950078e-06,None,None,None,None, , , , 
15770, ,0.14992684327860456,1.3354515629298971e-06,None,None,None,None, , , , 
15771, ,0.14992684327860456,1.4314589375234786e-06,None,None,None,None, , , , 
15772, ,0.14992684327860456,1.53436840893001e-06,None,None,None,None, , , , 
15773, ,0.14992684327860456,1.6446761779946631e-06,None,None,None,None, , , , 
15774, ,0.14992684327860456,1.762914118095948e-06,None,None,None,None, , , , 
15775, ,0.14992684327860456,1.8896523396912082e-06,None,None,None,None, , , , 
15776, ,0.14992684327860456,2.0255019392306664e-06,None,None,None,None, , , , 
15777, ,0.14992684327860456,2.171117945694501e-06,None,None,None,None, , , , 
15778, ,0.14992684327860456,2.327202478960408e-06,None,None,None,None, , , , 
15779, ,0.14992684327860456,2.494508135230317e-06,None,None,None,None, , , , 
15780, ,0.14992684327860456,2.673841615839944e-06,None,None,None,None, , , , 
15781, ,0.14992684327860456,2.8660676169482507e-06,None,None,None,None, , , , 
15782, ,0.14992684327860456,3.0721129988617524e-06,None,None,None,None, , , , 
15783, ,0.14992684327860456,3.292971255097148e-06,None,None,None,None, , , , 
15784, ,0.14992684327860456,3.5297073027306505e-06,None,None,None,None, , , , 
15785, ,0.14992684327860456,3.783462617131925e-06,None,None,None,None, , , , 
15786, ,0.14992684327860456,4.0554607358408275e-06,None,None,None,None, , , , 
15787, ,0.14992684327860456,4.3470131581250175e-06,None,None,None,None, , , , 
15788, ,0.14992684327860456,4.6595256686646765e-06,None,None,None,None, , , , 
15789, ,0.14992684327860456,4.99450511585514e-06,None,None,None,None, , , , 
15790, ,0.14992684327860456,5.353566677410719e-06,None,None,None,None, , , , 
15791, ,0.14992684327860456,5.738441648302393e-06,None,None,None,None, , , , 
15792, ,0.14992684327860456,6.150985788580505e-06,None,None,None,None, , , , 
15793, ,0.14992684327860456,6.593188271333541e-06,None,None,None,None, , , , 
15794, ,0.14992684327860456,7.067181273927492e-06,None,None,None,None, , , , 
15795, ,0.14992684327860456,7.575250258771904e-06,None,None,None,None, , , , 
15796, ,0.14992684327860456,8.119844993184007e-06,None,None,None,None, , , , 
15797, ,0.14992684327860456,8.703591361485167e-06,None,None,None,None, , , , 
15798, ,0.14992684327860456,9.329304026284676e-06,None,None,None,None, , , , 
15799, ,0.14992684327860456,1e-05,None,None,None,None, , , , 
15800, ,0.15522253574270473,1e-11,None,None,None,None, , , , 
15801, ,0.15522253574270473,1.0718913192051263e-11,None,None,None,None, , , , 
15802, ,0.15522253574270473,1.1489510001873107e-11,None,None,None,None, , , , 
15803, ,0.15522253574270473,1.2315506032928262e-11,None,None,None,None, , , , 
15804, ,0.15522253574270473,1.3200884008314167e-11,None,None,None,None, , , , 
15805, ,0.15522253574270473,1.4149912974345786e-11,None,None,None,None, , , , 
15806, ,0.15522253574270473,1.5167168884709242e-11,None,None,None,None, , , , 
15807, ,0.15522253574270473,1.6257556664437934e-11,None,None,None,None, , , , 
15808, ,0.15522253574270473,1.7426333860096473e-11,None,None,None,None, , , , 
15809, ,0.15522253574270473,1.8679135990207848e-11,None,None,None,None, , , , 
15810, ,0.15522253574270473,2.0022003718155844e-11,None,None,None,None, , , , 
15811, ,0.15522253574270473,2.1461411978584013e-11,None,None,None,None, , , , 
15812, ,0.15522253574270473,2.300430119772921e-11,None,None,None,None, , , , 
15813, ,0.15522253574270473,2.465811075822604e-11,None,None,None,None, , , , 
15814, ,0.15522253574270473,2.643081486974103e-11,None,None,None,None, , , , 
15815, ,0.15522253574270473,2.8330961018393178e-11,None,None,None,None, , , , 
15816, ,0.15522253574270473,3.036771118035461e-11,None,None,None,None, , , , 
15817, ,0.15522253574270473,3.255088599835057e-11,None,None,None,None, , , , 
15818, ,0.15522253574270473,3.4891012134067674e-11,None,None,None,None, , , , 
15819, ,0.15522253574270473,3.739937302478801e-11,None,None,None,None, , , , 
15820, ,0.15522253574270473,4.0088063288984646e-11,None,None,None,None, , , , 
15821, ,0.15522253574270473,4.297004704320835e-11,None,None,None,None, , , , 
15822, ,0.15522253574270473,4.605922041145113e-11,None,None,None,None, , , , 
15823, ,0.15522253574270473,4.937047852839004e-11,None,None,None,None, , , , 
15824, ,0.15522253574270473,5.2919787359584366e-11,None,None,None,None, , , , 
15825, ,0.15522253574270473,5.672426068491989e-11,None,None,None,None, , , , 
15826, ,0.15522253574270473,6.080224261649427e-11,None,None,None,None, , , , 
15827, ,0.15522253574270473,6.517339604882421e-11,None,None,None,None, , , , 
15828, ,0.15522253574270473,6.985879746785235e-11,None,None,None,None, , , , 
15829, ,0.15522253574270473,7.48810385759003e-11,None,None,None,None, , , , 
15830, ,0.15522253574270473,8.026433522257174e-11,None,None,None,None, , , , 
15831, ,0.15522253574270473,8.603464416684492e-11,None,None,None,None, , , , 
15832, ,0.15522253574270473,9.221978823334341e-11,None,None,None,None, , , , 
15833, ,0.15522253574270473,9.884959046625586e-11,None,None,None,None, , , , 
15834, ,0.15522253574270473,1.0595601792776149e-10,None,None,None,None, , , , 
15835, ,0.15522253574270473,1.1357333583431027e-10,None,None,None,None, , , , 
15836, ,0.15522253574270473,1.217382727739662e-10,None,None,None,None, , , , 
15837, ,0.15522253574270473,1.3049019780144016e-10,None,None,None,None, , , , 
15838, ,0.15522253574270473,1.398713102647236e-10,None,None,None,None, , , , 
15839, ,0.15522253574270473,1.4992684327860468e-10,None,None,None,None, , , , 
15840, ,0.15522253574270473,1.6070528182616384e-10,None,None,None,None, , , , 
15841, ,0.15522253574270473,1.722585965398784e-10,None,None,None,None, , , , 
15842, ,0.15522253574270473,1.8464249428955463e-10,None,None,None,None, , , , 
15843, ,0.15522253574270473,1.9791668678535569e-10,None,None,None,None, , , , 
15844, ,0.15522253574270473,2.121451784910628e-10,None,None,None,None, , , , 
15845, ,0.15522253574270473,2.273965752357932e-10,None,None,None,None, , , , 
15846, ,0.15522253574270473,2.4374441501222216e-10,None,None,None,None, , , , 
15847, ,0.15522253574270473,2.6126752255633265e-10,None,None,None,None, , , , 
15848, ,0.15522253574270473,2.8005038941836253e-10,None,None,None,None, , , , 
15849, ,0.15522253574270473,3.0018358135755917e-10,None,None,None,None, , , , 
15850, ,0.15522253574270473,3.2176417502507347e-10,None,None,None,None, , , , 
15851, ,0.15522253574270473,3.4489622604057533e-10,None,None,None,None, , , , 
15852, ,0.15522253574270473,3.696912707195032e-10,None,None,None,None, , , , 
15853, ,0.15522253574270473,3.9626886387014783e-10,None,None,None,None, , , , 
15854, ,0.15522253574270473,4.2475715525368935e-10,None,None,None,None, , , , 
15855, ,0.15522253574270473,4.552935074866938e-10,None,None,None,None, , , , 
15856, ,0.15522253574270473,4.880251583654433e-10,None,None,None,None, , , , 
15857, ,0.15522253574270473,5.231099308056258e-10,None,None,None,None, , , , 
15858, ,0.15522253574270473,5.60716993820547e-10,None,None,None,None, , , , 
15859, ,0.15522253574270473,6.010276782070387e-10,None,None,None,None, , , , 
15860, ,0.15522253574270473,6.442363508721371e-10,None,None,None,None, , , , 
15861, ,0.15522253574270473,6.905513520162316e-10,None,None,None,None, , , , 
15862, ,0.15522253574270473,7.401959996915653e-10,None,None,None,None, , , , 
15863, ,0.15522253574270473,7.934096665797492e-10,None,None,None,None, , , , 
15864, ,0.15522253574270473,8.504489341802668e-10,None,None,None,None, , , , 
15865, ,0.15522253574270473,9.115888299750837e-10,None,None,None,None, , , , 
15866, ,0.15522253574270473,9.771241535346502e-10,None,None,None,None, , , , 
15867, ,0.15522253574270473,1.0473708979594486e-09,None,None,None,None, , , , 
15868, ,0.15522253574270473,1.1226677735108114e-09,None,None,None,None, , , , 
15869, ,0.15522253574270473,1.2033778407775904e-09,None,None,None,None, , , , 
15870, ,0.15522253574270473,1.289890261253308e-09,None,None,None,None, , , , 
15871, ,0.15522253574270473,1.3826221737646535e-09,None,None,None,None, , , , 
15872, ,0.15522253574270473,1.4820207057988602e-09,None,None,None,None, , , , 
15873, ,0.15522253574270473,1.5885651294280526e-09,None,None,None,None, , , , 
15874, ,0.15522253574270473,1.702769172225898e-09,None,None,None,None, , , , 
15875, ,0.15522253574270473,1.825183494319039e-09,None,None,None,None, , , , 
15876, ,0.15522253574270473,1.956398343517065e-09,None,None,None,None, , , , 
15877, ,0.15522253574270473,2.0970464013232305e-09,None,None,None,None, , , , 
15878, ,0.15522253574270473,2.2478058335487307e-09,None,None,None,None, , , , 
15879, ,0.15522253574270473,2.409403560239527e-09,None,None,None,None, , , , 
15880, ,0.15522253574270473,2.582618760682675e-09,None,None,None,None, , , , 
15881, ,0.15522253574270473,2.768286630392061e-09,None,None,None,None, , , , 
15882, ,0.15522253574270473,2.9673024081888724e-09,None,None,None,None, , , , 
15883, ,0.15522253574270473,3.180625692794119e-09,None,None,None,None, , , , 
15884, ,0.15522253574270473,3.409285069746807e-09,None,None,None,None, , , , 
15885, ,0.15522253574270473,3.654383070957262e-09,None,None,None,None, , , , 
15886, ,0.15522253574270473,3.917101490809261e-09,None,None,None,None, , , , 
15887, ,0.15522253574270473,4.198707084443906e-09,None,None,None,None, , , , 
15888, ,0.15522253574270473,4.500557675700488e-09,None,None,None,None, , , , 
15889, ,0.15522253574270473,4.824108704165374e-09,None,None,None,None, , , , 
15890, ,0.15522253574270473,5.170920242896755e-09,None,None,None,None, , , , 
15891, ,0.15522253574270473,5.542664520663096e-09,None,None,None,None, , , , 
15892, ,0.15522253574270473,5.941133984965041e-09,None,None,None,None, , , , 
15893, ,0.15522253574270473,6.3682499447185856e-09,None,None,None,None, , , , 
15894, ,0.15522253574270473,6.826071834272379e-09,None,None,None,None, , , , 
15895, ,0.15522253574270473,7.316807143427175e-09,None,None,None,None, , , , 
15896, ,0.15522253574270473,7.842822061337681e-09,None,None,None,None, , , , 
15897, ,0.15522253574270473,8.406652885618316e-09,None,None,None,None, , , , 
15898, ,0.15522253574270473,9.011018251665036e-09,None,None,None,None, , , , 
15899, ,0.15522253574270473,9.658832241158707e-09,None,None,None,None, , , , 
15900, ,0.15522253574270473,1.0353218432956616e-08,None,None,None,None, , , , 
15901, ,0.15522253574270473,1.1097524964120722e-08,None,None,None,None, , , , 
15902, ,0.15522253574270473,1.1895340673703208e-08,None,None,None,None, , , , 
15903, ,0.15522253574270473,1.2750512407130128e-08,None,None,None,None, , , , 
15904, ,0.15522253574270473,1.3667163564620044e-08,None,None,None,None, , , , 
15905, ,0.15522253574270473,1.4649713983072853e-08,None,None,None,None, , , , 
15906, ,0.15522253574270473,1.5702901247293774e-08,None,None,None,None, , , , 
15907, ,0.15522253574270473,1.683180353330955e-08,None,None,None,None, , , , 
15908, ,0.15522253574270473,1.8041864093920717e-08,None,None,None,None, , , , 
15909, ,0.15522253574270473,1.933891750455232e-08,None,None,None,None, , , , 
15910, ,0.15522253574270473,2.0729217795953697e-08,None,None,None,None, , , , 
15911, ,0.15522253574270473,2.221946860939524e-08,None,None,None,None, , , , 
15912, ,0.15522253574270473,2.3816855519761606e-08,None,None,None,None, , , , 
15913, ,0.15522253574270473,2.552908068239516e-08,None,None,None,None, , , , 
15914, ,0.15522253574270473,2.7364399970746666e-08,None,None,None,None, , , , 
15915, ,0.15522253574270473,2.933166278390042e-08,None,None,None,None, , , , 
15916, ,0.15522253574270473,3.1440354715915e-08,None,None,None,None, , , , 
15917, ,0.15522253574270473,3.370064329271925e-08,None,None,None,None, , , , 
15918, ,0.15522253574270473,3.612342699709431e-08,None,None,None,None, , , , 
15919, ,0.15522253574270473,3.872038781812557e-08,None,None,None,None, , , , 
15920, ,0.15522253574270473,4.1504047578504727e-08,None,None,None,None, , , , 
15921, ,0.15522253574270473,4.448782831127585e-08,None,None,None,None, , , , 
15922, ,0.15522253574270473,4.768611697714474e-08,None,None,None,None, , , , 
15923, ,0.15522253574270473,5.111433483440165e-08,None,None,None,None, , , , 
15924, ,0.15522253574270473,5.478901179593934e-08,None,None,None,None, , , , 
15925, ,0.15522253574270473,5.872786613189478e-08,None,None,None,None, , , , 
15926, ,0.15522253574270473,6.294988990221888e-08,None,None,None,None, , , , 
15927, ,0.15522253574270473,6.747544053110687e-08,None,None,None,None, , , , 
15928, ,0.15522253574270473,7.232633896483534e-08,None,None,None,None, , , , 
15929, ,0.15522253574270473,7.752597488629465e-08,None,None,None,None, , , , 
15930, ,0.15522253574270473,8.309941949353386e-08,None,None,None,None, , , , 
15931, ,0.15522253574270473,8.907354638610439e-08,None,None,None,None, , , , 
15932, ,0.15522253574270473,9.547716114208066e-08,None,None,None,None, , , , 
15933, ,0.15522253574270473,1.0234114021054528e-07,None,None,None,None, , , , 
15934, ,0.15522253574270473,1.0969857978923841e-07,None,None,None,None, , , , 
15935, ,0.15522253574270473,1.1758495540521555e-07,None,None,None,None, , , , 
15936, ,0.15522253574270473,1.2603829296797277e-07,None,None,None,None, , , , 
15937, ,0.15522253574270473,1.350993521198025e-07,None,None,None,None, , , , 
15938, ,0.15522253574270473,1.4481182276745328e-07,None,None,None,None, , , , 
15939, ,0.15522253574270473,1.552225357427048e-07,None,None,None,None, , , , 
15940, ,0.15522253574270473,1.6638168860761273e-07,None,None,None,None, , , , 
15941, ,0.15522253574270473,1.7834308769319093e-07,None,None,None,None, , , , 
15942, ,0.15522253574270473,1.9116440753857e-07,None,None,None,None, , , , 
15943, ,0.15522253574270473,2.049074689815846e-07,None,None,None,None, , , , 
15944, ,0.15522253574270473,2.1963853724165468e-07,None,None,None,None, , , , 
15945, ,0.15522253574270473,2.3542864143224158e-07,None,None,None,None, , , , 
15946, ,0.15522253574270473,2.523539170434766e-07,None,None,None,None, , , , 
15947, ,0.15522253574270473,2.7049597304631316e-07,None,None,None,None, , , , 
15948, ,0.15522253574270473,2.899422853882875e-07,None,None,None,None, , , , 
15949, ,0.15522253574270473,3.107866187782014e-07,None,None,None,None, , , , 
15950, ,0.15522253574270473,3.33129478793467e-07,None,None,None,None, , , , 
15951, ,0.15522253574270473,3.5707859649004626e-07,None,None,None,None, , , , 
15952, ,0.15522253574270473,3.827494478516307e-07,None,None,None,None, , , , 
15953, ,0.15522253574270473,4.1026581058271904e-07,None,None,None,None, , , , 
15954, ,0.15522253574270473,4.397603609302722e-07,None,None,None,None, , , , 
15955, ,0.15522253574270473,4.7137531341167185e-07,None,None,None,None, , , , 
15956, ,0.15522253574270473,5.052631065335679e-07,None,None,None,None, , , , 
15957, ,0.15522253574270473,5.415871378079465e-07,None,None,None,None, , , , 
15958, ,0.15522253574270473,5.805225516094896e-07,None,None,None,None, , , , 
15959, ,0.15522253574270473,6.222570836730232e-07,None,None,None,None, , , , 
15960, ,0.15522253574270473,6.669919663030115e-07,None,None,None,None, , , , 
15961, ,0.15522253574270473,7.149428986597576e-07,None,None,None,None, , , , 
15962, ,0.15522253574270473,7.663410868007445e-07,None,None,None,None, , , , 
15963, ,0.15522253574270473,8.214343584919422e-07,None,None,None,None, , , , 
15964, ,0.15522253574270473,8.804883581643463e-07,None,None,None,None, , , , 
15965, ,0.15522253574270473,9.437878277775371e-07,None,None,None,None, , , , 
15966, ,0.15522253574270473,1.0116379797662072e-06,None,None,None,None, , , , 
15967, ,0.15522253574270473,1.0843659686896086e-06,None,None,None,None, , , , 
15968, ,0.15522253574270473,1.1623224686798522e-06,None,None,None,None, , , , 
15969, ,0.15522253574270473,1.2458833642950078e-06,None,None,None,None, , , , 
15970, ,0.15522253574270473,1.3354515629298971e-06,None,None,None,None, , , , 
15971, ,0.15522253574270473,1.4314589375234786e-06,None,None,None,None, , , , 
15972, ,0.15522253574270473,1.53436840893001e-06,None,None,None,None, , , , 
15973, ,0.15522253574270473,1.6446761779946631e-06,None,None,None,None, , , , 
15974, ,0.15522253574270473,1.762914118095948e-06,None,None,None,None, , , , 
15975, ,0.15522253574270473,1.8896523396912082e-06,None,None,None,None, , , , 
15976, ,0.15522253574270473,2.0255019392306664e-06,None,None,None,None, , , , 
15977, ,0.15522253574270473,2.171117945694501e-06,None,None,None,None, , , , 
15978, ,0.15522253574270473,2.327202478960408e-06,None,None,None,None, , , , 
15979, ,0.15522253574270473,2.494508135230317e-06,None,None,None,None, , , , 
15980, ,0.15522253574270473,2.673841615839944e-06,None,None,None,None, , , , 
15981, ,0.15522253574270473,2.8660676169482507e-06,None,None,None,None, , , , 
15982, ,0.15522253574270473,3.0721129988617524e-06,None,None,None,None, , , , 
15983, ,0.15522253574270473,3.292971255097148e-06,None,None,None,None, , , , 
15984, ,0.15522253574270473,3.5297073027306505e-06,None,None,None,None, , , , 
15985, ,0.15522253574270473,3.783462617131925e-06,None,None,None,None, , , , 
15986, ,0.15522253574270473,4.0554607358408275e-06,None,None,None,None, , , , 
15987, ,0.15522253574270473,4.3470131581250175e-06,None,None,None,None, , , , 
15988, ,0.15522253574270473,4.6595256686646765e-06,None,None,None,None, , , , 
15989, ,0.15522253574270473,4.99450511585514e-06,None,None,None,None, , , , 
15990, ,0.15522253574270473,5.353566677410719e-06,None,None,None,None, , , , 
15991, ,0.15522253574270473,5.738441648302393e-06,None,None,None,None, , , , 
15992, ,0.15522253574270473,6.150985788580505e-06,None,None,None,None, , , , 
15993, ,0.15522253574270473,6.593188271333541e-06,None,None,None,None, , , , 
15994, ,0.15522253574270473,7.067181273927492e-06,None,None,None,None, , , , 
15995, ,0.15522253574270473,7.575250258771904e-06,None,None,None,None, , , , 
15996, ,0.15522253574270473,8.119844993184007e-06,None,None,None,None, , , , 
15997, ,0.15522253574270473,8.703591361485167e-06,None,None,None,None, , , , 
15998, ,0.15522253574270473,9.329304026284676e-06,None,None,None,None, , , , 
15999, ,0.15522253574270473,1e-05,None,None,None,None, , , , 
16000, ,0.16070528182616384,1e-11,None,None,None,None, , , , 
16001, ,0.16070528182616384,1.0718913192051263e-11,None,None,None,None, , , , 
16002, ,0.16070528182616384,1.1489510001873107e-11,None,None,None,None, , , , 
16003, ,0.16070528182616384,1.2315506032928262e-11,None,None,None,None, , , , 
16004, ,0.16070528182616384,1.3200884008314167e-11,None,None,None,None, , , , 
16005, ,0.16070528182616384,1.4149912974345786e-11,None,None,None,None, , , , 
16006, ,0.16070528182616384,1.5167168884709242e-11,None,None,None,None, , , , 
16007, ,0.16070528182616384,1.6257556664437934e-11,None,None,None,None, , , , 
16008, ,0.16070528182616384,1.7426333860096473e-11,None,None,None,None, , , , 
16009, ,0.16070528182616384,1.8679135990207848e-11,None,None,None,None, , , , 
16010, ,0.16070528182616384,2.0022003718155844e-11,None,None,None,None, , , , 
16011, ,0.16070528182616384,2.1461411978584013e-11,None,None,None,None, , , , 
16012, ,0.16070528182616384,2.300430119772921e-11,None,None,None,None, , , , 
16013, ,0.16070528182616384,2.465811075822604e-11,None,None,None,None, , , , 
16014, ,0.16070528182616384,2.643081486974103e-11,None,None,None,None, , , , 
16015, ,0.16070528182616384,2.8330961018393178e-11,None,None,None,None, , , , 
16016, ,0.16070528182616384,3.036771118035461e-11,None,None,None,None, , , , 
16017, ,0.16070528182616384,3.255088599835057e-11,None,None,None,None, , , , 
16018, ,0.16070528182616384,3.4891012134067674e-11,None,None,None,None, , , , 
16019, ,0.16070528182616384,3.739937302478801e-11,None,None,None,None, , , , 
16020, ,0.16070528182616384,4.0088063288984646e-11,None,None,None,None, , , , 
16021, ,0.16070528182616384,4.297004704320835e-11,None,None,None,None, , , , 
16022, ,0.16070528182616384,4.605922041145113e-11,None,None,None,None, , , , 
16023, ,0.16070528182616384,4.937047852839004e-11,None,None,None,None, , , , 
16024, ,0.16070528182616384,5.2919787359584366e-11,None,None,None,None, , , , 
16025, ,0.16070528182616384,5.672426068491989e-11,None,None,None,None, , , , 
16026, ,0.16070528182616384,6.080224261649427e-11,None,None,None,None, , , , 
16027, ,0.16070528182616384,6.517339604882421e-11,None,None,None,None, , , , 
16028, ,0.16070528182616384,6.985879746785235e-11,None,None,None,None, , , , 
16029, ,0.16070528182616384,7.48810385759003e-11,None,None,None,None, , , , 
16030, ,0.16070528182616384,8.026433522257174e-11,None,None,None,None, , , , 
16031, ,0.16070528182616384,8.603464416684492e-11,None,None,None,None, , , , 
16032, ,0.16070528182616384,9.221978823334341e-11,None,None,None,None, , , , 
16033, ,0.16070528182616384,9.884959046625586e-11,None,None,None,None, , , , 
16034, ,0.16070528182616384,1.0595601792776149e-10,None,None,None,None, , , , 
16035, ,0.16070528182616384,1.1357333583431027e-10,None,None,None,None, , , , 
16036, ,0.16070528182616384,1.217382727739662e-10,None,None,None,None, , , , 
16037, ,0.16070528182616384,1.3049019780144016e-10,None,None,None,None, , , , 
16038, ,0.16070528182616384,1.398713102647236e-10,None,None,None,None, , , , 
16039, ,0.16070528182616384,1.4992684327860468e-10,None,None,None,None, , , , 
16040, ,0.16070528182616384,1.6070528182616384e-10,None,None,None,None, , , , 
16041, ,0.16070528182616384,1.722585965398784e-10,None,None,None,None, , , , 
16042, ,0.16070528182616384,1.8464249428955463e-10,None,None,None,None, , , , 
16043, ,0.16070528182616384,1.9791668678535569e-10,None,None,None,None, , , , 
16044, ,0.16070528182616384,2.121451784910628e-10,None,None,None,None, , , , 
16045, ,0.16070528182616384,2.273965752357932e-10,None,None,None,None, , , , 
16046, ,0.16070528182616384,2.4374441501222216e-10,None,None,None,None, , , , 
16047, ,0.16070528182616384,2.6126752255633265e-10,None,None,None,None, , , , 
16048, ,0.16070528182616384,2.8005038941836253e-10,None,None,None,None, , , , 
16049, ,0.16070528182616384,3.0018358135755917e-10,None,None,None,None, , , , 
16050, ,0.16070528182616384,3.2176417502507347e-10,None,None,None,None, , , , 
16051, ,0.16070528182616384,3.4489622604057533e-10,None,None,None,None, , , , 
16052, ,0.16070528182616384,3.696912707195032e-10,None,None,None,None, , , , 
16053, ,0.16070528182616384,3.9626886387014783e-10,None,None,None,None, , , , 
16054, ,0.16070528182616384,4.2475715525368935e-10,None,None,None,None, , , , 
16055, ,0.16070528182616384,4.552935074866938e-10,None,None,None,None, , , , 
16056, ,0.16070528182616384,4.880251583654433e-10,None,None,None,None, , , , 
16057, ,0.16070528182616384,5.231099308056258e-10,None,None,None,None, , , , 
16058, ,0.16070528182616384,5.60716993820547e-10,None,None,None,None, , , , 
16059, ,0.16070528182616384,6.010276782070387e-10,None,None,None,None, , , , 
16060, ,0.16070528182616384,6.442363508721371e-10,None,None,None,None, , , , 
16061, ,0.16070528182616384,6.905513520162316e-10,None,None,None,None, , , , 
16062, ,0.16070528182616384,7.401959996915653e-10,None,None,None,None, , , , 
16063, ,0.16070528182616384,7.934096665797492e-10,None,None,None,None, , , , 
16064, ,0.16070528182616384,8.504489341802668e-10,None,None,None,None, , , , 
16065, ,0.16070528182616384,9.115888299750837e-10,None,None,None,None, , , , 
16066, ,0.16070528182616384,9.771241535346502e-10,None,None,None,None, , , , 
16067, ,0.16070528182616384,1.0473708979594486e-09,None,None,None,None, , , , 
16068, ,0.16070528182616384,1.1226677735108114e-09,None,None,None,None, , , , 
16069, ,0.16070528182616384,1.2033778407775904e-09,None,None,None,None, , , , 
16070, ,0.16070528182616384,1.289890261253308e-09,None,None,None,None, , , , 
16071, ,0.16070528182616384,1.3826221737646535e-09,None,None,None,None, , , , 
16072, ,0.16070528182616384,1.4820207057988602e-09,None,None,None,None, , , , 
16073, ,0.16070528182616384,1.5885651294280526e-09,None,None,None,None, , , , 
16074, ,0.16070528182616384,1.702769172225898e-09,None,None,None,None, , , , 
16075, ,0.16070528182616384,1.825183494319039e-09,None,None,None,None, , , , 
16076, ,0.16070528182616384,1.956398343517065e-09,None,None,None,None, , , , 
16077, ,0.16070528182616384,2.0970464013232305e-09,None,None,None,None, , , , 
16078, ,0.16070528182616384,2.2478058335487307e-09,None,None,None,None, , , , 
16079, ,0.16070528182616384,2.409403560239527e-09,None,None,None,None, , , , 
16080, ,0.16070528182616384,2.582618760682675e-09,None,None,None,None, , , , 
16081, ,0.16070528182616384,2.768286630392061e-09,None,None,None,None, , , , 
16082, ,0.16070528182616384,2.9673024081888724e-09,None,None,None,None, , , , 
16083, ,0.16070528182616384,3.180625692794119e-09,None,None,None,None, , , , 
16084, ,0.16070528182616384,3.409285069746807e-09,None,None,None,None, , , , 
16085, ,0.16070528182616384,3.654383070957262e-09,None,None,None,None, , , , 
16086, ,0.16070528182616384,3.917101490809261e-09,None,None,None,None, , , , 
16087, ,0.16070528182616384,4.198707084443906e-09,None,None,None,None, , , , 
16088, ,0.16070528182616384,4.500557675700488e-09,None,None,None,None, , , , 
16089, ,0.16070528182616384,4.824108704165374e-09,None,None,None,None, , , , 
16090, ,0.16070528182616384,5.170920242896755e-09,None,None,None,None, , , , 
16091, ,0.16070528182616384,5.542664520663096e-09,None,None,None,None, , , , 
16092, ,0.16070528182616384,5.941133984965041e-09,None,None,None,None, , , , 
16093, ,0.16070528182616384,6.3682499447185856e-09,None,None,None,None, , , , 
16094, ,0.16070528182616384,6.826071834272379e-09,None,None,None,None, , , , 
16095, ,0.16070528182616384,7.316807143427175e-09,None,None,None,None, , , , 
16096, ,0.16070528182616384,7.842822061337681e-09,None,None,None,None, , , , 
16097, ,0.16070528182616384,8.406652885618316e-09,None,None,None,None, , , , 
16098, ,0.16070528182616384,9.011018251665036e-09,None,None,None,None, , , , 
16099, ,0.16070528182616384,9.658832241158707e-09,None,None,None,None, , , , 
16100, ,0.16070528182616384,1.0353218432956616e-08,None,None,None,None, , , , 
16101, ,0.16070528182616384,1.1097524964120722e-08,None,None,None,None, , , , 
16102, ,0.16070528182616384,1.1895340673703208e-08,None,None,None,None, , , , 
16103, ,0.16070528182616384,1.2750512407130128e-08,None,None,None,None, , , , 
16104, ,0.16070528182616384,1.3667163564620044e-08,None,None,None,None, , , , 
16105, ,0.16070528182616384,1.4649713983072853e-08,None,None,None,None, , , , 
16106, ,0.16070528182616384,1.5702901247293774e-08,None,None,None,None, , , , 
16107, ,0.16070528182616384,1.683180353330955e-08,None,None,None,None, , , , 
16108, ,0.16070528182616384,1.8041864093920717e-08,None,None,None,None, , , , 
16109, ,0.16070528182616384,1.933891750455232e-08,None,None,None,None, , , , 
16110, ,0.16070528182616384,2.0729217795953697e-08,None,None,None,None, , , , 
16111, ,0.16070528182616384,2.221946860939524e-08,None,None,None,None, , , , 
16112, ,0.16070528182616384,2.3816855519761606e-08,None,None,None,None, , , , 
16113, ,0.16070528182616384,2.552908068239516e-08,None,None,None,None, , , , 
16114, ,0.16070528182616384,2.7364399970746666e-08,None,None,None,None, , , , 
16115, ,0.16070528182616384,2.933166278390042e-08,None,None,None,None, , , , 
16116, ,0.16070528182616384,3.1440354715915e-08,None,None,None,None, , , , 
16117, ,0.16070528182616384,3.370064329271925e-08,None,None,None,None, , , , 
16118, ,0.16070528182616384,3.612342699709431e-08,None,None,None,None, , , , 
16119, ,0.16070528182616384,3.872038781812557e-08,None,None,None,None, , , , 
16120, ,0.16070528182616384,4.1504047578504727e-08,None,None,None,None, , , , 
16121, ,0.16070528182616384,4.448782831127585e-08,None,None,None,None, , , , 
16122, ,0.16070528182616384,4.768611697714474e-08,None,None,None,None, , , , 
16123, ,0.16070528182616384,5.111433483440165e-08,None,None,None,None, , , , 
16124, ,0.16070528182616384,5.478901179593934e-08,None,None,None,None, , , , 
16125, ,0.16070528182616384,5.872786613189478e-08,None,None,None,None, , , , 
16126, ,0.16070528182616384,6.294988990221888e-08,None,None,None,None, , , , 
16127, ,0.16070528182616384,6.747544053110687e-08,None,None,None,None, , , , 
16128, ,0.16070528182616384,7.232633896483534e-08,None,None,None,None, , , , 
16129, ,0.16070528182616384,7.752597488629465e-08,None,None,None,None, , , , 
16130, ,0.16070528182616384,8.309941949353386e-08,None,None,None,None, , , , 
16131, ,0.16070528182616384,8.907354638610439e-08,None,None,None,None, , , , 
16132, ,0.16070528182616384,9.547716114208066e-08,None,None,None,None, , , , 
16133, ,0.16070528182616384,1.0234114021054528e-07,None,None,None,None, , , , 
16134, ,0.16070528182616384,1.0969857978923841e-07,None,None,None,None, , , , 
16135, ,0.16070528182616384,1.1758495540521555e-07,None,None,None,None, , , , 
16136, ,0.16070528182616384,1.2603829296797277e-07,None,None,None,None, , , , 
16137, ,0.16070528182616384,1.350993521198025e-07,None,None,None,None, , , , 
16138, ,0.16070528182616384,1.4481182276745328e-07,None,None,None,None, , , , 
16139, ,0.16070528182616384,1.552225357427048e-07,None,None,None,None, , , , 
16140, ,0.16070528182616384,1.6638168860761273e-07,None,None,None,None, , , , 
16141, ,0.16070528182616384,1.7834308769319093e-07,None,None,None,None, , , , 
16142, ,0.16070528182616384,1.9116440753857e-07,None,None,None,None, , , , 
16143, ,0.16070528182616384,2.049074689815846e-07,None,None,None,None, , , , 
16144, ,0.16070528182616384,2.1963853724165468e-07,None,None,None,None, , , , 
16145, ,0.16070528182616384,2.3542864143224158e-07,None,None,None,None, , , , 
16146, ,0.16070528182616384,2.523539170434766e-07,None,None,None,None, , , , 
16147, ,0.16070528182616384,2.7049597304631316e-07,None,None,None,None, , , , 
16148, ,0.16070528182616384,2.899422853882875e-07,None,None,None,None, , , , 
16149, ,0.16070528182616384,3.107866187782014e-07,None,None,None,None, , , , 
16150, ,0.16070528182616384,3.33129478793467e-07,None,None,None,None, , , , 
16151, ,0.16070528182616384,3.5707859649004626e-07,None,None,None,None, , , , 
16152, ,0.16070528182616384,3.827494478516307e-07,None,None,None,None, , , , 
16153, ,0.16070528182616384,4.1026581058271904e-07,None,None,None,None, , , , 
16154, ,0.16070528182616384,4.397603609302722e-07,None,None,None,None, , , , 
16155, ,0.16070528182616384,4.7137531341167185e-07,None,None,None,None, , , , 
16156, ,0.16070528182616384,5.052631065335679e-07,None,None,None,None, , , , 
16157, ,0.16070528182616384,5.415871378079465e-07,None,None,None,None, , , , 
16158, ,0.16070528182616384,5.805225516094896e-07,None,None,None,None, , , , 
16159, ,0.16070528182616384,6.222570836730232e-07,None,None,None,None, , , , 
16160, ,0.16070528182616384,6.669919663030115e-07,None,None,None,None, , , , 
16161, ,0.16070528182616384,7.149428986597576e-07,None,None,None,None, , , , 
16162, ,0.16070528182616384,7.663410868007445e-07,None,None,None,None, , , , 
16163, ,0.16070528182616384,8.214343584919422e-07,None,None,None,None, , , , 
16164, ,0.16070528182616384,8.804883581643463e-07,None,None,None,None, , , , 
16165, ,0.16070528182616384,9.437878277775371e-07,None,None,None,None, , , , 
16166, ,0.16070528182616384,1.0116379797662072e-06,None,None,None,None, , , , 
16167, ,0.16070528182616384,1.0843659686896086e-06,None,None,None,None, , , , 
16168, ,0.16070528182616384,1.1623224686798522e-06,None,None,None,None, , , , 
16169, ,0.16070528182616384,1.2458833642950078e-06,None,None,None,None, , , , 
16170, ,0.16070528182616384,1.3354515629298971e-06,None,None,None,None, , , , 
16171, ,0.16070528182616384,1.4314589375234786e-06,None,None,None,None, , , , 
16172, ,0.16070528182616384,1.53436840893001e-06,None,None,None,None, , , , 
16173, ,0.16070528182616384,1.6446761779946631e-06,None,None,None,None, , , , 
16174, ,0.16070528182616384,1.762914118095948e-06,None,None,None,None, , , , 
16175, ,0.16070528182616384,1.8896523396912082e-06,None,None,None,None, , , , 
16176, ,0.16070528182616384,2.0255019392306664e-06,None,None,None,None, , , , 
16177, ,0.16070528182616384,2.171117945694501e-06,None,None,None,None, , , , 
16178, ,0.16070528182616384,2.327202478960408e-06,None,None,None,None, , , , 
16179, ,0.16070528182616384,2.494508135230317e-06,None,None,None,None, , , , 
16180, ,0.16070528182616384,2.673841615839944e-06,None,None,None,None, , , , 
16181, ,0.16070528182616384,2.8660676169482507e-06,None,None,None,None, , , , 
16182, ,0.16070528182616384,3.0721129988617524e-06,None,None,None,None, , , , 
16183, ,0.16070528182616384,3.292971255097148e-06,None,None,None,None, , , , 
16184, ,0.16070528182616384,3.5297073027306505e-06,None,None,None,None, , , , 
16185, ,0.16070528182616384,3.783462617131925e-06,None,None,None,None, , , , 
16186, ,0.16070528182616384,4.0554607358408275e-06,None,None,None,None, , , , 
16187, ,0.16070528182616384,4.3470131581250175e-06,None,None,None,None, , , , 
16188, ,0.16070528182616384,4.6595256686646765e-06,None,None,None,None, , , , 
16189, ,0.16070528182616384,4.99450511585514e-06,None,None,None,None, , , , 
16190, ,0.16070528182616384,5.353566677410719e-06,None,None,None,None, , , , 
16191, ,0.16070528182616384,5.738441648302393e-06,None,None,None,None, , , , 
16192, ,0.16070528182616384,6.150985788580505e-06,None,None,None,None, , , , 
16193, ,0.16070528182616384,6.593188271333541e-06,None,None,None,None, , , , 
16194, ,0.16070528182616384,7.067181273927492e-06,None,None,None,None, , , , 
16195, ,0.16070528182616384,7.575250258771904e-06,None,None,None,None, , , , 
16196, ,0.16070528182616384,8.119844993184007e-06,None,None,None,None, , , , 
16197, ,0.16070528182616384,8.703591361485167e-06,None,None,None,None, , , , 
16198, ,0.16070528182616384,9.329304026284676e-06,None,None,None,None, , , , 
16199, ,0.16070528182616384,1e-05,None,None,None,None, , , , 
16200, ,0.16638168860761282,1e-11,None,None,None,None, , , , 
16201, ,0.16638168860761282,1.0718913192051263e-11,None,None,None,None, , , , 
16202, ,0.16638168860761282,1.1489510001873107e-11,None,None,None,None, , , , 
16203, ,0.16638168860761282,1.2315506032928262e-11,None,None,None,None, , , , 
16204, ,0.16638168860761282,1.3200884008314167e-11,None,None,None,None, , , , 
16205, ,0.16638168860761282,1.4149912974345786e-11,None,None,None,None, , , , 
16206, ,0.16638168860761282,1.5167168884709242e-11,None,None,None,None, , , , 
16207, ,0.16638168860761282,1.6257556664437934e-11,None,None,None,None, , , , 
16208, ,0.16638168860761282,1.7426333860096473e-11,None,None,None,None, , , , 
16209, ,0.16638168860761282,1.8679135990207848e-11,None,None,None,None, , , , 
16210, ,0.16638168860761282,2.0022003718155844e-11,None,None,None,None, , , , 
16211, ,0.16638168860761282,2.1461411978584013e-11,None,None,None,None, , , , 
16212, ,0.16638168860761282,2.300430119772921e-11,None,None,None,None, , , , 
16213, ,0.16638168860761282,2.465811075822604e-11,None,None,None,None, , , , 
16214, ,0.16638168860761282,2.643081486974103e-11,None,None,None,None, , , , 
16215, ,0.16638168860761282,2.8330961018393178e-11,None,None,None,None, , , , 
16216, ,0.16638168860761282,3.036771118035461e-11,None,None,None,None, , , , 
16217, ,0.16638168860761282,3.255088599835057e-11,None,None,None,None, , , , 
16218, ,0.16638168860761282,3.4891012134067674e-11,None,None,None,None, , , , 
16219, ,0.16638168860761282,3.739937302478801e-11,None,None,None,None, , , , 
16220, ,0.16638168860761282,4.0088063288984646e-11,None,None,None,None, , , , 
16221, ,0.16638168860761282,4.297004704320835e-11,None,None,None,None, , , , 
16222, ,0.16638168860761282,4.605922041145113e-11,None,None,None,None, , , , 
16223, ,0.16638168860761282,4.937047852839004e-11,None,None,None,None, , , , 
16224, ,0.16638168860761282,5.2919787359584366e-11,None,None,None,None, , , , 
16225, ,0.16638168860761282,5.672426068491989e-11,None,None,None,None, , , , 
16226, ,0.16638168860761282,6.080224261649427e-11,None,None,None,None, , , , 
16227, ,0.16638168860761282,6.517339604882421e-11,None,None,None,None, , , , 
16228, ,0.16638168860761282,6.985879746785235e-11,None,None,None,None, , , , 
16229, ,0.16638168860761282,7.48810385759003e-11,None,None,None,None, , , , 
16230, ,0.16638168860761282,8.026433522257174e-11,None,None,None,None, , , , 
16231, ,0.16638168860761282,8.603464416684492e-11,None,None,None,None, , , , 
16232, ,0.16638168860761282,9.221978823334341e-11,None,None,None,None, , , , 
16233, ,0.16638168860761282,9.884959046625586e-11,None,None,None,None, , , , 
16234, ,0.16638168860761282,1.0595601792776149e-10,None,None,None,None, , , , 
16235, ,0.16638168860761282,1.1357333583431027e-10,None,None,None,None, , , , 
16236, ,0.16638168860761282,1.217382727739662e-10,None,None,None,None, , , , 
16237, ,0.16638168860761282,1.3049019780144016e-10,None,None,None,None, , , , 
16238, ,0.16638168860761282,1.398713102647236e-10,None,None,None,None, , , , 
16239, ,0.16638168860761282,1.4992684327860468e-10,None,None,None,None, , , , 
16240, ,0.16638168860761282,1.6070528182616384e-10,None,None,None,None, , , , 
16241, ,0.16638168860761282,1.722585965398784e-10,None,None,None,None, , , , 
16242, ,0.16638168860761282,1.8464249428955463e-10,None,None,None,None, , , , 
16243, ,0.16638168860761282,1.9791668678535569e-10,None,None,None,None, , , , 
16244, ,0.16638168860761282,2.121451784910628e-10,None,None,None,None, , , , 
16245, ,0.16638168860761282,2.273965752357932e-10,None,None,None,None, , , , 
16246, ,0.16638168860761282,2.4374441501222216e-10,None,None,None,None, , , , 
16247, ,0.16638168860761282,2.6126752255633265e-10,None,None,None,None, , , , 
16248, ,0.16638168860761282,2.8005038941836253e-10,None,None,None,None, , , , 
16249, ,0.16638168860761282,3.0018358135755917e-10,None,None,None,None, , , , 
16250, ,0.16638168860761282,3.2176417502507347e-10,None,None,None,None, , , , 
16251, ,0.16638168860761282,3.4489622604057533e-10,None,None,None,None, , , , 
16252, ,0.16638168860761282,3.696912707195032e-10,None,None,None,None, , , , 
16253, ,0.16638168860761282,3.9626886387014783e-10,None,None,None,None, , , , 
16254, ,0.16638168860761282,4.2475715525368935e-10,None,None,None,None, , , , 
16255, ,0.16638168860761282,4.552935074866938e-10,None,None,None,None, , , , 
16256, ,0.16638168860761282,4.880251583654433e-10,None,None,None,None, , , , 
16257, ,0.16638168860761282,5.231099308056258e-10,None,None,None,None, , , , 
16258, ,0.16638168860761282,5.60716993820547e-10,None,None,None,None, , , , 
16259, ,0.16638168860761282,6.010276782070387e-10,None,None,None,None, , , , 
16260, ,0.16638168860761282,6.442363508721371e-10,None,None,None,None, , , , 
16261, ,0.16638168860761282,6.905513520162316e-10,None,None,None,None, , , , 
16262, ,0.16638168860761282,7.401959996915653e-10,None,None,None,None, , , , 
16263, ,0.16638168860761282,7.934096665797492e-10,None,None,None,None, , , , 
16264, ,0.16638168860761282,8.504489341802668e-10,None,None,None,None, , , , 
16265, ,0.16638168860761282,9.115888299750837e-10,None,None,None,None, , , , 
16266, ,0.16638168860761282,9.771241535346502e-10,None,None,None,None, , , , 
16267, ,0.16638168860761282,1.0473708979594486e-09,None,None,None,None, , , , 
16268, ,0.16638168860761282,1.1226677735108114e-09,None,None,None,None, , , , 
16269, ,0.16638168860761282,1.2033778407775904e-09,None,None,None,None, , , , 
16270, ,0.16638168860761282,1.289890261253308e-09,None,None,None,None, , , , 
16271, ,0.16638168860761282,1.3826221737646535e-09,None,None,None,None, , , , 
16272, ,0.16638168860761282,1.4820207057988602e-09,None,None,None,None, , , , 
16273, ,0.16638168860761282,1.5885651294280526e-09,None,None,None,None, , , , 
16274, ,0.16638168860761282,1.702769172225898e-09,None,None,None,None, , , , 
16275, ,0.16638168860761282,1.825183494319039e-09,None,None,None,None, , , , 
16276, ,0.16638168860761282,1.956398343517065e-09,None,None,None,None, , , , 
16277, ,0.16638168860761282,2.0970464013232305e-09,None,None,None,None, , , , 
16278, ,0.16638168860761282,2.2478058335487307e-09,None,None,None,None, , , , 
16279, ,0.16638168860761282,2.409403560239527e-09,None,None,None,None, , , , 
16280, ,0.16638168860761282,2.582618760682675e-09,None,None,None,None, , , , 
16281, ,0.16638168860761282,2.768286630392061e-09,None,None,None,None, , , , 
16282, ,0.16638168860761282,2.9673024081888724e-09,None,None,None,None, , , , 
16283, ,0.16638168860761282,3.180625692794119e-09,None,None,None,None, , , , 
16284, ,0.16638168860761282,3.409285069746807e-09,None,None,None,None, , , , 
16285, ,0.16638168860761282,3.654383070957262e-09,None,None,None,None, , , , 
16286, ,0.16638168860761282,3.917101490809261e-09,None,None,None,None, , , , 
16287, ,0.16638168860761282,4.198707084443906e-09,None,None,None,None, , , , 
16288, ,0.16638168860761282,4.500557675700488e-09,None,None,None,None, , , , 
16289, ,0.16638168860761282,4.824108704165374e-09,None,None,None,None, , , , 
16290, ,0.16638168860761282,5.170920242896755e-09,None,None,None,None, , , , 
16291, ,0.16638168860761282,5.542664520663096e-09,None,None,None,None, , , , 
16292, ,0.16638168860761282,5.941133984965041e-09,None,None,None,None, , , , 
16293, ,0.16638168860761282,6.3682499447185856e-09,None,None,None,None, , , , 
16294, ,0.16638168860761282,6.826071834272379e-09,None,None,None,None, , , , 
16295, ,0.16638168860761282,7.316807143427175e-09,None,None,None,None, , , , 
16296, ,0.16638168860761282,7.842822061337681e-09,None,None,None,None, , , , 
16297, ,0.16638168860761282,8.406652885618316e-09,None,None,None,None, , , , 
16298, ,0.16638168860761282,9.011018251665036e-09,None,None,None,None, , , , 
16299, ,0.16638168860761282,9.658832241158707e-09,None,None,None,None, , , , 
16300, ,0.16638168860761282,1.0353218432956616e-08,None,None,None,None, , , , 
16301, ,0.16638168860761282,1.1097524964120722e-08,None,None,None,None, , , , 
16302, ,0.16638168860761282,1.1895340673703208e-08,None,None,None,None, , , , 
16303, ,0.16638168860761282,1.2750512407130128e-08,None,None,None,None, , , , 
16304, ,0.16638168860761282,1.3667163564620044e-08,None,None,None,None, , , , 
16305, ,0.16638168860761282,1.4649713983072853e-08,None,None,None,None, , , , 
16306, ,0.16638168860761282,1.5702901247293774e-08,None,None,None,None, , , , 
16307, ,0.16638168860761282,1.683180353330955e-08,None,None,None,None, , , , 
16308, ,0.16638168860761282,1.8041864093920717e-08,None,None,None,None, , , , 
16309, ,0.16638168860761282,1.933891750455232e-08,None,None,None,None, , , , 
16310, ,0.16638168860761282,2.0729217795953697e-08,None,None,None,None, , , , 
16311, ,0.16638168860761282,2.221946860939524e-08,None,None,None,None, , , , 
16312, ,0.16638168860761282,2.3816855519761606e-08,None,None,None,None, , , , 
16313, ,0.16638168860761282,2.552908068239516e-08,None,None,None,None, , , , 
16314, ,0.16638168860761282,2.7364399970746666e-08,None,None,None,None, , , , 
16315, ,0.16638168860761282,2.933166278390042e-08,None,None,None,None, , , , 
16316, ,0.16638168860761282,3.1440354715915e-08,None,None,None,None, , , , 
16317, ,0.16638168860761282,3.370064329271925e-08,None,None,None,None, , , , 
16318, ,0.16638168860761282,3.612342699709431e-08,None,None,None,None, , , , 
16319, ,0.16638168860761282,3.872038781812557e-08,None,None,None,None, , , , 
16320, ,0.16638168860761282,4.1504047578504727e-08,None,None,None,None, , , , 
16321, ,0.16638168860761282,4.448782831127585e-08,None,None,None,None, , , , 
16322, ,0.16638168860761282,4.768611697714474e-08,None,None,None,None, , , , 
16323, ,0.16638168860761282,5.111433483440165e-08,None,None,None,None, , , , 
16324, ,0.16638168860761282,5.478901179593934e-08,None,None,None,None, , , , 
16325, ,0.16638168860761282,5.872786613189478e-08,None,None,None,None, , , , 
16326, ,0.16638168860761282,6.294988990221888e-08,None,None,None,None, , , , 
16327, ,0.16638168860761282,6.747544053110687e-08,None,None,None,None, , , , 
16328, ,0.16638168860761282,7.232633896483534e-08,None,None,None,None, , , , 
16329, ,0.16638168860761282,7.752597488629465e-08,None,None,None,None, , , , 
16330, ,0.16638168860761282,8.309941949353386e-08,None,None,None,None, , , , 
16331, ,0.16638168860761282,8.907354638610439e-08,None,None,None,None, , , , 
16332, ,0.16638168860761282,9.547716114208066e-08,None,None,None,None, , , , 
16333, ,0.16638168860761282,1.0234114021054528e-07,None,None,None,None, , , , 
16334, ,0.16638168860761282,1.0969857978923841e-07,None,None,None,None, , , , 
16335, ,0.16638168860761282,1.1758495540521555e-07,None,None,None,None, , , , 
16336, ,0.16638168860761282,1.2603829296797277e-07,None,None,None,None, , , , 
16337, ,0.16638168860761282,1.350993521198025e-07,None,None,None,None, , , , 
16338, ,0.16638168860761282,1.4481182276745328e-07,None,None,None,None, , , , 
16339, ,0.16638168860761282,1.552225357427048e-07,None,None,None,None, , , , 
16340, ,0.16638168860761282,1.6638168860761273e-07,None,None,None,None, , , , 
16341, ,0.16638168860761282,1.7834308769319093e-07,None,None,None,None, , , , 
16342, ,0.16638168860761282,1.9116440753857e-07,None,None,None,None, , , , 
16343, ,0.16638168860761282,2.049074689815846e-07,None,None,None,None, , , , 
16344, ,0.16638168860761282,2.1963853724165468e-07,None,None,None,None, , , , 
16345, ,0.16638168860761282,2.3542864143224158e-07,None,None,None,None, , , , 
16346, ,0.16638168860761282,2.523539170434766e-07,None,None,None,None, , , , 
16347, ,0.16638168860761282,2.7049597304631316e-07,None,None,None,None, , , , 
16348, ,0.16638168860761282,2.899422853882875e-07,None,None,None,None, , , , 
16349, ,0.16638168860761282,3.107866187782014e-07,None,None,None,None, , , , 
16350, ,0.16638168860761282,3.33129478793467e-07,None,None,None,None, , , , 
16351, ,0.16638168860761282,3.5707859649004626e-07,None,None,None,None, , , , 
16352, ,0.16638168860761282,3.827494478516307e-07,None,None,None,None, , , , 
16353, ,0.16638168860761282,4.1026581058271904e-07,None,None,None,None, , , , 
16354, ,0.16638168860761282,4.397603609302722e-07,None,None,None,None, , , , 
16355, ,0.16638168860761282,4.7137531341167185e-07,None,None,None,None, , , , 
16356, ,0.16638168860761282,5.052631065335679e-07,None,None,None,None, , , , 
16357, ,0.16638168860761282,5.415871378079465e-07,None,None,None,None, , , , 
16358, ,0.16638168860761282,5.805225516094896e-07,None,None,None,None, , , , 
16359, ,0.16638168860761282,6.222570836730232e-07,None,None,None,None, , , , 
16360, ,0.16638168860761282,6.669919663030115e-07,None,None,None,None, , , , 
16361, ,0.16638168860761282,7.149428986597576e-07,None,None,None,None, , , , 
16362, ,0.16638168860761282,7.663410868007445e-07,None,None,None,None, , , , 
16363, ,0.16638168860761282,8.214343584919422e-07,None,None,None,None, , , , 
16364, ,0.16638168860761282,8.804883581643463e-07,None,None,None,None, , , , 
16365, ,0.16638168860761282,9.437878277775371e-07,None,None,None,None, , , , 
16366, ,0.16638168860761282,1.0116379797662072e-06,None,None,None,None, , , , 
16367, ,0.16638168860761282,1.0843659686896086e-06,None,None,None,None, , , , 
16368, ,0.16638168860761282,1.1623224686798522e-06,None,None,None,None, , , , 
16369, ,0.16638168860761282,1.2458833642950078e-06,None,None,None,None, , , , 
16370, ,0.16638168860761282,1.3354515629298971e-06,None,None,None,None, , , , 
16371, ,0.16638168860761282,1.4314589375234786e-06,None,None,None,None, , , , 
16372, ,0.16638168860761282,1.53436840893001e-06,None,None,None,None, , , , 
16373, ,0.16638168860761282,1.6446761779946631e-06,None,None,None,None, , , , 
16374, ,0.16638168860761282,1.762914118095948e-06,None,None,None,None, , , , 
16375, ,0.16638168860761282,1.8896523396912082e-06,None,None,None,None, , , , 
16376, ,0.16638168860761282,2.0255019392306664e-06,None,None,None,None, , , , 
16377, ,0.16638168860761282,2.171117945694501e-06,None,None,None,None, , , , 
16378, ,0.16638168860761282,2.327202478960408e-06,None,None,None,None, , , , 
16379, ,0.16638168860761282,2.494508135230317e-06,None,None,None,None, , , , 
16380, ,0.16638168860761282,2.673841615839944e-06,None,None,None,None, , , , 
16381, ,0.16638168860761282,2.8660676169482507e-06,None,None,None,None, , , , 
16382, ,0.16638168860761282,3.0721129988617524e-06,None,None,None,None, , , , 
16383, ,0.16638168860761282,3.292971255097148e-06,None,None,None,None, , , , 
16384, ,0.16638168860761282,3.5297073027306505e-06,None,None,None,None, , , , 
16385, ,0.16638168860761282,3.783462617131925e-06,None,None,None,None, , , , 
16386, ,0.16638168860761282,4.0554607358408275e-06,None,None,None,None, , , , 
16387, ,0.16638168860761282,4.3470131581250175e-06,None,None,None,None, , , , 
16388, ,0.16638168860761282,4.6595256686646765e-06,None,None,None,None, , , , 
16389, ,0.16638168860761282,4.99450511585514e-06,None,None,None,None, , , , 
16390, ,0.16638168860761282,5.353566677410719e-06,None,None,None,None, , , , 
16391, ,0.16638168860761282,5.738441648302393e-06,None,None,None,None, , , , 
16392, ,0.16638168860761282,6.150985788580505e-06,None,None,None,None, , , , 
16393, ,0.16638168860761282,6.593188271333541e-06,None,None,None,None, , , , 
16394, ,0.16638168860761282,7.067181273927492e-06,None,None,None,None, , , , 
16395, ,0.16638168860761282,7.575250258771904e-06,None,None,None,None, , , , 
16396, ,0.16638168860761282,8.119844993184007e-06,None,None,None,None, , , , 
16397, ,0.16638168860761282,8.703591361485167e-06,None,None,None,None, , , , 
16398, ,0.16638168860761282,9.329304026284676e-06,None,None,None,None, , , , 
16399, ,0.16638168860761282,1e-05,None,None,None,None, , , , 
16400, ,0.17225859653987866,1e-11,None,None,None,None, , , , 
16401, ,0.17225859653987866,1.0718913192051263e-11,None,None,None,None, , , , 
16402, ,0.17225859653987866,1.1489510001873107e-11,None,None,None,None, , , , 
16403, ,0.17225859653987866,1.2315506032928262e-11,None,None,None,None, , , , 
16404, ,0.17225859653987866,1.3200884008314167e-11,None,None,None,None, , , , 
16405, ,0.17225859653987866,1.4149912974345786e-11,None,None,None,None, , , , 
16406, ,0.17225859653987866,1.5167168884709242e-11,None,None,None,None, , , , 
16407, ,0.17225859653987866,1.6257556664437934e-11,None,None,None,None, , , , 
16408, ,0.17225859653987866,1.7426333860096473e-11,None,None,None,None, , , , 
16409, ,0.17225859653987866,1.8679135990207848e-11,None,None,None,None, , , , 
16410, ,0.17225859653987866,2.0022003718155844e-11,None,None,None,None, , , , 
16411, ,0.17225859653987866,2.1461411978584013e-11,None,None,None,None, , , , 
16412, ,0.17225859653987866,2.300430119772921e-11,None,None,None,None, , , , 
16413, ,0.17225859653987866,2.465811075822604e-11,None,None,None,None, , , , 
16414, ,0.17225859653987866,2.643081486974103e-11,None,None,None,None, , , , 
16415, ,0.17225859653987866,2.8330961018393178e-11,None,None,None,None, , , , 
16416, ,0.17225859653987866,3.036771118035461e-11,None,None,None,None, , , , 
16417, ,0.17225859653987866,3.255088599835057e-11,None,None,None,None, , , , 
16418, ,0.17225859653987866,3.4891012134067674e-11,None,None,None,None, , , , 
16419, ,0.17225859653987866,3.739937302478801e-11,None,None,None,None, , , , 
16420, ,0.17225859653987866,4.0088063288984646e-11,None,None,None,None, , , , 
16421, ,0.17225859653987866,4.297004704320835e-11,None,None,None,None, , , , 
16422, ,0.17225859653987866,4.605922041145113e-11,None,None,None,None, , , , 
16423, ,0.17225859653987866,4.937047852839004e-11,None,None,None,None, , , , 
16424, ,0.17225859653987866,5.2919787359584366e-11,None,None,None,None, , , , 
16425, ,0.17225859653987866,5.672426068491989e-11,None,None,None,None, , , , 
16426, ,0.17225859653987866,6.080224261649427e-11,None,None,None,None, , , , 
16427, ,0.17225859653987866,6.517339604882421e-11,None,None,None,None, , , , 
16428, ,0.17225859653987866,6.985879746785235e-11,None,None,None,None, , , , 
16429, ,0.17225859653987866,7.48810385759003e-11,None,None,None,None, , , , 
16430, ,0.17225859653987866,8.026433522257174e-11,None,None,None,None, , , , 
16431, ,0.17225859653987866,8.603464416684492e-11,None,None,None,None, , , , 
16432, ,0.17225859653987866,9.221978823334341e-11,None,None,None,None, , , , 
16433, ,0.17225859653987866,9.884959046625586e-11,None,None,None,None, , , , 
16434, ,0.17225859653987866,1.0595601792776149e-10,None,None,None,None, , , , 
16435, ,0.17225859653987866,1.1357333583431027e-10,None,None,None,None, , , , 
16436, ,0.17225859653987866,1.217382727739662e-10,None,None,None,None, , , , 
16437, ,0.17225859653987866,1.3049019780144016e-10,None,None,None,None, , , , 
16438, ,0.17225859653987866,1.398713102647236e-10,None,None,None,None, , , , 
16439, ,0.17225859653987866,1.4992684327860468e-10,None,None,None,None, , , , 
16440, ,0.17225859653987866,1.6070528182616384e-10,None,None,None,None, , , , 
16441, ,0.17225859653987866,1.722585965398784e-10,None,None,None,None, , , , 
16442, ,0.17225859653987866,1.8464249428955463e-10,None,None,None,None, , , , 
16443, ,0.17225859653987866,1.9791668678535569e-10,None,None,None,None, , , , 
16444, ,0.17225859653987866,2.121451784910628e-10,None,None,None,None, , , , 
16445, ,0.17225859653987866,2.273965752357932e-10,None,None,None,None, , , , 
16446, ,0.17225859653987866,2.4374441501222216e-10,None,None,None,None, , , , 
16447, ,0.17225859653987866,2.6126752255633265e-10,None,None,None,None, , , , 
16448, ,0.17225859653987866,2.8005038941836253e-10,None,None,None,None, , , , 
16449, ,0.17225859653987866,3.0018358135755917e-10,None,None,None,None, , , , 
16450, ,0.17225859653987866,3.2176417502507347e-10,None,None,None,None, , , , 
16451, ,0.17225859653987866,3.4489622604057533e-10,None,None,None,None, , , , 
16452, ,0.17225859653987866,3.696912707195032e-10,None,None,None,None, , , , 
16453, ,0.17225859653987866,3.9626886387014783e-10,None,None,None,None, , , , 
16454, ,0.17225859653987866,4.2475715525368935e-10,None,None,None,None, , , , 
16455, ,0.17225859653987866,4.552935074866938e-10,None,None,None,None, , , , 
16456, ,0.17225859653987866,4.880251583654433e-10,None,None,None,None, , , , 
16457, ,0.17225859653987866,5.231099308056258e-10,None,None,None,None, , , , 
16458, ,0.17225859653987866,5.60716993820547e-10,None,None,None,None, , , , 
16459, ,0.17225859653987866,6.010276782070387e-10,None,None,None,None, , , , 
16460, ,0.17225859653987866,6.442363508721371e-10,None,None,None,None, , , , 
16461, ,0.17225859653987866,6.905513520162316e-10,None,None,None,None, , , , 
16462, ,0.17225859653987866,7.401959996915653e-10,None,None,None,None, , , , 
16463, ,0.17225859653987866,7.934096665797492e-10,None,None,None,None, , , , 
16464, ,0.17225859653987866,8.504489341802668e-10,None,None,None,None, , , , 
16465, ,0.17225859653987866,9.115888299750837e-10,None,None,None,None, , , , 
16466, ,0.17225859653987866,9.771241535346502e-10,None,None,None,None, , , , 
16467, ,0.17225859653987866,1.0473708979594486e-09,None,None,None,None, , , , 
16468, ,0.17225859653987866,1.1226677735108114e-09,None,None,None,None, , , , 
16469, ,0.17225859653987866,1.2033778407775904e-09,None,None,None,None, , , , 
16470, ,0.17225859653987866,1.289890261253308e-09,None,None,None,None, , , , 
16471, ,0.17225859653987866,1.3826221737646535e-09,None,None,None,None, , , , 
16472, ,0.17225859653987866,1.4820207057988602e-09,None,None,None,None, , , , 
16473, ,0.17225859653987866,1.5885651294280526e-09,None,None,None,None, , , , 
16474, ,0.17225859653987866,1.702769172225898e-09,None,None,None,None, , , , 
16475, ,0.17225859653987866,1.825183494319039e-09,None,None,None,None, , , , 
16476, ,0.17225859653987866,1.956398343517065e-09,None,None,None,None, , , , 
16477, ,0.17225859653987866,2.0970464013232305e-09,None,None,None,None, , , , 
16478, ,0.17225859653987866,2.2478058335487307e-09,None,None,None,None, , , , 
16479, ,0.17225859653987866,2.409403560239527e-09,None,None,None,None, , , , 
16480, ,0.17225859653987866,2.582618760682675e-09,None,None,None,None, , , , 
16481, ,0.17225859653987866,2.768286630392061e-09,None,None,None,None, , , , 
16482, ,0.17225859653987866,2.9673024081888724e-09,None,None,None,None, , , , 
16483, ,0.17225859653987866,3.180625692794119e-09,None,None,None,None, , , , 
16484, ,0.17225859653987866,3.409285069746807e-09,None,None,None,None, , , , 
16485, ,0.17225859653987866,3.654383070957262e-09,None,None,None,None, , , , 
16486, ,0.17225859653987866,3.917101490809261e-09,None,None,None,None, , , , 
16487, ,0.17225859653987866,4.198707084443906e-09,None,None,None,None, , , , 
16488, ,0.17225859653987866,4.500557675700488e-09,None,None,None,None, , , , 
16489, ,0.17225859653987866,4.824108704165374e-09,None,None,None,None, , , , 
16490, ,0.17225859653987866,5.170920242896755e-09,None,None,None,None, , , , 
16491, ,0.17225859653987866,5.542664520663096e-09,None,None,None,None, , , , 
16492, ,0.17225859653987866,5.941133984965041e-09,None,None,None,None, , , , 
16493, ,0.17225859653987866,6.3682499447185856e-09,None,None,None,None, , , , 
16494, ,0.17225859653987866,6.826071834272379e-09,None,None,None,None, , , , 
16495, ,0.17225859653987866,7.316807143427175e-09,None,None,None,None, , , , 
16496, ,0.17225859653987866,7.842822061337681e-09,None,None,None,None, , , , 
16497, ,0.17225859653987866,8.406652885618316e-09,None,None,None,None, , , , 
16498, ,0.17225859653987866,9.011018251665036e-09,None,None,None,None, , , , 
16499, ,0.17225859653987866,9.658832241158707e-09,None,None,None,None, , , , 
16500, ,0.17225859653987866,1.0353218432956616e-08,None,None,None,None, , , , 
16501, ,0.17225859653987866,1.1097524964120722e-08,None,None,None,None, , , , 
16502, ,0.17225859653987866,1.1895340673703208e-08,None,None,None,None, , , , 
16503, ,0.17225859653987866,1.2750512407130128e-08,None,None,None,None, , , , 
16504, ,0.17225859653987866,1.3667163564620044e-08,None,None,None,None, , , , 
16505, ,0.17225859653987866,1.4649713983072853e-08,None,None,None,None, , , , 
16506, ,0.17225859653987866,1.5702901247293774e-08,None,None,None,None, , , , 
16507, ,0.17225859653987866,1.683180353330955e-08,None,None,None,None, , , , 
16508, ,0.17225859653987866,1.8041864093920717e-08,None,None,None,None, , , , 
16509, ,0.17225859653987866,1.933891750455232e-08,None,None,None,None, , , , 
16510, ,0.17225859653987866,2.0729217795953697e-08,None,None,None,None, , , , 
16511, ,0.17225859653987866,2.221946860939524e-08,None,None,None,None, , , , 
16512, ,0.17225859653987866,2.3816855519761606e-08,None,None,None,None, , , , 
16513, ,0.17225859653987866,2.552908068239516e-08,None,None,None,None, , , , 
16514, ,0.17225859653987866,2.7364399970746666e-08,None,None,None,None, , , , 
16515, ,0.17225859653987866,2.933166278390042e-08,None,None,None,None, , , , 
16516, ,0.17225859653987866,3.1440354715915e-08,None,None,None,None, , , , 
16517, ,0.17225859653987866,3.370064329271925e-08,None,None,None,None, , , , 
16518, ,0.17225859653987866,3.612342699709431e-08,None,None,None,None, , , , 
16519, ,0.17225859653987866,3.872038781812557e-08,None,None,None,None, , , , 
16520, ,0.17225859653987866,4.1504047578504727e-08,None,None,None,None, , , , 
16521, ,0.17225859653987866,4.448782831127585e-08,None,None,None,None, , , , 
16522, ,0.17225859653987866,4.768611697714474e-08,None,None,None,None, , , , 
16523, ,0.17225859653987866,5.111433483440165e-08,None,None,None,None, , , , 
16524, ,0.17225859653987866,5.478901179593934e-08,None,None,None,None, , , , 
16525, ,0.17225859653987866,5.872786613189478e-08,None,None,None,None, , , , 
16526, ,0.17225859653987866,6.294988990221888e-08,None,None,None,None, , , , 
16527, ,0.17225859653987866,6.747544053110687e-08,None,None,None,None, , , , 
16528, ,0.17225859653987866,7.232633896483534e-08,None,None,None,None, , , , 
16529, ,0.17225859653987866,7.752597488629465e-08,None,None,None,None, , , , 
16530, ,0.17225859653987866,8.309941949353386e-08,None,None,None,None, , , , 
16531, ,0.17225859653987866,8.907354638610439e-08,None,None,None,None, , , , 
16532, ,0.17225859653987866,9.547716114208066e-08,None,None,None,None, , , , 
16533, ,0.17225859653987866,1.0234114021054528e-07,None,None,None,None, , , , 
16534, ,0.17225859653987866,1.0969857978923841e-07,None,None,None,None, , , , 
16535, ,0.17225859653987866,1.1758495540521555e-07,None,None,None,None, , , , 
16536, ,0.17225859653987866,1.2603829296797277e-07,None,None,None,None, , , , 
16537, ,0.17225859653987866,1.350993521198025e-07,None,None,None,None, , , , 
16538, ,0.17225859653987866,1.4481182276745328e-07,None,None,None,None, , , , 
16539, ,0.17225859653987866,1.552225357427048e-07,None,None,None,None, , , , 
16540, ,0.17225859653987866,1.6638168860761273e-07,None,None,None,None, , , , 
16541, ,0.17225859653987866,1.7834308769319093e-07,None,None,None,None, , , , 
16542, ,0.17225859653987866,1.9116440753857e-07,None,None,None,None, , , , 
16543, ,0.17225859653987866,2.049074689815846e-07,None,None,None,None, , , , 
16544, ,0.17225859653987866,2.1963853724165468e-07,None,None,None,None, , , , 
16545, ,0.17225859653987866,2.3542864143224158e-07,None,None,None,None, , , , 
16546, ,0.17225859653987866,2.523539170434766e-07,None,None,None,None, , , , 
16547, ,0.17225859653987866,2.7049597304631316e-07,None,None,None,None, , , , 
16548, ,0.17225859653987866,2.899422853882875e-07,None,None,None,None, , , , 
16549, ,0.17225859653987866,3.107866187782014e-07,None,None,None,None, , , , 
16550, ,0.17225859653987866,3.33129478793467e-07,None,None,None,None, , , , 
16551, ,0.17225859653987866,3.5707859649004626e-07,None,None,None,None, , , , 
16552, ,0.17225859653987866,3.827494478516307e-07,None,None,None,None, , , , 
16553, ,0.17225859653987866,4.1026581058271904e-07,None,None,None,None, , , , 
16554, ,0.17225859653987866,4.397603609302722e-07,None,None,None,None, , , , 
16555, ,0.17225859653987866,4.7137531341167185e-07,None,None,None,None, , , , 
16556, ,0.17225859653987866,5.052631065335679e-07,None,None,None,None, , , , 
16557, ,0.17225859653987866,5.415871378079465e-07,None,None,None,None, , , , 
16558, ,0.17225859653987866,5.805225516094896e-07,None,None,None,None, , , , 
16559, ,0.17225859653987866,6.222570836730232e-07,None,None,None,None, , , , 
16560, ,0.17225859653987866,6.669919663030115e-07,None,None,None,None, , , , 
16561, ,0.17225859653987866,7.149428986597576e-07,None,None,None,None, , , , 
16562, ,0.17225859653987866,7.663410868007445e-07,None,None,None,None, , , , 
16563, ,0.17225859653987866,8.214343584919422e-07,None,None,None,None, , , , 
16564, ,0.17225859653987866,8.804883581643463e-07,None,None,None,None, , , , 
16565, ,0.17225859653987866,9.437878277775371e-07,None,None,None,None, , , , 
16566, ,0.17225859653987866,1.0116379797662072e-06,None,None,None,None, , , , 
16567, ,0.17225859653987866,1.0843659686896086e-06,None,None,None,None, , , , 
16568, ,0.17225859653987866,1.1623224686798522e-06,None,None,None,None, , , , 
16569, ,0.17225859653987866,1.2458833642950078e-06,None,None,None,None, , , , 
16570, ,0.17225859653987866,1.3354515629298971e-06,None,None,None,None, , , , 
16571, ,0.17225859653987866,1.4314589375234786e-06,None,None,None,None, , , , 
16572, ,0.17225859653987866,1.53436840893001e-06,None,None,None,None, , , , 
16573, ,0.17225859653987866,1.6446761779946631e-06,None,None,None,None, , , , 
16574, ,0.17225859653987866,1.762914118095948e-06,None,None,None,None, , , , 
16575, ,0.17225859653987866,1.8896523396912082e-06,None,None,None,None, , , , 
16576, ,0.17225859653987866,2.0255019392306664e-06,None,None,None,None, , , , 
16577, ,0.17225859653987866,2.171117945694501e-06,None,None,None,None, , , , 
16578, ,0.17225859653987866,2.327202478960408e-06,None,None,None,None, , , , 
16579, ,0.17225859653987866,2.494508135230317e-06,None,None,None,None, , , , 
16580, ,0.17225859653987866,2.673841615839944e-06,None,None,None,None, , , , 
16581, ,0.17225859653987866,2.8660676169482507e-06,None,None,None,None, , , , 
16582, ,0.17225859653987866,3.0721129988617524e-06,None,None,None,None, , , , 
16583, ,0.17225859653987866,3.292971255097148e-06,None,None,None,None, , , , 
16584, ,0.17225859653987866,3.5297073027306505e-06,None,None,None,None, , , , 
16585, ,0.17225859653987866,3.783462617131925e-06,None,None,None,None, , , , 
16586, ,0.17225859653987866,4.0554607358408275e-06,None,None,None,None, , , , 
16587, ,0.17225859653987866,4.3470131581250175e-06,None,None,None,None, , , , 
16588, ,0.17225859653987866,4.6595256686646765e-06,None,None,None,None, , , , 
16589, ,0.17225859653987866,4.99450511585514e-06,None,None,None,None, , , , 
16590, ,0.17225859653987866,5.353566677410719e-06,None,None,None,None, , , , 
16591, ,0.17225859653987866,5.738441648302393e-06,None,None,None,None, , , , 
16592, ,0.17225859653987866,6.150985788580505e-06,None,None,None,None, , , , 
16593, ,0.17225859653987866,6.593188271333541e-06,None,None,None,None, , , , 
16594, ,0.17225859653987866,7.067181273927492e-06,None,None,None,None, , , , 
16595, ,0.17225859653987866,7.575250258771904e-06,None,None,None,None, , , , 
16596, ,0.17225859653987866,8.119844993184007e-06,None,None,None,None, , , , 
16597, ,0.17225859653987866,8.703591361485167e-06,None,None,None,None, , , , 
16598, ,0.17225859653987866,9.329304026284676e-06,None,None,None,None, , , , 
16599, ,0.17225859653987866,1e-05,None,None,None,None, , , , 
16600, ,0.17834308769319093,1e-11,None,None,None,None, , , , 
16601, ,0.17834308769319093,1.0718913192051263e-11,None,None,None,None, , , , 
16602, ,0.17834308769319093,1.1489510001873107e-11,None,None,None,None, , , , 
16603, ,0.17834308769319093,1.2315506032928262e-11,None,None,None,None, , , , 
16604, ,0.17834308769319093,1.3200884008314167e-11,None,None,None,None, , , , 
16605, ,0.17834308769319093,1.4149912974345786e-11,None,None,None,None, , , , 
16606, ,0.17834308769319093,1.5167168884709242e-11,None,None,None,None, , , , 
16607, ,0.17834308769319093,1.6257556664437934e-11,None,None,None,None, , , , 
16608, ,0.17834308769319093,1.7426333860096473e-11,None,None,None,None, , , , 
16609, ,0.17834308769319093,1.8679135990207848e-11,None,None,None,None, , , , 
16610, ,0.17834308769319093,2.0022003718155844e-11,None,None,None,None, , , , 
16611, ,0.17834308769319093,2.1461411978584013e-11,None,None,None,None, , , , 
16612, ,0.17834308769319093,2.300430119772921e-11,None,None,None,None, , , , 
16613, ,0.17834308769319093,2.465811075822604e-11,None,None,None,None, , , , 
16614, ,0.17834308769319093,2.643081486974103e-11,None,None,None,None, , , , 
16615, ,0.17834308769319093,2.8330961018393178e-11,None,None,None,None, , , , 
16616, ,0.17834308769319093,3.036771118035461e-11,None,None,None,None, , , , 
16617, ,0.17834308769319093,3.255088599835057e-11,None,None,None,None, , , , 
16618, ,0.17834308769319093,3.4891012134067674e-11,None,None,None,None, , , , 
16619, ,0.17834308769319093,3.739937302478801e-11,None,None,None,None, , , , 
16620, ,0.17834308769319093,4.0088063288984646e-11,None,None,None,None, , , , 
16621, ,0.17834308769319093,4.297004704320835e-11,None,None,None,None, , , , 
16622, ,0.17834308769319093,4.605922041145113e-11,None,None,None,None, , , , 
16623, ,0.17834308769319093,4.937047852839004e-11,None,None,None,None, , , , 
16624, ,0.17834308769319093,5.2919787359584366e-11,None,None,None,None, , , , 
16625, ,0.17834308769319093,5.672426068491989e-11,None,None,None,None, , , , 
16626, ,0.17834308769319093,6.080224261649427e-11,None,None,None,None, , , , 
16627, ,0.17834308769319093,6.517339604882421e-11,None,None,None,None, , , , 
16628, ,0.17834308769319093,6.985879746785235e-11,None,None,None,None, , , , 
16629, ,0.17834308769319093,7.48810385759003e-11,None,None,None,None, , , , 
16630, ,0.17834308769319093,8.026433522257174e-11,None,None,None,None, , , , 
16631, ,0.17834308769319093,8.603464416684492e-11,None,None,None,None, , , , 
16632, ,0.17834308769319093,9.221978823334341e-11,None,None,None,None, , , , 
16633, ,0.17834308769319093,9.884959046625586e-11,None,None,None,None, , , , 
16634, ,0.17834308769319093,1.0595601792776149e-10,None,None,None,None, , , , 
16635, ,0.17834308769319093,1.1357333583431027e-10,None,None,None,None, , , , 
16636, ,0.17834308769319093,1.217382727739662e-10,None,None,None,None, , , , 
16637, ,0.17834308769319093,1.3049019780144016e-10,None,None,None,None, , , , 
16638, ,0.17834308769319093,1.398713102647236e-10,None,None,None,None, , , , 
16639, ,0.17834308769319093,1.4992684327860468e-10,None,None,None,None, , , , 
16640, ,0.17834308769319093,1.6070528182616384e-10,None,None,None,None, , , , 
16641, ,0.17834308769319093,1.722585965398784e-10,None,None,None,None, , , , 
16642, ,0.17834308769319093,1.8464249428955463e-10,None,None,None,None, , , , 
16643, ,0.17834308769319093,1.9791668678535569e-10,None,None,None,None, , , , 
16644, ,0.17834308769319093,2.121451784910628e-10,None,None,None,None, , , , 
16645, ,0.17834308769319093,2.273965752357932e-10,None,None,None,None, , , , 
16646, ,0.17834308769319093,2.4374441501222216e-10,None,None,None,None, , , , 
16647, ,0.17834308769319093,2.6126752255633265e-10,None,None,None,None, , , , 
16648, ,0.17834308769319093,2.8005038941836253e-10,None,None,None,None, , , , 
16649, ,0.17834308769319093,3.0018358135755917e-10,None,None,None,None, , , , 
16650, ,0.17834308769319093,3.2176417502507347e-10,None,None,None,None, , , , 
16651, ,0.17834308769319093,3.4489622604057533e-10,None,None,None,None, , , , 
16652, ,0.17834308769319093,3.696912707195032e-10,None,None,None,None, , , , 
16653, ,0.17834308769319093,3.9626886387014783e-10,None,None,None,None, , , , 
16654, ,0.17834308769319093,4.2475715525368935e-10,None,None,None,None, , , , 
16655, ,0.17834308769319093,4.552935074866938e-10,None,None,None,None, , , , 
16656, ,0.17834308769319093,4.880251583654433e-10,None,None,None,None, , , , 
16657, ,0.17834308769319093,5.231099308056258e-10,None,None,None,None, , , , 
16658, ,0.17834308769319093,5.60716993820547e-10,None,None,None,None, , , , 
16659, ,0.17834308769319093,6.010276782070387e-10,None,None,None,None, , , , 
16660, ,0.17834308769319093,6.442363508721371e-10,None,None,None,None, , , , 
16661, ,0.17834308769319093,6.905513520162316e-10,None,None,None,None, , , , 
16662, ,0.17834308769319093,7.401959996915653e-10,None,None,None,None, , , , 
16663, ,0.17834308769319093,7.934096665797492e-10,None,None,None,None, , , , 
16664, ,0.17834308769319093,8.504489341802668e-10,None,None,None,None, , , , 
16665, ,0.17834308769319093,9.115888299750837e-10,None,None,None,None, , , , 
16666, ,0.17834308769319093,9.771241535346502e-10,None,None,None,None, , , , 
16667, ,0.17834308769319093,1.0473708979594486e-09,None,None,None,None, , , , 
16668, ,0.17834308769319093,1.1226677735108114e-09,None,None,None,None, , , , 
16669, ,0.17834308769319093,1.2033778407775904e-09,None,None,None,None, , , , 
16670, ,0.17834308769319093,1.289890261253308e-09,None,None,None,None, , , , 
16671, ,0.17834308769319093,1.3826221737646535e-09,None,None,None,None, , , , 
16672, ,0.17834308769319093,1.4820207057988602e-09,None,None,None,None, , , , 
16673, ,0.17834308769319093,1.5885651294280526e-09,None,None,None,None, , , , 
16674, ,0.17834308769319093,1.702769172225898e-09,None,None,None,None, , , , 
16675, ,0.17834308769319093,1.825183494319039e-09,None,None,None,None, , , , 
16676, ,0.17834308769319093,1.956398343517065e-09,None,None,None,None, , , , 
16677, ,0.17834308769319093,2.0970464013232305e-09,None,None,None,None, , , , 
16678, ,0.17834308769319093,2.2478058335487307e-09,None,None,None,None, , , , 
16679, ,0.17834308769319093,2.409403560239527e-09,None,None,None,None, , , , 
16680, ,0.17834308769319093,2.582618760682675e-09,None,None,None,None, , , , 
16681, ,0.17834308769319093,2.768286630392061e-09,None,None,None,None, , , , 
16682, ,0.17834308769319093,2.9673024081888724e-09,None,None,None,None, , , , 
16683, ,0.17834308769319093,3.180625692794119e-09,None,None,None,None, , , , 
16684, ,0.17834308769319093,3.409285069746807e-09,None,None,None,None, , , , 
16685, ,0.17834308769319093,3.654383070957262e-09,None,None,None,None, , , , 
16686, ,0.17834308769319093,3.917101490809261e-09,None,None,None,None, , , , 
16687, ,0.17834308769319093,4.198707084443906e-09,None,None,None,None, , , , 
16688, ,0.17834308769319093,4.500557675700488e-09,None,None,None,None, , , , 
16689, ,0.17834308769319093,4.824108704165374e-09,None,None,None,None, , , , 
16690, ,0.17834308769319093,5.170920242896755e-09,None,None,None,None, , , , 
16691, ,0.17834308769319093,5.542664520663096e-09,None,None,None,None, , , , 
16692, ,0.17834308769319093,5.941133984965041e-09,None,None,None,None, , , , 
16693, ,0.17834308769319093,6.3682499447185856e-09,None,None,None,None, , , , 
16694, ,0.17834308769319093,6.826071834272379e-09,None,None,None,None, , , , 
16695, ,0.17834308769319093,7.316807143427175e-09,None,None,None,None, , , , 
16696, ,0.17834308769319093,7.842822061337681e-09,None,None,None,None, , , , 
16697, ,0.17834308769319093,8.406652885618316e-09,None,None,None,None, , , , 
16698, ,0.17834308769319093,9.011018251665036e-09,None,None,None,None, , , , 
16699, ,0.17834308769319093,9.658832241158707e-09,None,None,None,None, , , , 
16700, ,0.17834308769319093,1.0353218432956616e-08,None,None,None,None, , , , 
16701, ,0.17834308769319093,1.1097524964120722e-08,None,None,None,None, , , , 
16702, ,0.17834308769319093,1.1895340673703208e-08,None,None,None,None, , , , 
16703, ,0.17834308769319093,1.2750512407130128e-08,None,None,None,None, , , , 
16704, ,0.17834308769319093,1.3667163564620044e-08,None,None,None,None, , , , 
16705, ,0.17834308769319093,1.4649713983072853e-08,None,None,None,None, , , , 
16706, ,0.17834308769319093,1.5702901247293774e-08,None,None,None,None, , , , 
16707, ,0.17834308769319093,1.683180353330955e-08,None,None,None,None, , , , 
16708, ,0.17834308769319093,1.8041864093920717e-08,None,None,None,None, , , , 
16709, ,0.17834308769319093,1.933891750455232e-08,None,None,None,None, , , , 
16710, ,0.17834308769319093,2.0729217795953697e-08,None,None,None,None, , , , 
16711, ,0.17834308769319093,2.221946860939524e-08,None,None,None,None, , , , 
16712, ,0.17834308769319093,2.3816855519761606e-08,None,None,None,None, , , , 
16713, ,0.17834308769319093,2.552908068239516e-08,None,None,None,None, , , , 
16714, ,0.17834308769319093,2.7364399970746666e-08,None,None,None,None, , , , 
16715, ,0.17834308769319093,2.933166278390042e-08,None,None,None,None, , , , 
16716, ,0.17834308769319093,3.1440354715915e-08,None,None,None,None, , , , 
16717, ,0.17834308769319093,3.370064329271925e-08,None,None,None,None, , , , 
16718, ,0.17834308769319093,3.612342699709431e-08,None,None,None,None, , , , 
16719, ,0.17834308769319093,3.872038781812557e-08,None,None,None,None, , , , 
16720, ,0.17834308769319093,4.1504047578504727e-08,None,None,None,None, , , , 
16721, ,0.17834308769319093,4.448782831127585e-08,None,None,None,None, , , , 
16722, ,0.17834308769319093,4.768611697714474e-08,None,None,None,None, , , , 
16723, ,0.17834308769319093,5.111433483440165e-08,None,None,None,None, , , , 
16724, ,0.17834308769319093,5.478901179593934e-08,None,None,None,None, , , , 
16725, ,0.17834308769319093,5.872786613189478e-08,None,None,None,None, , , , 
16726, ,0.17834308769319093,6.294988990221888e-08,None,None,None,None, , , , 
16727, ,0.17834308769319093,6.747544053110687e-08,None,None,None,None, , , , 
16728, ,0.17834308769319093,7.232633896483534e-08,None,None,None,None, , , , 
16729, ,0.17834308769319093,7.752597488629465e-08,None,None,None,None, , , , 
16730, ,0.17834308769319093,8.309941949353386e-08,None,None,None,None, , , , 
16731, ,0.17834308769319093,8.907354638610439e-08,None,None,None,None, , , , 
16732, ,0.17834308769319093,9.547716114208066e-08,None,None,None,None, , , , 
16733, ,0.17834308769319093,1.0234114021054528e-07,None,None,None,None, , , , 
16734, ,0.17834308769319093,1.0969857978923841e-07,None,None,None,None, , , , 
16735, ,0.17834308769319093,1.1758495540521555e-07,None,None,None,None, , , , 
16736, ,0.17834308769319093,1.2603829296797277e-07,None,None,None,None, , , , 
16737, ,0.17834308769319093,1.350993521198025e-07,None,None,None,None, , , , 
16738, ,0.17834308769319093,1.4481182276745328e-07,None,None,None,None, , , , 
16739, ,0.17834308769319093,1.552225357427048e-07,None,None,None,None, , , , 
16740, ,0.17834308769319093,1.6638168860761273e-07,None,None,None,None, , , , 
16741, ,0.17834308769319093,1.7834308769319093e-07,None,None,None,None, , , , 
16742, ,0.17834308769319093,1.9116440753857e-07,None,None,None,None, , , , 
16743, ,0.17834308769319093,2.049074689815846e-07,None,None,None,None, , , , 
16744, ,0.17834308769319093,2.1963853724165468e-07,None,None,None,None, , , , 
16745, ,0.17834308769319093,2.3542864143224158e-07,None,None,None,None, , , , 
16746, ,0.17834308769319093,2.523539170434766e-07,None,None,None,None, , , , 
16747, ,0.17834308769319093,2.7049597304631316e-07,None,None,None,None, , , , 
16748, ,0.17834308769319093,2.899422853882875e-07,None,None,None,None, , , , 
16749, ,0.17834308769319093,3.107866187782014e-07,None,None,None,None, , , , 
16750, ,0.17834308769319093,3.33129478793467e-07,None,None,None,None, , , , 
16751, ,0.17834308769319093,3.5707859649004626e-07,None,None,None,None, , , , 
16752, ,0.17834308769319093,3.827494478516307e-07,None,None,None,None, , , , 
16753, ,0.17834308769319093,4.1026581058271904e-07,None,None,None,None, , , , 
16754, ,0.17834308769319093,4.397603609302722e-07,None,None,None,None, , , , 
16755, ,0.17834308769319093,4.7137531341167185e-07,None,None,None,None, , , , 
16756, ,0.17834308769319093,5.052631065335679e-07,None,None,None,None, , , , 
16757, ,0.17834308769319093,5.415871378079465e-07,None,None,None,None, , , , 
16758, ,0.17834308769319093,5.805225516094896e-07,None,None,None,None, , , , 
16759, ,0.17834308769319093,6.222570836730232e-07,None,None,None,None, , , , 
16760, ,0.17834308769319093,6.669919663030115e-07,None,None,None,None, , , , 
16761, ,0.17834308769319093,7.149428986597576e-07,None,None,None,None, , , , 
16762, ,0.17834308769319093,7.663410868007445e-07,None,None,None,None, , , , 
16763, ,0.17834308769319093,8.214343584919422e-07,None,None,None,None, , , , 
16764, ,0.17834308769319093,8.804883581643463e-07,None,None,None,None, , , , 
16765, ,0.17834308769319093,9.437878277775371e-07,None,None,None,None, , , , 
16766, ,0.17834308769319093,1.0116379797662072e-06,None,None,None,None, , , , 
16767, ,0.17834308769319093,1.0843659686896086e-06,None,None,None,None, , , , 
16768, ,0.17834308769319093,1.1623224686798522e-06,None,None,None,None, , , , 
16769, ,0.17834308769319093,1.2458833642950078e-06,None,None,None,None, , , , 
16770, ,0.17834308769319093,1.3354515629298971e-06,None,None,None,None, , , , 
16771, ,0.17834308769319093,1.4314589375234786e-06,None,None,None,None, , , , 
16772, ,0.17834308769319093,1.53436840893001e-06,None,None,None,None, , , , 
16773, ,0.17834308769319093,1.6446761779946631e-06,None,None,None,None, , , , 
16774, ,0.17834308769319093,1.762914118095948e-06,None,None,None,None, , , , 
16775, ,0.17834308769319093,1.8896523396912082e-06,None,None,None,None, , , , 
16776, ,0.17834308769319093,2.0255019392306664e-06,None,None,None,None, , , , 
16777, ,0.17834308769319093,2.171117945694501e-06,None,None,None,None, , , , 
16778, ,0.17834308769319093,2.327202478960408e-06,None,None,None,None, , , , 
16779, ,0.17834308769319093,2.494508135230317e-06,None,None,None,None, , , , 
16780, ,0.17834308769319093,2.673841615839944e-06,None,None,None,None, , , , 
16781, ,0.17834308769319093,2.8660676169482507e-06,None,None,None,None, , , , 
16782, ,0.17834308769319093,3.0721129988617524e-06,None,None,None,None, , , , 
16783, ,0.17834308769319093,3.292971255097148e-06,None,None,None,None, , , , 
16784, ,0.17834308769319093,3.5297073027306505e-06,None,None,None,None, , , , 
16785, ,0.17834308769319093,3.783462617131925e-06,None,None,None,None, , , , 
16786, ,0.17834308769319093,4.0554607358408275e-06,None,None,None,None, , , , 
16787, ,0.17834308769319093,4.3470131581250175e-06,None,None,None,None, , , , 
16788, ,0.17834308769319093,4.6595256686646765e-06,None,None,None,None, , , , 
16789, ,0.17834308769319093,4.99450511585514e-06,None,None,None,None, , , , 
16790, ,0.17834308769319093,5.353566677410719e-06,None,None,None,None, , , , 
16791, ,0.17834308769319093,5.738441648302393e-06,None,None,None,None, , , , 
16792, ,0.17834308769319093,6.150985788580505e-06,None,None,None,None, , , , 
16793, ,0.17834308769319093,6.593188271333541e-06,None,None,None,None, , , , 
16794, ,0.17834308769319093,7.067181273927492e-06,None,None,None,None, , , , 
16795, ,0.17834308769319093,7.575250258771904e-06,None,None,None,None, , , , 
16796, ,0.17834308769319093,8.119844993184007e-06,None,None,None,None, , , , 
16797, ,0.17834308769319093,8.703591361485167e-06,None,None,None,None, , , , 
16798, ,0.17834308769319093,9.329304026284676e-06,None,None,None,None, , , , 
16799, ,0.17834308769319093,1e-05,None,None,None,None, , , , 
16800, ,0.18464249428955434,1e-11,None,None,None,None, , , , 
16801, ,0.18464249428955434,1.0718913192051263e-11,None,None,None,None, , , , 
16802, ,0.18464249428955434,1.1489510001873107e-11,None,None,None,None, , , , 
16803, ,0.18464249428955434,1.2315506032928262e-11,None,None,None,None, , , , 
16804, ,0.18464249428955434,1.3200884008314167e-11,None,None,None,None, , , , 
16805, ,0.18464249428955434,1.4149912974345786e-11,None,None,None,None, , , , 
16806, ,0.18464249428955434,1.5167168884709242e-11,None,None,None,None, , , , 
16807, ,0.18464249428955434,1.6257556664437934e-11,None,None,None,None, , , , 
16808, ,0.18464249428955434,1.7426333860096473e-11,None,None,None,None, , , , 
16809, ,0.18464249428955434,1.8679135990207848e-11,None,None,None,None, , , , 
16810, ,0.18464249428955434,2.0022003718155844e-11,None,None,None,None, , , , 
16811, ,0.18464249428955434,2.1461411978584013e-11,None,None,None,None, , , , 
16812, ,0.18464249428955434,2.300430119772921e-11,None,None,None,None, , , , 
16813, ,0.18464249428955434,2.465811075822604e-11,None,None,None,None, , , , 
16814, ,0.18464249428955434,2.643081486974103e-11,None,None,None,None, , , , 
16815, ,0.18464249428955434,2.8330961018393178e-11,None,None,None,None, , , , 
16816, ,0.18464249428955434,3.036771118035461e-11,None,None,None,None, , , , 
16817, ,0.18464249428955434,3.255088599835057e-11,None,None,None,None, , , , 
16818, ,0.18464249428955434,3.4891012134067674e-11,None,None,None,None, , , , 
16819, ,0.18464249428955434,3.739937302478801e-11,None,None,None,None, , , , 
16820, ,0.18464249428955434,4.0088063288984646e-11,None,None,None,None, , , , 
16821, ,0.18464249428955434,4.297004704320835e-11,None,None,None,None, , , , 
16822, ,0.18464249428955434,4.605922041145113e-11,None,None,None,None, , , , 
16823, ,0.18464249428955434,4.937047852839004e-11,None,None,None,None, , , , 
16824, ,0.18464249428955434,5.2919787359584366e-11,None,None,None,None, , , , 
16825, ,0.18464249428955434,5.672426068491989e-11,None,None,None,None, , , , 
16826, ,0.18464249428955434,6.080224261649427e-11,None,None,None,None, , , , 
16827, ,0.18464249428955434,6.517339604882421e-11,None,None,None,None, , , , 
16828, ,0.18464249428955434,6.985879746785235e-11,None,None,None,None, , , , 
16829, ,0.18464249428955434,7.48810385759003e-11,None,None,None,None, , , , 
16830, ,0.18464249428955434,8.026433522257174e-11,None,None,None,None, , , , 
16831, ,0.18464249428955434,8.603464416684492e-11,None,None,None,None, , , , 
16832, ,0.18464249428955434,9.221978823334341e-11,None,None,None,None, , , , 
16833, ,0.18464249428955434,9.884959046625586e-11,None,None,None,None, , , , 
16834, ,0.18464249428955434,1.0595601792776149e-10,None,None,None,None, , , , 
16835, ,0.18464249428955434,1.1357333583431027e-10,None,None,None,None, , , , 
16836, ,0.18464249428955434,1.217382727739662e-10,None,None,None,None, , , , 
16837, ,0.18464249428955434,1.3049019780144016e-10,None,None,None,None, , , , 
16838, ,0.18464249428955434,1.398713102647236e-10,None,None,None,None, , , , 
16839, ,0.18464249428955434,1.4992684327860468e-10,None,None,None,None, , , , 
16840, ,0.18464249428955434,1.6070528182616384e-10,None,None,None,None, , , , 
16841, ,0.18464249428955434,1.722585965398784e-10,None,None,None,None, , , , 
16842, ,0.18464249428955434,1.8464249428955463e-10,None,None,None,None, , , , 
16843, ,0.18464249428955434,1.9791668678535569e-10,None,None,None,None, , , , 
16844, ,0.18464249428955434,2.121451784910628e-10,None,None,None,None, , , , 
16845, ,0.18464249428955434,2.273965752357932e-10,None,None,None,None, , , , 
16846, ,0.18464249428955434,2.4374441501222216e-10,None,None,None,None, , , , 
16847, ,0.18464249428955434,2.6126752255633265e-10,None,None,None,None, , , , 
16848, ,0.18464249428955434,2.8005038941836253e-10,None,None,None,None, , , , 
16849, ,0.18464249428955434,3.0018358135755917e-10,None,None,None,None, , , , 
16850, ,0.18464249428955434,3.2176417502507347e-10,None,None,None,None, , , , 
16851, ,0.18464249428955434,3.4489622604057533e-10,None,None,None,None, , , , 
16852, ,0.18464249428955434,3.696912707195032e-10,None,None,None,None, , , , 
16853, ,0.18464249428955434,3.9626886387014783e-10,None,None,None,None, , , , 
16854, ,0.18464249428955434,4.2475715525368935e-10,None,None,None,None, , , , 
16855, ,0.18464249428955434,4.552935074866938e-10,None,None,None,None, , , , 
16856, ,0.18464249428955434,4.880251583654433e-10,None,None,None,None, , , , 
16857, ,0.18464249428955434,5.231099308056258e-10,None,None,None,None, , , , 
16858, ,0.18464249428955434,5.60716993820547e-10,None,None,None,None, , , , 
16859, ,0.18464249428955434,6.010276782070387e-10,None,None,None,None, , , , 
16860, ,0.18464249428955434,6.442363508721371e-10,None,None,None,None, , , , 
16861, ,0.18464249428955434,6.905513520162316e-10,None,None,None,None, , , , 
16862, ,0.18464249428955434,7.401959996915653e-10,None,None,None,None, , , , 
16863, ,0.18464249428955434,7.934096665797492e-10,None,None,None,None, , , , 
16864, ,0.18464249428955434,8.504489341802668e-10,None,None,None,None, , , , 
16865, ,0.18464249428955434,9.115888299750837e-10,None,None,None,None, , , , 
16866, ,0.18464249428955434,9.771241535346502e-10,None,None,None,None, , , , 
16867, ,0.18464249428955434,1.0473708979594486e-09,None,None,None,None, , , , 
16868, ,0.18464249428955434,1.1226677735108114e-09,None,None,None,None, , , , 
16869, ,0.18464249428955434,1.2033778407775904e-09,None,None,None,None, , , , 
16870, ,0.18464249428955434,1.289890261253308e-09,None,None,None,None, , , , 
16871, ,0.18464249428955434,1.3826221737646535e-09,None,None,None,None, , , , 
16872, ,0.18464249428955434,1.4820207057988602e-09,None,None,None,None, , , , 
16873, ,0.18464249428955434,1.5885651294280526e-09,None,None,None,None, , , , 
16874, ,0.18464249428955434,1.702769172225898e-09,None,None,None,None, , , , 
16875, ,0.18464249428955434,1.825183494319039e-09,None,None,None,None, , , , 
16876, ,0.18464249428955434,1.956398343517065e-09,None,None,None,None, , , , 
16877, ,0.18464249428955434,2.0970464013232305e-09,None,None,None,None, , , , 
16878, ,0.18464249428955434,2.2478058335487307e-09,None,None,None,None, , , , 
16879, ,0.18464249428955434,2.409403560239527e-09,None,None,None,None, , , , 
16880, ,0.18464249428955434,2.582618760682675e-09,None,None,None,None, , , , 
16881, ,0.18464249428955434,2.768286630392061e-09,None,None,None,None, , , , 
16882, ,0.18464249428955434,2.9673024081888724e-09,None,None,None,None, , , , 
16883, ,0.18464249428955434,3.180625692794119e-09,None,None,None,None, , , , 
16884, ,0.18464249428955434,3.409285069746807e-09,None,None,None,None, , , , 
16885, ,0.18464249428955434,3.654383070957262e-09,None,None,None,None, , , , 
16886, ,0.18464249428955434,3.917101490809261e-09,None,None,None,None, , , , 
16887, ,0.18464249428955434,4.198707084443906e-09,None,None,None,None, , , , 
16888, ,0.18464249428955434,4.500557675700488e-09,None,None,None,None, , , , 
16889, ,0.18464249428955434,4.824108704165374e-09,None,None,None,None, , , , 
16890, ,0.18464249428955434,5.170920242896755e-09,None,None,None,None, , , , 
16891, ,0.18464249428955434,5.542664520663096e-09,None,None,None,None, , , , 
16892, ,0.18464249428955434,5.941133984965041e-09,None,None,None,None, , , , 
16893, ,0.18464249428955434,6.3682499447185856e-09,None,None,None,None, , , , 
16894, ,0.18464249428955434,6.826071834272379e-09,None,None,None,None, , , , 
16895, ,0.18464249428955434,7.316807143427175e-09,None,None,None,None, , , , 
16896, ,0.18464249428955434,7.842822061337681e-09,None,None,None,None, , , , 
16897, ,0.18464249428955434,8.406652885618316e-09,None,None,None,None, , , , 
16898, ,0.18464249428955434,9.011018251665036e-09,None,None,None,None, , , , 
16899, ,0.18464249428955434,9.658832241158707e-09,None,None,None,None, , , , 
16900, ,0.18464249428955434,1.0353218432956616e-08,None,None,None,None, , , , 
16901, ,0.18464249428955434,1.1097524964120722e-08,None,None,None,None, , , , 
16902, ,0.18464249428955434,1.1895340673703208e-08,None,None,None,None, , , , 
16903, ,0.18464249428955434,1.2750512407130128e-08,None,None,None,None, , , , 
16904, ,0.18464249428955434,1.3667163564620044e-08,None,None,None,None, , , , 
16905, ,0.18464249428955434,1.4649713983072853e-08,None,None,None,None, , , , 
16906, ,0.18464249428955434,1.5702901247293774e-08,None,None,None,None, , , , 
16907, ,0.18464249428955434,1.683180353330955e-08,None,None,None,None, , , , 
16908, ,0.18464249428955434,1.8041864093920717e-08,None,None,None,None, , , , 
16909, ,0.18464249428955434,1.933891750455232e-08,None,None,None,None, , , , 
16910, ,0.18464249428955434,2.0729217795953697e-08,None,None,None,None, , , , 
16911, ,0.18464249428955434,2.221946860939524e-08,None,None,None,None, , , , 
16912, ,0.18464249428955434,2.3816855519761606e-08,None,None,None,None, , , , 
16913, ,0.18464249428955434,2.552908068239516e-08,None,None,None,None, , , , 
16914, ,0.18464249428955434,2.7364399970746666e-08,None,None,None,None, , , , 
16915, ,0.18464249428955434,2.933166278390042e-08,None,None,None,None, , , , 
16916, ,0.18464249428955434,3.1440354715915e-08,None,None,None,None, , , , 
16917, ,0.18464249428955434,3.370064329271925e-08,None,None,None,None, , , , 
16918, ,0.18464249428955434,3.612342699709431e-08,None,None,None,None, , , , 
16919, ,0.18464249428955434,3.872038781812557e-08,None,None,None,None, , , , 
16920, ,0.18464249428955434,4.1504047578504727e-08,None,None,None,None, , , , 
16921, ,0.18464249428955434,4.448782831127585e-08,None,None,None,None, , , , 
16922, ,0.18464249428955434,4.768611697714474e-08,None,None,None,None, , , , 
16923, ,0.18464249428955434,5.111433483440165e-08,None,None,None,None, , , , 
16924, ,0.18464249428955434,5.478901179593934e-08,None,None,None,None, , , , 
16925, ,0.18464249428955434,5.872786613189478e-08,None,None,None,None, , , , 
16926, ,0.18464249428955434,6.294988990221888e-08,None,None,None,None, , , , 
16927, ,0.18464249428955434,6.747544053110687e-08,None,None,None,None, , , , 
16928, ,0.18464249428955434,7.232633896483534e-08,None,None,None,None, , , , 
16929, ,0.18464249428955434,7.752597488629465e-08,None,None,None,None, , , , 
16930, ,0.18464249428955434,8.309941949353386e-08,None,None,None,None, , , , 
16931, ,0.18464249428955434,8.907354638610439e-08,None,None,None,None, , , , 
16932, ,0.18464249428955434,9.547716114208066e-08,None,None,None,None, , , , 
16933, ,0.18464249428955434,1.0234114021054528e-07,None,None,None,None, , , , 
16934, ,0.18464249428955434,1.0969857978923841e-07,None,None,None,None, , , , 
16935, ,0.18464249428955434,1.1758495540521555e-07,None,None,None,None, , , , 
16936, ,0.18464249428955434,1.2603829296797277e-07,None,None,None,None, , , , 
16937, ,0.18464249428955434,1.350993521198025e-07,None,None,None,None, , , , 
16938, ,0.18464249428955434,1.4481182276745328e-07,None,None,None,None, , , , 
16939, ,0.18464249428955434,1.552225357427048e-07,None,None,None,None, , , , 
16940, ,0.18464249428955434,1.6638168860761273e-07,None,None,None,None, , , , 
16941, ,0.18464249428955434,1.7834308769319093e-07,None,None,None,None, , , , 
16942, ,0.18464249428955434,1.9116440753857e-07,None,None,None,None, , , , 
16943, ,0.18464249428955434,2.049074689815846e-07,None,None,None,None, , , , 
16944, ,0.18464249428955434,2.1963853724165468e-07,None,None,None,None, , , , 
16945, ,0.18464249428955434,2.3542864143224158e-07,None,None,None,None, , , , 
16946, ,0.18464249428955434,2.523539170434766e-07,None,None,None,None, , , , 
16947, ,0.18464249428955434,2.7049597304631316e-07,None,None,None,None, , , , 
16948, ,0.18464249428955434,2.899422853882875e-07,None,None,None,None, , , , 
16949, ,0.18464249428955434,3.107866187782014e-07,None,None,None,None, , , , 
16950, ,0.18464249428955434,3.33129478793467e-07,None,None,None,None, , , , 
16951, ,0.18464249428955434,3.5707859649004626e-07,None,None,None,None, , , , 
16952, ,0.18464249428955434,3.827494478516307e-07,None,None,None,None, , , , 
16953, ,0.18464249428955434,4.1026581058271904e-07,None,None,None,None, , , , 
16954, ,0.18464249428955434,4.397603609302722e-07,None,None,None,None, , , , 
16955, ,0.18464249428955434,4.7137531341167185e-07,None,None,None,None, , , , 
16956, ,0.18464249428955434,5.052631065335679e-07,None,None,None,None, , , , 
16957, ,0.18464249428955434,5.415871378079465e-07,None,None,None,None, , , , 
16958, ,0.18464249428955434,5.805225516094896e-07,None,None,None,None, , , , 
16959, ,0.18464249428955434,6.222570836730232e-07,None,None,None,None, , , , 
16960, ,0.18464249428955434,6.669919663030115e-07,None,None,None,None, , , , 
16961, ,0.18464249428955434,7.149428986597576e-07,None,None,None,None, , , , 
16962, ,0.18464249428955434,7.663410868007445e-07,None,None,None,None, , , , 
16963, ,0.18464249428955434,8.214343584919422e-07,None,None,None,None, , , , 
16964, ,0.18464249428955434,8.804883581643463e-07,None,None,None,None, , , , 
16965, ,0.18464249428955434,9.437878277775371e-07,None,None,None,None, , , , 
16966, ,0.18464249428955434,1.0116379797662072e-06,None,None,None,None, , , , 
16967, ,0.18464249428955434,1.0843659686896086e-06,None,None,None,None, , , , 
16968, ,0.18464249428955434,1.1623224686798522e-06,None,None,None,None, , , , 
16969, ,0.18464249428955434,1.2458833642950078e-06,None,None,None,None, , , , 
16970, ,0.18464249428955434,1.3354515629298971e-06,None,None,None,None, , , , 
16971, ,0.18464249428955434,1.4314589375234786e-06,None,None,None,None, , , , 
16972, ,0.18464249428955434,1.53436840893001e-06,None,None,None,None, , , , 
16973, ,0.18464249428955434,1.6446761779946631e-06,None,None,None,None, , , , 
16974, ,0.18464249428955434,1.762914118095948e-06,None,None,None,None, , , , 
16975, ,0.18464249428955434,1.8896523396912082e-06,None,None,None,None, , , , 
16976, ,0.18464249428955434,2.0255019392306664e-06,None,None,None,None, , , , 
16977, ,0.18464249428955434,2.171117945694501e-06,None,None,None,None, , , , 
16978, ,0.18464249428955434,2.327202478960408e-06,None,None,None,None, , , , 
16979, ,0.18464249428955434,2.494508135230317e-06,None,None,None,None, , , , 
16980, ,0.18464249428955434,2.673841615839944e-06,None,None,None,None, , , , 
16981, ,0.18464249428955434,2.8660676169482507e-06,None,None,None,None, , , , 
16982, ,0.18464249428955434,3.0721129988617524e-06,None,None,None,None, , , , 
16983, ,0.18464249428955434,3.292971255097148e-06,None,None,None,None, , , , 
16984, ,0.18464249428955434,3.5297073027306505e-06,None,None,None,None, , , , 
16985, ,0.18464249428955434,3.783462617131925e-06,None,None,None,None, , , , 
16986, ,0.18464249428955434,4.0554607358408275e-06,None,None,None,None, , , , 
16987, ,0.18464249428955434,4.3470131581250175e-06,None,None,None,None, , , , 
16988, ,0.18464249428955434,4.6595256686646765e-06,None,None,None,None, , , , 
16989, ,0.18464249428955434,4.99450511585514e-06,None,None,None,None, , , , 
16990, ,0.18464249428955434,5.353566677410719e-06,None,None,None,None, , , , 
16991, ,0.18464249428955434,5.738441648302393e-06,None,None,None,None, , , , 
16992, ,0.18464249428955434,6.150985788580505e-06,None,None,None,None, , , , 
16993, ,0.18464249428955434,6.593188271333541e-06,None,None,None,None, , , , 
16994, ,0.18464249428955434,7.067181273927492e-06,None,None,None,None, , , , 
16995, ,0.18464249428955434,7.575250258771904e-06,None,None,None,None, , , , 
16996, ,0.18464249428955434,8.119844993184007e-06,None,None,None,None, , , , 
16997, ,0.18464249428955434,8.703591361485167e-06,None,None,None,None, , , , 
16998, ,0.18464249428955434,9.329304026284676e-06,None,None,None,None, , , , 
16999, ,0.18464249428955434,1e-05,None,None,None,None, , , , 
17000, ,0.1911644075385701,1e-11,None,None,None,None, , , , 
17001, ,0.1911644075385701,1.0718913192051263e-11,None,None,None,None, , , , 
17002, ,0.1911644075385701,1.1489510001873107e-11,None,None,None,None, , , , 
17003, ,0.1911644075385701,1.2315506032928262e-11,None,None,None,None, , , , 
17004, ,0.1911644075385701,1.3200884008314167e-11,None,None,None,None, , , , 
17005, ,0.1911644075385701,1.4149912974345786e-11,None,None,None,None, , , , 
17006, ,0.1911644075385701,1.5167168884709242e-11,None,None,None,None, , , , 
17007, ,0.1911644075385701,1.6257556664437934e-11,None,None,None,None, , , , 
17008, ,0.1911644075385701,1.7426333860096473e-11,None,None,None,None, , , , 
17009, ,0.1911644075385701,1.8679135990207848e-11,None,None,None,None, , , , 
17010, ,0.1911644075385701,2.0022003718155844e-11,None,None,None,None, , , , 
17011, ,0.1911644075385701,2.1461411978584013e-11,None,None,None,None, , , , 
17012, ,0.1911644075385701,2.300430119772921e-11,None,None,None,None, , , , 
17013, ,0.1911644075385701,2.465811075822604e-11,None,None,None,None, , , , 
17014, ,0.1911644075385701,2.643081486974103e-11,None,None,None,None, , , , 
17015, ,0.1911644075385701,2.8330961018393178e-11,None,None,None,None, , , , 
17016, ,0.1911644075385701,3.036771118035461e-11,None,None,None,None, , , , 
17017, ,0.1911644075385701,3.255088599835057e-11,None,None,None,None, , , , 
17018, ,0.1911644075385701,3.4891012134067674e-11,None,None,None,None, , , , 
17019, ,0.1911644075385701,3.739937302478801e-11,None,None,None,None, , , , 
17020, ,0.1911644075385701,4.0088063288984646e-11,None,None,None,None, , , , 
17021, ,0.1911644075385701,4.297004704320835e-11,None,None,None,None, , , , 
17022, ,0.1911644075385701,4.605922041145113e-11,None,None,None,None, , , , 
17023, ,0.1911644075385701,4.937047852839004e-11,None,None,None,None, , , , 
17024, ,0.1911644075385701,5.2919787359584366e-11,None,None,None,None, , , , 
17025, ,0.1911644075385701,5.672426068491989e-11,None,None,None,None, , , , 
17026, ,0.1911644075385701,6.080224261649427e-11,None,None,None,None, , , , 
17027, ,0.1911644075385701,6.517339604882421e-11,None,None,None,None, , , , 
17028, ,0.1911644075385701,6.985879746785235e-11,None,None,None,None, , , , 
17029, ,0.1911644075385701,7.48810385759003e-11,None,None,None,None, , , , 
17030, ,0.1911644075385701,8.026433522257174e-11,None,None,None,None, , , , 
17031, ,0.1911644075385701,8.603464416684492e-11,None,None,None,None, , , , 
17032, ,0.1911644075385701,9.221978823334341e-11,None,None,None,None, , , , 
17033, ,0.1911644075385701,9.884959046625586e-11,None,None,None,None, , , , 
17034, ,0.1911644075385701,1.0595601792776149e-10,None,None,None,None, , , , 
17035, ,0.1911644075385701,1.1357333583431027e-10,None,None,None,None, , , , 
17036, ,0.1911644075385701,1.217382727739662e-10,None,None,None,None, , , , 
17037, ,0.1911644075385701,1.3049019780144016e-10,None,None,None,None, , , , 
17038, ,0.1911644075385701,1.398713102647236e-10,None,None,None,None, , , , 
17039, ,0.1911644075385701,1.4992684327860468e-10,None,None,None,None, , , , 
17040, ,0.1911644075385701,1.6070528182616384e-10,None,None,None,None, , , , 
17041, ,0.1911644075385701,1.722585965398784e-10,None,None,None,None, , , , 
17042, ,0.1911644075385701,1.8464249428955463e-10,None,None,None,None, , , , 
17043, ,0.1911644075385701,1.9791668678535569e-10,None,None,None,None, , , , 
17044, ,0.1911644075385701,2.121451784910628e-10,None,None,None,None, , , , 
17045, ,0.1911644075385701,2.273965752357932e-10,None,None,None,None, , , , 
17046, ,0.1911644075385701,2.4374441501222216e-10,None,None,None,None, , , , 
17047, ,0.1911644075385701,2.6126752255633265e-10,None,None,None,None, , , , 
17048, ,0.1911644075385701,2.8005038941836253e-10,None,None,None,None, , , , 
17049, ,0.1911644075385701,3.0018358135755917e-10,None,None,None,None, , , , 
17050, ,0.1911644075385701,3.2176417502507347e-10,None,None,None,None, , , , 
17051, ,0.1911644075385701,3.4489622604057533e-10,None,None,None,None, , , , 
17052, ,0.1911644075385701,3.696912707195032e-10,None,None,None,None, , , , 
17053, ,0.1911644075385701,3.9626886387014783e-10,None,None,None,None, , , , 
17054, ,0.1911644075385701,4.2475715525368935e-10,None,None,None,None, , , , 
17055, ,0.1911644075385701,4.552935074866938e-10,None,None,None,None, , , , 
17056, ,0.1911644075385701,4.880251583654433e-10,None,None,None,None, , , , 
17057, ,0.1911644075385701,5.231099308056258e-10,None,None,None,None, , , , 
17058, ,0.1911644075385701,5.60716993820547e-10,None,None,None,None, , , , 
17059, ,0.1911644075385701,6.010276782070387e-10,None,None,None,None, , , , 
17060, ,0.1911644075385701,6.442363508721371e-10,None,None,None,None, , , , 
17061, ,0.1911644075385701,6.905513520162316e-10,None,None,None,None, , , , 
17062, ,0.1911644075385701,7.401959996915653e-10,None,None,None,None, , , , 
17063, ,0.1911644075385701,7.934096665797492e-10,None,None,None,None, , , , 
17064, ,0.1911644075385701,8.504489341802668e-10,None,None,None,None, , , , 
17065, ,0.1911644075385701,9.115888299750837e-10,None,None,None,None, , , , 
17066, ,0.1911644075385701,9.771241535346502e-10,None,None,None,None, , , , 
17067, ,0.1911644075385701,1.0473708979594486e-09,None,None,None,None, , , , 
17068, ,0.1911644075385701,1.1226677735108114e-09,None,None,None,None, , , , 
17069, ,0.1911644075385701,1.2033778407775904e-09,None,None,None,None, , , , 
17070, ,0.1911644075385701,1.289890261253308e-09,None,None,None,None, , , , 
17071, ,0.1911644075385701,1.3826221737646535e-09,None,None,None,None, , , , 
17072, ,0.1911644075385701,1.4820207057988602e-09,None,None,None,None, , , , 
17073, ,0.1911644075385701,1.5885651294280526e-09,None,None,None,None, , , , 
17074, ,0.1911644075385701,1.702769172225898e-09,None,None,None,None, , , , 
17075, ,0.1911644075385701,1.825183494319039e-09,None,None,None,None, , , , 
17076, ,0.1911644075385701,1.956398343517065e-09,None,None,None,None, , , , 
17077, ,0.1911644075385701,2.0970464013232305e-09,None,None,None,None, , , , 
17078, ,0.1911644075385701,2.2478058335487307e-09,None,None,None,None, , , , 
17079, ,0.1911644075385701,2.409403560239527e-09,None,None,None,None, , , , 
17080, ,0.1911644075385701,2.582618760682675e-09,None,None,None,None, , , , 
17081, ,0.1911644075385701,2.768286630392061e-09,None,None,None,None, , , , 
17082, ,0.1911644075385701,2.9673024081888724e-09,None,None,None,None, , , , 
17083, ,0.1911644075385701,3.180625692794119e-09,None,None,None,None, , , , 
17084, ,0.1911644075385701,3.409285069746807e-09,None,None,None,None, , , , 
17085, ,0.1911644075385701,3.654383070957262e-09,None,None,None,None, , , , 
17086, ,0.1911644075385701,3.917101490809261e-09,None,None,None,None, , , , 
17087, ,0.1911644075385701,4.198707084443906e-09,None,None,None,None, , , , 
17088, ,0.1911644075385701,4.500557675700488e-09,None,None,None,None, , , , 
17089, ,0.1911644075385701,4.824108704165374e-09,None,None,None,None, , , , 
17090, ,0.1911644075385701,5.170920242896755e-09,None,None,None,None, , , , 
17091, ,0.1911644075385701,5.542664520663096e-09,None,None,None,None, , , , 
17092, ,0.1911644075385701,5.941133984965041e-09,None,None,None,None, , , , 
17093, ,0.1911644075385701,6.3682499447185856e-09,None,None,None,None, , , , 
17094, ,0.1911644075385701,6.826071834272379e-09,None,None,None,None, , , , 
17095, ,0.1911644075385701,7.316807143427175e-09,None,None,None,None, , , , 
17096, ,0.1911644075385701,7.842822061337681e-09,None,None,None,None, , , , 
17097, ,0.1911644075385701,8.406652885618316e-09,None,None,None,None, , , , 
17098, ,0.1911644075385701,9.011018251665036e-09,None,None,None,None, , , , 
17099, ,0.1911644075385701,9.658832241158707e-09,None,None,None,None, , , , 
17100, ,0.1911644075385701,1.0353218432956616e-08,None,None,None,None, , , , 
17101, ,0.1911644075385701,1.1097524964120722e-08,None,None,None,None, , , , 
17102, ,0.1911644075385701,1.1895340673703208e-08,None,None,None,None, , , , 
17103, ,0.1911644075385701,1.2750512407130128e-08,None,None,None,None, , , , 
17104, ,0.1911644075385701,1.3667163564620044e-08,None,None,None,None, , , , 
17105, ,0.1911644075385701,1.4649713983072853e-08,None,None,None,None, , , , 
17106, ,0.1911644075385701,1.5702901247293774e-08,None,None,None,None, , , , 
17107, ,0.1911644075385701,1.683180353330955e-08,None,None,None,None, , , , 
17108, ,0.1911644075385701,1.8041864093920717e-08,None,None,None,None, , , , 
17109, ,0.1911644075385701,1.933891750455232e-08,None,None,None,None, , , , 
17110, ,0.1911644075385701,2.0729217795953697e-08,None,None,None,None, , , , 
17111, ,0.1911644075385701,2.221946860939524e-08,None,None,None,None, , , , 
17112, ,0.1911644075385701,2.3816855519761606e-08,None,None,None,None, , , , 
17113, ,0.1911644075385701,2.552908068239516e-08,None,None,None,None, , , , 
17114, ,0.1911644075385701,2.7364399970746666e-08,None,None,None,None, , , , 
17115, ,0.1911644075385701,2.933166278390042e-08,None,None,None,None, , , , 
17116, ,0.1911644075385701,3.1440354715915e-08,None,None,None,None, , , , 
17117, ,0.1911644075385701,3.370064329271925e-08,None,None,None,None, , , , 
17118, ,0.1911644075385701,3.612342699709431e-08,None,None,None,None, , , , 
17119, ,0.1911644075385701,3.872038781812557e-08,None,None,None,None, , , , 
17120, ,0.1911644075385701,4.1504047578504727e-08,None,None,None,None, , , , 
17121, ,0.1911644075385701,4.448782831127585e-08,None,None,None,None, , , , 
17122, ,0.1911644075385701,4.768611697714474e-08,None,None,None,None, , , , 
17123, ,0.1911644075385701,5.111433483440165e-08,None,None,None,None, , , , 
17124, ,0.1911644075385701,5.478901179593934e-08,None,None,None,None, , , , 
17125, ,0.1911644075385701,5.872786613189478e-08,None,None,None,None, , , , 
17126, ,0.1911644075385701,6.294988990221888e-08,None,None,None,None, , , , 
17127, ,0.1911644075385701,6.747544053110687e-08,None,None,None,None, , , , 
17128, ,0.1911644075385701,7.232633896483534e-08,None,None,None,None, , , , 
17129, ,0.1911644075385701,7.752597488629465e-08,None,None,None,None, , , , 
17130, ,0.1911644075385701,8.309941949353386e-08,None,None,None,None, , , , 
17131, ,0.1911644075385701,8.907354638610439e-08,None,None,None,None, , , , 
17132, ,0.1911644075385701,9.547716114208066e-08,None,None,None,None, , , , 
17133, ,0.1911644075385701,1.0234114021054528e-07,None,None,None,None, , , , 
17134, ,0.1911644075385701,1.0969857978923841e-07,None,None,None,None, , , , 
17135, ,0.1911644075385701,1.1758495540521555e-07,None,None,None,None, , , , 
17136, ,0.1911644075385701,1.2603829296797277e-07,None,None,None,None, , , , 
17137, ,0.1911644075385701,1.350993521198025e-07,None,None,None,None, , , , 
17138, ,0.1911644075385701,1.4481182276745328e-07,None,None,None,None, , , , 
17139, ,0.1911644075385701,1.552225357427048e-07,None,None,None,None, , , , 
17140, ,0.1911644075385701,1.6638168860761273e-07,None,None,None,None, , , , 
17141, ,0.1911644075385701,1.7834308769319093e-07,None,None,None,None, , , , 
17142, ,0.1911644075385701,1.9116440753857e-07,None,None,None,None, , , , 
17143, ,0.1911644075385701,2.049074689815846e-07,None,None,None,None, , , , 
17144, ,0.1911644075385701,2.1963853724165468e-07,None,None,None,None, , , , 
17145, ,0.1911644075385701,2.3542864143224158e-07,None,None,None,None, , , , 
17146, ,0.1911644075385701,2.523539170434766e-07,None,None,None,None, , , , 
17147, ,0.1911644075385701,2.7049597304631316e-07,None,None,None,None, , , , 
17148, ,0.1911644075385701,2.899422853882875e-07,None,None,None,None, , , , 
17149, ,0.1911644075385701,3.107866187782014e-07,None,None,None,None, , , , 
17150, ,0.1911644075385701,3.33129478793467e-07,None,None,None,None, , , , 
17151, ,0.1911644075385701,3.5707859649004626e-07,None,None,None,None, , , , 
17152, ,0.1911644075385701,3.827494478516307e-07,None,None,None,None, , , , 
17153, ,0.1911644075385701,4.1026581058271904e-07,None,None,None,None, , , , 
17154, ,0.1911644075385701,4.397603609302722e-07,None,None,None,None, , , , 
17155, ,0.1911644075385701,4.7137531341167185e-07,None,None,None,None, , , , 
17156, ,0.1911644075385701,5.052631065335679e-07,None,None,None,None, , , , 
17157, ,0.1911644075385701,5.415871378079465e-07,None,None,None,None, , , , 
17158, ,0.1911644075385701,5.805225516094896e-07,None,None,None,None, , , , 
17159, ,0.1911644075385701,6.222570836730232e-07,None,None,None,None, , , , 
17160, ,0.1911644075385701,6.669919663030115e-07,None,None,None,None, , , , 
17161, ,0.1911644075385701,7.149428986597576e-07,None,None,None,None, , , , 
17162, ,0.1911644075385701,7.663410868007445e-07,None,None,None,None, , , , 
17163, ,0.1911644075385701,8.214343584919422e-07,None,None,None,None, , , , 
17164, ,0.1911644075385701,8.804883581643463e-07,None,None,None,None, , , , 
17165, ,0.1911644075385701,9.437878277775371e-07,None,None,None,None, , , , 
17166, ,0.1911644075385701,1.0116379797662072e-06,None,None,None,None, , , , 
17167, ,0.1911644075385701,1.0843659686896086e-06,None,None,None,None, , , , 
17168, ,0.1911644075385701,1.1623224686798522e-06,None,None,None,None, , , , 
17169, ,0.1911644075385701,1.2458833642950078e-06,None,None,None,None, , , , 
17170, ,0.1911644075385701,1.3354515629298971e-06,None,None,None,None, , , , 
17171, ,0.1911644075385701,1.4314589375234786e-06,None,None,None,None, , , , 
17172, ,0.1911644075385701,1.53436840893001e-06,None,None,None,None, , , , 
17173, ,0.1911644075385701,1.6446761779946631e-06,None,None,None,None, , , , 
17174, ,0.1911644075385701,1.762914118095948e-06,None,None,None,None, , , , 
17175, ,0.1911644075385701,1.8896523396912082e-06,None,None,None,None, , , , 
17176, ,0.1911644075385701,2.0255019392306664e-06,None,None,None,None, , , , 
17177, ,0.1911644075385701,2.171117945694501e-06,None,None,None,None, , , , 
17178, ,0.1911644075385701,2.327202478960408e-06,None,None,None,None, , , , 
17179, ,0.1911644075385701,2.494508135230317e-06,None,None,None,None, , , , 
17180, ,0.1911644075385701,2.673841615839944e-06,None,None,None,None, , , , 
17181, ,0.1911644075385701,2.8660676169482507e-06,None,None,None,None, , , , 
17182, ,0.1911644075385701,3.0721129988617524e-06,None,None,None,None, , , , 
17183, ,0.1911644075385701,3.292971255097148e-06,None,None,None,None, , , , 
17184, ,0.1911644075385701,3.5297073027306505e-06,None,None,None,None, , , , 
17185, ,0.1911644075385701,3.783462617131925e-06,None,None,None,None, , , , 
17186, ,0.1911644075385701,4.0554607358408275e-06,None,None,None,None, , , , 
17187, ,0.1911644075385701,4.3470131581250175e-06,None,None,None,None, , , , 
17188, ,0.1911644075385701,4.6595256686646765e-06,None,None,None,None, , , , 
17189, ,0.1911644075385701,4.99450511585514e-06,None,None,None,None, , , , 
17190, ,0.1911644075385701,5.353566677410719e-06,None,None,None,None, , , , 
17191, ,0.1911644075385701,5.738441648302393e-06,None,None,None,None, , , , 
17192, ,0.1911644075385701,6.150985788580505e-06,None,None,None,None, , , , 
17193, ,0.1911644075385701,6.593188271333541e-06,None,None,None,None, , , , 
17194, ,0.1911644075385701,7.067181273927492e-06,None,None,None,None, , , , 
17195, ,0.1911644075385701,7.575250258771904e-06,None,None,None,None, , , , 
17196, ,0.1911644075385701,8.119844993184007e-06,None,None,None,None, , , , 
17197, ,0.1911644075385701,8.703591361485167e-06,None,None,None,None, , , , 
17198, ,0.1911644075385701,9.329304026284676e-06,None,None,None,None, , , , 
17199, ,0.1911644075385701,1e-05,None,None,None,None, , , , 
17200, ,0.1979166867853556,1e-11,None,None,None,None, , , , 
17201, ,0.1979166867853556,1.0718913192051263e-11,None,None,None,None, , , , 
17202, ,0.1979166867853556,1.1489510001873107e-11,None,None,None,None, , , , 
17203, ,0.1979166867853556,1.2315506032928262e-11,None,None,None,None, , , , 
17204, ,0.1979166867853556,1.3200884008314167e-11,None,None,None,None, , , , 
17205, ,0.1979166867853556,1.4149912974345786e-11,None,None,None,None, , , , 
17206, ,0.1979166867853556,1.5167168884709242e-11,None,None,None,None, , , , 
17207, ,0.1979166867853556,1.6257556664437934e-11,None,None,None,None, , , , 
17208, ,0.1979166867853556,1.7426333860096473e-11,None,None,None,None, , , , 
17209, ,0.1979166867853556,1.8679135990207848e-11,None,None,None,None, , , , 
17210, ,0.1979166867853556,2.0022003718155844e-11,None,None,None,None, , , , 
17211, ,0.1979166867853556,2.1461411978584013e-11,None,None,None,None, , , , 
17212, ,0.1979166867853556,2.300430119772921e-11,None,None,None,None, , , , 
17213, ,0.1979166867853556,2.465811075822604e-11,None,None,None,None, , , , 
17214, ,0.1979166867853556,2.643081486974103e-11,None,None,None,None, , , , 
17215, ,0.1979166867853556,2.8330961018393178e-11,None,None,None,None, , , , 
17216, ,0.1979166867853556,3.036771118035461e-11,None,None,None,None, , , , 
17217, ,0.1979166867853556,3.255088599835057e-11,None,None,None,None, , , , 
17218, ,0.1979166867853556,3.4891012134067674e-11,None,None,None,None, , , , 
17219, ,0.1979166867853556,3.739937302478801e-11,None,None,None,None, , , , 
17220, ,0.1979166867853556,4.0088063288984646e-11,None,None,None,None, , , , 
17221, ,0.1979166867853556,4.297004704320835e-11,None,None,None,None, , , , 
17222, ,0.1979166867853556,4.605922041145113e-11,None,None,None,None, , , , 
17223, ,0.1979166867853556,4.937047852839004e-11,None,None,None,None, , , , 
17224, ,0.1979166867853556,5.2919787359584366e-11,None,None,None,None, , , , 
17225, ,0.1979166867853556,5.672426068491989e-11,None,None,None,None, , , , 
17226, ,0.1979166867853556,6.080224261649427e-11,None,None,None,None, , , , 
17227, ,0.1979166867853556,6.517339604882421e-11,None,None,None,None, , , , 
17228, ,0.1979166867853556,6.985879746785235e-11,None,None,None,None, , , , 
17229, ,0.1979166867853556,7.48810385759003e-11,None,None,None,None, , , , 
17230, ,0.1979166867853556,8.026433522257174e-11,None,None,None,None, , , , 
17231, ,0.1979166867853556,8.603464416684492e-11,None,None,None,None, , , , 
17232, ,0.1979166867853556,9.221978823334341e-11,None,None,None,None, , , , 
17233, ,0.1979166867853556,9.884959046625586e-11,None,None,None,None, , , , 
17234, ,0.1979166867853556,1.0595601792776149e-10,None,None,None,None, , , , 
17235, ,0.1979166867853556,1.1357333583431027e-10,None,None,None,None, , , , 
17236, ,0.1979166867853556,1.217382727739662e-10,None,None,None,None, , , , 
17237, ,0.1979166867853556,1.3049019780144016e-10,None,None,None,None, , , , 
17238, ,0.1979166867853556,1.398713102647236e-10,None,None,None,None, , , , 
17239, ,0.1979166867853556,1.4992684327860468e-10,None,None,None,None, , , , 
17240, ,0.1979166867853556,1.6070528182616384e-10,None,None,None,None, , , , 
17241, ,0.1979166867853556,1.722585965398784e-10,None,None,None,None, , , , 
17242, ,0.1979166867853556,1.8464249428955463e-10,None,None,None,None, , , , 
17243, ,0.1979166867853556,1.9791668678535569e-10,None,None,None,None, , , , 
17244, ,0.1979166867853556,2.121451784910628e-10,None,None,None,None, , , , 
17245, ,0.1979166867853556,2.273965752357932e-10,None,None,None,None, , , , 
17246, ,0.1979166867853556,2.4374441501222216e-10,None,None,None,None, , , , 
17247, ,0.1979166867853556,2.6126752255633265e-10,None,None,None,None, , , , 
17248, ,0.1979166867853556,2.8005038941836253e-10,None,None,None,None, , , , 
17249, ,0.1979166867853556,3.0018358135755917e-10,None,None,None,None, , , , 
17250, ,0.1979166867853556,3.2176417502507347e-10,None,None,None,None, , , , 
17251, ,0.1979166867853556,3.4489622604057533e-10,None,None,None,None, , , , 
17252, ,0.1979166867853556,3.696912707195032e-10,None,None,None,None, , , , 
17253, ,0.1979166867853556,3.9626886387014783e-10,None,None,None,None, , , , 
17254, ,0.1979166867853556,4.2475715525368935e-10,None,None,None,None, , , , 
17255, ,0.1979166867853556,4.552935074866938e-10,None,None,None,None, , , , 
17256, ,0.1979166867853556,4.880251583654433e-10,None,None,None,None, , , , 
17257, ,0.1979166867853556,5.231099308056258e-10,None,None,None,None, , , , 
17258, ,0.1979166867853556,5.60716993820547e-10,None,None,None,None, , , , 
17259, ,0.1979166867853556,6.010276782070387e-10,None,None,None,None, , , , 
17260, ,0.1979166867853556,6.442363508721371e-10,None,None,None,None, , , , 
17261, ,0.1979166867853556,6.905513520162316e-10,None,None,None,None, , , , 
17262, ,0.1979166867853556,7.401959996915653e-10,None,None,None,None, , , , 
17263, ,0.1979166867853556,7.934096665797492e-10,None,None,None,None, , , , 
17264, ,0.1979166867853556,8.504489341802668e-10,None,None,None,None, , , , 
17265, ,0.1979166867853556,9.115888299750837e-10,None,None,None,None, , , , 
17266, ,0.1979166867853556,9.771241535346502e-10,None,None,None,None, , , , 
17267, ,0.1979166867853556,1.0473708979594486e-09,None,None,None,None, , , , 
17268, ,0.1979166867853556,1.1226677735108114e-09,None,None,None,None, , , , 
17269, ,0.1979166867853556,1.2033778407775904e-09,None,None,None,None, , , , 
17270, ,0.1979166867853556,1.289890261253308e-09,None,None,None,None, , , , 
17271, ,0.1979166867853556,1.3826221737646535e-09,None,None,None,None, , , , 
17272, ,0.1979166867853556,1.4820207057988602e-09,None,None,None,None, , , , 
17273, ,0.1979166867853556,1.5885651294280526e-09,None,None,None,None, , , , 
17274, ,0.1979166867853556,1.702769172225898e-09,None,None,None,None, , , , 
17275, ,0.1979166867853556,1.825183494319039e-09,None,None,None,None, , , , 
17276, ,0.1979166867853556,1.956398343517065e-09,None,None,None,None, , , , 
17277, ,0.1979166867853556,2.0970464013232305e-09,None,None,None,None, , , , 
17278, ,0.1979166867853556,2.2478058335487307e-09,None,None,None,None, , , , 
17279, ,0.1979166867853556,2.409403560239527e-09,None,None,None,None, , , , 
17280, ,0.1979166867853556,2.582618760682675e-09,None,None,None,None, , , , 
17281, ,0.1979166867853556,2.768286630392061e-09,None,None,None,None, , , , 
17282, ,0.1979166867853556,2.9673024081888724e-09,None,None,None,None, , , , 
17283, ,0.1979166867853556,3.180625692794119e-09,None,None,None,None, , , , 
17284, ,0.1979166867853556,3.409285069746807e-09,None,None,None,None, , , , 
17285, ,0.1979166867853556,3.654383070957262e-09,None,None,None,None, , , , 
17286, ,0.1979166867853556,3.917101490809261e-09,None,None,None,None, , , , 
17287, ,0.1979166867853556,4.198707084443906e-09,None,None,None,None, , , , 
17288, ,0.1979166867853556,4.500557675700488e-09,None,None,None,None, , , , 
17289, ,0.1979166867853556,4.824108704165374e-09,None,None,None,None, , , , 
17290, ,0.1979166867853556,5.170920242896755e-09,None,None,None,None, , , , 
17291, ,0.1979166867853556,5.542664520663096e-09,None,None,None,None, , , , 
17292, ,0.1979166867853556,5.941133984965041e-09,None,None,None,None, , , , 
17293, ,0.1979166867853556,6.3682499447185856e-09,None,None,None,None, , , , 
17294, ,0.1979166867853556,6.826071834272379e-09,None,None,None,None, , , , 
17295, ,0.1979166867853556,7.316807143427175e-09,None,None,None,None, , , , 
17296, ,0.1979166867853556,7.842822061337681e-09,None,None,None,None, , , , 
17297, ,0.1979166867853556,8.406652885618316e-09,None,None,None,None, , , , 
17298, ,0.1979166867853556,9.011018251665036e-09,None,None,None,None, , , , 
17299, ,0.1979166867853556,9.658832241158707e-09,None,None,None,None, , , , 
17300, ,0.1979166867853556,1.0353218432956616e-08,None,None,None,None, , , , 
17301, ,0.1979166867853556,1.1097524964120722e-08,None,None,None,None, , , , 
17302, ,0.1979166867853556,1.1895340673703208e-08,None,None,None,None, , , , 
17303, ,0.1979166867853556,1.2750512407130128e-08,None,None,None,None, , , , 
17304, ,0.1979166867853556,1.3667163564620044e-08,None,None,None,None, , , , 
17305, ,0.1979166867853556,1.4649713983072853e-08,None,None,None,None, , , , 
17306, ,0.1979166867853556,1.5702901247293774e-08,None,None,None,None, , , , 
17307, ,0.1979166867853556,1.683180353330955e-08,None,None,None,None, , , , 
17308, ,0.1979166867853556,1.8041864093920717e-08,None,None,None,None, , , , 
17309, ,0.1979166867853556,1.933891750455232e-08,None,None,None,None, , , , 
17310, ,0.1979166867853556,2.0729217795953697e-08,None,None,None,None, , , , 
17311, ,0.1979166867853556,2.221946860939524e-08,None,None,None,None, , , , 
17312, ,0.1979166867853556,2.3816855519761606e-08,None,None,None,None, , , , 
17313, ,0.1979166867853556,2.552908068239516e-08,None,None,None,None, , , , 
17314, ,0.1979166867853556,2.7364399970746666e-08,None,None,None,None, , , , 
17315, ,0.1979166867853556,2.933166278390042e-08,None,None,None,None, , , , 
17316, ,0.1979166867853556,3.1440354715915e-08,None,None,None,None, , , , 
17317, ,0.1979166867853556,3.370064329271925e-08,None,None,None,None, , , , 
17318, ,0.1979166867853556,3.612342699709431e-08,None,None,None,None, , , , 
17319, ,0.1979166867853556,3.872038781812557e-08,None,None,None,None, , , , 
17320, ,0.1979166867853556,4.1504047578504727e-08,None,None,None,None, , , , 
17321, ,0.1979166867853556,4.448782831127585e-08,None,None,None,None, , , , 
17322, ,0.1979166867853556,4.768611697714474e-08,None,None,None,None, , , , 
17323, ,0.1979166867853556,5.111433483440165e-08,None,None,None,None, , , , 
17324, ,0.1979166867853556,5.478901179593934e-08,None,None,None,None, , , , 
17325, ,0.1979166867853556,5.872786613189478e-08,None,None,None,None, , , , 
17326, ,0.1979166867853556,6.294988990221888e-08,None,None,None,None, , , , 
17327, ,0.1979166867853556,6.747544053110687e-08,None,None,None,None, , , , 
17328, ,0.1979166867853556,7.232633896483534e-08,None,None,None,None, , , , 
17329, ,0.1979166867853556,7.752597488629465e-08,None,None,None,None, , , , 
17330, ,0.1979166867853556,8.309941949353386e-08,None,None,None,None, , , , 
17331, ,0.1979166867853556,8.907354638610439e-08,None,None,None,None, , , , 
17332, ,0.1979166867853556,9.547716114208066e-08,None,None,None,None, , , , 
17333, ,0.1979166867853556,1.0234114021054528e-07,None,None,None,None, , , , 
17334, ,0.1979166867853556,1.0969857978923841e-07,None,None,None,None, , , , 
17335, ,0.1979166867853556,1.1758495540521555e-07,None,None,None,None, , , , 
17336, ,0.1979166867853556,1.2603829296797277e-07,None,None,None,None, , , , 
17337, ,0.1979166867853556,1.350993521198025e-07,None,None,None,None, , , , 
17338, ,0.1979166867853556,1.4481182276745328e-07,None,None,None,None, , , , 
17339, ,0.1979166867853556,1.552225357427048e-07,None,None,None,None, , , , 
17340, ,0.1979166867853556,1.6638168860761273e-07,None,None,None,None, , , , 
17341, ,0.1979166867853556,1.7834308769319093e-07,None,None,None,None, , , , 
17342, ,0.1979166867853556,1.9116440753857e-07,None,None,None,None, , , , 
17343, ,0.1979166867853556,2.049074689815846e-07,None,None,None,None, , , , 
17344, ,0.1979166867853556,2.1963853724165468e-07,None,None,None,None, , , , 
17345, ,0.1979166867853556,2.3542864143224158e-07,None,None,None,None, , , , 
17346, ,0.1979166867853556,2.523539170434766e-07,None,None,None,None, , , , 
17347, ,0.1979166867853556,2.7049597304631316e-07,None,None,None,None, , , , 
17348, ,0.1979166867853556,2.899422853882875e-07,None,None,None,None, , , , 
17349, ,0.1979166867853556,3.107866187782014e-07,None,None,None,None, , , , 
17350, ,0.1979166867853556,3.33129478793467e-07,None,None,None,None, , , , 
17351, ,0.1979166867853556,3.5707859649004626e-07,None,None,None,None, , , , 
17352, ,0.1979166867853556,3.827494478516307e-07,None,None,None,None, , , , 
17353, ,0.1979166867853556,4.1026581058271904e-07,None,None,None,None, , , , 
17354, ,0.1979166867853556,4.397603609302722e-07,None,None,None,None, , , , 
17355, ,0.1979166867853556,4.7137531341167185e-07,None,None,None,None, , , , 
17356, ,0.1979166867853556,5.052631065335679e-07,None,None,None,None, , , , 
17357, ,0.1979166867853556,5.415871378079465e-07,None,None,None,None, , , , 
17358, ,0.1979166867853556,5.805225516094896e-07,None,None,None,None, , , , 
17359, ,0.1979166867853556,6.222570836730232e-07,None,None,None,None, , , , 
17360, ,0.1979166867853556,6.669919663030115e-07,None,None,None,None, , , , 
17361, ,0.1979166867853556,7.149428986597576e-07,None,None,None,None, , , , 
17362, ,0.1979166867853556,7.663410868007445e-07,None,None,None,None, , , , 
17363, ,0.1979166867853556,8.214343584919422e-07,None,None,None,None, , , , 
17364, ,0.1979166867853556,8.804883581643463e-07,None,None,None,None, , , , 
17365, ,0.1979166867853556,9.437878277775371e-07,None,None,None,None, , , , 
17366, ,0.1979166867853556,1.0116379797662072e-06,None,None,None,None, , , , 
17367, ,0.1979166867853556,1.0843659686896086e-06,None,None,None,None, , , , 
17368, ,0.1979166867853556,1.1623224686798522e-06,None,None,None,None, , , , 
17369, ,0.1979166867853556,1.2458833642950078e-06,None,None,None,None, , , , 
17370, ,0.1979166867853556,1.3354515629298971e-06,None,None,None,None, , , , 
17371, ,0.1979166867853556,1.4314589375234786e-06,None,None,None,None, , , , 
17372, ,0.1979166867853556,1.53436840893001e-06,None,None,None,None, , , , 
17373, ,0.1979166867853556,1.6446761779946631e-06,None,None,None,None, , , , 
17374, ,0.1979166867853556,1.762914118095948e-06,None,None,None,None, , , , 
17375, ,0.1979166867853556,1.8896523396912082e-06,None,None,None,None, , , , 
17376, ,0.1979166867853556,2.0255019392306664e-06,None,None,None,None, , , , 
17377, ,0.1979166867853556,2.171117945694501e-06,None,None,None,None, , , , 
17378, ,0.1979166867853556,2.327202478960408e-06,None,None,None,None, , , , 
17379, ,0.1979166867853556,2.494508135230317e-06,None,None,None,None, , , , 
17380, ,0.1979166867853556,2.673841615839944e-06,None,None,None,None, , , , 
17381, ,0.1979166867853556,2.8660676169482507e-06,None,None,None,None, , , , 
17382, ,0.1979166867853556,3.0721129988617524e-06,None,None,None,None, , , , 
17383, ,0.1979166867853556,3.292971255097148e-06,None,None,None,None, , , , 
17384, ,0.1979166867853556,3.5297073027306505e-06,None,None,None,None, , , , 
17385, ,0.1979166867853556,3.783462617131925e-06,None,None,None,None, , , , 
17386, ,0.1979166867853556,4.0554607358408275e-06,None,None,None,None, , , , 
17387, ,0.1979166867853556,4.3470131581250175e-06,None,None,None,None, , , , 
17388, ,0.1979166867853556,4.6595256686646765e-06,None,None,None,None, , , , 
17389, ,0.1979166867853556,4.99450511585514e-06,None,None,None,None, , , , 
17390, ,0.1979166867853556,5.353566677410719e-06,None,None,None,None, , , , 
17391, ,0.1979166867853556,5.738441648302393e-06,None,None,None,None, , , , 
17392, ,0.1979166867853556,6.150985788580505e-06,None,None,None,None, , , , 
17393, ,0.1979166867853556,6.593188271333541e-06,None,None,None,None, , , , 
17394, ,0.1979166867853556,7.067181273927492e-06,None,None,None,None, , , , 
17395, ,0.1979166867853556,7.575250258771904e-06,None,None,None,None, , , , 
17396, ,0.1979166867853556,8.119844993184007e-06,None,None,None,None, , , , 
17397, ,0.1979166867853556,8.703591361485167e-06,None,None,None,None, , , , 
17398, ,0.1979166867853556,9.329304026284676e-06,None,None,None,None, , , , 
17399, ,0.1979166867853556,1e-05,None,None,None,None, , , , 
17400, ,0.2049074689815847,1e-11,None,None,None,None, , , , 
17401, ,0.2049074689815847,1.0718913192051263e-11,None,None,None,None, , , , 
17402, ,0.2049074689815847,1.1489510001873107e-11,None,None,None,None, , , , 
17403, ,0.2049074689815847,1.2315506032928262e-11,None,None,None,None, , , , 
17404, ,0.2049074689815847,1.3200884008314167e-11,None,None,None,None, , , , 
17405, ,0.2049074689815847,1.4149912974345786e-11,None,None,None,None, , , , 
17406, ,0.2049074689815847,1.5167168884709242e-11,None,None,None,None, , , , 
17407, ,0.2049074689815847,1.6257556664437934e-11,None,None,None,None, , , , 
17408, ,0.2049074689815847,1.7426333860096473e-11,None,None,None,None, , , , 
17409, ,0.2049074689815847,1.8679135990207848e-11,None,None,None,None, , , , 
17410, ,0.2049074689815847,2.0022003718155844e-11,None,None,None,None, , , , 
17411, ,0.2049074689815847,2.1461411978584013e-11,None,None,None,None, , , , 
17412, ,0.2049074689815847,2.300430119772921e-11,None,None,None,None, , , , 
17413, ,0.2049074689815847,2.465811075822604e-11,None,None,None,None, , , , 
17414, ,0.2049074689815847,2.643081486974103e-11,None,None,None,None, , , , 
17415, ,0.2049074689815847,2.8330961018393178e-11,None,None,None,None, , , , 
17416, ,0.2049074689815847,3.036771118035461e-11,None,None,None,None, , , , 
17417, ,0.2049074689815847,3.255088599835057e-11,None,None,None,None, , , , 
17418, ,0.2049074689815847,3.4891012134067674e-11,None,None,None,None, , , , 
17419, ,0.2049074689815847,3.739937302478801e-11,None,None,None,None, , , , 
17420, ,0.2049074689815847,4.0088063288984646e-11,None,None,None,None, , , , 
17421, ,0.2049074689815847,4.297004704320835e-11,None,None,None,None, , , , 
17422, ,0.2049074689815847,4.605922041145113e-11,None,None,None,None, , , , 
17423, ,0.2049074689815847,4.937047852839004e-11,None,None,None,None, , , , 
17424, ,0.2049074689815847,5.2919787359584366e-11,None,None,None,None, , , , 
17425, ,0.2049074689815847,5.672426068491989e-11,None,None,None,None, , , , 
17426, ,0.2049074689815847,6.080224261649427e-11,None,None,None,None, , , , 
17427, ,0.2049074689815847,6.517339604882421e-11,None,None,None,None, , , , 
17428, ,0.2049074689815847,6.985879746785235e-11,None,None,None,None, , , , 
17429, ,0.2049074689815847,7.48810385759003e-11,None,None,None,None, , , , 
17430, ,0.2049074689815847,8.026433522257174e-11,None,None,None,None, , , , 
17431, ,0.2049074689815847,8.603464416684492e-11,None,None,None,None, , , , 
17432, ,0.2049074689815847,9.221978823334341e-11,None,None,None,None, , , , 
17433, ,0.2049074689815847,9.884959046625586e-11,None,None,None,None, , , , 
17434, ,0.2049074689815847,1.0595601792776149e-10,None,None,None,None, , , , 
17435, ,0.2049074689815847,1.1357333583431027e-10,None,None,None,None, , , , 
17436, ,0.2049074689815847,1.217382727739662e-10,None,None,None,None, , , , 
17437, ,0.2049074689815847,1.3049019780144016e-10,None,None,None,None, , , , 
17438, ,0.2049074689815847,1.398713102647236e-10,None,None,None,None, , , , 
17439, ,0.2049074689815847,1.4992684327860468e-10,None,None,None,None, , , , 
17440, ,0.2049074689815847,1.6070528182616384e-10,None,None,None,None, , , , 
17441, ,0.2049074689815847,1.722585965398784e-10,None,None,None,None, , , , 
17442, ,0.2049074689815847,1.8464249428955463e-10,None,None,None,None, , , , 
17443, ,0.2049074689815847,1.9791668678535569e-10,None,None,None,None, , , , 
17444, ,0.2049074689815847,2.121451784910628e-10,None,None,None,None, , , , 
17445, ,0.2049074689815847,2.273965752357932e-10,None,None,None,None, , , , 
17446, ,0.2049074689815847,2.4374441501222216e-10,None,None,None,None, , , , 
17447, ,0.2049074689815847,2.6126752255633265e-10,None,None,None,None, , , , 
17448, ,0.2049074689815847,2.8005038941836253e-10,None,None,None,None, , , , 
17449, ,0.2049074689815847,3.0018358135755917e-10,None,None,None,None, , , , 
17450, ,0.2049074689815847,3.2176417502507347e-10,None,None,None,None, , , , 
17451, ,0.2049074689815847,3.4489622604057533e-10,None,None,None,None, , , , 
17452, ,0.2049074689815847,3.696912707195032e-10,None,None,None,None, , , , 
17453, ,0.2049074689815847,3.9626886387014783e-10,None,None,None,None, , , , 
17454, ,0.2049074689815847,4.2475715525368935e-10,None,None,None,None, , , , 
17455, ,0.2049074689815847,4.552935074866938e-10,None,None,None,None, , , , 
17456, ,0.2049074689815847,4.880251583654433e-10,None,None,None,None, , , , 
17457, ,0.2049074689815847,5.231099308056258e-10,None,None,None,None, , , , 
17458, ,0.2049074689815847,5.60716993820547e-10,None,None,None,None, , , , 
17459, ,0.2049074689815847,6.010276782070387e-10,None,None,None,None, , , , 
17460, ,0.2049074689815847,6.442363508721371e-10,None,None,None,None, , , , 
17461, ,0.2049074689815847,6.905513520162316e-10,None,None,None,None, , , , 
17462, ,0.2049074689815847,7.401959996915653e-10,None,None,None,None, , , , 
17463, ,0.2049074689815847,7.934096665797492e-10,None,None,None,None, , , , 
17464, ,0.2049074689815847,8.504489341802668e-10,None,None,None,None, , , , 
17465, ,0.2049074689815847,9.115888299750837e-10,None,None,None,None, , , , 
17466, ,0.2049074689815847,9.771241535346502e-10,None,None,None,None, , , , 
17467, ,0.2049074689815847,1.0473708979594486e-09,None,None,None,None, , , , 
17468, ,0.2049074689815847,1.1226677735108114e-09,None,None,None,None, , , , 
17469, ,0.2049074689815847,1.2033778407775904e-09,None,None,None,None, , , , 
17470, ,0.2049074689815847,1.289890261253308e-09,None,None,None,None, , , , 
17471, ,0.2049074689815847,1.3826221737646535e-09,None,None,None,None, , , , 
17472, ,0.2049074689815847,1.4820207057988602e-09,None,None,None,None, , , , 
17473, ,0.2049074689815847,1.5885651294280526e-09,None,None,None,None, , , , 
17474, ,0.2049074689815847,1.702769172225898e-09,None,None,None,None, , , , 
17475, ,0.2049074689815847,1.825183494319039e-09,None,None,None,None, , , , 
17476, ,0.2049074689815847,1.956398343517065e-09,None,None,None,None, , , , 
17477, ,0.2049074689815847,2.0970464013232305e-09,None,None,None,None, , , , 
17478, ,0.2049074689815847,2.2478058335487307e-09,None,None,None,None, , , , 
17479, ,0.2049074689815847,2.409403560239527e-09,None,None,None,None, , , , 
17480, ,0.2049074689815847,2.582618760682675e-09,None,None,None,None, , , , 
17481, ,0.2049074689815847,2.768286630392061e-09,None,None,None,None, , , , 
17482, ,0.2049074689815847,2.9673024081888724e-09,None,None,None,None, , , , 
17483, ,0.2049074689815847,3.180625692794119e-09,None,None,None,None, , , , 
17484, ,0.2049074689815847,3.409285069746807e-09,None,None,None,None, , , , 
17485, ,0.2049074689815847,3.654383070957262e-09,None,None,None,None, , , , 
17486, ,0.2049074689815847,3.917101490809261e-09,None,None,None,None, , , , 
17487, ,0.2049074689815847,4.198707084443906e-09,None,None,None,None, , , , 
17488, ,0.2049074689815847,4.500557675700488e-09,None,None,None,None, , , , 
17489, ,0.2049074689815847,4.824108704165374e-09,None,None,None,None, , , , 
17490, ,0.2049074689815847,5.170920242896755e-09,None,None,None,None, , , , 
17491, ,0.2049074689815847,5.542664520663096e-09,None,None,None,None, , , , 
17492, ,0.2049074689815847,5.941133984965041e-09,None,None,None,None, , , , 
17493, ,0.2049074689815847,6.3682499447185856e-09,None,None,None,None, , , , 
17494, ,0.2049074689815847,6.826071834272379e-09,None,None,None,None, , , , 
17495, ,0.2049074689815847,7.316807143427175e-09,None,None,None,None, , , , 
17496, ,0.2049074689815847,7.842822061337681e-09,None,None,None,None, , , , 
17497, ,0.2049074689815847,8.406652885618316e-09,None,None,None,None, , , , 
17498, ,0.2049074689815847,9.011018251665036e-09,None,None,None,None, , , , 
17499, ,0.2049074689815847,9.658832241158707e-09,None,None,None,None, , , , 
17500, ,0.2049074689815847,1.0353218432956616e-08,None,None,None,None, , , , 
17501, ,0.2049074689815847,1.1097524964120722e-08,None,None,None,None, , , , 
17502, ,0.2049074689815847,1.1895340673703208e-08,None,None,None,None, , , , 
17503, ,0.2049074689815847,1.2750512407130128e-08,None,None,None,None, , , , 
17504, ,0.2049074689815847,1.3667163564620044e-08,None,None,None,None, , , , 
17505, ,0.2049074689815847,1.4649713983072853e-08,None,None,None,None, , , , 
17506, ,0.2049074689815847,1.5702901247293774e-08,None,None,None,None, , , , 
17507, ,0.2049074689815847,1.683180353330955e-08,None,None,None,None, , , , 
17508, ,0.2049074689815847,1.8041864093920717e-08,None,None,None,None, , , , 
17509, ,0.2049074689815847,1.933891750455232e-08,None,None,None,None, , , , 
17510, ,0.2049074689815847,2.0729217795953697e-08,None,None,None,None, , , , 
17511, ,0.2049074689815847,2.221946860939524e-08,None,None,None,None, , , , 
17512, ,0.2049074689815847,2.3816855519761606e-08,None,None,None,None, , , , 
17513, ,0.2049074689815847,2.552908068239516e-08,None,None,None,None, , , , 
17514, ,0.2049074689815847,2.7364399970746666e-08,None,None,None,None, , , , 
17515, ,0.2049074689815847,2.933166278390042e-08,None,None,None,None, , , , 
17516, ,0.2049074689815847,3.1440354715915e-08,None,None,None,None, , , , 
17517, ,0.2049074689815847,3.370064329271925e-08,None,None,None,None, , , , 
17518, ,0.2049074689815847,3.612342699709431e-08,None,None,None,None, , , , 
17519, ,0.2049074689815847,3.872038781812557e-08,None,None,None,None, , , , 
17520, ,0.2049074689815847,4.1504047578504727e-08,None,None,None,None, , , , 
17521, ,0.2049074689815847,4.448782831127585e-08,None,None,None,None, , , , 
17522, ,0.2049074689815847,4.768611697714474e-08,None,None,None,None, , , , 
17523, ,0.2049074689815847,5.111433483440165e-08,None,None,None,None, , , , 
17524, ,0.2049074689815847,5.478901179593934e-08,None,None,None,None, , , , 
17525, ,0.2049074689815847,5.872786613189478e-08,None,None,None,None, , , , 
17526, ,0.2049074689815847,6.294988990221888e-08,None,None,None,None, , , , 
17527, ,0.2049074689815847,6.747544053110687e-08,None,None,None,None, , , , 
17528, ,0.2049074689815847,7.232633896483534e-08,None,None,None,None, , , , 
17529, ,0.2049074689815847,7.752597488629465e-08,None,None,None,None, , , , 
17530, ,0.2049074689815847,8.309941949353386e-08,None,None,None,None, , , , 
17531, ,0.2049074689815847,8.907354638610439e-08,None,None,None,None, , , , 
17532, ,0.2049074689815847,9.547716114208066e-08,None,None,None,None, , , , 
17533, ,0.2049074689815847,1.0234114021054528e-07,None,None,None,None, , , , 
17534, ,0.2049074689815847,1.0969857978923841e-07,None,None,None,None, , , , 
17535, ,0.2049074689815847,1.1758495540521555e-07,None,None,None,None, , , , 
17536, ,0.2049074689815847,1.2603829296797277e-07,None,None,None,None, , , , 
17537, ,0.2049074689815847,1.350993521198025e-07,None,None,None,None, , , , 
17538, ,0.2049074689815847,1.4481182276745328e-07,None,None,None,None, , , , 
17539, ,0.2049074689815847,1.552225357427048e-07,None,None,None,None, , , , 
17540, ,0.2049074689815847,1.6638168860761273e-07,None,None,None,None, , , , 
17541, ,0.2049074689815847,1.7834308769319093e-07,None,None,None,None, , , , 
17542, ,0.2049074689815847,1.9116440753857e-07,None,None,None,None, , , , 
17543, ,0.2049074689815847,2.049074689815846e-07,None,None,None,None, , , , 
17544, ,0.2049074689815847,2.1963853724165468e-07,None,None,None,None, , , , 
17545, ,0.2049074689815847,2.3542864143224158e-07,None,None,None,None, , , , 
17546, ,0.2049074689815847,2.523539170434766e-07,None,None,None,None, , , , 
17547, ,0.2049074689815847,2.7049597304631316e-07,None,None,None,None, , , , 
17548, ,0.2049074689815847,2.899422853882875e-07,None,None,None,None, , , , 
17549, ,0.2049074689815847,3.107866187782014e-07,None,None,None,None, , , , 
17550, ,0.2049074689815847,3.33129478793467e-07,None,None,None,None, , , , 
17551, ,0.2049074689815847,3.5707859649004626e-07,None,None,None,None, , , , 
17552, ,0.2049074689815847,3.827494478516307e-07,None,None,None,None, , , , 
17553, ,0.2049074689815847,4.1026581058271904e-07,None,None,None,None, , , , 
17554, ,0.2049074689815847,4.397603609302722e-07,None,None,None,None, , , , 
17555, ,0.2049074689815847,4.7137531341167185e-07,None,None,None,None, , , , 
17556, ,0.2049074689815847,5.052631065335679e-07,None,None,None,None, , , , 
17557, ,0.2049074689815847,5.415871378079465e-07,None,None,None,None, , , , 
17558, ,0.2049074689815847,5.805225516094896e-07,None,None,None,None, , , , 
17559, ,0.2049074689815847,6.222570836730232e-07,None,None,None,None, , , , 
17560, ,0.2049074689815847,6.669919663030115e-07,None,None,None,None, , , , 
17561, ,0.2049074689815847,7.149428986597576e-07,None,None,None,None, , , , 
17562, ,0.2049074689815847,7.663410868007445e-07,None,None,None,None, , , , 
17563, ,0.2049074689815847,8.214343584919422e-07,None,None,None,None, , , , 
17564, ,0.2049074689815847,8.804883581643463e-07,None,None,None,None, , , , 
17565, ,0.2049074689815847,9.437878277775371e-07,None,None,None,None, , , , 
17566, ,0.2049074689815847,1.0116379797662072e-06,None,None,None,None, , , , 
17567, ,0.2049074689815847,1.0843659686896086e-06,None,None,None,None, , , , 
17568, ,0.2049074689815847,1.1623224686798522e-06,None,None,None,None, , , , 
17569, ,0.2049074689815847,1.2458833642950078e-06,None,None,None,None, , , , 
17570, ,0.2049074689815847,1.3354515629298971e-06,None,None,None,None, , , , 
17571, ,0.2049074689815847,1.4314589375234786e-06,None,None,None,None, , , , 
17572, ,0.2049074689815847,1.53436840893001e-06,None,None,None,None, , , , 
17573, ,0.2049074689815847,1.6446761779946631e-06,None,None,None,None, , , , 
17574, ,0.2049074689815847,1.762914118095948e-06,None,None,None,None, , , , 
17575, ,0.2049074689815847,1.8896523396912082e-06,None,None,None,None, , , , 
17576, ,0.2049074689815847,2.0255019392306664e-06,None,None,None,None, , , , 
17577, ,0.2049074689815847,2.171117945694501e-06,None,None,None,None, , , , 
17578, ,0.2049074689815847,2.327202478960408e-06,None,None,None,None, , , , 
17579, ,0.2049074689815847,2.494508135230317e-06,None,None,None,None, , , , 
17580, ,0.2049074689815847,2.673841615839944e-06,None,None,None,None, , , , 
17581, ,0.2049074689815847,2.8660676169482507e-06,None,None,None,None, , , , 
17582, ,0.2049074689815847,3.0721129988617524e-06,None,None,None,None, , , , 
17583, ,0.2049074689815847,3.292971255097148e-06,None,None,None,None, , , , 
17584, ,0.2049074689815847,3.5297073027306505e-06,None,None,None,None, , , , 
17585, ,0.2049074689815847,3.783462617131925e-06,None,None,None,None, , , , 
17586, ,0.2049074689815847,4.0554607358408275e-06,None,None,None,None, , , , 
17587, ,0.2049074689815847,4.3470131581250175e-06,None,None,None,None, , , , 
17588, ,0.2049074689815847,4.6595256686646765e-06,None,None,None,None, , , , 
17589, ,0.2049074689815847,4.99450511585514e-06,None,None,None,None, , , , 
17590, ,0.2049074689815847,5.353566677410719e-06,None,None,None,None, , , , 
17591, ,0.2049074689815847,5.738441648302393e-06,None,None,None,None, , , , 
17592, ,0.2049074689815847,6.150985788580505e-06,None,None,None,None, , , , 
17593, ,0.2049074689815847,6.593188271333541e-06,None,None,None,None, , , , 
17594, ,0.2049074689815847,7.067181273927492e-06,None,None,None,None, , , , 
17595, ,0.2049074689815847,7.575250258771904e-06,None,None,None,None, , , , 
17596, ,0.2049074689815847,8.119844993184007e-06,None,None,None,None, , , , 
17597, ,0.2049074689815847,8.703591361485167e-06,None,None,None,None, , , , 
17598, ,0.2049074689815847,9.329304026284676e-06,None,None,None,None, , , , 
17599, ,0.2049074689815847,1e-05,None,None,None,None, , , , 
17600, ,0.21214517849106296,1e-11,None,None,None,None, , , , 
17601, ,0.21214517849106296,1.0718913192051263e-11,None,None,None,None, , , , 
17602, ,0.21214517849106296,1.1489510001873107e-11,None,None,None,None, , , , 
17603, ,0.21214517849106296,1.2315506032928262e-11,None,None,None,None, , , , 
17604, ,0.21214517849106296,1.3200884008314167e-11,None,None,None,None, , , , 
17605, ,0.21214517849106296,1.4149912974345786e-11,None,None,None,None, , , , 
17606, ,0.21214517849106296,1.5167168884709242e-11,None,None,None,None, , , , 
17607, ,0.21214517849106296,1.6257556664437934e-11,None,None,None,None, , , , 
17608, ,0.21214517849106296,1.7426333860096473e-11,None,None,None,None, , , , 
17609, ,0.21214517849106296,1.8679135990207848e-11,None,None,None,None, , , , 
17610, ,0.21214517849106296,2.0022003718155844e-11,None,None,None,None, , , , 
17611, ,0.21214517849106296,2.1461411978584013e-11,None,None,None,None, , , , 
17612, ,0.21214517849106296,2.300430119772921e-11,None,None,None,None, , , , 
17613, ,0.21214517849106296,2.465811075822604e-11,None,None,None,None, , , , 
17614, ,0.21214517849106296,2.643081486974103e-11,None,None,None,None, , , , 
17615, ,0.21214517849106296,2.8330961018393178e-11,None,None,None,None, , , , 
17616, ,0.21214517849106296,3.036771118035461e-11,None,None,None,None, , , , 
17617, ,0.21214517849106296,3.255088599835057e-11,None,None,None,None, , , , 
17618, ,0.21214517849106296,3.4891012134067674e-11,None,None,None,None, , , , 
17619, ,0.21214517849106296,3.739937302478801e-11,None,None,None,None, , , , 
17620, ,0.21214517849106296,4.0088063288984646e-11,None,None,None,None, , , , 
17621, ,0.21214517849106296,4.297004704320835e-11,None,None,None,None, , , , 
17622, ,0.21214517849106296,4.605922041145113e-11,None,None,None,None, , , , 
17623, ,0.21214517849106296,4.937047852839004e-11,None,None,None,None, , , , 
17624, ,0.21214517849106296,5.2919787359584366e-11,None,None,None,None, , , , 
17625, ,0.21214517849106296,5.672426068491989e-11,None,None,None,None, , , , 
17626, ,0.21214517849106296,6.080224261649427e-11,None,None,None,None, , , , 
17627, ,0.21214517849106296,6.517339604882421e-11,None,None,None,None, , , , 
17628, ,0.21214517849106296,6.985879746785235e-11,None,None,None,None, , , , 
17629, ,0.21214517849106296,7.48810385759003e-11,None,None,None,None, , , , 
17630, ,0.21214517849106296,8.026433522257174e-11,None,None,None,None, , , , 
17631, ,0.21214517849106296,8.603464416684492e-11,None,None,None,None, , , , 
17632, ,0.21214517849106296,9.221978823334341e-11,None,None,None,None, , , , 
17633, ,0.21214517849106296,9.884959046625586e-11,None,None,None,None, , , , 
17634, ,0.21214517849106296,1.0595601792776149e-10,None,None,None,None, , , , 
17635, ,0.21214517849106296,1.1357333583431027e-10,None,None,None,None, , , , 
17636, ,0.21214517849106296,1.217382727739662e-10,None,None,None,None, , , , 
17637, ,0.21214517849106296,1.3049019780144016e-10,None,None,None,None, , , , 
17638, ,0.21214517849106296,1.398713102647236e-10,None,None,None,None, , , , 
17639, ,0.21214517849106296,1.4992684327860468e-10,None,None,None,None, , , , 
17640, ,0.21214517849106296,1.6070528182616384e-10,None,None,None,None, , , , 
17641, ,0.21214517849106296,1.722585965398784e-10,None,None,None,None, , , , 
17642, ,0.21214517849106296,1.8464249428955463e-10,None,None,None,None, , , , 
17643, ,0.21214517849106296,1.9791668678535569e-10,None,None,None,None, , , , 
17644, ,0.21214517849106296,2.121451784910628e-10,None,None,None,None, , , , 
17645, ,0.21214517849106296,2.273965752357932e-10,None,None,None,None, , , , 
17646, ,0.21214517849106296,2.4374441501222216e-10,None,None,None,None, , , , 
17647, ,0.21214517849106296,2.6126752255633265e-10,None,None,None,None, , , , 
17648, ,0.21214517849106296,2.8005038941836253e-10,None,None,None,None, , , , 
17649, ,0.21214517849106296,3.0018358135755917e-10,None,None,None,None, , , , 
17650, ,0.21214517849106296,3.2176417502507347e-10,None,None,None,None, , , , 
17651, ,0.21214517849106296,3.4489622604057533e-10,None,None,None,None, , , , 
17652, ,0.21214517849106296,3.696912707195032e-10,None,None,None,None, , , , 
17653, ,0.21214517849106296,3.9626886387014783e-10,None,None,None,None, , , , 
17654, ,0.21214517849106296,4.2475715525368935e-10,None,None,None,None, , , , 
17655, ,0.21214517849106296,4.552935074866938e-10,None,None,None,None, , , , 
17656, ,0.21214517849106296,4.880251583654433e-10,None,None,None,None, , , , 
17657, ,0.21214517849106296,5.231099308056258e-10,None,None,None,None, , , , 
17658, ,0.21214517849106296,5.60716993820547e-10,None,None,None,None, , , , 
17659, ,0.21214517849106296,6.010276782070387e-10,None,None,None,None, , , , 
17660, ,0.21214517849106296,6.442363508721371e-10,None,None,None,None, , , , 
17661, ,0.21214517849106296,6.905513520162316e-10,None,None,None,None, , , , 
17662, ,0.21214517849106296,7.401959996915653e-10,None,None,None,None, , , , 
17663, ,0.21214517849106296,7.934096665797492e-10,None,None,None,None, , , , 
17664, ,0.21214517849106296,8.504489341802668e-10,None,None,None,None, , , , 
17665, ,0.21214517849106296,9.115888299750837e-10,None,None,None,None, , , , 
17666, ,0.21214517849106296,9.771241535346502e-10,None,None,None,None, , , , 
17667, ,0.21214517849106296,1.0473708979594486e-09,None,None,None,None, , , , 
17668, ,0.21214517849106296,1.1226677735108114e-09,None,None,None,None, , , , 
17669, ,0.21214517849106296,1.2033778407775904e-09,None,None,None,None, , , , 
17670, ,0.21214517849106296,1.289890261253308e-09,None,None,None,None, , , , 
17671, ,0.21214517849106296,1.3826221737646535e-09,None,None,None,None, , , , 
17672, ,0.21214517849106296,1.4820207057988602e-09,None,None,None,None, , , , 
17673, ,0.21214517849106296,1.5885651294280526e-09,None,None,None,None, , , , 
17674, ,0.21214517849106296,1.702769172225898e-09,None,None,None,None, , , , 
17675, ,0.21214517849106296,1.825183494319039e-09,None,None,None,None, , , , 
17676, ,0.21214517849106296,1.956398343517065e-09,None,None,None,None, , , , 
17677, ,0.21214517849106296,2.0970464013232305e-09,None,None,None,None, , , , 
17678, ,0.21214517849106296,2.2478058335487307e-09,None,None,None,None, , , , 
17679, ,0.21214517849106296,2.409403560239527e-09,None,None,None,None, , , , 
17680, ,0.21214517849106296,2.582618760682675e-09,None,None,None,None, , , , 
17681, ,0.21214517849106296,2.768286630392061e-09,None,None,None,None, , , , 
17682, ,0.21214517849106296,2.9673024081888724e-09,None,None,None,None, , , , 
17683, ,0.21214517849106296,3.180625692794119e-09,None,None,None,None, , , , 
17684, ,0.21214517849106296,3.409285069746807e-09,None,None,None,None, , , , 
17685, ,0.21214517849106296,3.654383070957262e-09,None,None,None,None, , , , 
17686, ,0.21214517849106296,3.917101490809261e-09,None,None,None,None, , , , 
17687, ,0.21214517849106296,4.198707084443906e-09,None,None,None,None, , , , 
17688, ,0.21214517849106296,4.500557675700488e-09,None,None,None,None, , , , 
17689, ,0.21214517849106296,4.824108704165374e-09,None,None,None,None, , , , 
17690, ,0.21214517849106296,5.170920242896755e-09,None,None,None,None, , , , 
17691, ,0.21214517849106296,5.542664520663096e-09,None,None,None,None, , , , 
17692, ,0.21214517849106296,5.941133984965041e-09,None,None,None,None, , , , 
17693, ,0.21214517849106296,6.3682499447185856e-09,None,None,None,None, , , , 
17694, ,0.21214517849106296,6.826071834272379e-09,None,None,None,None, , , , 
17695, ,0.21214517849106296,7.316807143427175e-09,None,None,None,None, , , , 
17696, ,0.21214517849106296,7.842822061337681e-09,None,None,None,None, , , , 
17697, ,0.21214517849106296,8.406652885618316e-09,None,None,None,None, , , , 
17698, ,0.21214517849106296,9.011018251665036e-09,None,None,None,None, , , , 
17699, ,0.21214517849106296,9.658832241158707e-09,None,None,None,None, , , , 
17700, ,0.21214517849106296,1.0353218432956616e-08,None,None,None,None, , , , 
17701, ,0.21214517849106296,1.1097524964120722e-08,None,None,None,None, , , , 
17702, ,0.21214517849106296,1.1895340673703208e-08,None,None,None,None, , , , 
17703, ,0.21214517849106296,1.2750512407130128e-08,None,None,None,None, , , , 
17704, ,0.21214517849106296,1.3667163564620044e-08,None,None,None,None, , , , 
17705, ,0.21214517849106296,1.4649713983072853e-08,None,None,None,None, , , , 
17706, ,0.21214517849106296,1.5702901247293774e-08,None,None,None,None, , , , 
17707, ,0.21214517849106296,1.683180353330955e-08,None,None,None,None, , , , 
17708, ,0.21214517849106296,1.8041864093920717e-08,None,None,None,None, , , , 
17709, ,0.21214517849106296,1.933891750455232e-08,None,None,None,None, , , , 
17710, ,0.21214517849106296,2.0729217795953697e-08,None,None,None,None, , , , 
17711, ,0.21214517849106296,2.221946860939524e-08,None,None,None,None, , , , 
17712, ,0.21214517849106296,2.3816855519761606e-08,None,None,None,None, , , , 
17713, ,0.21214517849106296,2.552908068239516e-08,None,None,None,None, , , , 
17714, ,0.21214517849106296,2.7364399970746666e-08,None,None,None,None, , , , 
17715, ,0.21214517849106296,2.933166278390042e-08,None,None,None,None, , , , 
17716, ,0.21214517849106296,3.1440354715915e-08,None,None,None,None, , , , 
17717, ,0.21214517849106296,3.370064329271925e-08,None,None,None,None, , , , 
17718, ,0.21214517849106296,3.612342699709431e-08,None,None,None,None, , , , 
17719, ,0.21214517849106296,3.872038781812557e-08,None,None,None,None, , , , 
17720, ,0.21214517849106296,4.1504047578504727e-08,None,None,None,None, , , , 
17721, ,0.21214517849106296,4.448782831127585e-08,None,None,None,None, , , , 
17722, ,0.21214517849106296,4.768611697714474e-08,None,None,None,None, , , , 
17723, ,0.21214517849106296,5.111433483440165e-08,None,None,None,None, , , , 
17724, ,0.21214517849106296,5.478901179593934e-08,None,None,None,None, , , , 
17725, ,0.21214517849106296,5.872786613189478e-08,None,None,None,None, , , , 
17726, ,0.21214517849106296,6.294988990221888e-08,None,None,None,None, , , , 
17727, ,0.21214517849106296,6.747544053110687e-08,None,None,None,None, , , , 
17728, ,0.21214517849106296,7.232633896483534e-08,None,None,None,None, , , , 
17729, ,0.21214517849106296,7.752597488629465e-08,None,None,None,None, , , , 
17730, ,0.21214517849106296,8.309941949353386e-08,None,None,None,None, , , , 
17731, ,0.21214517849106296,8.907354638610439e-08,None,None,None,None, , , , 
17732, ,0.21214517849106296,9.547716114208066e-08,None,None,None,None, , , , 
17733, ,0.21214517849106296,1.0234114021054528e-07,None,None,None,None, , , , 
17734, ,0.21214517849106296,1.0969857978923841e-07,None,None,None,None, , , , 
17735, ,0.21214517849106296,1.1758495540521555e-07,None,None,None,None, , , , 
17736, ,0.21214517849106296,1.2603829296797277e-07,None,None,None,None, , , , 
17737, ,0.21214517849106296,1.350993521198025e-07,None,None,None,None, , , , 
17738, ,0.21214517849106296,1.4481182276745328e-07,None,None,None,None, , , , 
17739, ,0.21214517849106296,1.552225357427048e-07,None,None,None,None, , , , 
17740, ,0.21214517849106296,1.6638168860761273e-07,None,None,None,None, , , , 
17741, ,0.21214517849106296,1.7834308769319093e-07,None,None,None,None, , , , 
17742, ,0.21214517849106296,1.9116440753857e-07,None,None,None,None, , , , 
17743, ,0.21214517849106296,2.049074689815846e-07,None,None,None,None, , , , 
17744, ,0.21214517849106296,2.1963853724165468e-07,None,None,None,None, , , , 
17745, ,0.21214517849106296,2.3542864143224158e-07,None,None,None,None, , , , 
17746, ,0.21214517849106296,2.523539170434766e-07,None,None,None,None, , , , 
17747, ,0.21214517849106296,2.7049597304631316e-07,None,None,None,None, , , , 
17748, ,0.21214517849106296,2.899422853882875e-07,None,None,None,None, , , , 
17749, ,0.21214517849106296,3.107866187782014e-07,None,None,None,None, , , , 
17750, ,0.21214517849106296,3.33129478793467e-07,None,None,None,None, , , , 
17751, ,0.21214517849106296,3.5707859649004626e-07,None,None,None,None, , , , 
17752, ,0.21214517849106296,3.827494478516307e-07,None,None,None,None, , , , 
17753, ,0.21214517849106296,4.1026581058271904e-07,None,None,None,None, , , , 
17754, ,0.21214517849106296,4.397603609302722e-07,None,None,None,None, , , , 
17755, ,0.21214517849106296,4.7137531341167185e-07,None,None,None,None, , , , 
17756, ,0.21214517849106296,5.052631065335679e-07,None,None,None,None, , , , 
17757, ,0.21214517849106296,5.415871378079465e-07,None,None,None,None, , , , 
17758, ,0.21214517849106296,5.805225516094896e-07,None,None,None,None, , , , 
17759, ,0.21214517849106296,6.222570836730232e-07,None,None,None,None, , , , 
17760, ,0.21214517849106296,6.669919663030115e-07,None,None,None,None, , , , 
17761, ,0.21214517849106296,7.149428986597576e-07,None,None,None,None, , , , 
17762, ,0.21214517849106296,7.663410868007445e-07,None,None,None,None, , , , 
17763, ,0.21214517849106296,8.214343584919422e-07,None,None,None,None, , , , 
17764, ,0.21214517849106296,8.804883581643463e-07,None,None,None,None, , , , 
17765, ,0.21214517849106296,9.437878277775371e-07,None,None,None,None, , , , 
17766, ,0.21214517849106296,1.0116379797662072e-06,None,None,None,None, , , , 
17767, ,0.21214517849106296,1.0843659686896086e-06,None,None,None,None, , , , 
17768, ,0.21214517849106296,1.1623224686798522e-06,None,None,None,None, , , , 
17769, ,0.21214517849106296,1.2458833642950078e-06,None,None,None,None, , , , 
17770, ,0.21214517849106296,1.3354515629298971e-06,None,None,None,None, , , , 
17771, ,0.21214517849106296,1.4314589375234786e-06,None,None,None,None, , , , 
17772, ,0.21214517849106296,1.53436840893001e-06,None,None,None,None, , , , 
17773, ,0.21214517849106296,1.6446761779946631e-06,None,None,None,None, , , , 
17774, ,0.21214517849106296,1.762914118095948e-06,None,None,None,None, , , , 
17775, ,0.21214517849106296,1.8896523396912082e-06,None,None,None,None, , , , 
17776, ,0.21214517849106296,2.0255019392306664e-06,None,None,None,None, , , , 
17777, ,0.21214517849106296,2.171117945694501e-06,None,None,None,None, , , , 
17778, ,0.21214517849106296,2.327202478960408e-06,None,None,None,None, , , , 
17779, ,0.21214517849106296,2.494508135230317e-06,None,None,None,None, , , , 
17780, ,0.21214517849106296,2.673841615839944e-06,None,None,None,None, , , , 
17781, ,0.21214517849106296,2.8660676169482507e-06,None,None,None,None, , , , 
17782, ,0.21214517849106296,3.0721129988617524e-06,None,None,None,None, , , , 
17783, ,0.21214517849106296,3.292971255097148e-06,None,None,None,None, , , , 
17784, ,0.21214517849106296,3.5297073027306505e-06,None,None,None,None, , , , 
17785, ,0.21214517849106296,3.783462617131925e-06,None,None,None,None, , , , 
17786, ,0.21214517849106296,4.0554607358408275e-06,None,None,None,None, , , , 
17787, ,0.21214517849106296,4.3470131581250175e-06,None,None,None,None, , , , 
17788, ,0.21214517849106296,4.6595256686646765e-06,None,None,None,None, , , , 
17789, ,0.21214517849106296,4.99450511585514e-06,None,None,None,None, , , , 
17790, ,0.21214517849106296,5.353566677410719e-06,None,None,None,None, , , , 
17791, ,0.21214517849106296,5.738441648302393e-06,None,None,None,None, , , , 
17792, ,0.21214517849106296,6.150985788580505e-06,None,None,None,None, , , , 
17793, ,0.21214517849106296,6.593188271333541e-06,None,None,None,None, , , , 
17794, ,0.21214517849106296,7.067181273927492e-06,None,None,None,None, , , , 
17795, ,0.21214517849106296,7.575250258771904e-06,None,None,None,None, , , , 
17796, ,0.21214517849106296,8.119844993184007e-06,None,None,None,None, , , , 
17797, ,0.21214517849106296,8.703591361485167e-06,None,None,None,None, , , , 
17798, ,0.21214517849106296,9.329304026284676e-06,None,None,None,None, , , , 
17799, ,0.21214517849106296,1e-05,None,None,None,None, , , , 
17800, ,0.21963853724165447,1e-11,None,None,None,None, , , , 
17801, ,0.21963853724165447,1.0718913192051263e-11,None,None,None,None, , , , 
17802, ,0.21963853724165447,1.1489510001873107e-11,None,None,None,None, , , , 
17803, ,0.21963853724165447,1.2315506032928262e-11,None,None,None,None, , , , 
17804, ,0.21963853724165447,1.3200884008314167e-11,None,None,None,None, , , , 
17805, ,0.21963853724165447,1.4149912974345786e-11,None,None,None,None, , , , 
17806, ,0.21963853724165447,1.5167168884709242e-11,None,None,None,None, , , , 
17807, ,0.21963853724165447,1.6257556664437934e-11,None,None,None,None, , , , 
17808, ,0.21963853724165447,1.7426333860096473e-11,None,None,None,None, , , , 
17809, ,0.21963853724165447,1.8679135990207848e-11,None,None,None,None, , , , 
17810, ,0.21963853724165447,2.0022003718155844e-11,None,None,None,None, , , , 
17811, ,0.21963853724165447,2.1461411978584013e-11,None,None,None,None, , , , 
17812, ,0.21963853724165447,2.300430119772921e-11,None,None,None,None, , , , 
17813, ,0.21963853724165447,2.465811075822604e-11,None,None,None,None, , , , 
17814, ,0.21963853724165447,2.643081486974103e-11,None,None,None,None, , , , 
17815, ,0.21963853724165447,2.8330961018393178e-11,None,None,None,None, , , , 
17816, ,0.21963853724165447,3.036771118035461e-11,None,None,None,None, , , , 
17817, ,0.21963853724165447,3.255088599835057e-11,None,None,None,None, , , , 
17818, ,0.21963853724165447,3.4891012134067674e-11,None,None,None,None, , , , 
17819, ,0.21963853724165447,3.739937302478801e-11,None,None,None,None, , , , 
17820, ,0.21963853724165447,4.0088063288984646e-11,None,None,None,None, , , , 
17821, ,0.21963853724165447,4.297004704320835e-11,None,None,None,None, , , , 
17822, ,0.21963853724165447,4.605922041145113e-11,None,None,None,None, , , , 
17823, ,0.21963853724165447,4.937047852839004e-11,None,None,None,None, , , , 
17824, ,0.21963853724165447,5.2919787359584366e-11,None,None,None,None, , , , 
17825, ,0.21963853724165447,5.672426068491989e-11,None,None,None,None, , , , 
17826, ,0.21963853724165447,6.080224261649427e-11,None,None,None,None, , , , 
17827, ,0.21963853724165447,6.517339604882421e-11,None,None,None,None, , , , 
17828, ,0.21963853724165447,6.985879746785235e-11,None,None,None,None, , , , 
17829, ,0.21963853724165447,7.48810385759003e-11,None,None,None,None, , , , 
17830, ,0.21963853724165447,8.026433522257174e-11,None,None,None,None, , , , 
17831, ,0.21963853724165447,8.603464416684492e-11,None,None,None,None, , , , 
17832, ,0.21963853724165447,9.221978823334341e-11,None,None,None,None, , , , 
17833, ,0.21963853724165447,9.884959046625586e-11,None,None,None,None, , , , 
17834, ,0.21963853724165447,1.0595601792776149e-10,None,None,None,None, , , , 
17835, ,0.21963853724165447,1.1357333583431027e-10,None,None,None,None, , , , 
17836, ,0.21963853724165447,1.217382727739662e-10,None,None,None,None, , , , 
17837, ,0.21963853724165447,1.3049019780144016e-10,None,None,None,None, , , , 
17838, ,0.21963853724165447,1.398713102647236e-10,None,None,None,None, , , , 
17839, ,0.21963853724165447,1.4992684327860468e-10,None,None,None,None, , , , 
17840, ,0.21963853724165447,1.6070528182616384e-10,None,None,None,None, , , , 
17841, ,0.21963853724165447,1.722585965398784e-10,None,None,None,None, , , , 
17842, ,0.21963853724165447,1.8464249428955463e-10,None,None,None,None, , , , 
17843, ,0.21963853724165447,1.9791668678535569e-10,None,None,None,None, , , , 
17844, ,0.21963853724165447,2.121451784910628e-10,None,None,None,None, , , , 
17845, ,0.21963853724165447,2.273965752357932e-10,None,None,None,None, , , , 
17846, ,0.21963853724165447,2.4374441501222216e-10,None,None,None,None, , , , 
17847, ,0.21963853724165447,2.6126752255633265e-10,None,None,None,None, , , , 
17848, ,0.21963853724165447,2.8005038941836253e-10,None,None,None,None, , , , 
17849, ,0.21963853724165447,3.0018358135755917e-10,None,None,None,None, , , , 
17850, ,0.21963853724165447,3.2176417502507347e-10,None,None,None,None, , , , 
17851, ,0.21963853724165447,3.4489622604057533e-10,None,None,None,None, , , , 
17852, ,0.21963853724165447,3.696912707195032e-10,None,None,None,None, , , , 
17853, ,0.21963853724165447,3.9626886387014783e-10,None,None,None,None, , , , 
17854, ,0.21963853724165447,4.2475715525368935e-10,None,None,None,None, , , , 
17855, ,0.21963853724165447,4.552935074866938e-10,None,None,None,None, , , , 
17856, ,0.21963853724165447,4.880251583654433e-10,None,None,None,None, , , , 
17857, ,0.21963853724165447,5.231099308056258e-10,None,None,None,None, , , , 
17858, ,0.21963853724165447,5.60716993820547e-10,None,None,None,None, , , , 
17859, ,0.21963853724165447,6.010276782070387e-10,None,None,None,None, , , , 
17860, ,0.21963853724165447,6.442363508721371e-10,None,None,None,None, , , , 
17861, ,0.21963853724165447,6.905513520162316e-10,None,None,None,None, , , , 
17862, ,0.21963853724165447,7.401959996915653e-10,None,None,None,None, , , , 
17863, ,0.21963853724165447,7.934096665797492e-10,None,None,None,None, , , , 
17864, ,0.21963853724165447,8.504489341802668e-10,None,None,None,None, , , , 
17865, ,0.21963853724165447,9.115888299750837e-10,None,None,None,None, , , , 
17866, ,0.21963853724165447,9.771241535346502e-10,None,None,None,None, , , , 
17867, ,0.21963853724165447,1.0473708979594486e-09,None,None,None,None, , , , 
17868, ,0.21963853724165447,1.1226677735108114e-09,None,None,None,None, , , , 
17869, ,0.21963853724165447,1.2033778407775904e-09,None,None,None,None, , , , 
17870, ,0.21963853724165447,1.289890261253308e-09,None,None,None,None, , , , 
17871, ,0.21963853724165447,1.3826221737646535e-09,None,None,None,None, , , , 
17872, ,0.21963853724165447,1.4820207057988602e-09,None,None,None,None, , , , 
17873, ,0.21963853724165447,1.5885651294280526e-09,None,None,None,None, , , , 
17874, ,0.21963853724165447,1.702769172225898e-09,None,None,None,None, , , , 
17875, ,0.21963853724165447,1.825183494319039e-09,None,None,None,None, , , , 
17876, ,0.21963853724165447,1.956398343517065e-09,None,None,None,None, , , , 
17877, ,0.21963853724165447,2.0970464013232305e-09,None,None,None,None, , , , 
17878, ,0.21963853724165447,2.2478058335487307e-09,None,None,None,None, , , , 
17879, ,0.21963853724165447,2.409403560239527e-09,None,None,None,None, , , , 
17880, ,0.21963853724165447,2.582618760682675e-09,None,None,None,None, , , , 
17881, ,0.21963853724165447,2.768286630392061e-09,None,None,None,None, , , , 
17882, ,0.21963853724165447,2.9673024081888724e-09,None,None,None,None, , , , 
17883, ,0.21963853724165447,3.180625692794119e-09,None,None,None,None, , , , 
17884, ,0.21963853724165447,3.409285069746807e-09,None,None,None,None, , , , 
17885, ,0.21963853724165447,3.654383070957262e-09,None,None,None,None, , , , 
17886, ,0.21963853724165447,3.917101490809261e-09,None,None,None,None, , , , 
17887, ,0.21963853724165447,4.198707084443906e-09,None,None,None,None, , , , 
17888, ,0.21963853724165447,4.500557675700488e-09,None,None,None,None, , , , 
17889, ,0.21963853724165447,4.824108704165374e-09,None,None,None,None, , , , 
17890, ,0.21963853724165447,5.170920242896755e-09,None,None,None,None, , , , 
17891, ,0.21963853724165447,5.542664520663096e-09,None,None,None,None, , , , 
17892, ,0.21963853724165447,5.941133984965041e-09,None,None,None,None, , , , 
17893, ,0.21963853724165447,6.3682499447185856e-09,None,None,None,None, , , , 
17894, ,0.21963853724165447,6.826071834272379e-09,None,None,None,None, , , , 
17895, ,0.21963853724165447,7.316807143427175e-09,None,None,None,None, , , , 
17896, ,0.21963853724165447,7.842822061337681e-09,None,None,None,None, , , , 
17897, ,0.21963853724165447,8.406652885618316e-09,None,None,None,None, , , , 
17898, ,0.21963853724165447,9.011018251665036e-09,None,None,None,None, , , , 
17899, ,0.21963853724165447,9.658832241158707e-09,None,None,None,None, , , , 
17900, ,0.21963853724165447,1.0353218432956616e-08,None,None,None,None, , , , 
17901, ,0.21963853724165447,1.1097524964120722e-08,None,None,None,None, , , , 
17902, ,0.21963853724165447,1.1895340673703208e-08,None,None,None,None, , , , 
17903, ,0.21963853724165447,1.2750512407130128e-08,None,None,None,None, , , , 
17904, ,0.21963853724165447,1.3667163564620044e-08,None,None,None,None, , , , 
17905, ,0.21963853724165447,1.4649713983072853e-08,None,None,None,None, , , , 
17906, ,0.21963853724165447,1.5702901247293774e-08,None,None,None,None, , , , 
17907, ,0.21963853724165447,1.683180353330955e-08,None,None,None,None, , , , 
17908, ,0.21963853724165447,1.8041864093920717e-08,None,None,None,None, , , , 
17909, ,0.21963853724165447,1.933891750455232e-08,None,None,None,None, , , , 
17910, ,0.21963853724165447,2.0729217795953697e-08,None,None,None,None, , , , 
17911, ,0.21963853724165447,2.221946860939524e-08,None,None,None,None, , , , 
17912, ,0.21963853724165447,2.3816855519761606e-08,None,None,None,None, , , , 
17913, ,0.21963853724165447,2.552908068239516e-08,None,None,None,None, , , , 
17914, ,0.21963853724165447,2.7364399970746666e-08,None,None,None,None, , , , 
17915, ,0.21963853724165447,2.933166278390042e-08,None,None,None,None, , , , 
17916, ,0.21963853724165447,3.1440354715915e-08,None,None,None,None, , , , 
17917, ,0.21963853724165447,3.370064329271925e-08,None,None,None,None, , , , 
17918, ,0.21963853724165447,3.612342699709431e-08,None,None,None,None, , , , 
17919, ,0.21963853724165447,3.872038781812557e-08,None,None,None,None, , , , 
17920, ,0.21963853724165447,4.1504047578504727e-08,None,None,None,None, , , , 
17921, ,0.21963853724165447,4.448782831127585e-08,None,None,None,None, , , , 
17922, ,0.21963853724165447,4.768611697714474e-08,None,None,None,None, , , , 
17923, ,0.21963853724165447,5.111433483440165e-08,None,None,None,None, , , , 
17924, ,0.21963853724165447,5.478901179593934e-08,None,None,None,None, , , , 
17925, ,0.21963853724165447,5.872786613189478e-08,None,None,None,None, , , , 
17926, ,0.21963853724165447,6.294988990221888e-08,None,None,None,None, , , , 
17927, ,0.21963853724165447,6.747544053110687e-08,None,None,None,None, , , , 
17928, ,0.21963853724165447,7.232633896483534e-08,None,None,None,None, , , , 
17929, ,0.21963853724165447,7.752597488629465e-08,None,None,None,None, , , , 
17930, ,0.21963853724165447,8.309941949353386e-08,None,None,None,None, , , , 
17931, ,0.21963853724165447,8.907354638610439e-08,None,None,None,None, , , , 
17932, ,0.21963853724165447,9.547716114208066e-08,None,None,None,None, , , , 
17933, ,0.21963853724165447,1.0234114021054528e-07,None,None,None,None, , , , 
17934, ,0.21963853724165447,1.0969857978923841e-07,None,None,None,None, , , , 
17935, ,0.21963853724165447,1.1758495540521555e-07,None,None,None,None, , , , 
17936, ,0.21963853724165447,1.2603829296797277e-07,None,None,None,None, , , , 
17937, ,0.21963853724165447,1.350993521198025e-07,None,None,None,None, , , , 
17938, ,0.21963853724165447,1.4481182276745328e-07,None,None,None,None, , , , 
17939, ,0.21963853724165447,1.552225357427048e-07,None,None,None,None, , , , 
17940, ,0.21963853724165447,1.6638168860761273e-07,None,None,None,None, , , , 
17941, ,0.21963853724165447,1.7834308769319093e-07,None,None,None,None, , , , 
17942, ,0.21963853724165447,1.9116440753857e-07,None,None,None,None, , , , 
17943, ,0.21963853724165447,2.049074689815846e-07,None,None,None,None, , , , 
17944, ,0.21963853724165447,2.1963853724165468e-07,None,None,None,None, , , , 
17945, ,0.21963853724165447,2.3542864143224158e-07,None,None,None,None, , , , 
17946, ,0.21963853724165447,2.523539170434766e-07,None,None,None,None, , , , 
17947, ,0.21963853724165447,2.7049597304631316e-07,None,None,None,None, , , , 
17948, ,0.21963853724165447,2.899422853882875e-07,None,None,None,None, , , , 
17949, ,0.21963853724165447,3.107866187782014e-07,None,None,None,None, , , , 
17950, ,0.21963853724165447,3.33129478793467e-07,None,None,None,None, , , , 
17951, ,0.21963853724165447,3.5707859649004626e-07,None,None,None,None, , , , 
17952, ,0.21963853724165447,3.827494478516307e-07,None,None,None,None, , , , 
17953, ,0.21963853724165447,4.1026581058271904e-07,None,None,None,None, , , , 
17954, ,0.21963853724165447,4.397603609302722e-07,None,None,None,None, , , , 
17955, ,0.21963853724165447,4.7137531341167185e-07,None,None,None,None, , , , 
17956, ,0.21963853724165447,5.052631065335679e-07,None,None,None,None, , , , 
17957, ,0.21963853724165447,5.415871378079465e-07,None,None,None,None, , , , 
17958, ,0.21963853724165447,5.805225516094896e-07,None,None,None,None, , , , 
17959, ,0.21963853724165447,6.222570836730232e-07,None,None,None,None, , , , 
17960, ,0.21963853724165447,6.669919663030115e-07,None,None,None,None, , , , 
17961, ,0.21963853724165447,7.149428986597576e-07,None,None,None,None, , , , 
17962, ,0.21963853724165447,7.663410868007445e-07,None,None,None,None, , , , 
17963, ,0.21963853724165447,8.214343584919422e-07,None,None,None,None, , , , 
17964, ,0.21963853724165447,8.804883581643463e-07,None,None,None,None, , , , 
17965, ,0.21963853724165447,9.437878277775371e-07,None,None,None,None, , , , 
17966, ,0.21963853724165447,1.0116379797662072e-06,None,None,None,None, , , , 
17967, ,0.21963853724165447,1.0843659686896086e-06,None,None,None,None, , , , 
17968, ,0.21963853724165447,1.1623224686798522e-06,None,None,None,None, , , , 
17969, ,0.21963853724165447,1.2458833642950078e-06,None,None,None,None, , , , 
17970, ,0.21963853724165447,1.3354515629298971e-06,None,None,None,None, , , , 
17971, ,0.21963853724165447,1.4314589375234786e-06,None,None,None,None, , , , 
17972, ,0.21963853724165447,1.53436840893001e-06,None,None,None,None, , , , 
17973, ,0.21963853724165447,1.6446761779946631e-06,None,None,None,None, , , , 
17974, ,0.21963853724165447,1.762914118095948e-06,None,None,None,None, , , , 
17975, ,0.21963853724165447,1.8896523396912082e-06,None,None,None,None, , , , 
17976, ,0.21963853724165447,2.0255019392306664e-06,None,None,None,None, , , , 
17977, ,0.21963853724165447,2.171117945694501e-06,None,None,None,None, , , , 
17978, ,0.21963853724165447,2.327202478960408e-06,None,None,None,None, , , , 
17979, ,0.21963853724165447,2.494508135230317e-06,None,None,None,None, , , , 
17980, ,0.21963853724165447,2.673841615839944e-06,None,None,None,None, , , , 
17981, ,0.21963853724165447,2.8660676169482507e-06,None,None,None,None, , , , 
17982, ,0.21963853724165447,3.0721129988617524e-06,None,None,None,None, , , , 
17983, ,0.21963853724165447,3.292971255097148e-06,None,None,None,None, , , , 
17984, ,0.21963853724165447,3.5297073027306505e-06,None,None,None,None, , , , 
17985, ,0.21963853724165447,3.783462617131925e-06,None,None,None,None, , , , 
17986, ,0.21963853724165447,4.0554607358408275e-06,None,None,None,None, , , , 
17987, ,0.21963853724165447,4.3470131581250175e-06,None,None,None,None, , , , 
17988, ,0.21963853724165447,4.6595256686646765e-06,None,None,None,None, , , , 
17989, ,0.21963853724165447,4.99450511585514e-06,None,None,None,None, , , , 
17990, ,0.21963853724165447,5.353566677410719e-06,None,None,None,None, , , , 
17991, ,0.21963853724165447,5.738441648302393e-06,None,None,None,None, , , , 
17992, ,0.21963853724165447,6.150985788580505e-06,None,None,None,None, , , , 
17993, ,0.21963853724165447,6.593188271333541e-06,None,None,None,None, , , , 
17994, ,0.21963853724165447,7.067181273927492e-06,None,None,None,None, , , , 
17995, ,0.21963853724165447,7.575250258771904e-06,None,None,None,None, , , , 
17996, ,0.21963853724165447,8.119844993184007e-06,None,None,None,None, , , , 
17997, ,0.21963853724165447,8.703591361485167e-06,None,None,None,None, , , , 
17998, ,0.21963853724165447,9.329304026284676e-06,None,None,None,None, , , , 
17999, ,0.21963853724165447,1e-05,None,None,None,None, , , , 
18000, ,0.2273965752357928,1e-11,None,None,None,None, , , , 
18001, ,0.2273965752357928,1.0718913192051263e-11,None,None,None,None, , , , 
18002, ,0.2273965752357928,1.1489510001873107e-11,None,None,None,None, , , , 
18003, ,0.2273965752357928,1.2315506032928262e-11,None,None,None,None, , , , 
18004, ,0.2273965752357928,1.3200884008314167e-11,None,None,None,None, , , , 
18005, ,0.2273965752357928,1.4149912974345786e-11,None,None,None,None, , , , 
18006, ,0.2273965752357928,1.5167168884709242e-11,None,None,None,None, , , , 
18007, ,0.2273965752357928,1.6257556664437934e-11,None,None,None,None, , , , 
18008, ,0.2273965752357928,1.7426333860096473e-11,None,None,None,None, , , , 
18009, ,0.2273965752357928,1.8679135990207848e-11,None,None,None,None, , , , 
18010, ,0.2273965752357928,2.0022003718155844e-11,None,None,None,None, , , , 
18011, ,0.2273965752357928,2.1461411978584013e-11,None,None,None,None, , , , 
18012, ,0.2273965752357928,2.300430119772921e-11,None,None,None,None, , , , 
18013, ,0.2273965752357928,2.465811075822604e-11,None,None,None,None, , , , 
18014, ,0.2273965752357928,2.643081486974103e-11,None,None,None,None, , , , 
18015, ,0.2273965752357928,2.8330961018393178e-11,None,None,None,None, , , , 
18016, ,0.2273965752357928,3.036771118035461e-11,None,None,None,None, , , , 
18017, ,0.2273965752357928,3.255088599835057e-11,None,None,None,None, , , , 
18018, ,0.2273965752357928,3.4891012134067674e-11,None,None,None,None, , , , 
18019, ,0.2273965752357928,3.739937302478801e-11,None,None,None,None, , , , 
18020, ,0.2273965752357928,4.0088063288984646e-11,None,None,None,None, , , , 
18021, ,0.2273965752357928,4.297004704320835e-11,None,None,None,None, , , , 
18022, ,0.2273965752357928,4.605922041145113e-11,None,None,None,None, , , , 
18023, ,0.2273965752357928,4.937047852839004e-11,None,None,None,None, , , , 
18024, ,0.2273965752357928,5.2919787359584366e-11,None,None,None,None, , , , 
18025, ,0.2273965752357928,5.672426068491989e-11,None,None,None,None, , , , 
18026, ,0.2273965752357928,6.080224261649427e-11,None,None,None,None, , , , 
18027, ,0.2273965752357928,6.517339604882421e-11,None,None,None,None, , , , 
18028, ,0.2273965752357928,6.985879746785235e-11,None,None,None,None, , , , 
18029, ,0.2273965752357928,7.48810385759003e-11,None,None,None,None, , , , 
18030, ,0.2273965752357928,8.026433522257174e-11,None,None,None,None, , , , 
18031, ,0.2273965752357928,8.603464416684492e-11,None,None,None,None, , , , 
18032, ,0.2273965752357928,9.221978823334341e-11,None,None,None,None, , , , 
18033, ,0.2273965752357928,9.884959046625586e-11,None,None,None,None, , , , 
18034, ,0.2273965752357928,1.0595601792776149e-10,None,None,None,None, , , , 
18035, ,0.2273965752357928,1.1357333583431027e-10,None,None,None,None, , , , 
18036, ,0.2273965752357928,1.217382727739662e-10,None,None,None,None, , , , 
18037, ,0.2273965752357928,1.3049019780144016e-10,None,None,None,None, , , , 
18038, ,0.2273965752357928,1.398713102647236e-10,None,None,None,None, , , , 
18039, ,0.2273965752357928,1.4992684327860468e-10,None,None,None,None, , , , 
18040, ,0.2273965752357928,1.6070528182616384e-10,None,None,None,None, , , , 
18041, ,0.2273965752357928,1.722585965398784e-10,None,None,None,None, , , , 
18042, ,0.2273965752357928,1.8464249428955463e-10,None,None,None,None, , , , 
18043, ,0.2273965752357928,1.9791668678535569e-10,None,None,None,None, , , , 
18044, ,0.2273965752357928,2.121451784910628e-10,None,None,None,None, , , , 
18045, ,0.2273965752357928,2.273965752357932e-10,None,None,None,None, , , , 
18046, ,0.2273965752357928,2.4374441501222216e-10,None,None,None,None, , , , 
18047, ,0.2273965752357928,2.6126752255633265e-10,None,None,None,None, , , , 
18048, ,0.2273965752357928,2.8005038941836253e-10,None,None,None,None, , , , 
18049, ,0.2273965752357928,3.0018358135755917e-10,None,None,None,None, , , , 
18050, ,0.2273965752357928,3.2176417502507347e-10,None,None,None,None, , , , 
18051, ,0.2273965752357928,3.4489622604057533e-10,None,None,None,None, , , , 
18052, ,0.2273965752357928,3.696912707195032e-10,None,None,None,None, , , , 
18053, ,0.2273965752357928,3.9626886387014783e-10,None,None,None,None, , , , 
18054, ,0.2273965752357928,4.2475715525368935e-10,None,None,None,None, , , , 
18055, ,0.2273965752357928,4.552935074866938e-10,None,None,None,None, , , , 
18056, ,0.2273965752357928,4.880251583654433e-10,None,None,None,None, , , , 
18057, ,0.2273965752357928,5.231099308056258e-10,None,None,None,None, , , , 
18058, ,0.2273965752357928,5.60716993820547e-10,None,None,None,None, , , , 
18059, ,0.2273965752357928,6.010276782070387e-10,None,None,None,None, , , , 
18060, ,0.2273965752357928,6.442363508721371e-10,None,None,None,None, , , , 
18061, ,0.2273965752357928,6.905513520162316e-10,None,None,None,None, , , , 
18062, ,0.2273965752357928,7.401959996915653e-10,None,None,None,None, , , , 
18063, ,0.2273965752357928,7.934096665797492e-10,None,None,None,None, , , , 
18064, ,0.2273965752357928,8.504489341802668e-10,None,None,None,None, , , , 
18065, ,0.2273965752357928,9.115888299750837e-10,None,None,None,None, , , , 
18066, ,0.2273965752357928,9.771241535346502e-10,None,None,None,None, , , , 
18067, ,0.2273965752357928,1.0473708979594486e-09,None,None,None,None, , , , 
18068, ,0.2273965752357928,1.1226677735108114e-09,None,None,None,None, , , , 
18069, ,0.2273965752357928,1.2033778407775904e-09,None,None,None,None, , , , 
18070, ,0.2273965752357928,1.289890261253308e-09,None,None,None,None, , , , 
18071, ,0.2273965752357928,1.3826221737646535e-09,None,None,None,None, , , , 
18072, ,0.2273965752357928,1.4820207057988602e-09,None,None,None,None, , , , 
18073, ,0.2273965752357928,1.5885651294280526e-09,None,None,None,None, , , , 
18074, ,0.2273965752357928,1.702769172225898e-09,None,None,None,None, , , , 
18075, ,0.2273965752357928,1.825183494319039e-09,None,None,None,None, , , , 
18076, ,0.2273965752357928,1.956398343517065e-09,None,None,None,None, , , , 
18077, ,0.2273965752357928,2.0970464013232305e-09,None,None,None,None, , , , 
18078, ,0.2273965752357928,2.2478058335487307e-09,None,None,None,None, , , , 
18079, ,0.2273965752357928,2.409403560239527e-09,None,None,None,None, , , , 
18080, ,0.2273965752357928,2.582618760682675e-09,None,None,None,None, , , , 
18081, ,0.2273965752357928,2.768286630392061e-09,None,None,None,None, , , , 
18082, ,0.2273965752357928,2.9673024081888724e-09,None,None,None,None, , , , 
18083, ,0.2273965752357928,3.180625692794119e-09,None,None,None,None, , , , 
18084, ,0.2273965752357928,3.409285069746807e-09,None,None,None,None, , , , 
18085, ,0.2273965752357928,3.654383070957262e-09,None,None,None,None, , , , 
18086, ,0.2273965752357928,3.917101490809261e-09,None,None,None,None, , , , 
18087, ,0.2273965752357928,4.198707084443906e-09,None,None,None,None, , , , 
18088, ,0.2273965752357928,4.500557675700488e-09,None,None,None,None, , , , 
18089, ,0.2273965752357928,4.824108704165374e-09,None,None,None,None, , , , 
18090, ,0.2273965752357928,5.170920242896755e-09,None,None,None,None, , , , 
18091, ,0.2273965752357928,5.542664520663096e-09,None,None,None,None, , , , 
18092, ,0.2273965752357928,5.941133984965041e-09,None,None,None,None, , , , 
18093, ,0.2273965752357928,6.3682499447185856e-09,None,None,None,None, , , , 
18094, ,0.2273965752357928,6.826071834272379e-09,None,None,None,None, , , , 
18095, ,0.2273965752357928,7.316807143427175e-09,None,None,None,None, , , , 
18096, ,0.2273965752357928,7.842822061337681e-09,None,None,None,None, , , , 
18097, ,0.2273965752357928,8.406652885618316e-09,None,None,None,None, , , , 
18098, ,0.2273965752357928,9.011018251665036e-09,None,None,None,None, , , , 
18099, ,0.2273965752357928,9.658832241158707e-09,None,None,None,None, , , , 
18100, ,0.2273965752357928,1.0353218432956616e-08,None,None,None,None, , , , 
18101, ,0.2273965752357928,1.1097524964120722e-08,None,None,None,None, , , , 
18102, ,0.2273965752357928,1.1895340673703208e-08,None,None,None,None, , , , 
18103, ,0.2273965752357928,1.2750512407130128e-08,None,None,None,None, , , , 
18104, ,0.2273965752357928,1.3667163564620044e-08,None,None,None,None, , , , 
18105, ,0.2273965752357928,1.4649713983072853e-08,None,None,None,None, , , , 
18106, ,0.2273965752357928,1.5702901247293774e-08,None,None,None,None, , , , 
18107, ,0.2273965752357928,1.683180353330955e-08,None,None,None,None, , , , 
18108, ,0.2273965752357928,1.8041864093920717e-08,None,None,None,None, , , , 
18109, ,0.2273965752357928,1.933891750455232e-08,None,None,None,None, , , , 
18110, ,0.2273965752357928,2.0729217795953697e-08,None,None,None,None, , , , 
18111, ,0.2273965752357928,2.221946860939524e-08,None,None,None,None, , , , 
18112, ,0.2273965752357928,2.3816855519761606e-08,None,None,None,None, , , , 
18113, ,0.2273965752357928,2.552908068239516e-08,None,None,None,None, , , , 
18114, ,0.2273965752357928,2.7364399970746666e-08,None,None,None,None, , , , 
18115, ,0.2273965752357928,2.933166278390042e-08,None,None,None,None, , , , 
18116, ,0.2273965752357928,3.1440354715915e-08,None,None,None,None, , , , 
18117, ,0.2273965752357928,3.370064329271925e-08,None,None,None,None, , , , 
18118, ,0.2273965752357928,3.612342699709431e-08,None,None,None,None, , , , 
18119, ,0.2273965752357928,3.872038781812557e-08,None,None,None,None, , , , 
18120, ,0.2273965752357928,4.1504047578504727e-08,None,None,None,None, , , , 
18121, ,0.2273965752357928,4.448782831127585e-08,None,None,None,None, , , , 
18122, ,0.2273965752357928,4.768611697714474e-08,None,None,None,None, , , , 
18123, ,0.2273965752357928,5.111433483440165e-08,None,None,None,None, , , , 
18124, ,0.2273965752357928,5.478901179593934e-08,None,None,None,None, , , , 
18125, ,0.2273965752357928,5.872786613189478e-08,None,None,None,None, , , , 
18126, ,0.2273965752357928,6.294988990221888e-08,None,None,None,None, , , , 
18127, ,0.2273965752357928,6.747544053110687e-08,None,None,None,None, , , , 
18128, ,0.2273965752357928,7.232633896483534e-08,None,None,None,None, , , , 
18129, ,0.2273965752357928,7.752597488629465e-08,None,None,None,None, , , , 
18130, ,0.2273965752357928,8.309941949353386e-08,None,None,None,None, , , , 
18131, ,0.2273965752357928,8.907354638610439e-08,None,None,None,None, , , , 
18132, ,0.2273965752357928,9.547716114208066e-08,None,None,None,None, , , , 
18133, ,0.2273965752357928,1.0234114021054528e-07,None,None,None,None, , , , 
18134, ,0.2273965752357928,1.0969857978923841e-07,None,None,None,None, , , , 
18135, ,0.2273965752357928,1.1758495540521555e-07,None,None,None,None, , , , 
18136, ,0.2273965752357928,1.2603829296797277e-07,None,None,None,None, , , , 
18137, ,0.2273965752357928,1.350993521198025e-07,None,None,None,None, , , , 
18138, ,0.2273965752357928,1.4481182276745328e-07,None,None,None,None, , , , 
18139, ,0.2273965752357928,1.552225357427048e-07,None,None,None,None, , , , 
18140, ,0.2273965752357928,1.6638168860761273e-07,None,None,None,None, , , , 
18141, ,0.2273965752357928,1.7834308769319093e-07,None,None,None,None, , , , 
18142, ,0.2273965752357928,1.9116440753857e-07,None,None,None,None, , , , 
18143, ,0.2273965752357928,2.049074689815846e-07,None,None,None,None, , , , 
18144, ,0.2273965752357928,2.1963853724165468e-07,None,None,None,None, , , , 
18145, ,0.2273965752357928,2.3542864143224158e-07,None,None,None,None, , , , 
18146, ,0.2273965752357928,2.523539170434766e-07,None,None,None,None, , , , 
18147, ,0.2273965752357928,2.7049597304631316e-07,None,None,None,None, , , , 
18148, ,0.2273965752357928,2.899422853882875e-07,None,None,None,None, , , , 
18149, ,0.2273965752357928,3.107866187782014e-07,None,None,None,None, , , , 
18150, ,0.2273965752357928,3.33129478793467e-07,None,None,None,None, , , , 
18151, ,0.2273965752357928,3.5707859649004626e-07,None,None,None,None, , , , 
18152, ,0.2273965752357928,3.827494478516307e-07,None,None,None,None, , , , 
18153, ,0.2273965752357928,4.1026581058271904e-07,None,None,None,None, , , , 
18154, ,0.2273965752357928,4.397603609302722e-07,None,None,None,None, , , , 
18155, ,0.2273965752357928,4.7137531341167185e-07,None,None,None,None, , , , 
18156, ,0.2273965752357928,5.052631065335679e-07,None,None,None,None, , , , 
18157, ,0.2273965752357928,5.415871378079465e-07,None,None,None,None, , , , 
18158, ,0.2273965752357928,5.805225516094896e-07,None,None,None,None, , , , 
18159, ,0.2273965752357928,6.222570836730232e-07,None,None,None,None, , , , 
18160, ,0.2273965752357928,6.669919663030115e-07,None,None,None,None, , , , 
18161, ,0.2273965752357928,7.149428986597576e-07,None,None,None,None, , , , 
18162, ,0.2273965752357928,7.663410868007445e-07,None,None,None,None, , , , 
18163, ,0.2273965752357928,8.214343584919422e-07,None,None,None,None, , , , 
18164, ,0.2273965752357928,8.804883581643463e-07,None,None,None,None, , , , 
18165, ,0.2273965752357928,9.437878277775371e-07,None,None,None,None, , , , 
18166, ,0.2273965752357928,1.0116379797662072e-06,None,None,None,None, , , , 
18167, ,0.2273965752357928,1.0843659686896086e-06,None,None,None,None, , , , 
18168, ,0.2273965752357928,1.1623224686798522e-06,None,None,None,None, , , , 
18169, ,0.2273965752357928,1.2458833642950078e-06,None,None,None,None, , , , 
18170, ,0.2273965752357928,1.3354515629298971e-06,None,None,None,None, , , , 
18171, ,0.2273965752357928,1.4314589375234786e-06,None,None,None,None, , , , 
18172, ,0.2273965752357928,1.53436840893001e-06,None,None,None,None, , , , 
18173, ,0.2273965752357928,1.6446761779946631e-06,None,None,None,None, , , , 
18174, ,0.2273965752357928,1.762914118095948e-06,None,None,None,None, , , , 
18175, ,0.2273965752357928,1.8896523396912082e-06,None,None,None,None, , , , 
18176, ,0.2273965752357928,2.0255019392306664e-06,None,None,None,None, , , , 
18177, ,0.2273965752357928,2.171117945694501e-06,None,None,None,None, , , , 
18178, ,0.2273965752357928,2.327202478960408e-06,None,None,None,None, , , , 
18179, ,0.2273965752357928,2.494508135230317e-06,None,None,None,None, , , , 
18180, ,0.2273965752357928,2.673841615839944e-06,None,None,None,None, , , , 
18181, ,0.2273965752357928,2.8660676169482507e-06,None,None,None,None, , , , 
18182, ,0.2273965752357928,3.0721129988617524e-06,None,None,None,None, , , , 
18183, ,0.2273965752357928,3.292971255097148e-06,None,None,None,None, , , , 
18184, ,0.2273965752357928,3.5297073027306505e-06,None,None,None,None, , , , 
18185, ,0.2273965752357928,3.783462617131925e-06,None,None,None,None, , , , 
18186, ,0.2273965752357928,4.0554607358408275e-06,None,None,None,None, , , , 
18187, ,0.2273965752357928,4.3470131581250175e-06,None,None,None,None, , , , 
18188, ,0.2273965752357928,4.6595256686646765e-06,None,None,None,None, , , , 
18189, ,0.2273965752357928,4.99450511585514e-06,None,None,None,None, , , , 
18190, ,0.2273965752357928,5.353566677410719e-06,None,None,None,None, , , , 
18191, ,0.2273965752357928,5.738441648302393e-06,None,None,None,None, , , , 
18192, ,0.2273965752357928,6.150985788580505e-06,None,None,None,None, , , , 
18193, ,0.2273965752357928,6.593188271333541e-06,None,None,None,None, , , , 
18194, ,0.2273965752357928,7.067181273927492e-06,None,None,None,None, , , , 
18195, ,0.2273965752357928,7.575250258771904e-06,None,None,None,None, , , , 
18196, ,0.2273965752357928,8.119844993184007e-06,None,None,None,None, , , , 
18197, ,0.2273965752357928,8.703591361485167e-06,None,None,None,None, , , , 
18198, ,0.2273965752357928,9.329304026284676e-06,None,None,None,None, , , , 
18199, ,0.2273965752357928,1e-05,None,None,None,None, , , , 
18200, ,0.23542864143224165,1e-11,None,None,None,None, , , , 
18201, ,0.23542864143224165,1.0718913192051263e-11,None,None,None,None, , , , 
18202, ,0.23542864143224165,1.1489510001873107e-11,None,None,None,None, , , , 
18203, ,0.23542864143224165,1.2315506032928262e-11,None,None,None,None, , , , 
18204, ,0.23542864143224165,1.3200884008314167e-11,None,None,None,None, , , , 
18205, ,0.23542864143224165,1.4149912974345786e-11,None,None,None,None, , , , 
18206, ,0.23542864143224165,1.5167168884709242e-11,None,None,None,None, , , , 
18207, ,0.23542864143224165,1.6257556664437934e-11,None,None,None,None, , , , 
18208, ,0.23542864143224165,1.7426333860096473e-11,None,None,None,None, , , , 
18209, ,0.23542864143224165,1.8679135990207848e-11,None,None,None,None, , , , 
18210, ,0.23542864143224165,2.0022003718155844e-11,None,None,None,None, , , , 
18211, ,0.23542864143224165,2.1461411978584013e-11,None,None,None,None, , , , 
18212, ,0.23542864143224165,2.300430119772921e-11,None,None,None,None, , , , 
18213, ,0.23542864143224165,2.465811075822604e-11,None,None,None,None, , , , 
18214, ,0.23542864143224165,2.643081486974103e-11,None,None,None,None, , , , 
18215, ,0.23542864143224165,2.8330961018393178e-11,None,None,None,None, , , , 
18216, ,0.23542864143224165,3.036771118035461e-11,None,None,None,None, , , , 
18217, ,0.23542864143224165,3.255088599835057e-11,None,None,None,None, , , , 
18218, ,0.23542864143224165,3.4891012134067674e-11,None,None,None,None, , , , 
18219, ,0.23542864143224165,3.739937302478801e-11,None,None,None,None, , , , 
18220, ,0.23542864143224165,4.0088063288984646e-11,None,None,None,None, , , , 
18221, ,0.23542864143224165,4.297004704320835e-11,None,None,None,None, , , , 
18222, ,0.23542864143224165,4.605922041145113e-11,None,None,None,None, , , , 
18223, ,0.23542864143224165,4.937047852839004e-11,None,None,None,None, , , , 
18224, ,0.23542864143224165,5.2919787359584366e-11,None,None,None,None, , , , 
18225, ,0.23542864143224165,5.672426068491989e-11,None,None,None,None, , , , 
18226, ,0.23542864143224165,6.080224261649427e-11,None,None,None,None, , , , 
18227, ,0.23542864143224165,6.517339604882421e-11,None,None,None,None, , , , 
18228, ,0.23542864143224165,6.985879746785235e-11,None,None,None,None, , , , 
18229, ,0.23542864143224165,7.48810385759003e-11,None,None,None,None, , , , 
18230, ,0.23542864143224165,8.026433522257174e-11,None,None,None,None, , , , 
18231, ,0.23542864143224165,8.603464416684492e-11,None,None,None,None, , , , 
18232, ,0.23542864143224165,9.221978823334341e-11,None,None,None,None, , , , 
18233, ,0.23542864143224165,9.884959046625586e-11,None,None,None,None, , , , 
18234, ,0.23542864143224165,1.0595601792776149e-10,None,None,None,None, , , , 
18235, ,0.23542864143224165,1.1357333583431027e-10,None,None,None,None, , , , 
18236, ,0.23542864143224165,1.217382727739662e-10,None,None,None,None, , , , 
18237, ,0.23542864143224165,1.3049019780144016e-10,None,None,None,None, , , , 
18238, ,0.23542864143224165,1.398713102647236e-10,None,None,None,None, , , , 
18239, ,0.23542864143224165,1.4992684327860468e-10,None,None,None,None, , , , 
18240, ,0.23542864143224165,1.6070528182616384e-10,None,None,None,None, , , , 
18241, ,0.23542864143224165,1.722585965398784e-10,None,None,None,None, , , , 
18242, ,0.23542864143224165,1.8464249428955463e-10,None,None,None,None, , , , 
18243, ,0.23542864143224165,1.9791668678535569e-10,None,None,None,None, , , , 
18244, ,0.23542864143224165,2.121451784910628e-10,None,None,None,None, , , , 
18245, ,0.23542864143224165,2.273965752357932e-10,None,None,None,None, , , , 
18246, ,0.23542864143224165,2.4374441501222216e-10,None,None,None,None, , , , 
18247, ,0.23542864143224165,2.6126752255633265e-10,None,None,None,None, , , , 
18248, ,0.23542864143224165,2.8005038941836253e-10,None,None,None,None, , , , 
18249, ,0.23542864143224165,3.0018358135755917e-10,None,None,None,None, , , , 
18250, ,0.23542864143224165,3.2176417502507347e-10,None,None,None,None, , , , 
18251, ,0.23542864143224165,3.4489622604057533e-10,None,None,None,None, , , , 
18252, ,0.23542864143224165,3.696912707195032e-10,None,None,None,None, , , , 
18253, ,0.23542864143224165,3.9626886387014783e-10,None,None,None,None, , , , 
18254, ,0.23542864143224165,4.2475715525368935e-10,None,None,None,None, , , , 
18255, ,0.23542864143224165,4.552935074866938e-10,None,None,None,None, , , , 
18256, ,0.23542864143224165,4.880251583654433e-10,None,None,None,None, , , , 
18257, ,0.23542864143224165,5.231099308056258e-10,None,None,None,None, , , , 
18258, ,0.23542864143224165,5.60716993820547e-10,None,None,None,None, , , , 
18259, ,0.23542864143224165,6.010276782070387e-10,None,None,None,None, , , , 
18260, ,0.23542864143224165,6.442363508721371e-10,None,None,None,None, , , , 
18261, ,0.23542864143224165,6.905513520162316e-10,None,None,None,None, , , , 
18262, ,0.23542864143224165,7.401959996915653e-10,None,None,None,None, , , , 
18263, ,0.23542864143224165,7.934096665797492e-10,None,None,None,None, , , , 
18264, ,0.23542864143224165,8.504489341802668e-10,None,None,None,None, , , , 
18265, ,0.23542864143224165,9.115888299750837e-10,None,None,None,None, , , , 
18266, ,0.23542864143224165,9.771241535346502e-10,None,None,None,None, , , , 
18267, ,0.23542864143224165,1.0473708979594486e-09,None,None,None,None, , , , 
18268, ,0.23542864143224165,1.1226677735108114e-09,None,None,None,None, , , , 
18269, ,0.23542864143224165,1.2033778407775904e-09,None,None,None,None, , , , 
18270, ,0.23542864143224165,1.289890261253308e-09,None,None,None,None, , , , 
18271, ,0.23542864143224165,1.3826221737646535e-09,None,None,None,None, , , , 
18272, ,0.23542864143224165,1.4820207057988602e-09,None,None,None,None, , , , 
18273, ,0.23542864143224165,1.5885651294280526e-09,None,None,None,None, , , , 
18274, ,0.23542864143224165,1.702769172225898e-09,None,None,None,None, , , , 
18275, ,0.23542864143224165,1.825183494319039e-09,None,None,None,None, , , , 
18276, ,0.23542864143224165,1.956398343517065e-09,None,None,None,None, , , , 
18277, ,0.23542864143224165,2.0970464013232305e-09,None,None,None,None, , , , 
18278, ,0.23542864143224165,2.2478058335487307e-09,None,None,None,None, , , , 
18279, ,0.23542864143224165,2.409403560239527e-09,None,None,None,None, , , , 
18280, ,0.23542864143224165,2.582618760682675e-09,None,None,None,None, , , , 
18281, ,0.23542864143224165,2.768286630392061e-09,None,None,None,None, , , , 
18282, ,0.23542864143224165,2.9673024081888724e-09,None,None,None,None, , , , 
18283, ,0.23542864143224165,3.180625692794119e-09,None,None,None,None, , , , 
18284, ,0.23542864143224165,3.409285069746807e-09,None,None,None,None, , , , 
18285, ,0.23542864143224165,3.654383070957262e-09,None,None,None,None, , , , 
18286, ,0.23542864143224165,3.917101490809261e-09,None,None,None,None, , , , 
18287, ,0.23542864143224165,4.198707084443906e-09,None,None,None,None, , , , 
18288, ,0.23542864143224165,4.500557675700488e-09,None,None,None,None, , , , 
18289, ,0.23542864143224165,4.824108704165374e-09,None,None,None,None, , , , 
18290, ,0.23542864143224165,5.170920242896755e-09,None,None,None,None, , , , 
18291, ,0.23542864143224165,5.542664520663096e-09,None,None,None,None, , , , 
18292, ,0.23542864143224165,5.941133984965041e-09,None,None,None,None, , , , 
18293, ,0.23542864143224165,6.3682499447185856e-09,None,None,None,None, , , , 
18294, ,0.23542864143224165,6.826071834272379e-09,None,None,None,None, , , , 
18295, ,0.23542864143224165,7.316807143427175e-09,None,None,None,None, , , , 
18296, ,0.23542864143224165,7.842822061337681e-09,None,None,None,None, , , , 
18297, ,0.23542864143224165,8.406652885618316e-09,None,None,None,None, , , , 
18298, ,0.23542864143224165,9.011018251665036e-09,None,None,None,None, , , , 
18299, ,0.23542864143224165,9.658832241158707e-09,None,None,None,None, , , , 
18300, ,0.23542864143224165,1.0353218432956616e-08,None,None,None,None, , , , 
18301, ,0.23542864143224165,1.1097524964120722e-08,None,None,None,None, , , , 
18302, ,0.23542864143224165,1.1895340673703208e-08,None,None,None,None, , , , 
18303, ,0.23542864143224165,1.2750512407130128e-08,None,None,None,None, , , , 
18304, ,0.23542864143224165,1.3667163564620044e-08,None,None,None,None, , , , 
18305, ,0.23542864143224165,1.4649713983072853e-08,None,None,None,None, , , , 
18306, ,0.23542864143224165,1.5702901247293774e-08,None,None,None,None, , , , 
18307, ,0.23542864143224165,1.683180353330955e-08,None,None,None,None, , , , 
18308, ,0.23542864143224165,1.8041864093920717e-08,None,None,None,None, , , , 
18309, ,0.23542864143224165,1.933891750455232e-08,None,None,None,None, , , , 
18310, ,0.23542864143224165,2.0729217795953697e-08,None,None,None,None, , , , 
18311, ,0.23542864143224165,2.221946860939524e-08,None,None,None,None, , , , 
18312, ,0.23542864143224165,2.3816855519761606e-08,None,None,None,None, , , , 
18313, ,0.23542864143224165,2.552908068239516e-08,None,None,None,None, , , , 
18314, ,0.23542864143224165,2.7364399970746666e-08,None,None,None,None, , , , 
18315, ,0.23542864143224165,2.933166278390042e-08,None,None,None,None, , , , 
18316, ,0.23542864143224165,3.1440354715915e-08,None,None,None,None, , , , 
18317, ,0.23542864143224165,3.370064329271925e-08,None,None,None,None, , , , 
18318, ,0.23542864143224165,3.612342699709431e-08,None,None,None,None, , , , 
18319, ,0.23542864143224165,3.872038781812557e-08,None,None,None,None, , , , 
18320, ,0.23542864143224165,4.1504047578504727e-08,None,None,None,None, , , , 
18321, ,0.23542864143224165,4.448782831127585e-08,None,None,None,None, , , , 
18322, ,0.23542864143224165,4.768611697714474e-08,None,None,None,None, , , , 
18323, ,0.23542864143224165,5.111433483440165e-08,None,None,None,None, , , , 
18324, ,0.23542864143224165,5.478901179593934e-08,None,None,None,None, , , , 
18325, ,0.23542864143224165,5.872786613189478e-08,None,None,None,None, , , , 
18326, ,0.23542864143224165,6.294988990221888e-08,None,None,None,None, , , , 
18327, ,0.23542864143224165,6.747544053110687e-08,None,None,None,None, , , , 
18328, ,0.23542864143224165,7.232633896483534e-08,None,None,None,None, , , , 
18329, ,0.23542864143224165,7.752597488629465e-08,None,None,None,None, , , , 
18330, ,0.23542864143224165,8.309941949353386e-08,None,None,None,None, , , , 
18331, ,0.23542864143224165,8.907354638610439e-08,None,None,None,None, , , , 
18332, ,0.23542864143224165,9.547716114208066e-08,None,None,None,None, , , , 
18333, ,0.23542864143224165,1.0234114021054528e-07,None,None,None,None, , , , 
18334, ,0.23542864143224165,1.0969857978923841e-07,None,None,None,None, , , , 
18335, ,0.23542864143224165,1.1758495540521555e-07,None,None,None,None, , , , 
18336, ,0.23542864143224165,1.2603829296797277e-07,None,None,None,None, , , , 
18337, ,0.23542864143224165,1.350993521198025e-07,None,None,None,None, , , , 
18338, ,0.23542864143224165,1.4481182276745328e-07,None,None,None,None, , , , 
18339, ,0.23542864143224165,1.552225357427048e-07,None,None,None,None, , , , 
18340, ,0.23542864143224165,1.6638168860761273e-07,None,None,None,None, , , , 
18341, ,0.23542864143224165,1.7834308769319093e-07,None,None,None,None, , , , 
18342, ,0.23542864143224165,1.9116440753857e-07,None,None,None,None, , , , 
18343, ,0.23542864143224165,2.049074689815846e-07,None,None,None,None, , , , 
18344, ,0.23542864143224165,2.1963853724165468e-07,None,None,None,None, , , , 
18345, ,0.23542864143224165,2.3542864143224158e-07,None,None,None,None, , , , 
18346, ,0.23542864143224165,2.523539170434766e-07,None,None,None,None, , , , 
18347, ,0.23542864143224165,2.7049597304631316e-07,None,None,None,None, , , , 
18348, ,0.23542864143224165,2.899422853882875e-07,None,None,None,None, , , , 
18349, ,0.23542864143224165,3.107866187782014e-07,None,None,None,None, , , , 
18350, ,0.23542864143224165,3.33129478793467e-07,None,None,None,None, , , , 
18351, ,0.23542864143224165,3.5707859649004626e-07,None,None,None,None, , , , 
18352, ,0.23542864143224165,3.827494478516307e-07,None,None,None,None, , , , 
18353, ,0.23542864143224165,4.1026581058271904e-07,None,None,None,None, , , , 
18354, ,0.23542864143224165,4.397603609302722e-07,None,None,None,None, , , , 
18355, ,0.23542864143224165,4.7137531341167185e-07,None,None,None,None, , , , 
18356, ,0.23542864143224165,5.052631065335679e-07,None,None,None,None, , , , 
18357, ,0.23542864143224165,5.415871378079465e-07,None,None,None,None, , , , 
18358, ,0.23542864143224165,5.805225516094896e-07,None,None,None,None, , , , 
18359, ,0.23542864143224165,6.222570836730232e-07,None,None,None,None, , , , 
18360, ,0.23542864143224165,6.669919663030115e-07,None,None,None,None, , , , 
18361, ,0.23542864143224165,7.149428986597576e-07,None,None,None,None, , , , 
18362, ,0.23542864143224165,7.663410868007445e-07,None,None,None,None, , , , 
18363, ,0.23542864143224165,8.214343584919422e-07,None,None,None,None, , , , 
18364, ,0.23542864143224165,8.804883581643463e-07,None,None,None,None, , , , 
18365, ,0.23542864143224165,9.437878277775371e-07,None,None,None,None, , , , 
18366, ,0.23542864143224165,1.0116379797662072e-06,None,None,None,None, , , , 
18367, ,0.23542864143224165,1.0843659686896086e-06,None,None,None,None, , , , 
18368, ,0.23542864143224165,1.1623224686798522e-06,None,None,None,None, , , , 
18369, ,0.23542864143224165,1.2458833642950078e-06,None,None,None,None, , , , 
18370, ,0.23542864143224165,1.3354515629298971e-06,None,None,None,None, , , , 
18371, ,0.23542864143224165,1.4314589375234786e-06,None,None,None,None, , , , 
18372, ,0.23542864143224165,1.53436840893001e-06,None,None,None,None, , , , 
18373, ,0.23542864143224165,1.6446761779946631e-06,None,None,None,None, , , , 
18374, ,0.23542864143224165,1.762914118095948e-06,None,None,None,None, , , , 
18375, ,0.23542864143224165,1.8896523396912082e-06,None,None,None,None, , , , 
18376, ,0.23542864143224165,2.0255019392306664e-06,None,None,None,None, , , , 
18377, ,0.23542864143224165,2.171117945694501e-06,None,None,None,None, , , , 
18378, ,0.23542864143224165,2.327202478960408e-06,None,None,None,None, , , , 
18379, ,0.23542864143224165,2.494508135230317e-06,None,None,None,None, , , , 
18380, ,0.23542864143224165,2.673841615839944e-06,None,None,None,None, , , , 
18381, ,0.23542864143224165,2.8660676169482507e-06,None,None,None,None, , , , 
18382, ,0.23542864143224165,3.0721129988617524e-06,None,None,None,None, , , , 
18383, ,0.23542864143224165,3.292971255097148e-06,None,None,None,None, , , , 
18384, ,0.23542864143224165,3.5297073027306505e-06,None,None,None,None, , , , 
18385, ,0.23542864143224165,3.783462617131925e-06,None,None,None,None, , , , 
18386, ,0.23542864143224165,4.0554607358408275e-06,None,None,None,None, , , , 
18387, ,0.23542864143224165,4.3470131581250175e-06,None,None,None,None, , , , 
18388, ,0.23542864143224165,4.6595256686646765e-06,None,None,None,None, , , , 
18389, ,0.23542864143224165,4.99450511585514e-06,None,None,None,None, , , , 
18390, ,0.23542864143224165,5.353566677410719e-06,None,None,None,None, , , , 
18391, ,0.23542864143224165,5.738441648302393e-06,None,None,None,None, , , , 
18392, ,0.23542864143224165,6.150985788580505e-06,None,None,None,None, , , , 
18393, ,0.23542864143224165,6.593188271333541e-06,None,None,None,None, , , , 
18394, ,0.23542864143224165,7.067181273927492e-06,None,None,None,None, , , , 
18395, ,0.23542864143224165,7.575250258771904e-06,None,None,None,None, , , , 
18396, ,0.23542864143224165,8.119844993184007e-06,None,None,None,None, , , , 
18397, ,0.23542864143224165,8.703591361485167e-06,None,None,None,None, , , , 
18398, ,0.23542864143224165,9.329304026284676e-06,None,None,None,None, , , , 
18399, ,0.23542864143224165,1e-05,None,None,None,None, , , , 
18400, ,0.24374441501222205,1e-11,None,None,None,None, , , , 
18401, ,0.24374441501222205,1.0718913192051263e-11,None,None,None,None, , , , 
18402, ,0.24374441501222205,1.1489510001873107e-11,None,None,None,None, , , , 
18403, ,0.24374441501222205,1.2315506032928262e-11,None,None,None,None, , , , 
18404, ,0.24374441501222205,1.3200884008314167e-11,None,None,None,None, , , , 
18405, ,0.24374441501222205,1.4149912974345786e-11,None,None,None,None, , , , 
18406, ,0.24374441501222205,1.5167168884709242e-11,None,None,None,None, , , , 
18407, ,0.24374441501222205,1.6257556664437934e-11,None,None,None,None, , , , 
18408, ,0.24374441501222205,1.7426333860096473e-11,None,None,None,None, , , , 
18409, ,0.24374441501222205,1.8679135990207848e-11,None,None,None,None, , , , 
18410, ,0.24374441501222205,2.0022003718155844e-11,None,None,None,None, , , , 
18411, ,0.24374441501222205,2.1461411978584013e-11,None,None,None,None, , , , 
18412, ,0.24374441501222205,2.300430119772921e-11,None,None,None,None, , , , 
18413, ,0.24374441501222205,2.465811075822604e-11,None,None,None,None, , , , 
18414, ,0.24374441501222205,2.643081486974103e-11,None,None,None,None, , , , 
18415, ,0.24374441501222205,2.8330961018393178e-11,None,None,None,None, , , , 
18416, ,0.24374441501222205,3.036771118035461e-11,None,None,None,None, , , , 
18417, ,0.24374441501222205,3.255088599835057e-11,None,None,None,None, , , , 
18418, ,0.24374441501222205,3.4891012134067674e-11,None,None,None,None, , , , 
18419, ,0.24374441501222205,3.739937302478801e-11,None,None,None,None, , , , 
18420, ,0.24374441501222205,4.0088063288984646e-11,None,None,None,None, , , , 
18421, ,0.24374441501222205,4.297004704320835e-11,None,None,None,None, , , , 
18422, ,0.24374441501222205,4.605922041145113e-11,None,None,None,None, , , , 
18423, ,0.24374441501222205,4.937047852839004e-11,None,None,None,None, , , , 
18424, ,0.24374441501222205,5.2919787359584366e-11,None,None,None,None, , , , 
18425, ,0.24374441501222205,5.672426068491989e-11,None,None,None,None, , , , 
18426, ,0.24374441501222205,6.080224261649427e-11,None,None,None,None, , , , 
18427, ,0.24374441501222205,6.517339604882421e-11,None,None,None,None, , , , 
18428, ,0.24374441501222205,6.985879746785235e-11,None,None,None,None, , , , 
18429, ,0.24374441501222205,7.48810385759003e-11,None,None,None,None, , , , 
18430, ,0.24374441501222205,8.026433522257174e-11,None,None,None,None, , , , 
18431, ,0.24374441501222205,8.603464416684492e-11,None,None,None,None, , , , 
18432, ,0.24374441501222205,9.221978823334341e-11,None,None,None,None, , , , 
18433, ,0.24374441501222205,9.884959046625586e-11,None,None,None,None, , , , 
18434, ,0.24374441501222205,1.0595601792776149e-10,None,None,None,None, , , , 
18435, ,0.24374441501222205,1.1357333583431027e-10,None,None,None,None, , , , 
18436, ,0.24374441501222205,1.217382727739662e-10,None,None,None,None, , , , 
18437, ,0.24374441501222205,1.3049019780144016e-10,None,None,None,None, , , , 
18438, ,0.24374441501222205,1.398713102647236e-10,None,None,None,None, , , , 
18439, ,0.24374441501222205,1.4992684327860468e-10,None,None,None,None, , , , 
18440, ,0.24374441501222205,1.6070528182616384e-10,None,None,None,None, , , , 
18441, ,0.24374441501222205,1.722585965398784e-10,None,None,None,None, , , , 
18442, ,0.24374441501222205,1.8464249428955463e-10,None,None,None,None, , , , 
18443, ,0.24374441501222205,1.9791668678535569e-10,None,None,None,None, , , , 
18444, ,0.24374441501222205,2.121451784910628e-10,None,None,None,None, , , , 
18445, ,0.24374441501222205,2.273965752357932e-10,None,None,None,None, , , , 
18446, ,0.24374441501222205,2.4374441501222216e-10,None,None,None,None, , , , 
18447, ,0.24374441501222205,2.6126752255633265e-10,None,None,None,None, , , , 
18448, ,0.24374441501222205,2.8005038941836253e-10,None,None,None,None, , , , 
18449, ,0.24374441501222205,3.0018358135755917e-10,None,None,None,None, , , , 
18450, ,0.24374441501222205,3.2176417502507347e-10,None,None,None,None, , , , 
18451, ,0.24374441501222205,3.4489622604057533e-10,None,None,None,None, , , , 
18452, ,0.24374441501222205,3.696912707195032e-10,None,None,None,None, , , , 
18453, ,0.24374441501222205,3.9626886387014783e-10,None,None,None,None, , , , 
18454, ,0.24374441501222205,4.2475715525368935e-10,None,None,None,None, , , , 
18455, ,0.24374441501222205,4.552935074866938e-10,None,None,None,None, , , , 
18456, ,0.24374441501222205,4.880251583654433e-10,None,None,None,None, , , , 
18457, ,0.24374441501222205,5.231099308056258e-10,None,None,None,None, , , , 
18458, ,0.24374441501222205,5.60716993820547e-10,None,None,None,None, , , , 
18459, ,0.24374441501222205,6.010276782070387e-10,None,None,None,None, , , , 
18460, ,0.24374441501222205,6.442363508721371e-10,None,None,None,None, , , , 
18461, ,0.24374441501222205,6.905513520162316e-10,None,None,None,None, , , , 
18462, ,0.24374441501222205,7.401959996915653e-10,None,None,None,None, , , , 
18463, ,0.24374441501222205,7.934096665797492e-10,None,None,None,None, , , , 
18464, ,0.24374441501222205,8.504489341802668e-10,None,None,None,None, , , , 
18465, ,0.24374441501222205,9.115888299750837e-10,None,None,None,None, , , , 
18466, ,0.24374441501222205,9.771241535346502e-10,None,None,None,None, , , , 
18467, ,0.24374441501222205,1.0473708979594486e-09,None,None,None,None, , , , 
18468, ,0.24374441501222205,1.1226677735108114e-09,None,None,None,None, , , , 
18469, ,0.24374441501222205,1.2033778407775904e-09,None,None,None,None, , , , 
18470, ,0.24374441501222205,1.289890261253308e-09,None,None,None,None, , , , 
18471, ,0.24374441501222205,1.3826221737646535e-09,None,None,None,None, , , , 
18472, ,0.24374441501222205,1.4820207057988602e-09,None,None,None,None, , , , 
18473, ,0.24374441501222205,1.5885651294280526e-09,None,None,None,None, , , , 
18474, ,0.24374441501222205,1.702769172225898e-09,None,None,None,None, , , , 
18475, ,0.24374441501222205,1.825183494319039e-09,None,None,None,None, , , , 
18476, ,0.24374441501222205,1.956398343517065e-09,None,None,None,None, , , , 
18477, ,0.24374441501222205,2.0970464013232305e-09,None,None,None,None, , , , 
18478, ,0.24374441501222205,2.2478058335487307e-09,None,None,None,None, , , , 
18479, ,0.24374441501222205,2.409403560239527e-09,None,None,None,None, , , , 
18480, ,0.24374441501222205,2.582618760682675e-09,None,None,None,None, , , , 
18481, ,0.24374441501222205,2.768286630392061e-09,None,None,None,None, , , , 
18482, ,0.24374441501222205,2.9673024081888724e-09,None,None,None,None, , , , 
18483, ,0.24374441501222205,3.180625692794119e-09,None,None,None,None, , , , 
18484, ,0.24374441501222205,3.409285069746807e-09,None,None,None,None, , , , 
18485, ,0.24374441501222205,3.654383070957262e-09,None,None,None,None, , , , 
18486, ,0.24374441501222205,3.917101490809261e-09,None,None,None,None, , , , 
18487, ,0.24374441501222205,4.198707084443906e-09,None,None,None,None, , , , 
18488, ,0.24374441501222205,4.500557675700488e-09,None,None,None,None, , , , 
18489, ,0.24374441501222205,4.824108704165374e-09,None,None,None,None, , , , 
18490, ,0.24374441501222205,5.170920242896755e-09,None,None,None,None, , , , 
18491, ,0.24374441501222205,5.542664520663096e-09,None,None,None,None, , , , 
18492, ,0.24374441501222205,5.941133984965041e-09,None,None,None,None, , , , 
18493, ,0.24374441501222205,6.3682499447185856e-09,None,None,None,None, , , , 
18494, ,0.24374441501222205,6.826071834272379e-09,None,None,None,None, , , , 
18495, ,0.24374441501222205,7.316807143427175e-09,None,None,None,None, , , , 
18496, ,0.24374441501222205,7.842822061337681e-09,None,None,None,None, , , , 
18497, ,0.24374441501222205,8.406652885618316e-09,None,None,None,None, , , , 
18498, ,0.24374441501222205,9.011018251665036e-09,None,None,None,None, , , , 
18499, ,0.24374441501222205,9.658832241158707e-09,None,None,None,None, , , , 
18500, ,0.24374441501222205,1.0353218432956616e-08,None,None,None,None, , , , 
18501, ,0.24374441501222205,1.1097524964120722e-08,None,None,None,None, , , , 
18502, ,0.24374441501222205,1.1895340673703208e-08,None,None,None,None, , , , 
18503, ,0.24374441501222205,1.2750512407130128e-08,None,None,None,None, , , , 
18504, ,0.24374441501222205,1.3667163564620044e-08,None,None,None,None, , , , 
18505, ,0.24374441501222205,1.4649713983072853e-08,None,None,None,None, , , , 
18506, ,0.24374441501222205,1.5702901247293774e-08,None,None,None,None, , , , 
18507, ,0.24374441501222205,1.683180353330955e-08,None,None,None,None, , , , 
18508, ,0.24374441501222205,1.8041864093920717e-08,None,None,None,None, , , , 
18509, ,0.24374441501222205,1.933891750455232e-08,None,None,None,None, , , , 
18510, ,0.24374441501222205,2.0729217795953697e-08,None,None,None,None, , , , 
18511, ,0.24374441501222205,2.221946860939524e-08,None,None,None,None, , , , 
18512, ,0.24374441501222205,2.3816855519761606e-08,None,None,None,None, , , , 
18513, ,0.24374441501222205,2.552908068239516e-08,None,None,None,None, , , , 
18514, ,0.24374441501222205,2.7364399970746666e-08,None,None,None,None, , , , 
18515, ,0.24374441501222205,2.933166278390042e-08,None,None,None,None, , , , 
18516, ,0.24374441501222205,3.1440354715915e-08,None,None,None,None, , , , 
18517, ,0.24374441501222205,3.370064329271925e-08,None,None,None,None, , , , 
18518, ,0.24374441501222205,3.612342699709431e-08,None,None,None,None, , , , 
18519, ,0.24374441501222205,3.872038781812557e-08,None,None,None,None, , , , 
18520, ,0.24374441501222205,4.1504047578504727e-08,None,None,None,None, , , , 
18521, ,0.24374441501222205,4.448782831127585e-08,None,None,None,None, , , , 
18522, ,0.24374441501222205,4.768611697714474e-08,None,None,None,None, , , , 
18523, ,0.24374441501222205,5.111433483440165e-08,None,None,None,None, , , , 
18524, ,0.24374441501222205,5.478901179593934e-08,None,None,None,None, , , , 
18525, ,0.24374441501222205,5.872786613189478e-08,None,None,None,None, , , , 
18526, ,0.24374441501222205,6.294988990221888e-08,None,None,None,None, , , , 
18527, ,0.24374441501222205,6.747544053110687e-08,None,None,None,None, , , , 
18528, ,0.24374441501222205,7.232633896483534e-08,None,None,None,None, , , , 
18529, ,0.24374441501222205,7.752597488629465e-08,None,None,None,None, , , , 
18530, ,0.24374441501222205,8.309941949353386e-08,None,None,None,None, , , , 
18531, ,0.24374441501222205,8.907354638610439e-08,None,None,None,None, , , , 
18532, ,0.24374441501222205,9.547716114208066e-08,None,None,None,None, , , , 
18533, ,0.24374441501222205,1.0234114021054528e-07,None,None,None,None, , , , 
18534, ,0.24374441501222205,1.0969857978923841e-07,None,None,None,None, , , , 
18535, ,0.24374441501222205,1.1758495540521555e-07,None,None,None,None, , , , 
18536, ,0.24374441501222205,1.2603829296797277e-07,None,None,None,None, , , , 
18537, ,0.24374441501222205,1.350993521198025e-07,None,None,None,None, , , , 
18538, ,0.24374441501222205,1.4481182276745328e-07,None,None,None,None, , , , 
18539, ,0.24374441501222205,1.552225357427048e-07,None,None,None,None, , , , 
18540, ,0.24374441501222205,1.6638168860761273e-07,None,None,None,None, , , , 
18541, ,0.24374441501222205,1.7834308769319093e-07,None,None,None,None, , , , 
18542, ,0.24374441501222205,1.9116440753857e-07,None,None,None,None, , , , 
18543, ,0.24374441501222205,2.049074689815846e-07,None,None,None,None, , , , 
18544, ,0.24374441501222205,2.1963853724165468e-07,None,None,None,None, , , , 
18545, ,0.24374441501222205,2.3542864143224158e-07,None,None,None,None, , , , 
18546, ,0.24374441501222205,2.523539170434766e-07,None,None,None,None, , , , 
18547, ,0.24374441501222205,2.7049597304631316e-07,None,None,None,None, , , , 
18548, ,0.24374441501222205,2.899422853882875e-07,None,None,None,None, , , , 
18549, ,0.24374441501222205,3.107866187782014e-07,None,None,None,None, , , , 
18550, ,0.24374441501222205,3.33129478793467e-07,None,None,None,None, , , , 
18551, ,0.24374441501222205,3.5707859649004626e-07,None,None,None,None, , , , 
18552, ,0.24374441501222205,3.827494478516307e-07,None,None,None,None, , , , 
18553, ,0.24374441501222205,4.1026581058271904e-07,None,None,None,None, , , , 
18554, ,0.24374441501222205,4.397603609302722e-07,None,None,None,None, , , , 
18555, ,0.24374441501222205,4.7137531341167185e-07,None,None,None,None, , , , 
18556, ,0.24374441501222205,5.052631065335679e-07,None,None,None,None, , , , 
18557, ,0.24374441501222205,5.415871378079465e-07,None,None,None,None, , , , 
18558, ,0.24374441501222205,5.805225516094896e-07,None,None,None,None, , , , 
18559, ,0.24374441501222205,6.222570836730232e-07,None,None,None,None, , , , 
18560, ,0.24374441501222205,6.669919663030115e-07,None,None,None,None, , , , 
18561, ,0.24374441501222205,7.149428986597576e-07,None,None,None,None, , , , 
18562, ,0.24374441501222205,7.663410868007445e-07,None,None,None,None, , , , 
18563, ,0.24374441501222205,8.214343584919422e-07,None,None,None,None, , , , 
18564, ,0.24374441501222205,8.804883581643463e-07,None,None,None,None, , , , 
18565, ,0.24374441501222205,9.437878277775371e-07,None,None,None,None, , , , 
18566, ,0.24374441501222205,1.0116379797662072e-06,None,None,None,None, , , , 
18567, ,0.24374441501222205,1.0843659686896086e-06,None,None,None,None, , , , 
18568, ,0.24374441501222205,1.1623224686798522e-06,None,None,None,None, , , , 
18569, ,0.24374441501222205,1.2458833642950078e-06,None,None,None,None, , , , 
18570, ,0.24374441501222205,1.3354515629298971e-06,None,None,None,None, , , , 
18571, ,0.24374441501222205,1.4314589375234786e-06,None,None,None,None, , , , 
18572, ,0.24374441501222205,1.53436840893001e-06,None,None,None,None, , , , 
18573, ,0.24374441501222205,1.6446761779946631e-06,None,None,None,None, , , , 
18574, ,0.24374441501222205,1.762914118095948e-06,None,None,None,None, , , , 
18575, ,0.24374441501222205,1.8896523396912082e-06,None,None,None,None, , , , 
18576, ,0.24374441501222205,2.0255019392306664e-06,None,None,None,None, , , , 
18577, ,0.24374441501222205,2.171117945694501e-06,None,None,None,None, , , , 
18578, ,0.24374441501222205,2.327202478960408e-06,None,None,None,None, , , , 
18579, ,0.24374441501222205,2.494508135230317e-06,None,None,None,None, , , , 
18580, ,0.24374441501222205,2.673841615839944e-06,None,None,None,None, , , , 
18581, ,0.24374441501222205,2.8660676169482507e-06,None,None,None,None, , , , 
18582, ,0.24374441501222205,3.0721129988617524e-06,None,None,None,None, , , , 
18583, ,0.24374441501222205,3.292971255097148e-06,None,None,None,None, , , , 
18584, ,0.24374441501222205,3.5297073027306505e-06,None,None,None,None, , , , 
18585, ,0.24374441501222205,3.783462617131925e-06,None,None,None,None, , , , 
18586, ,0.24374441501222205,4.0554607358408275e-06,None,None,None,None, , , , 
18587, ,0.24374441501222205,4.3470131581250175e-06,None,None,None,None, , , , 
18588, ,0.24374441501222205,4.6595256686646765e-06,None,None,None,None, , , , 
18589, ,0.24374441501222205,4.99450511585514e-06,None,None,None,None, , , , 
18590, ,0.24374441501222205,5.353566677410719e-06,None,None,None,None, , , , 
18591, ,0.24374441501222205,5.738441648302393e-06,None,None,None,None, , , , 
18592, ,0.24374441501222205,6.150985788580505e-06,None,None,None,None, , , , 
18593, ,0.24374441501222205,6.593188271333541e-06,None,None,None,None, , , , 
18594, ,0.24374441501222205,7.067181273927492e-06,None,None,None,None, , , , 
18595, ,0.24374441501222205,7.575250258771904e-06,None,None,None,None, , , , 
18596, ,0.24374441501222205,8.119844993184007e-06,None,None,None,None, , , , 
18597, ,0.24374441501222205,8.703591361485167e-06,None,None,None,None, , , , 
18598, ,0.24374441501222205,9.329304026284676e-06,None,None,None,None, , , , 
18599, ,0.24374441501222205,1e-05,None,None,None,None, , , , 
18600, ,0.2523539170434766,1e-11,None,None,None,None, , , , 
18601, ,0.2523539170434766,1.0718913192051263e-11,None,None,None,None, , , , 
18602, ,0.2523539170434766,1.1489510001873107e-11,None,None,None,None, , , , 
18603, ,0.2523539170434766,1.2315506032928262e-11,None,None,None,None, , , , 
18604, ,0.2523539170434766,1.3200884008314167e-11,None,None,None,None, , , , 
18605, ,0.2523539170434766,1.4149912974345786e-11,None,None,None,None, , , , 
18606, ,0.2523539170434766,1.5167168884709242e-11,None,None,None,None, , , , 
18607, ,0.2523539170434766,1.6257556664437934e-11,None,None,None,None, , , , 
18608, ,0.2523539170434766,1.7426333860096473e-11,None,None,None,None, , , , 
18609, ,0.2523539170434766,1.8679135990207848e-11,None,None,None,None, , , , 
18610, ,0.2523539170434766,2.0022003718155844e-11,None,None,None,None, , , , 
18611, ,0.2523539170434766,2.1461411978584013e-11,None,None,None,None, , , , 
18612, ,0.2523539170434766,2.300430119772921e-11,None,None,None,None, , , , 
18613, ,0.2523539170434766,2.465811075822604e-11,None,None,None,None, , , , 
18614, ,0.2523539170434766,2.643081486974103e-11,None,None,None,None, , , , 
18615, ,0.2523539170434766,2.8330961018393178e-11,None,None,None,None, , , , 
18616, ,0.2523539170434766,3.036771118035461e-11,None,None,None,None, , , , 
18617, ,0.2523539170434766,3.255088599835057e-11,None,None,None,None, , , , 
18618, ,0.2523539170434766,3.4891012134067674e-11,None,None,None,None, , , , 
18619, ,0.2523539170434766,3.739937302478801e-11,None,None,None,None, , , , 
18620, ,0.2523539170434766,4.0088063288984646e-11,None,None,None,None, , , , 
18621, ,0.2523539170434766,4.297004704320835e-11,None,None,None,None, , , , 
18622, ,0.2523539170434766,4.605922041145113e-11,None,None,None,None, , , , 
18623, ,0.2523539170434766,4.937047852839004e-11,None,None,None,None, , , , 
18624, ,0.2523539170434766,5.2919787359584366e-11,None,None,None,None, , , , 
18625, ,0.2523539170434766,5.672426068491989e-11,None,None,None,None, , , , 
18626, ,0.2523539170434766,6.080224261649427e-11,None,None,None,None, , , , 
18627, ,0.2523539170434766,6.517339604882421e-11,None,None,None,None, , , , 
18628, ,0.2523539170434766,6.985879746785235e-11,None,None,None,None, , , , 
18629, ,0.2523539170434766,7.48810385759003e-11,None,None,None,None, , , , 
18630, ,0.2523539170434766,8.026433522257174e-11,None,None,None,None, , , , 
18631, ,0.2523539170434766,8.603464416684492e-11,None,None,None,None, , , , 
18632, ,0.2523539170434766,9.221978823334341e-11,None,None,None,None, , , , 
18633, ,0.2523539170434766,9.884959046625586e-11,None,None,None,None, , , , 
18634, ,0.2523539170434766,1.0595601792776149e-10,None,None,None,None, , , , 
18635, ,0.2523539170434766,1.1357333583431027e-10,None,None,None,None, , , , 
18636, ,0.2523539170434766,1.217382727739662e-10,None,None,None,None, , , , 
18637, ,0.2523539170434766,1.3049019780144016e-10,None,None,None,None, , , , 
18638, ,0.2523539170434766,1.398713102647236e-10,None,None,None,None, , , , 
18639, ,0.2523539170434766,1.4992684327860468e-10,None,None,None,None, , , , 
18640, ,0.2523539170434766,1.6070528182616384e-10,None,None,None,None, , , , 
18641, ,0.2523539170434766,1.722585965398784e-10,None,None,None,None, , , , 
18642, ,0.2523539170434766,1.8464249428955463e-10,None,None,None,None, , , , 
18643, ,0.2523539170434766,1.9791668678535569e-10,None,None,None,None, , , , 
18644, ,0.2523539170434766,2.121451784910628e-10,None,None,None,None, , , , 
18645, ,0.2523539170434766,2.273965752357932e-10,None,None,None,None, , , , 
18646, ,0.2523539170434766,2.4374441501222216e-10,None,None,None,None, , , , 
18647, ,0.2523539170434766,2.6126752255633265e-10,None,None,None,None, , , , 
18648, ,0.2523539170434766,2.8005038941836253e-10,None,None,None,None, , , , 
18649, ,0.2523539170434766,3.0018358135755917e-10,None,None,None,None, , , , 
18650, ,0.2523539170434766,3.2176417502507347e-10,None,None,None,None, , , , 
18651, ,0.2523539170434766,3.4489622604057533e-10,None,None,None,None, , , , 
18652, ,0.2523539170434766,3.696912707195032e-10,None,None,None,None, , , , 
18653, ,0.2523539170434766,3.9626886387014783e-10,None,None,None,None, , , , 
18654, ,0.2523539170434766,4.2475715525368935e-10,None,None,None,None, , , , 
18655, ,0.2523539170434766,4.552935074866938e-10,None,None,None,None, , , , 
18656, ,0.2523539170434766,4.880251583654433e-10,None,None,None,None, , , , 
18657, ,0.2523539170434766,5.231099308056258e-10,None,None,None,None, , , , 
18658, ,0.2523539170434766,5.60716993820547e-10,None,None,None,None, , , , 
18659, ,0.2523539170434766,6.010276782070387e-10,None,None,None,None, , , , 
18660, ,0.2523539170434766,6.442363508721371e-10,None,None,None,None, , , , 
18661, ,0.2523539170434766,6.905513520162316e-10,None,None,None,None, , , , 
18662, ,0.2523539170434766,7.401959996915653e-10,None,None,None,None, , , , 
18663, ,0.2523539170434766,7.934096665797492e-10,None,None,None,None, , , , 
18664, ,0.2523539170434766,8.504489341802668e-10,None,None,None,None, , , , 
18665, ,0.2523539170434766,9.115888299750837e-10,None,None,None,None, , , , 
18666, ,0.2523539170434766,9.771241535346502e-10,None,None,None,None, , , , 
18667, ,0.2523539170434766,1.0473708979594486e-09,None,None,None,None, , , , 
18668, ,0.2523539170434766,1.1226677735108114e-09,None,None,None,None, , , , 
18669, ,0.2523539170434766,1.2033778407775904e-09,None,None,None,None, , , , 
18670, ,0.2523539170434766,1.289890261253308e-09,None,None,None,None, , , , 
18671, ,0.2523539170434766,1.3826221737646535e-09,None,None,None,None, , , , 
18672, ,0.2523539170434766,1.4820207057988602e-09,None,None,None,None, , , , 
18673, ,0.2523539170434766,1.5885651294280526e-09,None,None,None,None, , , , 
18674, ,0.2523539170434766,1.702769172225898e-09,None,None,None,None, , , , 
18675, ,0.2523539170434766,1.825183494319039e-09,None,None,None,None, , , , 
18676, ,0.2523539170434766,1.956398343517065e-09,None,None,None,None, , , , 
18677, ,0.2523539170434766,2.0970464013232305e-09,None,None,None,None, , , , 
18678, ,0.2523539170434766,2.2478058335487307e-09,None,None,None,None, , , , 
18679, ,0.2523539170434766,2.409403560239527e-09,None,None,None,None, , , , 
18680, ,0.2523539170434766,2.582618760682675e-09,None,None,None,None, , , , 
18681, ,0.2523539170434766,2.768286630392061e-09,None,None,None,None, , , , 
18682, ,0.2523539170434766,2.9673024081888724e-09,None,None,None,None, , , , 
18683, ,0.2523539170434766,3.180625692794119e-09,None,None,None,None, , , , 
18684, ,0.2523539170434766,3.409285069746807e-09,None,None,None,None, , , , 
18685, ,0.2523539170434766,3.654383070957262e-09,None,None,None,None, , , , 
18686, ,0.2523539170434766,3.917101490809261e-09,None,None,None,None, , , , 
18687, ,0.2523539170434766,4.198707084443906e-09,None,None,None,None, , , , 
18688, ,0.2523539170434766,4.500557675700488e-09,None,None,None,None, , , , 
18689, ,0.2523539170434766,4.824108704165374e-09,None,None,None,None, , , , 
18690, ,0.2523539170434766,5.170920242896755e-09,None,None,None,None, , , , 
18691, ,0.2523539170434766,5.542664520663096e-09,None,None,None,None, , , , 
18692, ,0.2523539170434766,5.941133984965041e-09,None,None,None,None, , , , 
18693, ,0.2523539170434766,6.3682499447185856e-09,None,None,None,None, , , , 
18694, ,0.2523539170434766,6.826071834272379e-09,None,None,None,None, , , , 
18695, ,0.2523539170434766,7.316807143427175e-09,None,None,None,None, , , , 
18696, ,0.2523539170434766,7.842822061337681e-09,None,None,None,None, , , , 
18697, ,0.2523539170434766,8.406652885618316e-09,None,None,None,None, , , , 
18698, ,0.2523539170434766,9.011018251665036e-09,None,None,None,None, , , , 
18699, ,0.2523539170434766,9.658832241158707e-09,None,None,None,None, , , , 
18700, ,0.2523539170434766,1.0353218432956616e-08,None,None,None,None, , , , 
18701, ,0.2523539170434766,1.1097524964120722e-08,None,None,None,None, , , , 
18702, ,0.2523539170434766,1.1895340673703208e-08,None,None,None,None, , , , 
18703, ,0.2523539170434766,1.2750512407130128e-08,None,None,None,None, , , , 
18704, ,0.2523539170434766,1.3667163564620044e-08,None,None,None,None, , , , 
18705, ,0.2523539170434766,1.4649713983072853e-08,None,None,None,None, , , , 
18706, ,0.2523539170434766,1.5702901247293774e-08,None,None,None,None, , , , 
18707, ,0.2523539170434766,1.683180353330955e-08,None,None,None,None, , , , 
18708, ,0.2523539170434766,1.8041864093920717e-08,None,None,None,None, , , , 
18709, ,0.2523539170434766,1.933891750455232e-08,None,None,None,None, , , , 
18710, ,0.2523539170434766,2.0729217795953697e-08,None,None,None,None, , , , 
18711, ,0.2523539170434766,2.221946860939524e-08,None,None,None,None, , , , 
18712, ,0.2523539170434766,2.3816855519761606e-08,None,None,None,None, , , , 
18713, ,0.2523539170434766,2.552908068239516e-08,None,None,None,None, , , , 
18714, ,0.2523539170434766,2.7364399970746666e-08,None,None,None,None, , , , 
18715, ,0.2523539170434766,2.933166278390042e-08,None,None,None,None, , , , 
18716, ,0.2523539170434766,3.1440354715915e-08,None,None,None,None, , , , 
18717, ,0.2523539170434766,3.370064329271925e-08,None,None,None,None, , , , 
18718, ,0.2523539170434766,3.612342699709431e-08,None,None,None,None, , , , 
18719, ,0.2523539170434766,3.872038781812557e-08,None,None,None,None, , , , 
18720, ,0.2523539170434766,4.1504047578504727e-08,None,None,None,None, , , , 
18721, ,0.2523539170434766,4.448782831127585e-08,None,None,None,None, , , , 
18722, ,0.2523539170434766,4.768611697714474e-08,None,None,None,None, , , , 
18723, ,0.2523539170434766,5.111433483440165e-08,None,None,None,None, , , , 
18724, ,0.2523539170434766,5.478901179593934e-08,None,None,None,None, , , , 
18725, ,0.2523539170434766,5.872786613189478e-08,None,None,None,None, , , , 
18726, ,0.2523539170434766,6.294988990221888e-08,None,None,None,None, , , , 
18727, ,0.2523539170434766,6.747544053110687e-08,None,None,None,None, , , , 
18728, ,0.2523539170434766,7.232633896483534e-08,None,None,None,None, , , , 
18729, ,0.2523539170434766,7.752597488629465e-08,None,None,None,None, , , , 
18730, ,0.2523539170434766,8.309941949353386e-08,None,None,None,None, , , , 
18731, ,0.2523539170434766,8.907354638610439e-08,None,None,None,None, , , , 
18732, ,0.2523539170434766,9.547716114208066e-08,None,None,None,None, , , , 
18733, ,0.2523539170434766,1.0234114021054528e-07,None,None,None,None, , , , 
18734, ,0.2523539170434766,1.0969857978923841e-07,None,None,None,None, , , , 
18735, ,0.2523539170434766,1.1758495540521555e-07,None,None,None,None, , , , 
18736, ,0.2523539170434766,1.2603829296797277e-07,None,None,None,None, , , , 
18737, ,0.2523539170434766,1.350993521198025e-07,None,None,None,None, , , , 
18738, ,0.2523539170434766,1.4481182276745328e-07,None,None,None,None, , , , 
18739, ,0.2523539170434766,1.552225357427048e-07,None,None,None,None, , , , 
18740, ,0.2523539170434766,1.6638168860761273e-07,None,None,None,None, , , , 
18741, ,0.2523539170434766,1.7834308769319093e-07,None,None,None,None, , , , 
18742, ,0.2523539170434766,1.9116440753857e-07,None,None,None,None, , , , 
18743, ,0.2523539170434766,2.049074689815846e-07,None,None,None,None, , , , 
18744, ,0.2523539170434766,2.1963853724165468e-07,None,None,None,None, , , , 
18745, ,0.2523539170434766,2.3542864143224158e-07,None,None,None,None, , , , 
18746, ,0.2523539170434766,2.523539170434766e-07,None,None,None,None, , , , 
18747, ,0.2523539170434766,2.7049597304631316e-07,None,None,None,None, , , , 
18748, ,0.2523539170434766,2.899422853882875e-07,None,None,None,None, , , , 
18749, ,0.2523539170434766,3.107866187782014e-07,None,None,None,None, , , , 
18750, ,0.2523539170434766,3.33129478793467e-07,None,None,None,None, , , , 
18751, ,0.2523539170434766,3.5707859649004626e-07,None,None,None,None, , , , 
18752, ,0.2523539170434766,3.827494478516307e-07,None,None,None,None, , , , 
18753, ,0.2523539170434766,4.1026581058271904e-07,None,None,None,None, , , , 
18754, ,0.2523539170434766,4.397603609302722e-07,None,None,None,None, , , , 
18755, ,0.2523539170434766,4.7137531341167185e-07,None,None,None,None, , , , 
18756, ,0.2523539170434766,5.052631065335679e-07,None,None,None,None, , , , 
18757, ,0.2523539170434766,5.415871378079465e-07,None,None,None,None, , , , 
18758, ,0.2523539170434766,5.805225516094896e-07,None,None,None,None, , , , 
18759, ,0.2523539170434766,6.222570836730232e-07,None,None,None,None, , , , 
18760, ,0.2523539170434766,6.669919663030115e-07,None,None,None,None, , , , 
18761, ,0.2523539170434766,7.149428986597576e-07,None,None,None,None, , , , 
18762, ,0.2523539170434766,7.663410868007445e-07,None,None,None,None, , , , 
18763, ,0.2523539170434766,8.214343584919422e-07,None,None,None,None, , , , 
18764, ,0.2523539170434766,8.804883581643463e-07,None,None,None,None, , , , 
18765, ,0.2523539170434766,9.437878277775371e-07,None,None,None,None, , , , 
18766, ,0.2523539170434766,1.0116379797662072e-06,None,None,None,None, , , , 
18767, ,0.2523539170434766,1.0843659686896086e-06,None,None,None,None, , , , 
18768, ,0.2523539170434766,1.1623224686798522e-06,None,None,None,None, , , , 
18769, ,0.2523539170434766,1.2458833642950078e-06,None,None,None,None, , , , 
18770, ,0.2523539170434766,1.3354515629298971e-06,None,None,None,None, , , , 
18771, ,0.2523539170434766,1.4314589375234786e-06,None,None,None,None, , , , 
18772, ,0.2523539170434766,1.53436840893001e-06,None,None,None,None, , , , 
18773, ,0.2523539170434766,1.6446761779946631e-06,None,None,None,None, , , , 
18774, ,0.2523539170434766,1.762914118095948e-06,None,None,None,None, , , , 
18775, ,0.2523539170434766,1.8896523396912082e-06,None,None,None,None, , , , 
18776, ,0.2523539170434766,2.0255019392306664e-06,None,None,None,None, , , , 
18777, ,0.2523539170434766,2.171117945694501e-06,None,None,None,None, , , , 
18778, ,0.2523539170434766,2.327202478960408e-06,None,None,None,None, , , , 
18779, ,0.2523539170434766,2.494508135230317e-06,None,None,None,None, , , , 
18780, ,0.2523539170434766,2.673841615839944e-06,None,None,None,None, , , , 
18781, ,0.2523539170434766,2.8660676169482507e-06,None,None,None,None, , , , 
18782, ,0.2523539170434766,3.0721129988617524e-06,None,None,None,None, , , , 
18783, ,0.2523539170434766,3.292971255097148e-06,None,None,None,None, , , , 
18784, ,0.2523539170434766,3.5297073027306505e-06,None,None,None,None, , , , 
18785, ,0.2523539170434766,3.783462617131925e-06,None,None,None,None, , , , 
18786, ,0.2523539170434766,4.0554607358408275e-06,None,None,None,None, , , , 
18787, ,0.2523539170434766,4.3470131581250175e-06,None,None,None,None, , , , 
18788, ,0.2523539170434766,4.6595256686646765e-06,None,None,None,None, , , , 
18789, ,0.2523539170434766,4.99450511585514e-06,None,None,None,None, , , , 
18790, ,0.2523539170434766,5.353566677410719e-06,None,None,None,None, , , , 
18791, ,0.2523539170434766,5.738441648302393e-06,None,None,None,None, , , , 
18792, ,0.2523539170434766,6.150985788580505e-06,None,None,None,None, , , , 
18793, ,0.2523539170434766,6.593188271333541e-06,None,None,None,None, , , , 
18794, ,0.2523539170434766,7.067181273927492e-06,None,None,None,None, , , , 
18795, ,0.2523539170434766,7.575250258771904e-06,None,None,None,None, , , , 
18796, ,0.2523539170434766,8.119844993184007e-06,None,None,None,None, , , , 
18797, ,0.2523539170434766,8.703591361485167e-06,None,None,None,None, , , , 
18798, ,0.2523539170434766,9.329304026284676e-06,None,None,None,None, , , , 
18799, ,0.2523539170434766,1e-05,None,None,None,None, , , , 
18800, ,0.2612675225563328,1e-11,None,None,None,None, , , , 
18801, ,0.2612675225563328,1.0718913192051263e-11,None,None,None,None, , , , 
18802, ,0.2612675225563328,1.1489510001873107e-11,None,None,None,None, , , , 
18803, ,0.2612675225563328,1.2315506032928262e-11,None,None,None,None, , , , 
18804, ,0.2612675225563328,1.3200884008314167e-11,None,None,None,None, , , , 
18805, ,0.2612675225563328,1.4149912974345786e-11,None,None,None,None, , , , 
18806, ,0.2612675225563328,1.5167168884709242e-11,None,None,None,None, , , , 
18807, ,0.2612675225563328,1.6257556664437934e-11,None,None,None,None, , , , 
18808, ,0.2612675225563328,1.7426333860096473e-11,None,None,None,None, , , , 
18809, ,0.2612675225563328,1.8679135990207848e-11,None,None,None,None, , , , 
18810, ,0.2612675225563328,2.0022003718155844e-11,None,None,None,None, , , , 
18811, ,0.2612675225563328,2.1461411978584013e-11,None,None,None,None, , , , 
18812, ,0.2612675225563328,2.300430119772921e-11,None,None,None,None, , , , 
18813, ,0.2612675225563328,2.465811075822604e-11,None,None,None,None, , , , 
18814, ,0.2612675225563328,2.643081486974103e-11,None,None,None,None, , , , 
18815, ,0.2612675225563328,2.8330961018393178e-11,None,None,None,None, , , , 
18816, ,0.2612675225563328,3.036771118035461e-11,None,None,None,None, , , , 
18817, ,0.2612675225563328,3.255088599835057e-11,None,None,None,None, , , , 
18818, ,0.2612675225563328,3.4891012134067674e-11,None,None,None,None, , , , 
18819, ,0.2612675225563328,3.739937302478801e-11,None,None,None,None, , , , 
18820, ,0.2612675225563328,4.0088063288984646e-11,None,None,None,None, , , , 
18821, ,0.2612675225563328,4.297004704320835e-11,None,None,None,None, , , , 
18822, ,0.2612675225563328,4.605922041145113e-11,None,None,None,None, , , , 
18823, ,0.2612675225563328,4.937047852839004e-11,None,None,None,None, , , , 
18824, ,0.2612675225563328,5.2919787359584366e-11,None,None,None,None, , , , 
18825, ,0.2612675225563328,5.672426068491989e-11,None,None,None,None, , , , 
18826, ,0.2612675225563328,6.080224261649427e-11,None,None,None,None, , , , 
18827, ,0.2612675225563328,6.517339604882421e-11,None,None,None,None, , , , 
18828, ,0.2612675225563328,6.985879746785235e-11,None,None,None,None, , , , 
18829, ,0.2612675225563328,7.48810385759003e-11,None,None,None,None, , , , 
18830, ,0.2612675225563328,8.026433522257174e-11,None,None,None,None, , , , 
18831, ,0.2612675225563328,8.603464416684492e-11,None,None,None,None, , , , 
18832, ,0.2612675225563328,9.221978823334341e-11,None,None,None,None, , , , 
18833, ,0.2612675225563328,9.884959046625586e-11,None,None,None,None, , , , 
18834, ,0.2612675225563328,1.0595601792776149e-10,None,None,None,None, , , , 
18835, ,0.2612675225563328,1.1357333583431027e-10,None,None,None,None, , , , 
18836, ,0.2612675225563328,1.217382727739662e-10,None,None,None,None, , , , 
18837, ,0.2612675225563328,1.3049019780144016e-10,None,None,None,None, , , , 
18838, ,0.2612675225563328,1.398713102647236e-10,None,None,None,None, , , , 
18839, ,0.2612675225563328,1.4992684327860468e-10,None,None,None,None, , , , 
18840, ,0.2612675225563328,1.6070528182616384e-10,None,None,None,None, , , , 
18841, ,0.2612675225563328,1.722585965398784e-10,None,None,None,None, , , , 
18842, ,0.2612675225563328,1.8464249428955463e-10,None,None,None,None, , , , 
18843, ,0.2612675225563328,1.9791668678535569e-10,None,None,None,None, , , , 
18844, ,0.2612675225563328,2.121451784910628e-10,None,None,None,None, , , , 
18845, ,0.2612675225563328,2.273965752357932e-10,None,None,None,None, , , , 
18846, ,0.2612675225563328,2.4374441501222216e-10,None,None,None,None, , , , 
18847, ,0.2612675225563328,2.6126752255633265e-10,None,None,None,None, , , , 
18848, ,0.2612675225563328,2.8005038941836253e-10,None,None,None,None, , , , 
18849, ,0.2612675225563328,3.0018358135755917e-10,None,None,None,None, , , , 
18850, ,0.2612675225563328,3.2176417502507347e-10,None,None,None,None, , , , 
18851, ,0.2612675225563328,3.4489622604057533e-10,None,None,None,None, , , , 
18852, ,0.2612675225563328,3.696912707195032e-10,None,None,None,None, , , , 
18853, ,0.2612675225563328,3.9626886387014783e-10,None,None,None,None, , , , 
18854, ,0.2612675225563328,4.2475715525368935e-10,None,None,None,None, , , , 
18855, ,0.2612675225563328,4.552935074866938e-10,None,None,None,None, , , , 
18856, ,0.2612675225563328,4.880251583654433e-10,None,None,None,None, , , , 
18857, ,0.2612675225563328,5.231099308056258e-10,None,None,None,None, , , , 
18858, ,0.2612675225563328,5.60716993820547e-10,None,None,None,None, , , , 
18859, ,0.2612675225563328,6.010276782070387e-10,None,None,None,None, , , , 
18860, ,0.2612675225563328,6.442363508721371e-10,None,None,None,None, , , , 
18861, ,0.2612675225563328,6.905513520162316e-10,None,None,None,None, , , , 
18862, ,0.2612675225563328,7.401959996915653e-10,None,None,None,None, , , , 
18863, ,0.2612675225563328,7.934096665797492e-10,None,None,None,None, , , , 
18864, ,0.2612675225563328,8.504489341802668e-10,None,None,None,None, , , , 
18865, ,0.2612675225563328,9.115888299750837e-10,None,None,None,None, , , , 
18866, ,0.2612675225563328,9.771241535346502e-10,None,None,None,None, , , , 
18867, ,0.2612675225563328,1.0473708979594486e-09,None,None,None,None, , , , 
18868, ,0.2612675225563328,1.1226677735108114e-09,None,None,None,None, , , , 
18869, ,0.2612675225563328,1.2033778407775904e-09,None,None,None,None, , , , 
18870, ,0.2612675225563328,1.289890261253308e-09,None,None,None,None, , , , 
18871, ,0.2612675225563328,1.3826221737646535e-09,None,None,None,None, , , , 
18872, ,0.2612675225563328,1.4820207057988602e-09,None,None,None,None, , , , 
18873, ,0.2612675225563328,1.5885651294280526e-09,None,None,None,None, , , , 
18874, ,0.2612675225563328,1.702769172225898e-09,None,None,None,None, , , , 
18875, ,0.2612675225563328,1.825183494319039e-09,None,None,None,None, , , , 
18876, ,0.2612675225563328,1.956398343517065e-09,None,None,None,None, , , , 
18877, ,0.2612675225563328,2.0970464013232305e-09,None,None,None,None, , , , 
18878, ,0.2612675225563328,2.2478058335487307e-09,None,None,None,None, , , , 
18879, ,0.2612675225563328,2.409403560239527e-09,None,None,None,None, , , , 
18880, ,0.2612675225563328,2.582618760682675e-09,None,None,None,None, , , , 
18881, ,0.2612675225563328,2.768286630392061e-09,None,None,None,None, , , , 
18882, ,0.2612675225563328,2.9673024081888724e-09,None,None,None,None, , , , 
18883, ,0.2612675225563328,3.180625692794119e-09,None,None,None,None, , , , 
18884, ,0.2612675225563328,3.409285069746807e-09,None,None,None,None, , , , 
18885, ,0.2612675225563328,3.654383070957262e-09,None,None,None,None, , , , 
18886, ,0.2612675225563328,3.917101490809261e-09,None,None,None,None, , , , 
18887, ,0.2612675225563328,4.198707084443906e-09,None,None,None,None, , , , 
18888, ,0.2612675225563328,4.500557675700488e-09,None,None,None,None, , , , 
18889, ,0.2612675225563328,4.824108704165374e-09,None,None,None,None, , , , 
18890, ,0.2612675225563328,5.170920242896755e-09,None,None,None,None, , , , 
18891, ,0.2612675225563328,5.542664520663096e-09,None,None,None,None, , , , 
18892, ,0.2612675225563328,5.941133984965041e-09,None,None,None,None, , , , 
18893, ,0.2612675225563328,6.3682499447185856e-09,None,None,None,None, , , , 
18894, ,0.2612675225563328,6.826071834272379e-09,None,None,None,None, , , , 
18895, ,0.2612675225563328,7.316807143427175e-09,None,None,None,None, , , , 
18896, ,0.2612675225563328,7.842822061337681e-09,None,None,None,None, , , , 
18897, ,0.2612675225563328,8.406652885618316e-09,None,None,None,None, , , , 
18898, ,0.2612675225563328,9.011018251665036e-09,None,None,None,None, , , , 
18899, ,0.2612675225563328,9.658832241158707e-09,None,None,None,None, , , , 
18900, ,0.2612675225563328,1.0353218432956616e-08,None,None,None,None, , , , 
18901, ,0.2612675225563328,1.1097524964120722e-08,None,None,None,None, , , , 
18902, ,0.2612675225563328,1.1895340673703208e-08,None,None,None,None, , , , 
18903, ,0.2612675225563328,1.2750512407130128e-08,None,None,None,None, , , , 
18904, ,0.2612675225563328,1.3667163564620044e-08,None,None,None,None, , , , 
18905, ,0.2612675225563328,1.4649713983072853e-08,None,None,None,None, , , , 
18906, ,0.2612675225563328,1.5702901247293774e-08,None,None,None,None, , , , 
18907, ,0.2612675225563328,1.683180353330955e-08,None,None,None,None, , , , 
18908, ,0.2612675225563328,1.8041864093920717e-08,None,None,None,None, , , , 
18909, ,0.2612675225563328,1.933891750455232e-08,None,None,None,None, , , , 
18910, ,0.2612675225563328,2.0729217795953697e-08,None,None,None,None, , , , 
18911, ,0.2612675225563328,2.221946860939524e-08,None,None,None,None, , , , 
18912, ,0.2612675225563328,2.3816855519761606e-08,None,None,None,None, , , , 
18913, ,0.2612675225563328,2.552908068239516e-08,None,None,None,None, , , , 
18914, ,0.2612675225563328,2.7364399970746666e-08,None,None,None,None, , , , 
18915, ,0.2612675225563328,2.933166278390042e-08,None,None,None,None, , , , 
18916, ,0.2612675225563328,3.1440354715915e-08,None,None,None,None, , , , 
18917, ,0.2612675225563328,3.370064329271925e-08,None,None,None,None, , , , 
18918, ,0.2612675225563328,3.612342699709431e-08,None,None,None,None, , , , 
18919, ,0.2612675225563328,3.872038781812557e-08,None,None,None,None, , , , 
18920, ,0.2612675225563328,4.1504047578504727e-08,None,None,None,None, , , , 
18921, ,0.2612675225563328,4.448782831127585e-08,None,None,None,None, , , , 
18922, ,0.2612675225563328,4.768611697714474e-08,None,None,None,None, , , , 
18923, ,0.2612675225563328,5.111433483440165e-08,None,None,None,None, , , , 
18924, ,0.2612675225563328,5.478901179593934e-08,None,None,None,None, , , , 
18925, ,0.2612675225563328,5.872786613189478e-08,None,None,None,None, , , , 
18926, ,0.2612675225563328,6.294988990221888e-08,None,None,None,None, , , , 
18927, ,0.2612675225563328,6.747544053110687e-08,None,None,None,None, , , , 
18928, ,0.2612675225563328,7.232633896483534e-08,None,None,None,None, , , , 
18929, ,0.2612675225563328,7.752597488629465e-08,None,None,None,None, , , , 
18930, ,0.2612675225563328,8.309941949353386e-08,None,None,None,None, , , , 
18931, ,0.2612675225563328,8.907354638610439e-08,None,None,None,None, , , , 
18932, ,0.2612675225563328,9.547716114208066e-08,None,None,None,None, , , , 
18933, ,0.2612675225563328,1.0234114021054528e-07,None,None,None,None, , , , 
18934, ,0.2612675225563328,1.0969857978923841e-07,None,None,None,None, , , , 
18935, ,0.2612675225563328,1.1758495540521555e-07,None,None,None,None, , , , 
18936, ,0.2612675225563328,1.2603829296797277e-07,None,None,None,None, , , , 
18937, ,0.2612675225563328,1.350993521198025e-07,None,None,None,None, , , , 
18938, ,0.2612675225563328,1.4481182276745328e-07,None,None,None,None, , , , 
18939, ,0.2612675225563328,1.552225357427048e-07,None,None,None,None, , , , 
18940, ,0.2612675225563328,1.6638168860761273e-07,None,None,None,None, , , , 
18941, ,0.2612675225563328,1.7834308769319093e-07,None,None,None,None, , , , 
18942, ,0.2612675225563328,1.9116440753857e-07,None,None,None,None, , , , 
18943, ,0.2612675225563328,2.049074689815846e-07,None,None,None,None, , , , 
18944, ,0.2612675225563328,2.1963853724165468e-07,None,None,None,None, , , , 
18945, ,0.2612675225563328,2.3542864143224158e-07,None,None,None,None, , , , 
18946, ,0.2612675225563328,2.523539170434766e-07,None,None,None,None, , , , 
18947, ,0.2612675225563328,2.7049597304631316e-07,None,None,None,None, , , , 
18948, ,0.2612675225563328,2.899422853882875e-07,None,None,None,None, , , , 
18949, ,0.2612675225563328,3.107866187782014e-07,None,None,None,None, , , , 
18950, ,0.2612675225563328,3.33129478793467e-07,None,None,None,None, , , , 
18951, ,0.2612675225563328,3.5707859649004626e-07,None,None,None,None, , , , 
18952, ,0.2612675225563328,3.827494478516307e-07,None,None,None,None, , , , 
18953, ,0.2612675225563328,4.1026581058271904e-07,None,None,None,None, , , , 
18954, ,0.2612675225563328,4.397603609302722e-07,None,None,None,None, , , , 
18955, ,0.2612675225563328,4.7137531341167185e-07,None,None,None,None, , , , 
18956, ,0.2612675225563328,5.052631065335679e-07,None,None,None,None, , , , 
18957, ,0.2612675225563328,5.415871378079465e-07,None,None,None,None, , , , 
18958, ,0.2612675225563328,5.805225516094896e-07,None,None,None,None, , , , 
18959, ,0.2612675225563328,6.222570836730232e-07,None,None,None,None, , , , 
18960, ,0.2612675225563328,6.669919663030115e-07,None,None,None,None, , , , 
18961, ,0.2612675225563328,7.149428986597576e-07,None,None,None,None, , , , 
18962, ,0.2612675225563328,7.663410868007445e-07,None,None,None,None, , , , 
18963, ,0.2612675225563328,8.214343584919422e-07,None,None,None,None, , , , 
18964, ,0.2612675225563328,8.804883581643463e-07,None,None,None,None, , , , 
18965, ,0.2612675225563328,9.437878277775371e-07,None,None,None,None, , , , 
18966, ,0.2612675225563328,1.0116379797662072e-06,None,None,None,None, , , , 
18967, ,0.2612675225563328,1.0843659686896086e-06,None,None,None,None, , , , 
18968, ,0.2612675225563328,1.1623224686798522e-06,None,None,None,None, , , , 
18969, ,0.2612675225563328,1.2458833642950078e-06,None,None,None,None, , , , 
18970, ,0.2612675225563328,1.3354515629298971e-06,None,None,None,None, , , , 
18971, ,0.2612675225563328,1.4314589375234786e-06,None,None,None,None, , , , 
18972, ,0.2612675225563328,1.53436840893001e-06,None,None,None,None, , , , 
18973, ,0.2612675225563328,1.6446761779946631e-06,None,None,None,None, , , , 
18974, ,0.2612675225563328,1.762914118095948e-06,None,None,None,None, , , , 
18975, ,0.2612675225563328,1.8896523396912082e-06,None,None,None,None, , , , 
18976, ,0.2612675225563328,2.0255019392306664e-06,None,None,None,None, , , , 
18977, ,0.2612675225563328,2.171117945694501e-06,None,None,None,None, , , , 
18978, ,0.2612675225563328,2.327202478960408e-06,None,None,None,None, , , , 
18979, ,0.2612675225563328,2.494508135230317e-06,None,None,None,None, , , , 
18980, ,0.2612675225563328,2.673841615839944e-06,None,None,None,None, , , , 
18981, ,0.2612675225563328,2.8660676169482507e-06,None,None,None,None, , , , 
18982, ,0.2612675225563328,3.0721129988617524e-06,None,None,None,None, , , , 
18983, ,0.2612675225563328,3.292971255097148e-06,None,None,None,None, , , , 
18984, ,0.2612675225563328,3.5297073027306505e-06,None,None,None,None, , , , 
18985, ,0.2612675225563328,3.783462617131925e-06,None,None,None,None, , , , 
18986, ,0.2612675225563328,4.0554607358408275e-06,None,None,None,None, , , , 
18987, ,0.2612675225563328,4.3470131581250175e-06,None,None,None,None, , , , 
18988, ,0.2612675225563328,4.6595256686646765e-06,None,None,None,None, , , , 
18989, ,0.2612675225563328,4.99450511585514e-06,None,None,None,None, , , , 
18990, ,0.2612675225563328,5.353566677410719e-06,None,None,None,None, , , , 
18991, ,0.2612675225563328,5.738441648302393e-06,None,None,None,None, , , , 
18992, ,0.2612675225563328,6.150985788580505e-06,None,None,None,None, , , , 
18993, ,0.2612675225563328,6.593188271333541e-06,None,None,None,None, , , , 
18994, ,0.2612675225563328,7.067181273927492e-06,None,None,None,None, , , , 
18995, ,0.2612675225563328,7.575250258771904e-06,None,None,None,None, , , , 
18996, ,0.2612675225563328,8.119844993184007e-06,None,None,None,None, , , , 
18997, ,0.2612675225563328,8.703591361485167e-06,None,None,None,None, , , , 
18998, ,0.2612675225563328,9.329304026284676e-06,None,None,None,None, , , , 
18999, ,0.2612675225563328,1e-05,None,None,None,None, , , , 
19000, ,0.27049597304631345,1e-11,None,None,None,None, , , , 
19001, ,0.27049597304631345,1.0718913192051263e-11,None,None,None,None, , , , 
19002, ,0.27049597304631345,1.1489510001873107e-11,None,None,None,None, , , , 
19003, ,0.27049597304631345,1.2315506032928262e-11,None,None,None,None, , , , 
19004, ,0.27049597304631345,1.3200884008314167e-11,None,None,None,None, , , , 
19005, ,0.27049597304631345,1.4149912974345786e-11,None,None,None,None, , , , 
19006, ,0.27049597304631345,1.5167168884709242e-11,None,None,None,None, , , , 
19007, ,0.27049597304631345,1.6257556664437934e-11,None,None,None,None, , , , 
19008, ,0.27049597304631345,1.7426333860096473e-11,None,None,None,None, , , , 
19009, ,0.27049597304631345,1.8679135990207848e-11,None,None,None,None, , , , 
19010, ,0.27049597304631345,2.0022003718155844e-11,None,None,None,None, , , , 
19011, ,0.27049597304631345,2.1461411978584013e-11,None,None,None,None, , , , 
19012, ,0.27049597304631345,2.300430119772921e-11,None,None,None,None, , , , 
19013, ,0.27049597304631345,2.465811075822604e-11,None,None,None,None, , , , 
19014, ,0.27049597304631345,2.643081486974103e-11,None,None,None,None, , , , 
19015, ,0.27049597304631345,2.8330961018393178e-11,None,None,None,None, , , , 
19016, ,0.27049597304631345,3.036771118035461e-11,None,None,None,None, , , , 
19017, ,0.27049597304631345,3.255088599835057e-11,None,None,None,None, , , , 
19018, ,0.27049597304631345,3.4891012134067674e-11,None,None,None,None, , , , 
19019, ,0.27049597304631345,3.739937302478801e-11,None,None,None,None, , , , 
19020, ,0.27049597304631345,4.0088063288984646e-11,None,None,None,None, , , , 
19021, ,0.27049597304631345,4.297004704320835e-11,None,None,None,None, , , , 
19022, ,0.27049597304631345,4.605922041145113e-11,None,None,None,None, , , , 
19023, ,0.27049597304631345,4.937047852839004e-11,None,None,None,None, , , , 
19024, ,0.27049597304631345,5.2919787359584366e-11,None,None,None,None, , , , 
19025, ,0.27049597304631345,5.672426068491989e-11,None,None,None,None, , , , 
19026, ,0.27049597304631345,6.080224261649427e-11,None,None,None,None, , , , 
19027, ,0.27049597304631345,6.517339604882421e-11,None,None,None,None, , , , 
19028, ,0.27049597304631345,6.985879746785235e-11,None,None,None,None, , , , 
19029, ,0.27049597304631345,7.48810385759003e-11,None,None,None,None, , , , 
19030, ,0.27049597304631345,8.026433522257174e-11,None,None,None,None, , , , 
19031, ,0.27049597304631345,8.603464416684492e-11,None,None,None,None, , , , 
19032, ,0.27049597304631345,9.221978823334341e-11,None,None,None,None, , , , 
19033, ,0.27049597304631345,9.884959046625586e-11,None,None,None,None, , , , 
19034, ,0.27049597304631345,1.0595601792776149e-10,None,None,None,None, , , , 
19035, ,0.27049597304631345,1.1357333583431027e-10,None,None,None,None, , , , 
19036, ,0.27049597304631345,1.217382727739662e-10,None,None,None,None, , , , 
19037, ,0.27049597304631345,1.3049019780144016e-10,None,None,None,None, , , , 
19038, ,0.27049597304631345,1.398713102647236e-10,None,None,None,None, , , , 
19039, ,0.27049597304631345,1.4992684327860468e-10,None,None,None,None, , , , 
19040, ,0.27049597304631345,1.6070528182616384e-10,None,None,None,None, , , , 
19041, ,0.27049597304631345,1.722585965398784e-10,None,None,None,None, , , , 
19042, ,0.27049597304631345,1.8464249428955463e-10,None,None,None,None, , , , 
19043, ,0.27049597304631345,1.9791668678535569e-10,None,None,None,None, , , , 
19044, ,0.27049597304631345,2.121451784910628e-10,None,None,None,None, , , , 
19045, ,0.27049597304631345,2.273965752357932e-10,None,None,None,None, , , , 
19046, ,0.27049597304631345,2.4374441501222216e-10,None,None,None,None, , , , 
19047, ,0.27049597304631345,2.6126752255633265e-10,None,None,None,None, , , , 
19048, ,0.27049597304631345,2.8005038941836253e-10,None,None,None,None, , , , 
19049, ,0.27049597304631345,3.0018358135755917e-10,None,None,None,None, , , , 
19050, ,0.27049597304631345,3.2176417502507347e-10,None,None,None,None, , , , 
19051, ,0.27049597304631345,3.4489622604057533e-10,None,None,None,None, , , , 
19052, ,0.27049597304631345,3.696912707195032e-10,None,None,None,None, , , , 
19053, ,0.27049597304631345,3.9626886387014783e-10,None,None,None,None, , , , 
19054, ,0.27049597304631345,4.2475715525368935e-10,None,None,None,None, , , , 
19055, ,0.27049597304631345,4.552935074866938e-10,None,None,None,None, , , , 
19056, ,0.27049597304631345,4.880251583654433e-10,None,None,None,None, , , , 
19057, ,0.27049597304631345,5.231099308056258e-10,None,None,None,None, , , , 
19058, ,0.27049597304631345,5.60716993820547e-10,None,None,None,None, , , , 
19059, ,0.27049597304631345,6.010276782070387e-10,None,None,None,None, , , , 
19060, ,0.27049597304631345,6.442363508721371e-10,None,None,None,None, , , , 
19061, ,0.27049597304631345,6.905513520162316e-10,None,None,None,None, , , , 
19062, ,0.27049597304631345,7.401959996915653e-10,None,None,None,None, , , , 
19063, ,0.27049597304631345,7.934096665797492e-10,None,None,None,None, , , , 
19064, ,0.27049597304631345,8.504489341802668e-10,None,None,None,None, , , , 
19065, ,0.27049597304631345,9.115888299750837e-10,None,None,None,None, , , , 
19066, ,0.27049597304631345,9.771241535346502e-10,None,None,None,None, , , , 
19067, ,0.27049597304631345,1.0473708979594486e-09,None,None,None,None, , , , 
19068, ,0.27049597304631345,1.1226677735108114e-09,None,None,None,None, , , , 
19069, ,0.27049597304631345,1.2033778407775904e-09,None,None,None,None, , , , 
19070, ,0.27049597304631345,1.289890261253308e-09,None,None,None,None, , , , 
19071, ,0.27049597304631345,1.3826221737646535e-09,None,None,None,None, , , , 
19072, ,0.27049597304631345,1.4820207057988602e-09,None,None,None,None, , , , 
19073, ,0.27049597304631345,1.5885651294280526e-09,None,None,None,None, , , , 
19074, ,0.27049597304631345,1.702769172225898e-09,None,None,None,None, , , , 
19075, ,0.27049597304631345,1.825183494319039e-09,None,None,None,None, , , , 
19076, ,0.27049597304631345,1.956398343517065e-09,None,None,None,None, , , , 
19077, ,0.27049597304631345,2.0970464013232305e-09,None,None,None,None, , , , 
19078, ,0.27049597304631345,2.2478058335487307e-09,None,None,None,None, , , , 
19079, ,0.27049597304631345,2.409403560239527e-09,None,None,None,None, , , , 
19080, ,0.27049597304631345,2.582618760682675e-09,None,None,None,None, , , , 
19081, ,0.27049597304631345,2.768286630392061e-09,None,None,None,None, , , , 
19082, ,0.27049597304631345,2.9673024081888724e-09,None,None,None,None, , , , 
19083, ,0.27049597304631345,3.180625692794119e-09,None,None,None,None, , , , 
19084, ,0.27049597304631345,3.409285069746807e-09,None,None,None,None, , , , 
19085, ,0.27049597304631345,3.654383070957262e-09,None,None,None,None, , , , 
19086, ,0.27049597304631345,3.917101490809261e-09,None,None,None,None, , , , 
19087, ,0.27049597304631345,4.198707084443906e-09,None,None,None,None, , , , 
19088, ,0.27049597304631345,4.500557675700488e-09,None,None,None,None, , , , 
19089, ,0.27049597304631345,4.824108704165374e-09,None,None,None,None, , , , 
19090, ,0.27049597304631345,5.170920242896755e-09,None,None,None,None, , , , 
19091, ,0.27049597304631345,5.542664520663096e-09,None,None,None,None, , , , 
19092, ,0.27049597304631345,5.941133984965041e-09,None,None,None,None, , , , 
19093, ,0.27049597304631345,6.3682499447185856e-09,None,None,None,None, , , , 
19094, ,0.27049597304631345,6.826071834272379e-09,None,None,None,None, , , , 
19095, ,0.27049597304631345,7.316807143427175e-09,None,None,None,None, , , , 
19096, ,0.27049597304631345,7.842822061337681e-09,None,None,None,None, , , , 
19097, ,0.27049597304631345,8.406652885618316e-09,None,None,None,None, , , , 
19098, ,0.27049597304631345,9.011018251665036e-09,None,None,None,None, , , , 
19099, ,0.27049597304631345,9.658832241158707e-09,None,None,None,None, , , , 
19100, ,0.27049597304631345,1.0353218432956616e-08,None,None,None,None, , , , 
19101, ,0.27049597304631345,1.1097524964120722e-08,None,None,None,None, , , , 
19102, ,0.27049597304631345,1.1895340673703208e-08,None,None,None,None, , , , 
19103, ,0.27049597304631345,1.2750512407130128e-08,None,None,None,None, , , , 
19104, ,0.27049597304631345,1.3667163564620044e-08,None,None,None,None, , , , 
19105, ,0.27049597304631345,1.4649713983072853e-08,None,None,None,None, , , , 
19106, ,0.27049597304631345,1.5702901247293774e-08,None,None,None,None, , , , 
19107, ,0.27049597304631345,1.683180353330955e-08,None,None,None,None, , , , 
19108, ,0.27049597304631345,1.8041864093920717e-08,None,None,None,None, , , , 
19109, ,0.27049597304631345,1.933891750455232e-08,None,None,None,None, , , , 
19110, ,0.27049597304631345,2.0729217795953697e-08,None,None,None,None, , , , 
19111, ,0.27049597304631345,2.221946860939524e-08,None,None,None,None, , , , 
19112, ,0.27049597304631345,2.3816855519761606e-08,None,None,None,None, , , , 
19113, ,0.27049597304631345,2.552908068239516e-08,None,None,None,None, , , , 
19114, ,0.27049597304631345,2.7364399970746666e-08,None,None,None,None, , , , 
19115, ,0.27049597304631345,2.933166278390042e-08,None,None,None,None, , , , 
19116, ,0.27049597304631345,3.1440354715915e-08,None,None,None,None, , , , 
19117, ,0.27049597304631345,3.370064329271925e-08,None,None,None,None, , , , 
19118, ,0.27049597304631345,3.612342699709431e-08,None,None,None,None, , , , 
19119, ,0.27049597304631345,3.872038781812557e-08,None,None,None,None, , , , 
19120, ,0.27049597304631345,4.1504047578504727e-08,None,None,None,None, , , , 
19121, ,0.27049597304631345,4.448782831127585e-08,None,None,None,None, , , , 
19122, ,0.27049597304631345,4.768611697714474e-08,None,None,None,None, , , , 
19123, ,0.27049597304631345,5.111433483440165e-08,None,None,None,None, , , , 
19124, ,0.27049597304631345,5.478901179593934e-08,None,None,None,None, , , , 
19125, ,0.27049597304631345,5.872786613189478e-08,None,None,None,None, , , , 
19126, ,0.27049597304631345,6.294988990221888e-08,None,None,None,None, , , , 
19127, ,0.27049597304631345,6.747544053110687e-08,None,None,None,None, , , , 
19128, ,0.27049597304631345,7.232633896483534e-08,None,None,None,None, , , , 
19129, ,0.27049597304631345,7.752597488629465e-08,None,None,None,None, , , , 
19130, ,0.27049597304631345,8.309941949353386e-08,None,None,None,None, , , , 
19131, ,0.27049597304631345,8.907354638610439e-08,None,None,None,None, , , , 
19132, ,0.27049597304631345,9.547716114208066e-08,None,None,None,None, , , , 
19133, ,0.27049597304631345,1.0234114021054528e-07,None,None,None,None, , , , 
19134, ,0.27049597304631345,1.0969857978923841e-07,None,None,None,None, , , , 
19135, ,0.27049597304631345,1.1758495540521555e-07,None,None,None,None, , , , 
19136, ,0.27049597304631345,1.2603829296797277e-07,None,None,None,None, , , , 
19137, ,0.27049597304631345,1.350993521198025e-07,None,None,None,None, , , , 
19138, ,0.27049597304631345,1.4481182276745328e-07,None,None,None,None, , , , 
19139, ,0.27049597304631345,1.552225357427048e-07,None,None,None,None, , , , 
19140, ,0.27049597304631345,1.6638168860761273e-07,None,None,None,None, , , , 
19141, ,0.27049597304631345,1.7834308769319093e-07,None,None,None,None, , , , 
19142, ,0.27049597304631345,1.9116440753857e-07,None,None,None,None, , , , 
19143, ,0.27049597304631345,2.049074689815846e-07,None,None,None,None, , , , 
19144, ,0.27049597304631345,2.1963853724165468e-07,None,None,None,None, , , , 
19145, ,0.27049597304631345,2.3542864143224158e-07,None,None,None,None, , , , 
19146, ,0.27049597304631345,2.523539170434766e-07,None,None,None,None, , , , 
19147, ,0.27049597304631345,2.7049597304631316e-07,None,None,None,None, , , , 
19148, ,0.27049597304631345,2.899422853882875e-07,None,None,None,None, , , , 
19149, ,0.27049597304631345,3.107866187782014e-07,None,None,None,None, , , , 
19150, ,0.27049597304631345,3.33129478793467e-07,None,None,None,None, , , , 
19151, ,0.27049597304631345,3.5707859649004626e-07,None,None,None,None, , , , 
19152, ,0.27049597304631345,3.827494478516307e-07,None,None,None,None, , , , 
19153, ,0.27049597304631345,4.1026581058271904e-07,None,None,None,None, , , , 
19154, ,0.27049597304631345,4.397603609302722e-07,None,None,None,None, , , , 
19155, ,0.27049597304631345,4.7137531341167185e-07,None,None,None,None, , , , 
19156, ,0.27049597304631345,5.052631065335679e-07,None,None,None,None, , , , 
19157, ,0.27049597304631345,5.415871378079465e-07,None,None,None,None, , , , 
19158, ,0.27049597304631345,5.805225516094896e-07,None,None,None,None, , , , 
19159, ,0.27049597304631345,6.222570836730232e-07,None,None,None,None, , , , 
19160, ,0.27049597304631345,6.669919663030115e-07,None,None,None,None, , , , 
19161, ,0.27049597304631345,7.149428986597576e-07,None,None,None,None, , , , 
19162, ,0.27049597304631345,7.663410868007445e-07,None,None,None,None, , , , 
19163, ,0.27049597304631345,8.214343584919422e-07,None,None,None,None, , , , 
19164, ,0.27049597304631345,8.804883581643463e-07,None,None,None,None, , , , 
19165, ,0.27049597304631345,9.437878277775371e-07,None,None,None,None, , , , 
19166, ,0.27049597304631345,1.0116379797662072e-06,None,None,None,None, , , , 
19167, ,0.27049597304631345,1.0843659686896086e-06,None,None,None,None, , , , 
19168, ,0.27049597304631345,1.1623224686798522e-06,None,None,None,None, , , , 
19169, ,0.27049597304631345,1.2458833642950078e-06,None,None,None,None, , , , 
19170, ,0.27049597304631345,1.3354515629298971e-06,None,None,None,None, , , , 
19171, ,0.27049597304631345,1.4314589375234786e-06,None,None,None,None, , , , 
19172, ,0.27049597304631345,1.53436840893001e-06,None,None,None,None, , , , 
19173, ,0.27049597304631345,1.6446761779946631e-06,None,None,None,None, , , , 
19174, ,0.27049597304631345,1.762914118095948e-06,None,None,None,None, , , , 
19175, ,0.27049597304631345,1.8896523396912082e-06,None,None,None,None, , , , 
19176, ,0.27049597304631345,2.0255019392306664e-06,None,None,None,None, , , , 
19177, ,0.27049597304631345,2.171117945694501e-06,None,None,None,None, , , , 
19178, ,0.27049597304631345,2.327202478960408e-06,None,None,None,None, , , , 
19179, ,0.27049597304631345,2.494508135230317e-06,None,None,None,None, , , , 
19180, ,0.27049597304631345,2.673841615839944e-06,None,None,None,None, , , , 
19181, ,0.27049597304631345,2.8660676169482507e-06,None,None,None,None, , , , 
19182, ,0.27049597304631345,3.0721129988617524e-06,None,None,None,None, , , , 
19183, ,0.27049597304631345,3.292971255097148e-06,None,None,None,None, , , , 
19184, ,0.27049597304631345,3.5297073027306505e-06,None,None,None,None, , , , 
19185, ,0.27049597304631345,3.783462617131925e-06,None,None,None,None, , , , 
19186, ,0.27049597304631345,4.0554607358408275e-06,None,None,None,None, , , , 
19187, ,0.27049597304631345,4.3470131581250175e-06,None,None,None,None, , , , 
19188, ,0.27049597304631345,4.6595256686646765e-06,None,None,None,None, , , , 
19189, ,0.27049597304631345,4.99450511585514e-06,None,None,None,None, , , , 
19190, ,0.27049597304631345,5.353566677410719e-06,None,None,None,None, , , , 
19191, ,0.27049597304631345,5.738441648302393e-06,None,None,None,None, , , , 
19192, ,0.27049597304631345,6.150985788580505e-06,None,None,None,None, , , , 
19193, ,0.27049597304631345,6.593188271333541e-06,None,None,None,None, , , , 
19194, ,0.27049597304631345,7.067181273927492e-06,None,None,None,None, , , , 
19195, ,0.27049597304631345,7.575250258771904e-06,None,None,None,None, , , , 
19196, ,0.27049597304631345,8.119844993184007e-06,None,None,None,None, , , , 
19197, ,0.27049597304631345,8.703591361485167e-06,None,None,None,None, , , , 
19198, ,0.27049597304631345,9.329304026284676e-06,None,None,None,None, , , , 
19199, ,0.27049597304631345,1e-05,None,None,None,None, , , , 
19200, ,0.2800503894183631,1e-11,None,None,None,None, , , , 
19201, ,0.2800503894183631,1.0718913192051263e-11,None,None,None,None, , , , 
19202, ,0.2800503894183631,1.1489510001873107e-11,None,None,None,None, , , , 
19203, ,0.2800503894183631,1.2315506032928262e-11,None,None,None,None, , , , 
19204, ,0.2800503894183631,1.3200884008314167e-11,None,None,None,None, , , , 
19205, ,0.2800503894183631,1.4149912974345786e-11,None,None,None,None, , , , 
19206, ,0.2800503894183631,1.5167168884709242e-11,None,None,None,None, , , , 
19207, ,0.2800503894183631,1.6257556664437934e-11,None,None,None,None, , , , 
19208, ,0.2800503894183631,1.7426333860096473e-11,None,None,None,None, , , , 
19209, ,0.2800503894183631,1.8679135990207848e-11,None,None,None,None, , , , 
19210, ,0.2800503894183631,2.0022003718155844e-11,None,None,None,None, , , , 
19211, ,0.2800503894183631,2.1461411978584013e-11,None,None,None,None, , , , 
19212, ,0.2800503894183631,2.300430119772921e-11,None,None,None,None, , , , 
19213, ,0.2800503894183631,2.465811075822604e-11,None,None,None,None, , , , 
19214, ,0.2800503894183631,2.643081486974103e-11,None,None,None,None, , , , 
19215, ,0.2800503894183631,2.8330961018393178e-11,None,None,None,None, , , , 
19216, ,0.2800503894183631,3.036771118035461e-11,None,None,None,None, , , , 
19217, ,0.2800503894183631,3.255088599835057e-11,None,None,None,None, , , , 
19218, ,0.2800503894183631,3.4891012134067674e-11,None,None,None,None, , , , 
19219, ,0.2800503894183631,3.739937302478801e-11,None,None,None,None, , , , 
19220, ,0.2800503894183631,4.0088063288984646e-11,None,None,None,None, , , , 
19221, ,0.2800503894183631,4.297004704320835e-11,None,None,None,None, , , , 
19222, ,0.2800503894183631,4.605922041145113e-11,None,None,None,None, , , , 
19223, ,0.2800503894183631,4.937047852839004e-11,None,None,None,None, , , , 
19224, ,0.2800503894183631,5.2919787359584366e-11,None,None,None,None, , , , 
19225, ,0.2800503894183631,5.672426068491989e-11,None,None,None,None, , , , 
19226, ,0.2800503894183631,6.080224261649427e-11,None,None,None,None, , , , 
19227, ,0.2800503894183631,6.517339604882421e-11,None,None,None,None, , , , 
19228, ,0.2800503894183631,6.985879746785235e-11,None,None,None,None, , , , 
19229, ,0.2800503894183631,7.48810385759003e-11,None,None,None,None, , , , 
19230, ,0.2800503894183631,8.026433522257174e-11,None,None,None,None, , , , 
19231, ,0.2800503894183631,8.603464416684492e-11,None,None,None,None, , , , 
19232, ,0.2800503894183631,9.221978823334341e-11,None,None,None,None, , , , 
19233, ,0.2800503894183631,9.884959046625586e-11,None,None,None,None, , , , 
19234, ,0.2800503894183631,1.0595601792776149e-10,None,None,None,None, , , , 
19235, ,0.2800503894183631,1.1357333583431027e-10,None,None,None,None, , , , 
19236, ,0.2800503894183631,1.217382727739662e-10,None,None,None,None, , , , 
19237, ,0.2800503894183631,1.3049019780144016e-10,None,None,None,None, , , , 
19238, ,0.2800503894183631,1.398713102647236e-10,None,None,None,None, , , , 
19239, ,0.2800503894183631,1.4992684327860468e-10,None,None,None,None, , , , 
19240, ,0.2800503894183631,1.6070528182616384e-10,None,None,None,None, , , , 
19241, ,0.2800503894183631,1.722585965398784e-10,None,None,None,None, , , , 
19242, ,0.2800503894183631,1.8464249428955463e-10,None,None,None,None, , , , 
19243, ,0.2800503894183631,1.9791668678535569e-10,None,None,None,None, , , , 
19244, ,0.2800503894183631,2.121451784910628e-10,None,None,None,None, , , , 
19245, ,0.2800503894183631,2.273965752357932e-10,None,None,None,None, , , , 
19246, ,0.2800503894183631,2.4374441501222216e-10,None,None,None,None, , , , 
19247, ,0.2800503894183631,2.6126752255633265e-10,None,None,None,None, , , , 
19248, ,0.2800503894183631,2.8005038941836253e-10,None,None,None,None, , , , 
19249, ,0.2800503894183631,3.0018358135755917e-10,None,None,None,None, , , , 
19250, ,0.2800503894183631,3.2176417502507347e-10,None,None,None,None, , , , 
19251, ,0.2800503894183631,3.4489622604057533e-10,None,None,None,None, , , , 
19252, ,0.2800503894183631,3.696912707195032e-10,None,None,None,None, , , , 
19253, ,0.2800503894183631,3.9626886387014783e-10,None,None,None,None, , , , 
19254, ,0.2800503894183631,4.2475715525368935e-10,None,None,None,None, , , , 
19255, ,0.2800503894183631,4.552935074866938e-10,None,None,None,None, , , , 
19256, ,0.2800503894183631,4.880251583654433e-10,None,None,None,None, , , , 
19257, ,0.2800503894183631,5.231099308056258e-10,None,None,None,None, , , , 
19258, ,0.2800503894183631,5.60716993820547e-10,None,None,None,None, , , , 
19259, ,0.2800503894183631,6.010276782070387e-10,None,None,None,None, , , , 
19260, ,0.2800503894183631,6.442363508721371e-10,None,None,None,None, , , , 
19261, ,0.2800503894183631,6.905513520162316e-10,None,None,None,None, , , , 
19262, ,0.2800503894183631,7.401959996915653e-10,None,None,None,None, , , , 
19263, ,0.2800503894183631,7.934096665797492e-10,None,None,None,None, , , , 
19264, ,0.2800503894183631,8.504489341802668e-10,None,None,None,None, , , , 
19265, ,0.2800503894183631,9.115888299750837e-10,None,None,None,None, , , , 
19266, ,0.2800503894183631,9.771241535346502e-10,None,None,None,None, , , , 
19267, ,0.2800503894183631,1.0473708979594486e-09,None,None,None,None, , , , 
19268, ,0.2800503894183631,1.1226677735108114e-09,None,None,None,None, , , , 
19269, ,0.2800503894183631,1.2033778407775904e-09,None,None,None,None, , , , 
19270, ,0.2800503894183631,1.289890261253308e-09,None,None,None,None, , , , 
19271, ,0.2800503894183631,1.3826221737646535e-09,None,None,None,None, , , , 
19272, ,0.2800503894183631,1.4820207057988602e-09,None,None,None,None, , , , 
19273, ,0.2800503894183631,1.5885651294280526e-09,None,None,None,None, , , , 
19274, ,0.2800503894183631,1.702769172225898e-09,None,None,None,None, , , , 
19275, ,0.2800503894183631,1.825183494319039e-09,None,None,None,None, , , , 
19276, ,0.2800503894183631,1.956398343517065e-09,None,None,None,None, , , , 
19277, ,0.2800503894183631,2.0970464013232305e-09,None,None,None,None, , , , 
19278, ,0.2800503894183631,2.2478058335487307e-09,None,None,None,None, , , , 
19279, ,0.2800503894183631,2.409403560239527e-09,None,None,None,None, , , , 
19280, ,0.2800503894183631,2.582618760682675e-09,None,None,None,None, , , , 
19281, ,0.2800503894183631,2.768286630392061e-09,None,None,None,None, , , , 
19282, ,0.2800503894183631,2.9673024081888724e-09,None,None,None,None, , , , 
19283, ,0.2800503894183631,3.180625692794119e-09,None,None,None,None, , , , 
19284, ,0.2800503894183631,3.409285069746807e-09,None,None,None,None, , , , 
19285, ,0.2800503894183631,3.654383070957262e-09,None,None,None,None, , , , 
19286, ,0.2800503894183631,3.917101490809261e-09,None,None,None,None, , , , 
19287, ,0.2800503894183631,4.198707084443906e-09,None,None,None,None, , , , 
19288, ,0.2800503894183631,4.500557675700488e-09,None,None,None,None, , , , 
19289, ,0.2800503894183631,4.824108704165374e-09,None,None,None,None, , , , 
19290, ,0.2800503894183631,5.170920242896755e-09,None,None,None,None, , , , 
19291, ,0.2800503894183631,5.542664520663096e-09,None,None,None,None, , , , 
19292, ,0.2800503894183631,5.941133984965041e-09,None,None,None,None, , , , 
19293, ,0.2800503894183631,6.3682499447185856e-09,None,None,None,None, , , , 
19294, ,0.2800503894183631,6.826071834272379e-09,None,None,None,None, , , , 
19295, ,0.2800503894183631,7.316807143427175e-09,None,None,None,None, , , , 
19296, ,0.2800503894183631,7.842822061337681e-09,None,None,None,None, , , , 
19297, ,0.2800503894183631,8.406652885618316e-09,None,None,None,None, , , , 
19298, ,0.2800503894183631,9.011018251665036e-09,None,None,None,None, , , , 
19299, ,0.2800503894183631,9.658832241158707e-09,None,None,None,None, , , , 
19300, ,0.2800503894183631,1.0353218432956616e-08,None,None,None,None, , , , 
19301, ,0.2800503894183631,1.1097524964120722e-08,None,None,None,None, , , , 
19302, ,0.2800503894183631,1.1895340673703208e-08,None,None,None,None, , , , 
19303, ,0.2800503894183631,1.2750512407130128e-08,None,None,None,None, , , , 
19304, ,0.2800503894183631,1.3667163564620044e-08,None,None,None,None, , , , 
19305, ,0.2800503894183631,1.4649713983072853e-08,None,None,None,None, , , , 
19306, ,0.2800503894183631,1.5702901247293774e-08,None,None,None,None, , , , 
19307, ,0.2800503894183631,1.683180353330955e-08,None,None,None,None, , , , 
19308, ,0.2800503894183631,1.8041864093920717e-08,None,None,None,None, , , , 
19309, ,0.2800503894183631,1.933891750455232e-08,None,None,None,None, , , , 
19310, ,0.2800503894183631,2.0729217795953697e-08,None,None,None,None, , , , 
19311, ,0.2800503894183631,2.221946860939524e-08,None,None,None,None, , , , 
19312, ,0.2800503894183631,2.3816855519761606e-08,None,None,None,None, , , , 
19313, ,0.2800503894183631,2.552908068239516e-08,None,None,None,None, , , , 
19314, ,0.2800503894183631,2.7364399970746666e-08,None,None,None,None, , , , 
19315, ,0.2800503894183631,2.933166278390042e-08,None,None,None,None, , , , 
19316, ,0.2800503894183631,3.1440354715915e-08,None,None,None,None, , , , 
19317, ,0.2800503894183631,3.370064329271925e-08,None,None,None,None, , , , 
19318, ,0.2800503894183631,3.612342699709431e-08,None,None,None,None, , , , 
19319, ,0.2800503894183631,3.872038781812557e-08,None,None,None,None, , , , 
19320, ,0.2800503894183631,4.1504047578504727e-08,None,None,None,None, , , , 
19321, ,0.2800503894183631,4.448782831127585e-08,None,None,None,None, , , , 
19322, ,0.2800503894183631,4.768611697714474e-08,None,None,None,None, , , , 
19323, ,0.2800503894183631,5.111433483440165e-08,None,None,None,None, , , , 
19324, ,0.2800503894183631,5.478901179593934e-08,None,None,None,None, , , , 
19325, ,0.2800503894183631,5.872786613189478e-08,None,None,None,None, , , , 
19326, ,0.2800503894183631,6.294988990221888e-08,None,None,None,None, , , , 
19327, ,0.2800503894183631,6.747544053110687e-08,None,None,None,None, , , , 
19328, ,0.2800503894183631,7.232633896483534e-08,None,None,None,None, , , , 
19329, ,0.2800503894183631,7.752597488629465e-08,None,None,None,None, , , , 
19330, ,0.2800503894183631,8.309941949353386e-08,None,None,None,None, , , , 
19331, ,0.2800503894183631,8.907354638610439e-08,None,None,None,None, , , , 
19332, ,0.2800503894183631,9.547716114208066e-08,None,None,None,None, , , , 
19333, ,0.2800503894183631,1.0234114021054528e-07,None,None,None,None, , , , 
19334, ,0.2800503894183631,1.0969857978923841e-07,None,None,None,None, , , , 
19335, ,0.2800503894183631,1.1758495540521555e-07,None,None,None,None, , , , 
19336, ,0.2800503894183631,1.2603829296797277e-07,None,None,None,None, , , , 
19337, ,0.2800503894183631,1.350993521198025e-07,None,None,None,None, , , , 
19338, ,0.2800503894183631,1.4481182276745328e-07,None,None,None,None, , , , 
19339, ,0.2800503894183631,1.552225357427048e-07,None,None,None,None, , , , 
19340, ,0.2800503894183631,1.6638168860761273e-07,None,None,None,None, , , , 
19341, ,0.2800503894183631,1.7834308769319093e-07,None,None,None,None, , , , 
19342, ,0.2800503894183631,1.9116440753857e-07,None,None,None,None, , , , 
19343, ,0.2800503894183631,2.049074689815846e-07,None,None,None,None, , , , 
19344, ,0.2800503894183631,2.1963853724165468e-07,None,None,None,None, , , , 
19345, ,0.2800503894183631,2.3542864143224158e-07,None,None,None,None, , , , 
19346, ,0.2800503894183631,2.523539170434766e-07,None,None,None,None, , , , 
19347, ,0.2800503894183631,2.7049597304631316e-07,None,None,None,None, , , , 
19348, ,0.2800503894183631,2.899422853882875e-07,None,None,None,None, , , , 
19349, ,0.2800503894183631,3.107866187782014e-07,None,None,None,None, , , , 
19350, ,0.2800503894183631,3.33129478793467e-07,None,None,None,None, , , , 
19351, ,0.2800503894183631,3.5707859649004626e-07,None,None,None,None, , , , 
19352, ,0.2800503894183631,3.827494478516307e-07,None,None,None,None, , , , 
19353, ,0.2800503894183631,4.1026581058271904e-07,None,None,None,None, , , , 
19354, ,0.2800503894183631,4.397603609302722e-07,None,None,None,None, , , , 
19355, ,0.2800503894183631,4.7137531341167185e-07,None,None,None,None, , , , 
19356, ,0.2800503894183631,5.052631065335679e-07,None,None,None,None, , , , 
19357, ,0.2800503894183631,5.415871378079465e-07,None,None,None,None, , , , 
19358, ,0.2800503894183631,5.805225516094896e-07,None,None,None,None, , , , 
19359, ,0.2800503894183631,6.222570836730232e-07,None,None,None,None, , , , 
19360, ,0.2800503894183631,6.669919663030115e-07,None,None,None,None, , , , 
19361, ,0.2800503894183631,7.149428986597576e-07,None,None,None,None, , , , 
19362, ,0.2800503894183631,7.663410868007445e-07,None,None,None,None, , , , 
19363, ,0.2800503894183631,8.214343584919422e-07,None,None,None,None, , , , 
19364, ,0.2800503894183631,8.804883581643463e-07,None,None,None,None, , , , 
19365, ,0.2800503894183631,9.437878277775371e-07,None,None,None,None, , , , 
19366, ,0.2800503894183631,1.0116379797662072e-06,None,None,None,None, , , , 
19367, ,0.2800503894183631,1.0843659686896086e-06,None,None,None,None, , , , 
19368, ,0.2800503894183631,1.1623224686798522e-06,None,None,None,None, , , , 
19369, ,0.2800503894183631,1.2458833642950078e-06,None,None,None,None, , , , 
19370, ,0.2800503894183631,1.3354515629298971e-06,None,None,None,None, , , , 
19371, ,0.2800503894183631,1.4314589375234786e-06,None,None,None,None, , , , 
19372, ,0.2800503894183631,1.53436840893001e-06,None,None,None,None, , , , 
19373, ,0.2800503894183631,1.6446761779946631e-06,None,None,None,None, , , , 
19374, ,0.2800503894183631,1.762914118095948e-06,None,None,None,None, , , , 
19375, ,0.2800503894183631,1.8896523396912082e-06,None,None,None,None, , , , 
19376, ,0.2800503894183631,2.0255019392306664e-06,None,None,None,None, , , , 
19377, ,0.2800503894183631,2.171117945694501e-06,None,None,None,None, , , , 
19378, ,0.2800503894183631,2.327202478960408e-06,None,None,None,None, , , , 
19379, ,0.2800503894183631,2.494508135230317e-06,None,None,None,None, , , , 
19380, ,0.2800503894183631,2.673841615839944e-06,None,None,None,None, , , , 
19381, ,0.2800503894183631,2.8660676169482507e-06,None,None,None,None, , , , 
19382, ,0.2800503894183631,3.0721129988617524e-06,None,None,None,None, , , , 
19383, ,0.2800503894183631,3.292971255097148e-06,None,None,None,None, , , , 
19384, ,0.2800503894183631,3.5297073027306505e-06,None,None,None,None, , , , 
19385, ,0.2800503894183631,3.783462617131925e-06,None,None,None,None, , , , 
19386, ,0.2800503894183631,4.0554607358408275e-06,None,None,None,None, , , , 
19387, ,0.2800503894183631,4.3470131581250175e-06,None,None,None,None, , , , 
19388, ,0.2800503894183631,4.6595256686646765e-06,None,None,None,None, , , , 
19389, ,0.2800503894183631,4.99450511585514e-06,None,None,None,None, , , , 
19390, ,0.2800503894183631,5.353566677410719e-06,None,None,None,None, , , , 
19391, ,0.2800503894183631,5.738441648302393e-06,None,None,None,None, , , , 
19392, ,0.2800503894183631,6.150985788580505e-06,None,None,None,None, , , , 
19393, ,0.2800503894183631,6.593188271333541e-06,None,None,None,None, , , , 
19394, ,0.2800503894183631,7.067181273927492e-06,None,None,None,None, , , , 
19395, ,0.2800503894183631,7.575250258771904e-06,None,None,None,None, , , , 
19396, ,0.2800503894183631,8.119844993184007e-06,None,None,None,None, , , , 
19397, ,0.2800503894183631,8.703591361485167e-06,None,None,None,None, , , , 
19398, ,0.2800503894183631,9.329304026284676e-06,None,None,None,None, , , , 
19399, ,0.2800503894183631,1e-05,None,None,None,None, , , , 
19400, ,0.28994228538828765,1e-11,None,None,None,None, , , , 
19401, ,0.28994228538828765,1.0718913192051263e-11,None,None,None,None, , , , 
19402, ,0.28994228538828765,1.1489510001873107e-11,None,None,None,None, , , , 
19403, ,0.28994228538828765,1.2315506032928262e-11,None,None,None,None, , , , 
19404, ,0.28994228538828765,1.3200884008314167e-11,None,None,None,None, , , , 
19405, ,0.28994228538828765,1.4149912974345786e-11,None,None,None,None, , , , 
19406, ,0.28994228538828765,1.5167168884709242e-11,None,None,None,None, , , , 
19407, ,0.28994228538828765,1.6257556664437934e-11,None,None,None,None, , , , 
19408, ,0.28994228538828765,1.7426333860096473e-11,None,None,None,None, , , , 
19409, ,0.28994228538828765,1.8679135990207848e-11,None,None,None,None, , , , 
19410, ,0.28994228538828765,2.0022003718155844e-11,None,None,None,None, , , , 
19411, ,0.28994228538828765,2.1461411978584013e-11,None,None,None,None, , , , 
19412, ,0.28994228538828765,2.300430119772921e-11,None,None,None,None, , , , 
19413, ,0.28994228538828765,2.465811075822604e-11,None,None,None,None, , , , 
19414, ,0.28994228538828765,2.643081486974103e-11,None,None,None,None, , , , 
19415, ,0.28994228538828765,2.8330961018393178e-11,None,None,None,None, , , , 
19416, ,0.28994228538828765,3.036771118035461e-11,None,None,None,None, , , , 
19417, ,0.28994228538828765,3.255088599835057e-11,None,None,None,None, , , , 
19418, ,0.28994228538828765,3.4891012134067674e-11,None,None,None,None, , , , 
19419, ,0.28994228538828765,3.739937302478801e-11,None,None,None,None, , , , 
19420, ,0.28994228538828765,4.0088063288984646e-11,None,None,None,None, , , , 
19421, ,0.28994228538828765,4.297004704320835e-11,None,None,None,None, , , , 
19422, ,0.28994228538828765,4.605922041145113e-11,None,None,None,None, , , , 
19423, ,0.28994228538828765,4.937047852839004e-11,None,None,None,None, , , , 
19424, ,0.28994228538828765,5.2919787359584366e-11,None,None,None,None, , , , 
19425, ,0.28994228538828765,5.672426068491989e-11,None,None,None,None, , , , 
19426, ,0.28994228538828765,6.080224261649427e-11,None,None,None,None, , , , 
19427, ,0.28994228538828765,6.517339604882421e-11,None,None,None,None, , , , 
19428, ,0.28994228538828765,6.985879746785235e-11,None,None,None,None, , , , 
19429, ,0.28994228538828765,7.48810385759003e-11,None,None,None,None, , , , 
19430, ,0.28994228538828765,8.026433522257174e-11,None,None,None,None, , , , 
19431, ,0.28994228538828765,8.603464416684492e-11,None,None,None,None, , , , 
19432, ,0.28994228538828765,9.221978823334341e-11,None,None,None,None, , , , 
19433, ,0.28994228538828765,9.884959046625586e-11,None,None,None,None, , , , 
19434, ,0.28994228538828765,1.0595601792776149e-10,None,None,None,None, , , , 
19435, ,0.28994228538828765,1.1357333583431027e-10,None,None,None,None, , , , 
19436, ,0.28994228538828765,1.217382727739662e-10,None,None,None,None, , , , 
19437, ,0.28994228538828765,1.3049019780144016e-10,None,None,None,None, , , , 
19438, ,0.28994228538828765,1.398713102647236e-10,None,None,None,None, , , , 
19439, ,0.28994228538828765,1.4992684327860468e-10,None,None,None,None, , , , 
19440, ,0.28994228538828765,1.6070528182616384e-10,None,None,None,None, , , , 
19441, ,0.28994228538828765,1.722585965398784e-10,None,None,None,None, , , , 
19442, ,0.28994228538828765,1.8464249428955463e-10,None,None,None,None, , , , 
19443, ,0.28994228538828765,1.9791668678535569e-10,None,None,None,None, , , , 
19444, ,0.28994228538828765,2.121451784910628e-10,None,None,None,None, , , , 
19445, ,0.28994228538828765,2.273965752357932e-10,None,None,None,None, , , , 
19446, ,0.28994228538828765,2.4374441501222216e-10,None,None,None,None, , , , 
19447, ,0.28994228538828765,2.6126752255633265e-10,None,None,None,None, , , , 
19448, ,0.28994228538828765,2.8005038941836253e-10,None,None,None,None, , , , 
19449, ,0.28994228538828765,3.0018358135755917e-10,None,None,None,None, , , , 
19450, ,0.28994228538828765,3.2176417502507347e-10,None,None,None,None, , , , 
19451, ,0.28994228538828765,3.4489622604057533e-10,None,None,None,None, , , , 
19452, ,0.28994228538828765,3.696912707195032e-10,None,None,None,None, , , , 
19453, ,0.28994228538828765,3.9626886387014783e-10,None,None,None,None, , , , 
19454, ,0.28994228538828765,4.2475715525368935e-10,None,None,None,None, , , , 
19455, ,0.28994228538828765,4.552935074866938e-10,None,None,None,None, , , , 
19456, ,0.28994228538828765,4.880251583654433e-10,None,None,None,None, , , , 
19457, ,0.28994228538828765,5.231099308056258e-10,None,None,None,None, , , , 
19458, ,0.28994228538828765,5.60716993820547e-10,None,None,None,None, , , , 
19459, ,0.28994228538828765,6.010276782070387e-10,None,None,None,None, , , , 
19460, ,0.28994228538828765,6.442363508721371e-10,None,None,None,None, , , , 
19461, ,0.28994228538828765,6.905513520162316e-10,None,None,None,None, , , , 
19462, ,0.28994228538828765,7.401959996915653e-10,None,None,None,None, , , , 
19463, ,0.28994228538828765,7.934096665797492e-10,None,None,None,None, , , , 
19464, ,0.28994228538828765,8.504489341802668e-10,None,None,None,None, , , , 
19465, ,0.28994228538828765,9.115888299750837e-10,None,None,None,None, , , , 
19466, ,0.28994228538828765,9.771241535346502e-10,None,None,None,None, , , , 
19467, ,0.28994228538828765,1.0473708979594486e-09,None,None,None,None, , , , 
19468, ,0.28994228538828765,1.1226677735108114e-09,None,None,None,None, , , , 
19469, ,0.28994228538828765,1.2033778407775904e-09,None,None,None,None, , , , 
19470, ,0.28994228538828765,1.289890261253308e-09,None,None,None,None, , , , 
19471, ,0.28994228538828765,1.3826221737646535e-09,None,None,None,None, , , , 
19472, ,0.28994228538828765,1.4820207057988602e-09,None,None,None,None, , , , 
19473, ,0.28994228538828765,1.5885651294280526e-09,None,None,None,None, , , , 
19474, ,0.28994228538828765,1.702769172225898e-09,None,None,None,None, , , , 
19475, ,0.28994228538828765,1.825183494319039e-09,None,None,None,None, , , , 
19476, ,0.28994228538828765,1.956398343517065e-09,None,None,None,None, , , , 
19477, ,0.28994228538828765,2.0970464013232305e-09,None,None,None,None, , , , 
19478, ,0.28994228538828765,2.2478058335487307e-09,None,None,None,None, , , , 
19479, ,0.28994228538828765,2.409403560239527e-09,None,None,None,None, , , , 
19480, ,0.28994228538828765,2.582618760682675e-09,None,None,None,None, , , , 
19481, ,0.28994228538828765,2.768286630392061e-09,None,None,None,None, , , , 
19482, ,0.28994228538828765,2.9673024081888724e-09,None,None,None,None, , , , 
19483, ,0.28994228538828765,3.180625692794119e-09,None,None,None,None, , , , 
19484, ,0.28994228538828765,3.409285069746807e-09,None,None,None,None, , , , 
19485, ,0.28994228538828765,3.654383070957262e-09,None,None,None,None, , , , 
19486, ,0.28994228538828765,3.917101490809261e-09,None,None,None,None, , , , 
19487, ,0.28994228538828765,4.198707084443906e-09,None,None,None,None, , , , 
19488, ,0.28994228538828765,4.500557675700488e-09,None,None,None,None, , , , 
19489, ,0.28994228538828765,4.824108704165374e-09,None,None,None,None, , , , 
19490, ,0.28994228538828765,5.170920242896755e-09,None,None,None,None, , , , 
19491, ,0.28994228538828765,5.542664520663096e-09,None,None,None,None, , , , 
19492, ,0.28994228538828765,5.941133984965041e-09,None,None,None,None, , , , 
19493, ,0.28994228538828765,6.3682499447185856e-09,None,None,None,None, , , , 
19494, ,0.28994228538828765,6.826071834272379e-09,None,None,None,None, , , , 
19495, ,0.28994228538828765,7.316807143427175e-09,None,None,None,None, , , , 
19496, ,0.28994228538828765,7.842822061337681e-09,None,None,None,None, , , , 
19497, ,0.28994228538828765,8.406652885618316e-09,None,None,None,None, , , , 
19498, ,0.28994228538828765,9.011018251665036e-09,None,None,None,None, , , , 
19499, ,0.28994228538828765,9.658832241158707e-09,None,None,None,None, , , , 
19500, ,0.28994228538828765,1.0353218432956616e-08,None,None,None,None, , , , 
19501, ,0.28994228538828765,1.1097524964120722e-08,None,None,None,None, , , , 
19502, ,0.28994228538828765,1.1895340673703208e-08,None,None,None,None, , , , 
19503, ,0.28994228538828765,1.2750512407130128e-08,None,None,None,None, , , , 
19504, ,0.28994228538828765,1.3667163564620044e-08,None,None,None,None, , , , 
19505, ,0.28994228538828765,1.4649713983072853e-08,None,None,None,None, , , , 
19506, ,0.28994228538828765,1.5702901247293774e-08,None,None,None,None, , , , 
19507, ,0.28994228538828765,1.683180353330955e-08,None,None,None,None, , , , 
19508, ,0.28994228538828765,1.8041864093920717e-08,None,None,None,None, , , , 
19509, ,0.28994228538828765,1.933891750455232e-08,None,None,None,None, , , , 
19510, ,0.28994228538828765,2.0729217795953697e-08,None,None,None,None, , , , 
19511, ,0.28994228538828765,2.221946860939524e-08,None,None,None,None, , , , 
19512, ,0.28994228538828765,2.3816855519761606e-08,None,None,None,None, , , , 
19513, ,0.28994228538828765,2.552908068239516e-08,None,None,None,None, , , , 
19514, ,0.28994228538828765,2.7364399970746666e-08,None,None,None,None, , , , 
19515, ,0.28994228538828765,2.933166278390042e-08,None,None,None,None, , , , 
19516, ,0.28994228538828765,3.1440354715915e-08,None,None,None,None, , , , 
19517, ,0.28994228538828765,3.370064329271925e-08,None,None,None,None, , , , 
19518, ,0.28994228538828765,3.612342699709431e-08,None,None,None,None, , , , 
19519, ,0.28994228538828765,3.872038781812557e-08,None,None,None,None, , , , 
19520, ,0.28994228538828765,4.1504047578504727e-08,None,None,None,None, , , , 
19521, ,0.28994228538828765,4.448782831127585e-08,None,None,None,None, , , , 
19522, ,0.28994228538828765,4.768611697714474e-08,None,None,None,None, , , , 
19523, ,0.28994228538828765,5.111433483440165e-08,None,None,None,None, , , , 
19524, ,0.28994228538828765,5.478901179593934e-08,None,None,None,None, , , , 
19525, ,0.28994228538828765,5.872786613189478e-08,None,None,None,None, , , , 
19526, ,0.28994228538828765,6.294988990221888e-08,None,None,None,None, , , , 
19527, ,0.28994228538828765,6.747544053110687e-08,None,None,None,None, , , , 
19528, ,0.28994228538828765,7.232633896483534e-08,None,None,None,None, , , , 
19529, ,0.28994228538828765,7.752597488629465e-08,None,None,None,None, , , , 
19530, ,0.28994228538828765,8.309941949353386e-08,None,None,None,None, , , , 
19531, ,0.28994228538828765,8.907354638610439e-08,None,None,None,None, , , , 
19532, ,0.28994228538828765,9.547716114208066e-08,None,None,None,None, , , , 
19533, ,0.28994228538828765,1.0234114021054528e-07,None,None,None,None, , , , 
19534, ,0.28994228538828765,1.0969857978923841e-07,None,None,None,None, , , , 
19535, ,0.28994228538828765,1.1758495540521555e-07,None,None,None,None, , , , 
19536, ,0.28994228538828765,1.2603829296797277e-07,None,None,None,None, , , , 
19537, ,0.28994228538828765,1.350993521198025e-07,None,None,None,None, , , , 
19538, ,0.28994228538828765,1.4481182276745328e-07,None,None,None,None, , , , 
19539, ,0.28994228538828765,1.552225357427048e-07,None,None,None,None, , , , 
19540, ,0.28994228538828765,1.6638168860761273e-07,None,None,None,None, , , , 
19541, ,0.28994228538828765,1.7834308769319093e-07,None,None,None,None, , , , 
19542, ,0.28994228538828765,1.9116440753857e-07,None,None,None,None, , , , 
19543, ,0.28994228538828765,2.049074689815846e-07,None,None,None,None, , , , 
19544, ,0.28994228538828765,2.1963853724165468e-07,None,None,None,None, , , , 
19545, ,0.28994228538828765,2.3542864143224158e-07,None,None,None,None, , , , 
19546, ,0.28994228538828765,2.523539170434766e-07,None,None,None,None, , , , 
19547, ,0.28994228538828765,2.7049597304631316e-07,None,None,None,None, , , , 
19548, ,0.28994228538828765,2.899422853882875e-07,None,None,None,None, , , , 
19549, ,0.28994228538828765,3.107866187782014e-07,None,None,None,None, , , , 
19550, ,0.28994228538828765,3.33129478793467e-07,None,None,None,None, , , , 
19551, ,0.28994228538828765,3.5707859649004626e-07,None,None,None,None, , , , 
19552, ,0.28994228538828765,3.827494478516307e-07,None,None,None,None, , , , 
19553, ,0.28994228538828765,4.1026581058271904e-07,None,None,None,None, , , , 
19554, ,0.28994228538828765,4.397603609302722e-07,None,None,None,None, , , , 
19555, ,0.28994228538828765,4.7137531341167185e-07,None,None,None,None, , , , 
19556, ,0.28994228538828765,5.052631065335679e-07,None,None,None,None, , , , 
19557, ,0.28994228538828765,5.415871378079465e-07,None,None,None,None, , , , 
19558, ,0.28994228538828765,5.805225516094896e-07,None,None,None,None, , , , 
19559, ,0.28994228538828765,6.222570836730232e-07,None,None,None,None, , , , 
19560, ,0.28994228538828765,6.669919663030115e-07,None,None,None,None, , , , 
19561, ,0.28994228538828765,7.149428986597576e-07,None,None,None,None, , , , 
19562, ,0.28994228538828765,7.663410868007445e-07,None,None,None,None, , , , 
19563, ,0.28994228538828765,8.214343584919422e-07,None,None,None,None, , , , 
19564, ,0.28994228538828765,8.804883581643463e-07,None,None,None,None, , , , 
19565, ,0.28994228538828765,9.437878277775371e-07,None,None,None,None, , , , 
19566, ,0.28994228538828765,1.0116379797662072e-06,None,None,None,None, , , , 
19567, ,0.28994228538828765,1.0843659686896086e-06,None,None,None,None, , , , 
19568, ,0.28994228538828765,1.1623224686798522e-06,None,None,None,None, , , , 
19569, ,0.28994228538828765,1.2458833642950078e-06,None,None,None,None, , , , 
19570, ,0.28994228538828765,1.3354515629298971e-06,None,None,None,None, , , , 
19571, ,0.28994228538828765,1.4314589375234786e-06,None,None,None,None, , , , 
19572, ,0.28994228538828765,1.53436840893001e-06,None,None,None,None, , , , 
19573, ,0.28994228538828765,1.6446761779946631e-06,None,None,None,None, , , , 
19574, ,0.28994228538828765,1.762914118095948e-06,None,None,None,None, , , , 
19575, ,0.28994228538828765,1.8896523396912082e-06,None,None,None,None, , , , 
19576, ,0.28994228538828765,2.0255019392306664e-06,None,None,None,None, , , , 
19577, ,0.28994228538828765,2.171117945694501e-06,None,None,None,None, , , , 
19578, ,0.28994228538828765,2.327202478960408e-06,None,None,None,None, , , , 
19579, ,0.28994228538828765,2.494508135230317e-06,None,None,None,None, , , , 
19580, ,0.28994228538828765,2.673841615839944e-06,None,None,None,None, , , , 
19581, ,0.28994228538828765,2.8660676169482507e-06,None,None,None,None, , , , 
19582, ,0.28994228538828765,3.0721129988617524e-06,None,None,None,None, , , , 
19583, ,0.28994228538828765,3.292971255097148e-06,None,None,None,None, , , , 
19584, ,0.28994228538828765,3.5297073027306505e-06,None,None,None,None, , , , 
19585, ,0.28994228538828765,3.783462617131925e-06,None,None,None,None, , , , 
19586, ,0.28994228538828765,4.0554607358408275e-06,None,None,None,None, , , , 
19587, ,0.28994228538828765,4.3470131581250175e-06,None,None,None,None, , , , 
19588, ,0.28994228538828765,4.6595256686646765e-06,None,None,None,None, , , , 
19589, ,0.28994228538828765,4.99450511585514e-06,None,None,None,None, , , , 
19590, ,0.28994228538828765,5.353566677410719e-06,None,None,None,None, , , , 
19591, ,0.28994228538828765,5.738441648302393e-06,None,None,None,None, , , , 
19592, ,0.28994228538828765,6.150985788580505e-06,None,None,None,None, , , , 
19593, ,0.28994228538828765,6.593188271333541e-06,None,None,None,None, , , , 
19594, ,0.28994228538828765,7.067181273927492e-06,None,None,None,None, , , , 
19595, ,0.28994228538828765,7.575250258771904e-06,None,None,None,None, , , , 
19596, ,0.28994228538828765,8.119844993184007e-06,None,None,None,None, , , , 
19597, ,0.28994228538828765,8.703591361485167e-06,None,None,None,None, , , , 
19598, ,0.28994228538828765,9.329304026284676e-06,None,None,None,None, , , , 
19599, ,0.28994228538828765,1e-05,None,None,None,None, , , , 
19600, ,0.3001835813575589,1e-11,None,None,None,None, , , , 
19601, ,0.3001835813575589,1.0718913192051263e-11,None,None,None,None, , , , 
19602, ,0.3001835813575589,1.1489510001873107e-11,None,None,None,None, , , , 
19603, ,0.3001835813575589,1.2315506032928262e-11,None,None,None,None, , , , 
19604, ,0.3001835813575589,1.3200884008314167e-11,None,None,None,None, , , , 
19605, ,0.3001835813575589,1.4149912974345786e-11,None,None,None,None, , , , 
19606, ,0.3001835813575589,1.5167168884709242e-11,None,None,None,None, , , , 
19607, ,0.3001835813575589,1.6257556664437934e-11,None,None,None,None, , , , 
19608, ,0.3001835813575589,1.7426333860096473e-11,None,None,None,None, , , , 
19609, ,0.3001835813575589,1.8679135990207848e-11,None,None,None,None, , , , 
19610, ,0.3001835813575589,2.0022003718155844e-11,None,None,None,None, , , , 
19611, ,0.3001835813575589,2.1461411978584013e-11,None,None,None,None, , , , 
19612, ,0.3001835813575589,2.300430119772921e-11,None,None,None,None, , , , 
19613, ,0.3001835813575589,2.465811075822604e-11,None,None,None,None, , , , 
19614, ,0.3001835813575589,2.643081486974103e-11,None,None,None,None, , , , 
19615, ,0.3001835813575589,2.8330961018393178e-11,None,None,None,None, , , , 
19616, ,0.3001835813575589,3.036771118035461e-11,None,None,None,None, , , , 
19617, ,0.3001835813575589,3.255088599835057e-11,None,None,None,None, , , , 
19618, ,0.3001835813575589,3.4891012134067674e-11,None,None,None,None, , , , 
19619, ,0.3001835813575589,3.739937302478801e-11,None,None,None,None, , , , 
19620, ,0.3001835813575589,4.0088063288984646e-11,None,None,None,None, , , , 
19621, ,0.3001835813575589,4.297004704320835e-11,None,None,None,None, , , , 
19622, ,0.3001835813575589,4.605922041145113e-11,None,None,None,None, , , , 
19623, ,0.3001835813575589,4.937047852839004e-11,None,None,None,None, , , , 
19624, ,0.3001835813575589,5.2919787359584366e-11,None,None,None,None, , , , 
19625, ,0.3001835813575589,5.672426068491989e-11,None,None,None,None, , , , 
19626, ,0.3001835813575589,6.080224261649427e-11,None,None,None,None, , , , 
19627, ,0.3001835813575589,6.517339604882421e-11,None,None,None,None, , , , 
19628, ,0.3001835813575589,6.985879746785235e-11,None,None,None,None, , , , 
19629, ,0.3001835813575589,7.48810385759003e-11,None,None,None,None, , , , 
19630, ,0.3001835813575589,8.026433522257174e-11,None,None,None,None, , , , 
19631, ,0.3001835813575589,8.603464416684492e-11,None,None,None,None, , , , 
19632, ,0.3001835813575589,9.221978823334341e-11,None,None,None,None, , , , 
19633, ,0.3001835813575589,9.884959046625586e-11,None,None,None,None, , , , 
19634, ,0.3001835813575589,1.0595601792776149e-10,None,None,None,None, , , , 
19635, ,0.3001835813575589,1.1357333583431027e-10,None,None,None,None, , , , 
19636, ,0.3001835813575589,1.217382727739662e-10,None,None,None,None, , , , 
19637, ,0.3001835813575589,1.3049019780144016e-10,None,None,None,None, , , , 
19638, ,0.3001835813575589,1.398713102647236e-10,None,None,None,None, , , , 
19639, ,0.3001835813575589,1.4992684327860468e-10,None,None,None,None, , , , 
19640, ,0.3001835813575589,1.6070528182616384e-10,None,None,None,None, , , , 
19641, ,0.3001835813575589,1.722585965398784e-10,None,None,None,None, , , , 
19642, ,0.3001835813575589,1.8464249428955463e-10,None,None,None,None, , , , 
19643, ,0.3001835813575589,1.9791668678535569e-10,None,None,None,None, , , , 
19644, ,0.3001835813575589,2.121451784910628e-10,None,None,None,None, , , , 
19645, ,0.3001835813575589,2.273965752357932e-10,None,None,None,None, , , , 
19646, ,0.3001835813575589,2.4374441501222216e-10,None,None,None,None, , , , 
19647, ,0.3001835813575589,2.6126752255633265e-10,None,None,None,None, , , , 
19648, ,0.3001835813575589,2.8005038941836253e-10,None,None,None,None, , , , 
19649, ,0.3001835813575589,3.0018358135755917e-10,None,None,None,None, , , , 
19650, ,0.3001835813575589,3.2176417502507347e-10,None,None,None,None, , , , 
19651, ,0.3001835813575589,3.4489622604057533e-10,None,None,None,None, , , , 
19652, ,0.3001835813575589,3.696912707195032e-10,None,None,None,None, , , , 
19653, ,0.3001835813575589,3.9626886387014783e-10,None,None,None,None, , , , 
19654, ,0.3001835813575589,4.2475715525368935e-10,None,None,None,None, , , , 
19655, ,0.3001835813575589,4.552935074866938e-10,None,None,None,None, , , , 
19656, ,0.3001835813575589,4.880251583654433e-10,None,None,None,None, , , , 
19657, ,0.3001835813575589,5.231099308056258e-10,None,None,None,None, , , , 
19658, ,0.3001835813575589,5.60716993820547e-10,None,None,None,None, , , , 
19659, ,0.3001835813575589,6.010276782070387e-10,None,None,None,None, , , , 
19660, ,0.3001835813575589,6.442363508721371e-10,None,None,None,None, , , , 
19661, ,0.3001835813575589,6.905513520162316e-10,None,None,None,None, , , , 
19662, ,0.3001835813575589,7.401959996915653e-10,None,None,None,None, , , , 
19663, ,0.3001835813575589,7.934096665797492e-10,None,None,None,None, , , , 
19664, ,0.3001835813575589,8.504489341802668e-10,None,None,None,None, , , , 
19665, ,0.3001835813575589,9.115888299750837e-10,None,None,None,None, , , , 
19666, ,0.3001835813575589,9.771241535346502e-10,None,None,None,None, , , , 
19667, ,0.3001835813575589,1.0473708979594486e-09,None,None,None,None, , , , 
19668, ,0.3001835813575589,1.1226677735108114e-09,None,None,None,None, , , , 
19669, ,0.3001835813575589,1.2033778407775904e-09,None,None,None,None, , , , 
19670, ,0.3001835813575589,1.289890261253308e-09,None,None,None,None, , , , 
19671, ,0.3001835813575589,1.3826221737646535e-09,None,None,None,None, , , , 
19672, ,0.3001835813575589,1.4820207057988602e-09,None,None,None,None, , , , 
19673, ,0.3001835813575589,1.5885651294280526e-09,None,None,None,None, , , , 
19674, ,0.3001835813575589,1.702769172225898e-09,None,None,None,None, , , , 
19675, ,0.3001835813575589,1.825183494319039e-09,None,None,None,None, , , , 
19676, ,0.3001835813575589,1.956398343517065e-09,None,None,None,None, , , , 
19677, ,0.3001835813575589,2.0970464013232305e-09,None,None,None,None, , , , 
19678, ,0.3001835813575589,2.2478058335487307e-09,None,None,None,None, , , , 
19679, ,0.3001835813575589,2.409403560239527e-09,None,None,None,None, , , , 
19680, ,0.3001835813575589,2.582618760682675e-09,None,None,None,None, , , , 
19681, ,0.3001835813575589,2.768286630392061e-09,None,None,None,None, , , , 
19682, ,0.3001835813575589,2.9673024081888724e-09,None,None,None,None, , , , 
19683, ,0.3001835813575589,3.180625692794119e-09,None,None,None,None, , , , 
19684, ,0.3001835813575589,3.409285069746807e-09,None,None,None,None, , , , 
19685, ,0.3001835813575589,3.654383070957262e-09,None,None,None,None, , , , 
19686, ,0.3001835813575589,3.917101490809261e-09,None,None,None,None, , , , 
19687, ,0.3001835813575589,4.198707084443906e-09,None,None,None,None, , , , 
19688, ,0.3001835813575589,4.500557675700488e-09,None,None,None,None, , , , 
19689, ,0.3001835813575589,4.824108704165374e-09,None,None,None,None, , , , 
19690, ,0.3001835813575589,5.170920242896755e-09,None,None,None,None, , , , 
19691, ,0.3001835813575589,5.542664520663096e-09,None,None,None,None, , , , 
19692, ,0.3001835813575589,5.941133984965041e-09,None,None,None,None, , , , 
19693, ,0.3001835813575589,6.3682499447185856e-09,None,None,None,None, , , , 
19694, ,0.3001835813575589,6.826071834272379e-09,None,None,None,None, , , , 
19695, ,0.3001835813575589,7.316807143427175e-09,None,None,None,None, , , , 
19696, ,0.3001835813575589,7.842822061337681e-09,None,None,None,None, , , , 
19697, ,0.3001835813575589,8.406652885618316e-09,None,None,None,None, , , , 
19698, ,0.3001835813575589,9.011018251665036e-09,None,None,None,None, , , , 
19699, ,0.3001835813575589,9.658832241158707e-09,None,None,None,None, , , , 
19700, ,0.3001835813575589,1.0353218432956616e-08,None,None,None,None, , , , 
19701, ,0.3001835813575589,1.1097524964120722e-08,None,None,None,None, , , , 
19702, ,0.3001835813575589,1.1895340673703208e-08,None,None,None,None, , , , 
19703, ,0.3001835813575589,1.2750512407130128e-08,None,None,None,None, , , , 
19704, ,0.3001835813575589,1.3667163564620044e-08,None,None,None,None, , , , 
19705, ,0.3001835813575589,1.4649713983072853e-08,None,None,None,None, , , , 
19706, ,0.3001835813575589,1.5702901247293774e-08,None,None,None,None, , , , 
19707, ,0.3001835813575589,1.683180353330955e-08,None,None,None,None, , , , 
19708, ,0.3001835813575589,1.8041864093920717e-08,None,None,None,None, , , , 
19709, ,0.3001835813575589,1.933891750455232e-08,None,None,None,None, , , , 
19710, ,0.3001835813575589,2.0729217795953697e-08,None,None,None,None, , , , 
19711, ,0.3001835813575589,2.221946860939524e-08,None,None,None,None, , , , 
19712, ,0.3001835813575589,2.3816855519761606e-08,None,None,None,None, , , , 
19713, ,0.3001835813575589,2.552908068239516e-08,None,None,None,None, , , , 
19714, ,0.3001835813575589,2.7364399970746666e-08,None,None,None,None, , , , 
19715, ,0.3001835813575589,2.933166278390042e-08,None,None,None,None, , , , 
19716, ,0.3001835813575589,3.1440354715915e-08,None,None,None,None, , , , 
19717, ,0.3001835813575589,3.370064329271925e-08,None,None,None,None, , , , 
19718, ,0.3001835813575589,3.612342699709431e-08,None,None,None,None, , , , 
19719, ,0.3001835813575589,3.872038781812557e-08,None,None,None,None, , , , 
19720, ,0.3001835813575589,4.1504047578504727e-08,None,None,None,None, , , , 
19721, ,0.3001835813575589,4.448782831127585e-08,None,None,None,None, , , , 
19722, ,0.3001835813575589,4.768611697714474e-08,None,None,None,None, , , , 
19723, ,0.3001835813575589,5.111433483440165e-08,None,None,None,None, , , , 
19724, ,0.3001835813575589,5.478901179593934e-08,None,None,None,None, , , , 
19725, ,0.3001835813575589,5.872786613189478e-08,None,None,None,None, , , , 
19726, ,0.3001835813575589,6.294988990221888e-08,None,None,None,None, , , , 
19727, ,0.3001835813575589,6.747544053110687e-08,None,None,None,None, , , , 
19728, ,0.3001835813575589,7.232633896483534e-08,None,None,None,None, , , , 
19729, ,0.3001835813575589,7.752597488629465e-08,None,None,None,None, , , , 
19730, ,0.3001835813575589,8.309941949353386e-08,None,None,None,None, , , , 
19731, ,0.3001835813575589,8.907354638610439e-08,None,None,None,None, , , , 
19732, ,0.3001835813575589,9.547716114208066e-08,None,None,None,None, , , , 
19733, ,0.3001835813575589,1.0234114021054528e-07,None,None,None,None, , , , 
19734, ,0.3001835813575589,1.0969857978923841e-07,None,None,None,None, , , , 
19735, ,0.3001835813575589,1.1758495540521555e-07,None,None,None,None, , , , 
19736, ,0.3001835813575589,1.2603829296797277e-07,None,None,None,None, , , , 
19737, ,0.3001835813575589,1.350993521198025e-07,None,None,None,None, , , , 
19738, ,0.3001835813575589,1.4481182276745328e-07,None,None,None,None, , , , 
19739, ,0.3001835813575589,1.552225357427048e-07,None,None,None,None, , , , 
19740, ,0.3001835813575589,1.6638168860761273e-07,None,None,None,None, , , , 
19741, ,0.3001835813575589,1.7834308769319093e-07,None,None,None,None, , , , 
19742, ,0.3001835813575589,1.9116440753857e-07,None,None,None,None, , , , 
19743, ,0.3001835813575589,2.049074689815846e-07,None,None,None,None, , , , 
19744, ,0.3001835813575589,2.1963853724165468e-07,None,None,None,None, , , , 
19745, ,0.3001835813575589,2.3542864143224158e-07,None,None,None,None, , , , 
19746, ,0.3001835813575589,2.523539170434766e-07,None,None,None,None, , , , 
19747, ,0.3001835813575589,2.7049597304631316e-07,None,None,None,None, , , , 
19748, ,0.3001835813575589,2.899422853882875e-07,None,None,None,None, , , , 
19749, ,0.3001835813575589,3.107866187782014e-07,None,None,None,None, , , , 
19750, ,0.3001835813575589,3.33129478793467e-07,None,None,None,None, , , , 
19751, ,0.3001835813575589,3.5707859649004626e-07,None,None,None,None, , , , 
19752, ,0.3001835813575589,3.827494478516307e-07,None,None,None,None, , , , 
19753, ,0.3001835813575589,4.1026581058271904e-07,None,None,None,None, , , , 
19754, ,0.3001835813575589,4.397603609302722e-07,None,None,None,None, , , , 
19755, ,0.3001835813575589,4.7137531341167185e-07,None,None,None,None, , , , 
19756, ,0.3001835813575589,5.052631065335679e-07,None,None,None,None, , , , 
19757, ,0.3001835813575589,5.415871378079465e-07,None,None,None,None, , , , 
19758, ,0.3001835813575589,5.805225516094896e-07,None,None,None,None, , , , 
19759, ,0.3001835813575589,6.222570836730232e-07,None,None,None,None, , , , 
19760, ,0.3001835813575589,6.669919663030115e-07,None,None,None,None, , , , 
19761, ,0.3001835813575589,7.149428986597576e-07,None,None,None,None, , , , 
19762, ,0.3001835813575589,7.663410868007445e-07,None,None,None,None, , , , 
19763, ,0.3001835813575589,8.214343584919422e-07,None,None,None,None, , , , 
19764, ,0.3001835813575589,8.804883581643463e-07,None,None,None,None, , , , 
19765, ,0.3001835813575589,9.437878277775371e-07,None,None,None,None, , , , 
19766, ,0.3001835813575589,1.0116379797662072e-06,None,None,None,None, , , , 
19767, ,0.3001835813575589,1.0843659686896086e-06,None,None,None,None, , , , 
19768, ,0.3001835813575589,1.1623224686798522e-06,None,None,None,None, , , , 
19769, ,0.3001835813575589,1.2458833642950078e-06,None,None,None,None, , , , 
19770, ,0.3001835813575589,1.3354515629298971e-06,None,None,None,None, , , , 
19771, ,0.3001835813575589,1.4314589375234786e-06,None,None,None,None, , , , 
19772, ,0.3001835813575589,1.53436840893001e-06,None,None,None,None, , , , 
19773, ,0.3001835813575589,1.6446761779946631e-06,None,None,None,None, , , , 
19774, ,0.3001835813575589,1.762914118095948e-06,None,None,None,None, , , , 
19775, ,0.3001835813575589,1.8896523396912082e-06,None,None,None,None, , , , 
19776, ,0.3001835813575589,2.0255019392306664e-06,None,None,None,None, , , , 
19777, ,0.3001835813575589,2.171117945694501e-06,None,None,None,None, , , , 
19778, ,0.3001835813575589,2.327202478960408e-06,None,None,None,None, , , , 
19779, ,0.3001835813575589,2.494508135230317e-06,None,None,None,None, , , , 
19780, ,0.3001835813575589,2.673841615839944e-06,None,None,None,None, , , , 
19781, ,0.3001835813575589,2.8660676169482507e-06,None,None,None,None, , , , 
19782, ,0.3001835813575589,3.0721129988617524e-06,None,None,None,None, , , , 
19783, ,0.3001835813575589,3.292971255097148e-06,None,None,None,None, , , , 
19784, ,0.3001835813575589,3.5297073027306505e-06,None,None,None,None, , , , 
19785, ,0.3001835813575589,3.783462617131925e-06,None,None,None,None, , , , 
19786, ,0.3001835813575589,4.0554607358408275e-06,None,None,None,None, , , , 
19787, ,0.3001835813575589,4.3470131581250175e-06,None,None,None,None, , , , 
19788, ,0.3001835813575589,4.6595256686646765e-06,None,None,None,None, , , , 
19789, ,0.3001835813575589,4.99450511585514e-06,None,None,None,None, , , , 
19790, ,0.3001835813575589,5.353566677410719e-06,None,None,None,None, , , , 
19791, ,0.3001835813575589,5.738441648302393e-06,None,None,None,None, , , , 
19792, ,0.3001835813575589,6.150985788580505e-06,None,None,None,None, , , , 
19793, ,0.3001835813575589,6.593188271333541e-06,None,None,None,None, , , , 
19794, ,0.3001835813575589,7.067181273927492e-06,None,None,None,None, , , , 
19795, ,0.3001835813575589,7.575250258771904e-06,None,None,None,None, , , , 
19796, ,0.3001835813575589,8.119844993184007e-06,None,None,None,None, , , , 
19797, ,0.3001835813575589,8.703591361485167e-06,None,None,None,None, , , , 
19798, ,0.3001835813575589,9.329304026284676e-06,None,None,None,None, , , , 
19799, ,0.3001835813575589,1e-05,None,None,None,None, , , , 
19800, ,0.31078661877820124,1e-11,None,None,None,None, , , , 
19801, ,0.31078661877820124,1.0718913192051263e-11,None,None,None,None, , , , 
19802, ,0.31078661877820124,1.1489510001873107e-11,None,None,None,None, , , , 
19803, ,0.31078661877820124,1.2315506032928262e-11,None,None,None,None, , , , 
19804, ,0.31078661877820124,1.3200884008314167e-11,None,None,None,None, , , , 
19805, ,0.31078661877820124,1.4149912974345786e-11,None,None,None,None, , , , 
19806, ,0.31078661877820124,1.5167168884709242e-11,None,None,None,None, , , , 
19807, ,0.31078661877820124,1.6257556664437934e-11,None,None,None,None, , , , 
19808, ,0.31078661877820124,1.7426333860096473e-11,None,None,None,None, , , , 
19809, ,0.31078661877820124,1.8679135990207848e-11,None,None,None,None, , , , 
19810, ,0.31078661877820124,2.0022003718155844e-11,None,None,None,None, , , , 
19811, ,0.31078661877820124,2.1461411978584013e-11,None,None,None,None, , , , 
19812, ,0.31078661877820124,2.300430119772921e-11,None,None,None,None, , , , 
19813, ,0.31078661877820124,2.465811075822604e-11,None,None,None,None, , , , 
19814, ,0.31078661877820124,2.643081486974103e-11,None,None,None,None, , , , 
19815, ,0.31078661877820124,2.8330961018393178e-11,None,None,None,None, , , , 
19816, ,0.31078661877820124,3.036771118035461e-11,None,None,None,None, , , , 
19817, ,0.31078661877820124,3.255088599835057e-11,None,None,None,None, , , , 
19818, ,0.31078661877820124,3.4891012134067674e-11,None,None,None,None, , , , 
19819, ,0.31078661877820124,3.739937302478801e-11,None,None,None,None, , , , 
19820, ,0.31078661877820124,4.0088063288984646e-11,None,None,None,None, , , , 
19821, ,0.31078661877820124,4.297004704320835e-11,None,None,None,None, , , , 
19822, ,0.31078661877820124,4.605922041145113e-11,None,None,None,None, , , , 
19823, ,0.31078661877820124,4.937047852839004e-11,None,None,None,None, , , , 
19824, ,0.31078661877820124,5.2919787359584366e-11,None,None,None,None, , , , 
19825, ,0.31078661877820124,5.672426068491989e-11,None,None,None,None, , , , 
19826, ,0.31078661877820124,6.080224261649427e-11,None,None,None,None, , , , 
19827, ,0.31078661877820124,6.517339604882421e-11,None,None,None,None, , , , 
19828, ,0.31078661877820124,6.985879746785235e-11,None,None,None,None, , , , 
19829, ,0.31078661877820124,7.48810385759003e-11,None,None,None,None, , , , 
19830, ,0.31078661877820124,8.026433522257174e-11,None,None,None,None, , , , 
19831, ,0.31078661877820124,8.603464416684492e-11,None,None,None,None, , , , 
19832, ,0.31078661877820124,9.221978823334341e-11,None,None,None,None, , , , 
19833, ,0.31078661877820124,9.884959046625586e-11,None,None,None,None, , , , 
19834, ,0.31078661877820124,1.0595601792776149e-10,None,None,None,None, , , , 
19835, ,0.31078661877820124,1.1357333583431027e-10,None,None,None,None, , , , 
19836, ,0.31078661877820124,1.217382727739662e-10,None,None,None,None, , , , 
19837, ,0.31078661877820124,1.3049019780144016e-10,None,None,None,None, , , , 
19838, ,0.31078661877820124,1.398713102647236e-10,None,None,None,None, , , , 
19839, ,0.31078661877820124,1.4992684327860468e-10,None,None,None,None, , , , 
19840, ,0.31078661877820124,1.6070528182616384e-10,None,None,None,None, , , , 
19841, ,0.31078661877820124,1.722585965398784e-10,None,None,None,None, , , , 
19842, ,0.31078661877820124,1.8464249428955463e-10,None,None,None,None, , , , 
19843, ,0.31078661877820124,1.9791668678535569e-10,None,None,None,None, , , , 
19844, ,0.31078661877820124,2.121451784910628e-10,None,None,None,None, , , , 
19845, ,0.31078661877820124,2.273965752357932e-10,None,None,None,None, , , , 
19846, ,0.31078661877820124,2.4374441501222216e-10,None,None,None,None, , , , 
19847, ,0.31078661877820124,2.6126752255633265e-10,None,None,None,None, , , , 
19848, ,0.31078661877820124,2.8005038941836253e-10,None,None,None,None, , , , 
19849, ,0.31078661877820124,3.0018358135755917e-10,None,None,None,None, , , , 
19850, ,0.31078661877820124,3.2176417502507347e-10,None,None,None,None, , , , 
19851, ,0.31078661877820124,3.4489622604057533e-10,None,None,None,None, , , , 
19852, ,0.31078661877820124,3.696912707195032e-10,None,None,None,None, , , , 
19853, ,0.31078661877820124,3.9626886387014783e-10,None,None,None,None, , , , 
19854, ,0.31078661877820124,4.2475715525368935e-10,None,None,None,None, , , , 
19855, ,0.31078661877820124,4.552935074866938e-10,None,None,None,None, , , , 
19856, ,0.31078661877820124,4.880251583654433e-10,None,None,None,None, , , , 
19857, ,0.31078661877820124,5.231099308056258e-10,None,None,None,None, , , , 
19858, ,0.31078661877820124,5.60716993820547e-10,None,None,None,None, , , , 
19859, ,0.31078661877820124,6.010276782070387e-10,None,None,None,None, , , , 
19860, ,0.31078661877820124,6.442363508721371e-10,None,None,None,None, , , , 
19861, ,0.31078661877820124,6.905513520162316e-10,None,None,None,None, , , , 
19862, ,0.31078661877820124,7.401959996915653e-10,None,None,None,None, , , , 
19863, ,0.31078661877820124,7.934096665797492e-10,None,None,None,None, , , , 
19864, ,0.31078661877820124,8.504489341802668e-10,None,None,None,None, , , , 
19865, ,0.31078661877820124,9.115888299750837e-10,None,None,None,None, , , , 
19866, ,0.31078661877820124,9.771241535346502e-10,None,None,None,None, , , , 
19867, ,0.31078661877820124,1.0473708979594486e-09,None,None,None,None, , , , 
19868, ,0.31078661877820124,1.1226677735108114e-09,None,None,None,None, , , , 
19869, ,0.31078661877820124,1.2033778407775904e-09,None,None,None,None, , , , 
19870, ,0.31078661877820124,1.289890261253308e-09,None,None,None,None, , , , 
19871, ,0.31078661877820124,1.3826221737646535e-09,None,None,None,None, , , , 
19872, ,0.31078661877820124,1.4820207057988602e-09,None,None,None,None, , , , 
19873, ,0.31078661877820124,1.5885651294280526e-09,None,None,None,None, , , , 
19874, ,0.31078661877820124,1.702769172225898e-09,None,None,None,None, , , , 
19875, ,0.31078661877820124,1.825183494319039e-09,None,None,None,None, , , , 
19876, ,0.31078661877820124,1.956398343517065e-09,None,None,None,None, , , , 
19877, ,0.31078661877820124,2.0970464013232305e-09,None,None,None,None, , , , 
19878, ,0.31078661877820124,2.2478058335487307e-09,None,None,None,None, , , , 
19879, ,0.31078661877820124,2.409403560239527e-09,None,None,None,None, , , , 
19880, ,0.31078661877820124,2.582618760682675e-09,None,None,None,None, , , , 
19881, ,0.31078661877820124,2.768286630392061e-09,None,None,None,None, , , , 
19882, ,0.31078661877820124,2.9673024081888724e-09,None,None,None,None, , , , 
19883, ,0.31078661877820124,3.180625692794119e-09,None,None,None,None, , , , 
19884, ,0.31078661877820124,3.409285069746807e-09,None,None,None,None, , , , 
19885, ,0.31078661877820124,3.654383070957262e-09,None,None,None,None, , , , 
19886, ,0.31078661877820124,3.917101490809261e-09,None,None,None,None, , , , 
19887, ,0.31078661877820124,4.198707084443906e-09,None,None,None,None, , , , 
19888, ,0.31078661877820124,4.500557675700488e-09,None,None,None,None, , , , 
19889, ,0.31078661877820124,4.824108704165374e-09,None,None,None,None, , , , 
19890, ,0.31078661877820124,5.170920242896755e-09,None,None,None,None, , , , 
19891, ,0.31078661877820124,5.542664520663096e-09,None,None,None,None, , , , 
19892, ,0.31078661877820124,5.941133984965041e-09,None,None,None,None, , , , 
19893, ,0.31078661877820124,6.3682499447185856e-09,None,None,None,None, , , , 
19894, ,0.31078661877820124,6.826071834272379e-09,None,None,None,None, , , , 
19895, ,0.31078661877820124,7.316807143427175e-09,None,None,None,None, , , , 
19896, ,0.31078661877820124,7.842822061337681e-09,None,None,None,None, , , , 
19897, ,0.31078661877820124,8.406652885618316e-09,None,None,None,None, , , , 
19898, ,0.31078661877820124,9.011018251665036e-09,None,None,None,None, , , , 
19899, ,0.31078661877820124,9.658832241158707e-09,None,None,None,None, , , , 
19900, ,0.31078661877820124,1.0353218432956616e-08,None,None,None,None, , , , 
19901, ,0.31078661877820124,1.1097524964120722e-08,None,None,None,None, , , , 
19902, ,0.31078661877820124,1.1895340673703208e-08,None,None,None,None, , , , 
19903, ,0.31078661877820124,1.2750512407130128e-08,None,None,None,None, , , , 
19904, ,0.31078661877820124,1.3667163564620044e-08,None,None,None,None, , , , 
19905, ,0.31078661877820124,1.4649713983072853e-08,None,None,None,None, , , , 
19906, ,0.31078661877820124,1.5702901247293774e-08,None,None,None,None, , , , 
19907, ,0.31078661877820124,1.683180353330955e-08,None,None,None,None, , , , 
19908, ,0.31078661877820124,1.8041864093920717e-08,None,None,None,None, , , , 
19909, ,0.31078661877820124,1.933891750455232e-08,None,None,None,None, , , , 
19910, ,0.31078661877820124,2.0729217795953697e-08,None,None,None,None, , , , 
19911, ,0.31078661877820124,2.221946860939524e-08,None,None,None,None, , , , 
19912, ,0.31078661877820124,2.3816855519761606e-08,None,None,None,None, , , , 
19913, ,0.31078661877820124,2.552908068239516e-08,None,None,None,None, , , , 
19914, ,0.31078661877820124,2.7364399970746666e-08,None,None,None,None, , , , 
19915, ,0.31078661877820124,2.933166278390042e-08,None,None,None,None, , , , 
19916, ,0.31078661877820124,3.1440354715915e-08,None,None,None,None, , , , 
19917, ,0.31078661877820124,3.370064329271925e-08,None,None,None,None, , , , 
19918, ,0.31078661877820124,3.612342699709431e-08,None,None,None,None, , , , 
19919, ,0.31078661877820124,3.872038781812557e-08,None,None,None,None, , , , 
19920, ,0.31078661877820124,4.1504047578504727e-08,None,None,None,None, , , , 
19921, ,0.31078661877820124,4.448782831127585e-08,None,None,None,None, , , , 
19922, ,0.31078661877820124,4.768611697714474e-08,None,None,None,None, , , , 
19923, ,0.31078661877820124,5.111433483440165e-08,None,None,None,None, , , , 
19924, ,0.31078661877820124,5.478901179593934e-08,None,None,None,None, , , , 
19925, ,0.31078661877820124,5.872786613189478e-08,None,None,None,None, , , , 
19926, ,0.31078661877820124,6.294988990221888e-08,None,None,None,None, , , , 
19927, ,0.31078661877820124,6.747544053110687e-08,None,None,None,None, , , , 
19928, ,0.31078661877820124,7.232633896483534e-08,None,None,None,None, , , , 
19929, ,0.31078661877820124,7.752597488629465e-08,None,None,None,None, , , , 
19930, ,0.31078661877820124,8.309941949353386e-08,None,None,None,None, , , , 
19931, ,0.31078661877820124,8.907354638610439e-08,None,None,None,None, , , , 
19932, ,0.31078661877820124,9.547716114208066e-08,None,None,None,None, , , , 
19933, ,0.31078661877820124,1.0234114021054528e-07,None,None,None,None, , , , 
19934, ,0.31078661877820124,1.0969857978923841e-07,None,None,None,None, , , , 
19935, ,0.31078661877820124,1.1758495540521555e-07,None,None,None,None, , , , 
19936, ,0.31078661877820124,1.2603829296797277e-07,None,None,None,None, , , , 
19937, ,0.31078661877820124,1.350993521198025e-07,None,None,None,None, , , , 
19938, ,0.31078661877820124,1.4481182276745328e-07,None,None,None,None, , , , 
19939, ,0.31078661877820124,1.552225357427048e-07,None,None,None,None, , , , 
19940, ,0.31078661877820124,1.6638168860761273e-07,None,None,None,None, , , , 
19941, ,0.31078661877820124,1.7834308769319093e-07,None,None,None,None, , , , 
19942, ,0.31078661877820124,1.9116440753857e-07,None,None,None,None, , , , 
19943, ,0.31078661877820124,2.049074689815846e-07,None,None,None,None, , , , 
19944, ,0.31078661877820124,2.1963853724165468e-07,None,None,None,None, , , , 
19945, ,0.31078661877820124,2.3542864143224158e-07,None,None,None,None, , , , 
19946, ,0.31078661877820124,2.523539170434766e-07,None,None,None,None, , , , 
19947, ,0.31078661877820124,2.7049597304631316e-07,None,None,None,None, , , , 
19948, ,0.31078661877820124,2.899422853882875e-07,None,None,None,None, , , , 
19949, ,0.31078661877820124,3.107866187782014e-07,None,None,None,None, , , , 
19950, ,0.31078661877820124,3.33129478793467e-07,None,None,None,None, , , , 
19951, ,0.31078661877820124,3.5707859649004626e-07,None,None,None,None, , , , 
19952, ,0.31078661877820124,3.827494478516307e-07,None,None,None,None, , , , 
19953, ,0.31078661877820124,4.1026581058271904e-07,None,None,None,None, , , , 
19954, ,0.31078661877820124,4.397603609302722e-07,None,None,None,None, , , , 
19955, ,0.31078661877820124,4.7137531341167185e-07,None,None,None,None, , , , 
19956, ,0.31078661877820124,5.052631065335679e-07,None,None,None,None, , , , 
19957, ,0.31078661877820124,5.415871378079465e-07,None,None,None,None, , , , 
19958, ,0.31078661877820124,5.805225516094896e-07,None,None,None,None, , , , 
19959, ,0.31078661877820124,6.222570836730232e-07,None,None,None,None, , , , 
19960, ,0.31078661877820124,6.669919663030115e-07,None,None,None,None, , , , 
19961, ,0.31078661877820124,7.149428986597576e-07,None,None,None,None, , , , 
19962, ,0.31078661877820124,7.663410868007445e-07,None,None,None,None, , , , 
19963, ,0.31078661877820124,8.214343584919422e-07,None,None,None,None, , , , 
19964, ,0.31078661877820124,8.804883581643463e-07,None,None,None,None, , , , 
19965, ,0.31078661877820124,9.437878277775371e-07,None,None,None,None, , , , 
19966, ,0.31078661877820124,1.0116379797662072e-06,None,None,None,None, , , , 
19967, ,0.31078661877820124,1.0843659686896086e-06,None,None,None,None, , , , 
19968, ,0.31078661877820124,1.1623224686798522e-06,None,None,None,None, , , , 
19969, ,0.31078661877820124,1.2458833642950078e-06,None,None,None,None, , , , 
19970, ,0.31078661877820124,1.3354515629298971e-06,None,None,None,None, , , , 
19971, ,0.31078661877820124,1.4314589375234786e-06,None,None,None,None, , , , 
19972, ,0.31078661877820124,1.53436840893001e-06,None,None,None,None, , , , 
19973, ,0.31078661877820124,1.6446761779946631e-06,None,None,None,None, , , , 
19974, ,0.31078661877820124,1.762914118095948e-06,None,None,None,None, , , , 
19975, ,0.31078661877820124,1.8896523396912082e-06,None,None,None,None, , , , 
19976, ,0.31078661877820124,2.0255019392306664e-06,None,None,None,None, , , , 
19977, ,0.31078661877820124,2.171117945694501e-06,None,None,None,None, , , , 
19978, ,0.31078661877820124,2.327202478960408e-06,None,None,None,None, , , , 
19979, ,0.31078661877820124,2.494508135230317e-06,None,None,None,None, , , , 
19980, ,0.31078661877820124,2.673841615839944e-06,None,None,None,None, , , , 
19981, ,0.31078661877820124,2.8660676169482507e-06,None,None,None,None, , , , 
19982, ,0.31078661877820124,3.0721129988617524e-06,None,None,None,None, , , , 
19983, ,0.31078661877820124,3.292971255097148e-06,None,None,None,None, , , , 
19984, ,0.31078661877820124,3.5297073027306505e-06,None,None,None,None, , , , 
19985, ,0.31078661877820124,3.783462617131925e-06,None,None,None,None, , , , 
19986, ,0.31078661877820124,4.0554607358408275e-06,None,None,None,None, , , , 
19987, ,0.31078661877820124,4.3470131581250175e-06,None,None,None,None, , , , 
19988, ,0.31078661877820124,4.6595256686646765e-06,None,None,None,None, , , , 
19989, ,0.31078661877820124,4.99450511585514e-06,None,None,None,None, , , , 
19990, ,0.31078661877820124,5.353566677410719e-06,None,None,None,None, , , , 
19991, ,0.31078661877820124,5.738441648302393e-06,None,None,None,None, , , , 
19992, ,0.31078661877820124,6.150985788580505e-06,None,None,None,None, , , , 
19993, ,0.31078661877820124,6.593188271333541e-06,None,None,None,None, , , , 
19994, ,0.31078661877820124,7.067181273927492e-06,None,None,None,None, , , , 
19995, ,0.31078661877820124,7.575250258771904e-06,None,None,None,None, , , , 
19996, ,0.31078661877820124,8.119844993184007e-06,None,None,None,None, , , , 
19997, ,0.31078661877820124,8.703591361485167e-06,None,None,None,None, , , , 
19998, ,0.31078661877820124,9.329304026284676e-06,None,None,None,None, , , , 
19999, ,0.31078661877820124,1e-05,None,None,None,None, , , , 
20000, ,0.32176417502507354,1e-11,None,None,None,None, , , , 
20001, ,0.32176417502507354,1.0718913192051263e-11,None,None,None,None, , , , 
20002, ,0.32176417502507354,1.1489510001873107e-11,None,None,None,None, , , , 
20003, ,0.32176417502507354,1.2315506032928262e-11,None,None,None,None, , , , 
20004, ,0.32176417502507354,1.3200884008314167e-11,None,None,None,None, , , , 
20005, ,0.32176417502507354,1.4149912974345786e-11,None,None,None,None, , , , 
20006, ,0.32176417502507354,1.5167168884709242e-11,None,None,None,None, , , , 
20007, ,0.32176417502507354,1.6257556664437934e-11,None,None,None,None, , , , 
20008, ,0.32176417502507354,1.7426333860096473e-11,None,None,None,None, , , , 
20009, ,0.32176417502507354,1.8679135990207848e-11,None,None,None,None, , , , 
20010, ,0.32176417502507354,2.0022003718155844e-11,None,None,None,None, , , , 
20011, ,0.32176417502507354,2.1461411978584013e-11,None,None,None,None, , , , 
20012, ,0.32176417502507354,2.300430119772921e-11,None,None,None,None, , , , 
20013, ,0.32176417502507354,2.465811075822604e-11,None,None,None,None, , , , 
20014, ,0.32176417502507354,2.643081486974103e-11,None,None,None,None, , , , 
20015, ,0.32176417502507354,2.8330961018393178e-11,None,None,None,None, , , , 
20016, ,0.32176417502507354,3.036771118035461e-11,None,None,None,None, , , , 
20017, ,0.32176417502507354,3.255088599835057e-11,None,None,None,None, , , , 
20018, ,0.32176417502507354,3.4891012134067674e-11,None,None,None,None, , , , 
20019, ,0.32176417502507354,3.739937302478801e-11,None,None,None,None, , , , 
20020, ,0.32176417502507354,4.0088063288984646e-11,None,None,None,None, , , , 
20021, ,0.32176417502507354,4.297004704320835e-11,None,None,None,None, , , , 
20022, ,0.32176417502507354,4.605922041145113e-11,None,None,None,None, , , , 
20023, ,0.32176417502507354,4.937047852839004e-11,None,None,None,None, , , , 
20024, ,0.32176417502507354,5.2919787359584366e-11,None,None,None,None, , , , 
20025, ,0.32176417502507354,5.672426068491989e-11,None,None,None,None, , , , 
20026, ,0.32176417502507354,6.080224261649427e-11,None,None,None,None, , , , 
20027, ,0.32176417502507354,6.517339604882421e-11,None,None,None,None, , , , 
20028, ,0.32176417502507354,6.985879746785235e-11,None,None,None,None, , , , 
20029, ,0.32176417502507354,7.48810385759003e-11,None,None,None,None, , , , 
20030, ,0.32176417502507354,8.026433522257174e-11,None,None,None,None, , , , 
20031, ,0.32176417502507354,8.603464416684492e-11,None,None,None,None, , , , 
20032, ,0.32176417502507354,9.221978823334341e-11,None,None,None,None, , , , 
20033, ,0.32176417502507354,9.884959046625586e-11,None,None,None,None, , , , 
20034, ,0.32176417502507354,1.0595601792776149e-10,None,None,None,None, , , , 
20035, ,0.32176417502507354,1.1357333583431027e-10,None,None,None,None, , , , 
20036, ,0.32176417502507354,1.217382727739662e-10,None,None,None,None, , , , 
20037, ,0.32176417502507354,1.3049019780144016e-10,None,None,None,None, , , , 
20038, ,0.32176417502507354,1.398713102647236e-10,None,None,None,None, , , , 
20039, ,0.32176417502507354,1.4992684327860468e-10,None,None,None,None, , , , 
20040, ,0.32176417502507354,1.6070528182616384e-10,None,None,None,None, , , , 
20041, ,0.32176417502507354,1.722585965398784e-10,None,None,None,None, , , , 
20042, ,0.32176417502507354,1.8464249428955463e-10,None,None,None,None, , , , 
20043, ,0.32176417502507354,1.9791668678535569e-10,None,None,None,None, , , , 
20044, ,0.32176417502507354,2.121451784910628e-10,None,None,None,None, , , , 
20045, ,0.32176417502507354,2.273965752357932e-10,None,None,None,None, , , , 
20046, ,0.32176417502507354,2.4374441501222216e-10,None,None,None,None, , , , 
20047, ,0.32176417502507354,2.6126752255633265e-10,None,None,None,None, , , , 
20048, ,0.32176417502507354,2.8005038941836253e-10,None,None,None,None, , , , 
20049, ,0.32176417502507354,3.0018358135755917e-10,None,None,None,None, , , , 
20050, ,0.32176417502507354,3.2176417502507347e-10,None,None,None,None, , , , 
20051, ,0.32176417502507354,3.4489622604057533e-10,None,None,None,None, , , , 
20052, ,0.32176417502507354,3.696912707195032e-10,None,None,None,None, , , , 
20053, ,0.32176417502507354,3.9626886387014783e-10,None,None,None,None, , , , 
20054, ,0.32176417502507354,4.2475715525368935e-10,None,None,None,None, , , , 
20055, ,0.32176417502507354,4.552935074866938e-10,None,None,None,None, , , , 
20056, ,0.32176417502507354,4.880251583654433e-10,None,None,None,None, , , , 
20057, ,0.32176417502507354,5.231099308056258e-10,None,None,None,None, , , , 
20058, ,0.32176417502507354,5.60716993820547e-10,None,None,None,None, , , , 
20059, ,0.32176417502507354,6.010276782070387e-10,None,None,None,None, , , , 
20060, ,0.32176417502507354,6.442363508721371e-10,None,None,None,None, , , , 
20061, ,0.32176417502507354,6.905513520162316e-10,None,None,None,None, , , , 
20062, ,0.32176417502507354,7.401959996915653e-10,None,None,None,None, , , , 
20063, ,0.32176417502507354,7.934096665797492e-10,None,None,None,None, , , , 
20064, ,0.32176417502507354,8.504489341802668e-10,None,None,None,None, , , , 
20065, ,0.32176417502507354,9.115888299750837e-10,None,None,None,None, , , , 
20066, ,0.32176417502507354,9.771241535346502e-10,None,None,None,None, , , , 
20067, ,0.32176417502507354,1.0473708979594486e-09,None,None,None,None, , , , 
20068, ,0.32176417502507354,1.1226677735108114e-09,None,None,None,None, , , , 
20069, ,0.32176417502507354,1.2033778407775904e-09,None,None,None,None, , , , 
20070, ,0.32176417502507354,1.289890261253308e-09,None,None,None,None, , , , 
20071, ,0.32176417502507354,1.3826221737646535e-09,None,None,None,None, , , , 
20072, ,0.32176417502507354,1.4820207057988602e-09,None,None,None,None, , , , 
20073, ,0.32176417502507354,1.5885651294280526e-09,None,None,None,None, , , , 
20074, ,0.32176417502507354,1.702769172225898e-09,None,None,None,None, , , , 
20075, ,0.32176417502507354,1.825183494319039e-09,None,None,None,None, , , , 
20076, ,0.32176417502507354,1.956398343517065e-09,None,None,None,None, , , , 
20077, ,0.32176417502507354,2.0970464013232305e-09,None,None,None,None, , , , 
20078, ,0.32176417502507354,2.2478058335487307e-09,None,None,None,None, , , , 
20079, ,0.32176417502507354,2.409403560239527e-09,None,None,None,None, , , , 
20080, ,0.32176417502507354,2.582618760682675e-09,None,None,None,None, , , , 
20081, ,0.32176417502507354,2.768286630392061e-09,None,None,None,None, , , , 
20082, ,0.32176417502507354,2.9673024081888724e-09,None,None,None,None, , , , 
20083, ,0.32176417502507354,3.180625692794119e-09,None,None,None,None, , , , 
20084, ,0.32176417502507354,3.409285069746807e-09,None,None,None,None, , , , 
20085, ,0.32176417502507354,3.654383070957262e-09,None,None,None,None, , , , 
20086, ,0.32176417502507354,3.917101490809261e-09,None,None,None,None, , , , 
20087, ,0.32176417502507354,4.198707084443906e-09,None,None,None,None, , , , 
20088, ,0.32176417502507354,4.500557675700488e-09,None,None,None,None, , , , 
20089, ,0.32176417502507354,4.824108704165374e-09,None,None,None,None, , , , 
20090, ,0.32176417502507354,5.170920242896755e-09,None,None,None,None, , , , 
20091, ,0.32176417502507354,5.542664520663096e-09,None,None,None,None, , , , 
20092, ,0.32176417502507354,5.941133984965041e-09,None,None,None,None, , , , 
20093, ,0.32176417502507354,6.3682499447185856e-09,None,None,None,None, , , , 
20094, ,0.32176417502507354,6.826071834272379e-09,None,None,None,None, , , , 
20095, ,0.32176417502507354,7.316807143427175e-09,None,None,None,None, , , , 
20096, ,0.32176417502507354,7.842822061337681e-09,None,None,None,None, , , , 
20097, ,0.32176417502507354,8.406652885618316e-09,None,None,None,None, , , , 
20098, ,0.32176417502507354,9.011018251665036e-09,None,None,None,None, , , , 
20099, ,0.32176417502507354,9.658832241158707e-09,None,None,None,None, , , , 
20100, ,0.32176417502507354,1.0353218432956616e-08,None,None,None,None, , , , 
20101, ,0.32176417502507354,1.1097524964120722e-08,None,None,None,None, , , , 
20102, ,0.32176417502507354,1.1895340673703208e-08,None,None,None,None, , , , 
20103, ,0.32176417502507354,1.2750512407130128e-08,None,None,None,None, , , , 
20104, ,0.32176417502507354,1.3667163564620044e-08,None,None,None,None, , , , 
20105, ,0.32176417502507354,1.4649713983072853e-08,None,None,None,None, , , , 
20106, ,0.32176417502507354,1.5702901247293774e-08,None,None,None,None, , , , 
20107, ,0.32176417502507354,1.683180353330955e-08,None,None,None,None, , , , 
20108, ,0.32176417502507354,1.8041864093920717e-08,None,None,None,None, , , , 
20109, ,0.32176417502507354,1.933891750455232e-08,None,None,None,None, , , , 
20110, ,0.32176417502507354,2.0729217795953697e-08,None,None,None,None, , , , 
20111, ,0.32176417502507354,2.221946860939524e-08,None,None,None,None, , , , 
20112, ,0.32176417502507354,2.3816855519761606e-08,None,None,None,None, , , , 
20113, ,0.32176417502507354,2.552908068239516e-08,None,None,None,None, , , , 
20114, ,0.32176417502507354,2.7364399970746666e-08,None,None,None,None, , , , 
20115, ,0.32176417502507354,2.933166278390042e-08,None,None,None,None, , , , 
20116, ,0.32176417502507354,3.1440354715915e-08,None,None,None,None, , , , 
20117, ,0.32176417502507354,3.370064329271925e-08,None,None,None,None, , , , 
20118, ,0.32176417502507354,3.612342699709431e-08,None,None,None,None, , , , 
20119, ,0.32176417502507354,3.872038781812557e-08,None,None,None,None, , , , 
20120, ,0.32176417502507354,4.1504047578504727e-08,None,None,None,None, , , , 
20121, ,0.32176417502507354,4.448782831127585e-08,None,None,None,None, , , , 
20122, ,0.32176417502507354,4.768611697714474e-08,None,None,None,None, , , , 
20123, ,0.32176417502507354,5.111433483440165e-08,None,None,None,None, , , , 
20124, ,0.32176417502507354,5.478901179593934e-08,None,None,None,None, , , , 
20125, ,0.32176417502507354,5.872786613189478e-08,None,None,None,None, , , , 
20126, ,0.32176417502507354,6.294988990221888e-08,None,None,None,None, , , , 
20127, ,0.32176417502507354,6.747544053110687e-08,None,None,None,None, , , , 
20128, ,0.32176417502507354,7.232633896483534e-08,None,None,None,None, , , , 
20129, ,0.32176417502507354,7.752597488629465e-08,None,None,None,None, , , , 
20130, ,0.32176417502507354,8.309941949353386e-08,None,None,None,None, , , , 
20131, ,0.32176417502507354,8.907354638610439e-08,None,None,None,None, , , , 
20132, ,0.32176417502507354,9.547716114208066e-08,None,None,None,None, , , , 
20133, ,0.32176417502507354,1.0234114021054528e-07,None,None,None,None, , , , 
20134, ,0.32176417502507354,1.0969857978923841e-07,None,None,None,None, , , , 
20135, ,0.32176417502507354,1.1758495540521555e-07,None,None,None,None, , , , 
20136, ,0.32176417502507354,1.2603829296797277e-07,None,None,None,None, , , , 
20137, ,0.32176417502507354,1.350993521198025e-07,None,None,None,None, , , , 
20138, ,0.32176417502507354,1.4481182276745328e-07,None,None,None,None, , , , 
20139, ,0.32176417502507354,1.552225357427048e-07,None,None,None,None, , , , 
20140, ,0.32176417502507354,1.6638168860761273e-07,None,None,None,None, , , , 
20141, ,0.32176417502507354,1.7834308769319093e-07,None,None,None,None, , , , 
20142, ,0.32176417502507354,1.9116440753857e-07,None,None,None,None, , , , 
20143, ,0.32176417502507354,2.049074689815846e-07,None,None,None,None, , , , 
20144, ,0.32176417502507354,2.1963853724165468e-07,None,None,None,None, , , , 
20145, ,0.32176417502507354,2.3542864143224158e-07,None,None,None,None, , , , 
20146, ,0.32176417502507354,2.523539170434766e-07,None,None,None,None, , , , 
20147, ,0.32176417502507354,2.7049597304631316e-07,None,None,None,None, , , , 
20148, ,0.32176417502507354,2.899422853882875e-07,None,None,None,None, , , , 
20149, ,0.32176417502507354,3.107866187782014e-07,None,None,None,None, , , , 
20150, ,0.32176417502507354,3.33129478793467e-07,None,None,None,None, , , , 
20151, ,0.32176417502507354,3.5707859649004626e-07,None,None,None,None, , , , 
20152, ,0.32176417502507354,3.827494478516307e-07,None,None,None,None, , , , 
20153, ,0.32176417502507354,4.1026581058271904e-07,None,None,None,None, , , , 
20154, ,0.32176417502507354,4.397603609302722e-07,None,None,None,None, , , , 
20155, ,0.32176417502507354,4.7137531341167185e-07,None,None,None,None, , , , 
20156, ,0.32176417502507354,5.052631065335679e-07,None,None,None,None, , , , 
20157, ,0.32176417502507354,5.415871378079465e-07,None,None,None,None, , , , 
20158, ,0.32176417502507354,5.805225516094896e-07,None,None,None,None, , , , 
20159, ,0.32176417502507354,6.222570836730232e-07,None,None,None,None, , , , 
20160, ,0.32176417502507354,6.669919663030115e-07,None,None,None,None, , , , 
20161, ,0.32176417502507354,7.149428986597576e-07,None,None,None,None, , , , 
20162, ,0.32176417502507354,7.663410868007445e-07,None,None,None,None, , , , 
20163, ,0.32176417502507354,8.214343584919422e-07,None,None,None,None, , , , 
20164, ,0.32176417502507354,8.804883581643463e-07,None,None,None,None, , , , 
20165, ,0.32176417502507354,9.437878277775371e-07,None,None,None,None, , , , 
20166, ,0.32176417502507354,1.0116379797662072e-06,None,None,None,None, , , , 
20167, ,0.32176417502507354,1.0843659686896086e-06,None,None,None,None, , , , 
20168, ,0.32176417502507354,1.1623224686798522e-06,None,None,None,None, , , , 
20169, ,0.32176417502507354,1.2458833642950078e-06,None,None,None,None, , , , 
20170, ,0.32176417502507354,1.3354515629298971e-06,None,None,None,None, , , , 
20171, ,0.32176417502507354,1.4314589375234786e-06,None,None,None,None, , , , 
20172, ,0.32176417502507354,1.53436840893001e-06,None,None,None,None, , , , 
20173, ,0.32176417502507354,1.6446761779946631e-06,None,None,None,None, , , , 
20174, ,0.32176417502507354,1.762914118095948e-06,None,None,None,None, , , , 
20175, ,0.32176417502507354,1.8896523396912082e-06,None,None,None,None, , , , 
20176, ,0.32176417502507354,2.0255019392306664e-06,None,None,None,None, , , , 
20177, ,0.32176417502507354,2.171117945694501e-06,None,None,None,None, , , , 
20178, ,0.32176417502507354,2.327202478960408e-06,None,None,None,None, , , , 
20179, ,0.32176417502507354,2.494508135230317e-06,None,None,None,None, , , , 
20180, ,0.32176417502507354,2.673841615839944e-06,None,None,None,None, , , , 
20181, ,0.32176417502507354,2.8660676169482507e-06,None,None,None,None, , , , 
20182, ,0.32176417502507354,3.0721129988617524e-06,None,None,None,None, , , , 
20183, ,0.32176417502507354,3.292971255097148e-06,None,None,None,None, , , , 
20184, ,0.32176417502507354,3.5297073027306505e-06,None,None,None,None, , , , 
20185, ,0.32176417502507354,3.783462617131925e-06,None,None,None,None, , , , 
20186, ,0.32176417502507354,4.0554607358408275e-06,None,None,None,None, , , , 
20187, ,0.32176417502507354,4.3470131581250175e-06,None,None,None,None, , , , 
20188, ,0.32176417502507354,4.6595256686646765e-06,None,None,None,None, , , , 
20189, ,0.32176417502507354,4.99450511585514e-06,None,None,None,None, , , , 
20190, ,0.32176417502507354,5.353566677410719e-06,None,None,None,None, , , , 
20191, ,0.32176417502507354,5.738441648302393e-06,None,None,None,None, , , , 
20192, ,0.32176417502507354,6.150985788580505e-06,None,None,None,None, , , , 
20193, ,0.32176417502507354,6.593188271333541e-06,None,None,None,None, , , , 
20194, ,0.32176417502507354,7.067181273927492e-06,None,None,None,None, , , , 
20195, ,0.32176417502507354,7.575250258771904e-06,None,None,None,None, , , , 
20196, ,0.32176417502507354,8.119844993184007e-06,None,None,None,None, , , , 
20197, ,0.32176417502507354,8.703591361485167e-06,None,None,None,None, , , , 
20198, ,0.32176417502507354,9.329304026284676e-06,None,None,None,None, , , , 
20199, ,0.32176417502507354,1e-05,None,None,None,None, , , , 
20200, ,0.3331294787934673,1e-11,None,None,None,None, , , , 
20201, ,0.3331294787934673,1.0718913192051263e-11,None,None,None,None, , , , 
20202, ,0.3331294787934673,1.1489510001873107e-11,None,None,None,None, , , , 
20203, ,0.3331294787934673,1.2315506032928262e-11,None,None,None,None, , , , 
20204, ,0.3331294787934673,1.3200884008314167e-11,None,None,None,None, , , , 
20205, ,0.3331294787934673,1.4149912974345786e-11,None,None,None,None, , , , 
20206, ,0.3331294787934673,1.5167168884709242e-11,None,None,None,None, , , , 
20207, ,0.3331294787934673,1.6257556664437934e-11,None,None,None,None, , , , 
20208, ,0.3331294787934673,1.7426333860096473e-11,None,None,None,None, , , , 
20209, ,0.3331294787934673,1.8679135990207848e-11,None,None,None,None, , , , 
20210, ,0.3331294787934673,2.0022003718155844e-11,None,None,None,None, , , , 
20211, ,0.3331294787934673,2.1461411978584013e-11,None,None,None,None, , , , 
20212, ,0.3331294787934673,2.300430119772921e-11,None,None,None,None, , , , 
20213, ,0.3331294787934673,2.465811075822604e-11,None,None,None,None, , , , 
20214, ,0.3331294787934673,2.643081486974103e-11,None,None,None,None, , , , 
20215, ,0.3331294787934673,2.8330961018393178e-11,None,None,None,None, , , , 
20216, ,0.3331294787934673,3.036771118035461e-11,None,None,None,None, , , , 
20217, ,0.3331294787934673,3.255088599835057e-11,None,None,None,None, , , , 
20218, ,0.3331294787934673,3.4891012134067674e-11,None,None,None,None, , , , 
20219, ,0.3331294787934673,3.739937302478801e-11,None,None,None,None, , , , 
20220, ,0.3331294787934673,4.0088063288984646e-11,None,None,None,None, , , , 
20221, ,0.3331294787934673,4.297004704320835e-11,None,None,None,None, , , , 
20222, ,0.3331294787934673,4.605922041145113e-11,None,None,None,None, , , , 
20223, ,0.3331294787934673,4.937047852839004e-11,None,None,None,None, , , , 
20224, ,0.3331294787934673,5.2919787359584366e-11,None,None,None,None, , , , 
20225, ,0.3331294787934673,5.672426068491989e-11,None,None,None,None, , , , 
20226, ,0.3331294787934673,6.080224261649427e-11,None,None,None,None, , , , 
20227, ,0.3331294787934673,6.517339604882421e-11,None,None,None,None, , , , 
20228, ,0.3331294787934673,6.985879746785235e-11,None,None,None,None, , , , 
20229, ,0.3331294787934673,7.48810385759003e-11,None,None,None,None, , , , 
20230, ,0.3331294787934673,8.026433522257174e-11,None,None,None,None, , , , 
20231, ,0.3331294787934673,8.603464416684492e-11,None,None,None,None, , , , 
20232, ,0.3331294787934673,9.221978823334341e-11,None,None,None,None, , , , 
20233, ,0.3331294787934673,9.884959046625586e-11,None,None,None,None, , , , 
20234, ,0.3331294787934673,1.0595601792776149e-10,None,None,None,None, , , , 
20235, ,0.3331294787934673,1.1357333583431027e-10,None,None,None,None, , , , 
20236, ,0.3331294787934673,1.217382727739662e-10,None,None,None,None, , , , 
20237, ,0.3331294787934673,1.3049019780144016e-10,None,None,None,None, , , , 
20238, ,0.3331294787934673,1.398713102647236e-10,None,None,None,None, , , , 
20239, ,0.3331294787934673,1.4992684327860468e-10,None,None,None,None, , , , 
20240, ,0.3331294787934673,1.6070528182616384e-10,None,None,None,None, , , , 
20241, ,0.3331294787934673,1.722585965398784e-10,None,None,None,None, , , , 
20242, ,0.3331294787934673,1.8464249428955463e-10,None,None,None,None, , , , 
20243, ,0.3331294787934673,1.9791668678535569e-10,None,None,None,None, , , , 
20244, ,0.3331294787934673,2.121451784910628e-10,None,None,None,None, , , , 
20245, ,0.3331294787934673,2.273965752357932e-10,None,None,None,None, , , , 
20246, ,0.3331294787934673,2.4374441501222216e-10,None,None,None,None, , , , 
20247, ,0.3331294787934673,2.6126752255633265e-10,None,None,None,None, , , , 
20248, ,0.3331294787934673,2.8005038941836253e-10,None,None,None,None, , , , 
20249, ,0.3331294787934673,3.0018358135755917e-10,None,None,None,None, , , , 
20250, ,0.3331294787934673,3.2176417502507347e-10,None,None,None,None, , , , 
20251, ,0.3331294787934673,3.4489622604057533e-10,None,None,None,None, , , , 
20252, ,0.3331294787934673,3.696912707195032e-10,None,None,None,None, , , , 
20253, ,0.3331294787934673,3.9626886387014783e-10,None,None,None,None, , , , 
20254, ,0.3331294787934673,4.2475715525368935e-10,None,None,None,None, , , , 
20255, ,0.3331294787934673,4.552935074866938e-10,None,None,None,None, , , , 
20256, ,0.3331294787934673,4.880251583654433e-10,None,None,None,None, , , , 
20257, ,0.3331294787934673,5.231099308056258e-10,None,None,None,None, , , , 
20258, ,0.3331294787934673,5.60716993820547e-10,None,None,None,None, , , , 
20259, ,0.3331294787934673,6.010276782070387e-10,None,None,None,None, , , , 
20260, ,0.3331294787934673,6.442363508721371e-10,None,None,None,None, , , , 
20261, ,0.3331294787934673,6.905513520162316e-10,None,None,None,None, , , , 
20262, ,0.3331294787934673,7.401959996915653e-10,None,None,None,None, , , , 
20263, ,0.3331294787934673,7.934096665797492e-10,None,None,None,None, , , , 
20264, ,0.3331294787934673,8.504489341802668e-10,None,None,None,None, , , , 
20265, ,0.3331294787934673,9.115888299750837e-10,None,None,None,None, , , , 
20266, ,0.3331294787934673,9.771241535346502e-10,None,None,None,None, , , , 
20267, ,0.3331294787934673,1.0473708979594486e-09,None,None,None,None, , , , 
20268, ,0.3331294787934673,1.1226677735108114e-09,None,None,None,None, , , , 
20269, ,0.3331294787934673,1.2033778407775904e-09,None,None,None,None, , , , 
20270, ,0.3331294787934673,1.289890261253308e-09,None,None,None,None, , , , 
20271, ,0.3331294787934673,1.3826221737646535e-09,None,None,None,None, , , , 
20272, ,0.3331294787934673,1.4820207057988602e-09,None,None,None,None, , , , 
20273, ,0.3331294787934673,1.5885651294280526e-09,None,None,None,None, , , , 
20274, ,0.3331294787934673,1.702769172225898e-09,None,None,None,None, , , , 
20275, ,0.3331294787934673,1.825183494319039e-09,None,None,None,None, , , , 
20276, ,0.3331294787934673,1.956398343517065e-09,None,None,None,None, , , , 
20277, ,0.3331294787934673,2.0970464013232305e-09,None,None,None,None, , , , 
20278, ,0.3331294787934673,2.2478058335487307e-09,None,None,None,None, , , , 
20279, ,0.3331294787934673,2.409403560239527e-09,None,None,None,None, , , , 
20280, ,0.3331294787934673,2.582618760682675e-09,None,None,None,None, , , , 
20281, ,0.3331294787934673,2.768286630392061e-09,None,None,None,None, , , , 
20282, ,0.3331294787934673,2.9673024081888724e-09,None,None,None,None, , , , 
20283, ,0.3331294787934673,3.180625692794119e-09,None,None,None,None, , , , 
20284, ,0.3331294787934673,3.409285069746807e-09,None,None,None,None, , , , 
20285, ,0.3331294787934673,3.654383070957262e-09,None,None,None,None, , , , 
20286, ,0.3331294787934673,3.917101490809261e-09,None,None,None,None, , , , 
20287, ,0.3331294787934673,4.198707084443906e-09,None,None,None,None, , , , 
20288, ,0.3331294787934673,4.500557675700488e-09,None,None,None,None, , , , 
20289, ,0.3331294787934673,4.824108704165374e-09,None,None,None,None, , , , 
20290, ,0.3331294787934673,5.170920242896755e-09,None,None,None,None, , , , 
20291, ,0.3331294787934673,5.542664520663096e-09,None,None,None,None, , , , 
20292, ,0.3331294787934673,5.941133984965041e-09,None,None,None,None, , , , 
20293, ,0.3331294787934673,6.3682499447185856e-09,None,None,None,None, , , , 
20294, ,0.3331294787934673,6.826071834272379e-09,None,None,None,None, , , , 
20295, ,0.3331294787934673,7.316807143427175e-09,None,None,None,None, , , , 
20296, ,0.3331294787934673,7.842822061337681e-09,None,None,None,None, , , , 
20297, ,0.3331294787934673,8.406652885618316e-09,None,None,None,None, , , , 
20298, ,0.3331294787934673,9.011018251665036e-09,None,None,None,None, , , , 
20299, ,0.3331294787934673,9.658832241158707e-09,None,None,None,None, , , , 
20300, ,0.3331294787934673,1.0353218432956616e-08,None,None,None,None, , , , 
20301, ,0.3331294787934673,1.1097524964120722e-08,None,None,None,None, , , , 
20302, ,0.3331294787934673,1.1895340673703208e-08,None,None,None,None, , , , 
20303, ,0.3331294787934673,1.2750512407130128e-08,None,None,None,None, , , , 
20304, ,0.3331294787934673,1.3667163564620044e-08,None,None,None,None, , , , 
20305, ,0.3331294787934673,1.4649713983072853e-08,None,None,None,None, , , , 
20306, ,0.3331294787934673,1.5702901247293774e-08,None,None,None,None, , , , 
20307, ,0.3331294787934673,1.683180353330955e-08,None,None,None,None, , , , 
20308, ,0.3331294787934673,1.8041864093920717e-08,None,None,None,None, , , , 
20309, ,0.3331294787934673,1.933891750455232e-08,None,None,None,None, , , , 
20310, ,0.3331294787934673,2.0729217795953697e-08,None,None,None,None, , , , 
20311, ,0.3331294787934673,2.221946860939524e-08,None,None,None,None, , , , 
20312, ,0.3331294787934673,2.3816855519761606e-08,None,None,None,None, , , , 
20313, ,0.3331294787934673,2.552908068239516e-08,None,None,None,None, , , , 
20314, ,0.3331294787934673,2.7364399970746666e-08,None,None,None,None, , , , 
20315, ,0.3331294787934673,2.933166278390042e-08,None,None,None,None, , , , 
20316, ,0.3331294787934673,3.1440354715915e-08,None,None,None,None, , , , 
20317, ,0.3331294787934673,3.370064329271925e-08,None,None,None,None, , , , 
20318, ,0.3331294787934673,3.612342699709431e-08,None,None,None,None, , , , 
20319, ,0.3331294787934673,3.872038781812557e-08,None,None,None,None, , , , 
20320, ,0.3331294787934673,4.1504047578504727e-08,None,None,None,None, , , , 
20321, ,0.3331294787934673,4.448782831127585e-08,None,None,None,None, , , , 
20322, ,0.3331294787934673,4.768611697714474e-08,None,None,None,None, , , , 
20323, ,0.3331294787934673,5.111433483440165e-08,None,None,None,None, , , , 
20324, ,0.3331294787934673,5.478901179593934e-08,None,None,None,None, , , , 
20325, ,0.3331294787934673,5.872786613189478e-08,None,None,None,None, , , , 
20326, ,0.3331294787934673,6.294988990221888e-08,None,None,None,None, , , , 
20327, ,0.3331294787934673,6.747544053110687e-08,None,None,None,None, , , , 
20328, ,0.3331294787934673,7.232633896483534e-08,None,None,None,None, , , , 
20329, ,0.3331294787934673,7.752597488629465e-08,None,None,None,None, , , , 
20330, ,0.3331294787934673,8.309941949353386e-08,None,None,None,None, , , , 
20331, ,0.3331294787934673,8.907354638610439e-08,None,None,None,None, , , , 
20332, ,0.3331294787934673,9.547716114208066e-08,None,None,None,None, , , , 
20333, ,0.3331294787934673,1.0234114021054528e-07,None,None,None,None, , , , 
20334, ,0.3331294787934673,1.0969857978923841e-07,None,None,None,None, , , , 
20335, ,0.3331294787934673,1.1758495540521555e-07,None,None,None,None, , , , 
20336, ,0.3331294787934673,1.2603829296797277e-07,None,None,None,None, , , , 
20337, ,0.3331294787934673,1.350993521198025e-07,None,None,None,None, , , , 
20338, ,0.3331294787934673,1.4481182276745328e-07,None,None,None,None, , , , 
20339, ,0.3331294787934673,1.552225357427048e-07,None,None,None,None, , , , 
20340, ,0.3331294787934673,1.6638168860761273e-07,None,None,None,None, , , , 
20341, ,0.3331294787934673,1.7834308769319093e-07,None,None,None,None, , , , 
20342, ,0.3331294787934673,1.9116440753857e-07,None,None,None,None, , , , 
20343, ,0.3331294787934673,2.049074689815846e-07,None,None,None,None, , , , 
20344, ,0.3331294787934673,2.1963853724165468e-07,None,None,None,None, , , , 
20345, ,0.3331294787934673,2.3542864143224158e-07,None,None,None,None, , , , 
20346, ,0.3331294787934673,2.523539170434766e-07,None,None,None,None, , , , 
20347, ,0.3331294787934673,2.7049597304631316e-07,None,None,None,None, , , , 
20348, ,0.3331294787934673,2.899422853882875e-07,None,None,None,None, , , , 
20349, ,0.3331294787934673,3.107866187782014e-07,None,None,None,None, , , , 
20350, ,0.3331294787934673,3.33129478793467e-07,None,None,None,None, , , , 
20351, ,0.3331294787934673,3.5707859649004626e-07,None,None,None,None, , , , 
20352, ,0.3331294787934673,3.827494478516307e-07,None,None,None,None, , , , 
20353, ,0.3331294787934673,4.1026581058271904e-07,None,None,None,None, , , , 
20354, ,0.3331294787934673,4.397603609302722e-07,None,None,None,None, , , , 
20355, ,0.3331294787934673,4.7137531341167185e-07,None,None,None,None, , , , 
20356, ,0.3331294787934673,5.052631065335679e-07,None,None,None,None, , , , 
20357, ,0.3331294787934673,5.415871378079465e-07,None,None,None,None, , , , 
20358, ,0.3331294787934673,5.805225516094896e-07,None,None,None,None, , , , 
20359, ,0.3331294787934673,6.222570836730232e-07,None,None,None,None, , , , 
20360, ,0.3331294787934673,6.669919663030115e-07,None,None,None,None, , , , 
20361, ,0.3331294787934673,7.149428986597576e-07,None,None,None,None, , , , 
20362, ,0.3331294787934673,7.663410868007445e-07,None,None,None,None, , , , 
20363, ,0.3331294787934673,8.214343584919422e-07,None,None,None,None, , , , 
20364, ,0.3331294787934673,8.804883581643463e-07,None,None,None,None, , , , 
20365, ,0.3331294787934673,9.437878277775371e-07,None,None,None,None, , , , 
20366, ,0.3331294787934673,1.0116379797662072e-06,None,None,None,None, , , , 
20367, ,0.3331294787934673,1.0843659686896086e-06,None,None,None,None, , , , 
20368, ,0.3331294787934673,1.1623224686798522e-06,None,None,None,None, , , , 
20369, ,0.3331294787934673,1.2458833642950078e-06,None,None,None,None, , , , 
20370, ,0.3331294787934673,1.3354515629298971e-06,None,None,None,None, , , , 
20371, ,0.3331294787934673,1.4314589375234786e-06,None,None,None,None, , , , 
20372, ,0.3331294787934673,1.53436840893001e-06,None,None,None,None, , , , 
20373, ,0.3331294787934673,1.6446761779946631e-06,None,None,None,None, , , , 
20374, ,0.3331294787934673,1.762914118095948e-06,None,None,None,None, , , , 
20375, ,0.3331294787934673,1.8896523396912082e-06,None,None,None,None, , , , 
20376, ,0.3331294787934673,2.0255019392306664e-06,None,None,None,None, , , , 
20377, ,0.3331294787934673,2.171117945694501e-06,None,None,None,None, , , , 
20378, ,0.3331294787934673,2.327202478960408e-06,None,None,None,None, , , , 
20379, ,0.3331294787934673,2.494508135230317e-06,None,None,None,None, , , , 
20380, ,0.3331294787934673,2.673841615839944e-06,None,None,None,None, , , , 
20381, ,0.3331294787934673,2.8660676169482507e-06,None,None,None,None, , , , 
20382, ,0.3331294787934673,3.0721129988617524e-06,None,None,None,None, , , , 
20383, ,0.3331294787934673,3.292971255097148e-06,None,None,None,None, , , , 
20384, ,0.3331294787934673,3.5297073027306505e-06,None,None,None,None, , , , 
20385, ,0.3331294787934673,3.783462617131925e-06,None,None,None,None, , , , 
20386, ,0.3331294787934673,4.0554607358408275e-06,None,None,None,None, , , , 
20387, ,0.3331294787934673,4.3470131581250175e-06,None,None,None,None, , , , 
20388, ,0.3331294787934673,4.6595256686646765e-06,None,None,None,None, , , , 
20389, ,0.3331294787934673,4.99450511585514e-06,None,None,None,None, , , , 
20390, ,0.3331294787934673,5.353566677410719e-06,None,None,None,None, , , , 
20391, ,0.3331294787934673,5.738441648302393e-06,None,None,None,None, , , , 
20392, ,0.3331294787934673,6.150985788580505e-06,None,None,None,None, , , , 
20393, ,0.3331294787934673,6.593188271333541e-06,None,None,None,None, , , , 
20394, ,0.3331294787934673,7.067181273927492e-06,None,None,None,None, , , , 
20395, ,0.3331294787934673,7.575250258771904e-06,None,None,None,None, , , , 
20396, ,0.3331294787934673,8.119844993184007e-06,None,None,None,None, , , , 
20397, ,0.3331294787934673,8.703591361485167e-06,None,None,None,None, , , , 
20398, ,0.3331294787934673,9.329304026284676e-06,None,None,None,None, , , , 
20399, ,0.3331294787934673,1e-05,None,None,None,None, , , , 
20400, ,0.3448962260405758,1e-11,None,None,None,None, , , , 
20401, ,0.3448962260405758,1.0718913192051263e-11,None,None,None,None, , , , 
20402, ,0.3448962260405758,1.1489510001873107e-11,None,None,None,None, , , , 
20403, ,0.3448962260405758,1.2315506032928262e-11,None,None,None,None, , , , 
20404, ,0.3448962260405758,1.3200884008314167e-11,None,None,None,None, , , , 
20405, ,0.3448962260405758,1.4149912974345786e-11,None,None,None,None, , , , 
20406, ,0.3448962260405758,1.5167168884709242e-11,None,None,None,None, , , , 
20407, ,0.3448962260405758,1.6257556664437934e-11,None,None,None,None, , , , 
20408, ,0.3448962260405758,1.7426333860096473e-11,None,None,None,None, , , , 
20409, ,0.3448962260405758,1.8679135990207848e-11,None,None,None,None, , , , 
20410, ,0.3448962260405758,2.0022003718155844e-11,None,None,None,None, , , , 
20411, ,0.3448962260405758,2.1461411978584013e-11,None,None,None,None, , , , 
20412, ,0.3448962260405758,2.300430119772921e-11,None,None,None,None, , , , 
20413, ,0.3448962260405758,2.465811075822604e-11,None,None,None,None, , , , 
20414, ,0.3448962260405758,2.643081486974103e-11,None,None,None,None, , , , 
20415, ,0.3448962260405758,2.8330961018393178e-11,None,None,None,None, , , , 
20416, ,0.3448962260405758,3.036771118035461e-11,None,None,None,None, , , , 
20417, ,0.3448962260405758,3.255088599835057e-11,None,None,None,None, , , , 
20418, ,0.3448962260405758,3.4891012134067674e-11,None,None,None,None, , , , 
20419, ,0.3448962260405758,3.739937302478801e-11,None,None,None,None, , , , 
20420, ,0.3448962260405758,4.0088063288984646e-11,None,None,None,None, , , , 
20421, ,0.3448962260405758,4.297004704320835e-11,None,None,None,None, , , , 
20422, ,0.3448962260405758,4.605922041145113e-11,None,None,None,None, , , , 
20423, ,0.3448962260405758,4.937047852839004e-11,None,None,None,None, , , , 
20424, ,0.3448962260405758,5.2919787359584366e-11,None,None,None,None, , , , 
20425, ,0.3448962260405758,5.672426068491989e-11,None,None,None,None, , , , 
20426, ,0.3448962260405758,6.080224261649427e-11,None,None,None,None, , , , 
20427, ,0.3448962260405758,6.517339604882421e-11,None,None,None,None, , , , 
20428, ,0.3448962260405758,6.985879746785235e-11,None,None,None,None, , , , 
20429, ,0.3448962260405758,7.48810385759003e-11,None,None,None,None, , , , 
20430, ,0.3448962260405758,8.026433522257174e-11,None,None,None,None, , , , 
20431, ,0.3448962260405758,8.603464416684492e-11,None,None,None,None, , , , 
20432, ,0.3448962260405758,9.221978823334341e-11,None,None,None,None, , , , 
20433, ,0.3448962260405758,9.884959046625586e-11,None,None,None,None, , , , 
20434, ,0.3448962260405758,1.0595601792776149e-10,None,None,None,None, , , , 
20435, ,0.3448962260405758,1.1357333583431027e-10,None,None,None,None, , , , 
20436, ,0.3448962260405758,1.217382727739662e-10,None,None,None,None, , , , 
20437, ,0.3448962260405758,1.3049019780144016e-10,None,None,None,None, , , , 
20438, ,0.3448962260405758,1.398713102647236e-10,None,None,None,None, , , , 
20439, ,0.3448962260405758,1.4992684327860468e-10,None,None,None,None, , , , 
20440, ,0.3448962260405758,1.6070528182616384e-10,None,None,None,None, , , , 
20441, ,0.3448962260405758,1.722585965398784e-10,None,None,None,None, , , , 
20442, ,0.3448962260405758,1.8464249428955463e-10,None,None,None,None, , , , 
20443, ,0.3448962260405758,1.9791668678535569e-10,None,None,None,None, , , , 
20444, ,0.3448962260405758,2.121451784910628e-10,None,None,None,None, , , , 
20445, ,0.3448962260405758,2.273965752357932e-10,None,None,None,None, , , , 
20446, ,0.3448962260405758,2.4374441501222216e-10,None,None,None,None, , , , 
20447, ,0.3448962260405758,2.6126752255633265e-10,None,None,None,None, , , , 
20448, ,0.3448962260405758,2.8005038941836253e-10,None,None,None,None, , , , 
20449, ,0.3448962260405758,3.0018358135755917e-10,None,None,None,None, , , , 
20450, ,0.3448962260405758,3.2176417502507347e-10,None,None,None,None, , , , 
20451, ,0.3448962260405758,3.4489622604057533e-10,None,None,None,None, , , , 
20452, ,0.3448962260405758,3.696912707195032e-10,None,None,None,None, , , , 
20453, ,0.3448962260405758,3.9626886387014783e-10,None,None,None,None, , , , 
20454, ,0.3448962260405758,4.2475715525368935e-10,None,None,None,None, , , , 
20455, ,0.3448962260405758,4.552935074866938e-10,None,None,None,None, , , , 
20456, ,0.3448962260405758,4.880251583654433e-10,None,None,None,None, , , , 
20457, ,0.3448962260405758,5.231099308056258e-10,None,None,None,None, , , , 
20458, ,0.3448962260405758,5.60716993820547e-10,None,None,None,None, , , , 
20459, ,0.3448962260405758,6.010276782070387e-10,None,None,None,None, , , , 
20460, ,0.3448962260405758,6.442363508721371e-10,None,None,None,None, , , , 
20461, ,0.3448962260405758,6.905513520162316e-10,None,None,None,None, , , , 
20462, ,0.3448962260405758,7.401959996915653e-10,None,None,None,None, , , , 
20463, ,0.3448962260405758,7.934096665797492e-10,None,None,None,None, , , , 
20464, ,0.3448962260405758,8.504489341802668e-10,None,None,None,None, , , , 
20465, ,0.3448962260405758,9.115888299750837e-10,None,None,None,None, , , , 
20466, ,0.3448962260405758,9.771241535346502e-10,None,None,None,None, , , , 
20467, ,0.3448962260405758,1.0473708979594486e-09,None,None,None,None, , , , 
20468, ,0.3448962260405758,1.1226677735108114e-09,None,None,None,None, , , , 
20469, ,0.3448962260405758,1.2033778407775904e-09,None,None,None,None, , , , 
20470, ,0.3448962260405758,1.289890261253308e-09,None,None,None,None, , , , 
20471, ,0.3448962260405758,1.3826221737646535e-09,None,None,None,None, , , , 
20472, ,0.3448962260405758,1.4820207057988602e-09,None,None,None,None, , , , 
20473, ,0.3448962260405758,1.5885651294280526e-09,None,None,None,None, , , , 
20474, ,0.3448962260405758,1.702769172225898e-09,None,None,None,None, , , , 
20475, ,0.3448962260405758,1.825183494319039e-09,None,None,None,None, , , , 
20476, ,0.3448962260405758,1.956398343517065e-09,None,None,None,None, , , , 
20477, ,0.3448962260405758,2.0970464013232305e-09,None,None,None,None, , , , 
20478, ,0.3448962260405758,2.2478058335487307e-09,None,None,None,None, , , , 
20479, ,0.3448962260405758,2.409403560239527e-09,None,None,None,None, , , , 
20480, ,0.3448962260405758,2.582618760682675e-09,None,None,None,None, , , , 
20481, ,0.3448962260405758,2.768286630392061e-09,None,None,None,None, , , , 
20482, ,0.3448962260405758,2.9673024081888724e-09,None,None,None,None, , , , 
20483, ,0.3448962260405758,3.180625692794119e-09,None,None,None,None, , , , 
20484, ,0.3448962260405758,3.409285069746807e-09,None,None,None,None, , , , 
20485, ,0.3448962260405758,3.654383070957262e-09,None,None,None,None, , , , 
20486, ,0.3448962260405758,3.917101490809261e-09,None,None,None,None, , , , 
20487, ,0.3448962260405758,4.198707084443906e-09,None,None,None,None, , , , 
20488, ,0.3448962260405758,4.500557675700488e-09,None,None,None,None, , , , 
20489, ,0.3448962260405758,4.824108704165374e-09,None,None,None,None, , , , 
20490, ,0.3448962260405758,5.170920242896755e-09,None,None,None,None, , , , 
20491, ,0.3448962260405758,5.542664520663096e-09,None,None,None,None, , , , 
20492, ,0.3448962260405758,5.941133984965041e-09,None,None,None,None, , , , 
20493, ,0.3448962260405758,6.3682499447185856e-09,None,None,None,None, , , , 
20494, ,0.3448962260405758,6.826071834272379e-09,None,None,None,None, , , , 
20495, ,0.3448962260405758,7.316807143427175e-09,None,None,None,None, , , , 
20496, ,0.3448962260405758,7.842822061337681e-09,None,None,None,None, , , , 
20497, ,0.3448962260405758,8.406652885618316e-09,None,None,None,None, , , , 
20498, ,0.3448962260405758,9.011018251665036e-09,None,None,None,None, , , , 
20499, ,0.3448962260405758,9.658832241158707e-09,None,None,None,None, , , , 
20500, ,0.3448962260405758,1.0353218432956616e-08,None,None,None,None, , , , 
20501, ,0.3448962260405758,1.1097524964120722e-08,None,None,None,None, , , , 
20502, ,0.3448962260405758,1.1895340673703208e-08,None,None,None,None, , , , 
20503, ,0.3448962260405758,1.2750512407130128e-08,None,None,None,None, , , , 
20504, ,0.3448962260405758,1.3667163564620044e-08,None,None,None,None, , , , 
20505, ,0.3448962260405758,1.4649713983072853e-08,None,None,None,None, , , , 
20506, ,0.3448962260405758,1.5702901247293774e-08,None,None,None,None, , , , 
20507, ,0.3448962260405758,1.683180353330955e-08,None,None,None,None, , , , 
20508, ,0.3448962260405758,1.8041864093920717e-08,None,None,None,None, , , , 
20509, ,0.3448962260405758,1.933891750455232e-08,None,None,None,None, , , , 
20510, ,0.3448962260405758,2.0729217795953697e-08,None,None,None,None, , , , 
20511, ,0.3448962260405758,2.221946860939524e-08,None,None,None,None, , , , 
20512, ,0.3448962260405758,2.3816855519761606e-08,None,None,None,None, , , , 
20513, ,0.3448962260405758,2.552908068239516e-08,None,None,None,None, , , , 
20514, ,0.3448962260405758,2.7364399970746666e-08,None,None,None,None, , , , 
20515, ,0.3448962260405758,2.933166278390042e-08,None,None,None,None, , , , 
20516, ,0.3448962260405758,3.1440354715915e-08,None,None,None,None, , , , 
20517, ,0.3448962260405758,3.370064329271925e-08,None,None,None,None, , , , 
20518, ,0.3448962260405758,3.612342699709431e-08,None,None,None,None, , , , 
20519, ,0.3448962260405758,3.872038781812557e-08,None,None,None,None, , , , 
20520, ,0.3448962260405758,4.1504047578504727e-08,None,None,None,None, , , , 
20521, ,0.3448962260405758,4.448782831127585e-08,None,None,None,None, , , , 
20522, ,0.3448962260405758,4.768611697714474e-08,None,None,None,None, , , , 
20523, ,0.3448962260405758,5.111433483440165e-08,None,None,None,None, , , , 
20524, ,0.3448962260405758,5.478901179593934e-08,None,None,None,None, , , , 
20525, ,0.3448962260405758,5.872786613189478e-08,None,None,None,None, , , , 
20526, ,0.3448962260405758,6.294988990221888e-08,None,None,None,None, , , , 
20527, ,0.3448962260405758,6.747544053110687e-08,None,None,None,None, , , , 
20528, ,0.3448962260405758,7.232633896483534e-08,None,None,None,None, , , , 
20529, ,0.3448962260405758,7.752597488629465e-08,None,None,None,None, , , , 
20530, ,0.3448962260405758,8.309941949353386e-08,None,None,None,None, , , , 
20531, ,0.3448962260405758,8.907354638610439e-08,None,None,None,None, , , , 
20532, ,0.3448962260405758,9.547716114208066e-08,None,None,None,None, , , , 
20533, ,0.3448962260405758,1.0234114021054528e-07,None,None,None,None, , , , 
20534, ,0.3448962260405758,1.0969857978923841e-07,None,None,None,None, , , , 
20535, ,0.3448962260405758,1.1758495540521555e-07,None,None,None,None, , , , 
20536, ,0.3448962260405758,1.2603829296797277e-07,None,None,None,None, , , , 
20537, ,0.3448962260405758,1.350993521198025e-07,None,None,None,None, , , , 
20538, ,0.3448962260405758,1.4481182276745328e-07,None,None,None,None, , , , 
20539, ,0.3448962260405758,1.552225357427048e-07,None,None,None,None, , , , 
20540, ,0.3448962260405758,1.6638168860761273e-07,None,None,None,None, , , , 
20541, ,0.3448962260405758,1.7834308769319093e-07,None,None,None,None, , , , 
20542, ,0.3448962260405758,1.9116440753857e-07,None,None,None,None, , , , 
20543, ,0.3448962260405758,2.049074689815846e-07,None,None,None,None, , , , 
20544, ,0.3448962260405758,2.1963853724165468e-07,None,None,None,None, , , , 
20545, ,0.3448962260405758,2.3542864143224158e-07,None,None,None,None, , , , 
20546, ,0.3448962260405758,2.523539170434766e-07,None,None,None,None, , , , 
20547, ,0.3448962260405758,2.7049597304631316e-07,None,None,None,None, , , , 
20548, ,0.3448962260405758,2.899422853882875e-07,None,None,None,None, , , , 
20549, ,0.3448962260405758,3.107866187782014e-07,None,None,None,None, , , , 
20550, ,0.3448962260405758,3.33129478793467e-07,None,None,None,None, , , , 
20551, ,0.3448962260405758,3.5707859649004626e-07,None,None,None,None, , , , 
20552, ,0.3448962260405758,3.827494478516307e-07,None,None,None,None, , , , 
20553, ,0.3448962260405758,4.1026581058271904e-07,None,None,None,None, , , , 
20554, ,0.3448962260405758,4.397603609302722e-07,None,None,None,None, , , , 
20555, ,0.3448962260405758,4.7137531341167185e-07,None,None,None,None, , , , 
20556, ,0.3448962260405758,5.052631065335679e-07,None,None,None,None, , , , 
20557, ,0.3448962260405758,5.415871378079465e-07,None,None,None,None, , , , 
20558, ,0.3448962260405758,5.805225516094896e-07,None,None,None,None, , , , 
20559, ,0.3448962260405758,6.222570836730232e-07,None,None,None,None, , , , 
20560, ,0.3448962260405758,6.669919663030115e-07,None,None,None,None, , , , 
20561, ,0.3448962260405758,7.149428986597576e-07,None,None,None,None, , , , 
20562, ,0.3448962260405758,7.663410868007445e-07,None,None,None,None, , , , 
20563, ,0.3448962260405758,8.214343584919422e-07,None,None,None,None, , , , 
20564, ,0.3448962260405758,8.804883581643463e-07,None,None,None,None, , , , 
20565, ,0.3448962260405758,9.437878277775371e-07,None,None,None,None, , , , 
20566, ,0.3448962260405758,1.0116379797662072e-06,None,None,None,None, , , , 
20567, ,0.3448962260405758,1.0843659686896086e-06,None,None,None,None, , , , 
20568, ,0.3448962260405758,1.1623224686798522e-06,None,None,None,None, , , , 
20569, ,0.3448962260405758,1.2458833642950078e-06,None,None,None,None, , , , 
20570, ,0.3448962260405758,1.3354515629298971e-06,None,None,None,None, , , , 
20571, ,0.3448962260405758,1.4314589375234786e-06,None,None,None,None, , , , 
20572, ,0.3448962260405758,1.53436840893001e-06,None,None,None,None, , , , 
20573, ,0.3448962260405758,1.6446761779946631e-06,None,None,None,None, , , , 
20574, ,0.3448962260405758,1.762914118095948e-06,None,None,None,None, , , , 
20575, ,0.3448962260405758,1.8896523396912082e-06,None,None,None,None, , , , 
20576, ,0.3448962260405758,2.0255019392306664e-06,None,None,None,None, , , , 
20577, ,0.3448962260405758,2.171117945694501e-06,None,None,None,None, , , , 
20578, ,0.3448962260405758,2.327202478960408e-06,None,None,None,None, , , , 
20579, ,0.3448962260405758,2.494508135230317e-06,None,None,None,None, , , , 
20580, ,0.3448962260405758,2.673841615839944e-06,None,None,None,None, , , , 
20581, ,0.3448962260405758,2.8660676169482507e-06,None,None,None,None, , , , 
20582, ,0.3448962260405758,3.0721129988617524e-06,None,None,None,None, , , , 
20583, ,0.3448962260405758,3.292971255097148e-06,None,None,None,None, , , , 
20584, ,0.3448962260405758,3.5297073027306505e-06,None,None,None,None, , , , 
20585, ,0.3448962260405758,3.783462617131925e-06,None,None,None,None, , , , 
20586, ,0.3448962260405758,4.0554607358408275e-06,None,None,None,None, , , , 
20587, ,0.3448962260405758,4.3470131581250175e-06,None,None,None,None, , , , 
20588, ,0.3448962260405758,4.6595256686646765e-06,None,None,None,None, , , , 
20589, ,0.3448962260405758,4.99450511585514e-06,None,None,None,None, , , , 
20590, ,0.3448962260405758,5.353566677410719e-06,None,None,None,None, , , , 
20591, ,0.3448962260405758,5.738441648302393e-06,None,None,None,None, , , , 
20592, ,0.3448962260405758,6.150985788580505e-06,None,None,None,None, , , , 
20593, ,0.3448962260405758,6.593188271333541e-06,None,None,None,None, , , , 
20594, ,0.3448962260405758,7.067181273927492e-06,None,None,None,None, , , , 
20595, ,0.3448962260405758,7.575250258771904e-06,None,None,None,None, , , , 
20596, ,0.3448962260405758,8.119844993184007e-06,None,None,None,None, , , , 
20597, ,0.3448962260405758,8.703591361485167e-06,None,None,None,None, , , , 
20598, ,0.3448962260405758,9.329304026284676e-06,None,None,None,None, , , , 
20599, ,0.3448962260405758,1e-05,None,None,None,None, , , , 
20600, ,0.35707859649004625,1e-11,None,None,None,None, , , , 
20601, ,0.35707859649004625,1.0718913192051263e-11,None,None,None,None, , , , 
20602, ,0.35707859649004625,1.1489510001873107e-11,None,None,None,None, , , , 
20603, ,0.35707859649004625,1.2315506032928262e-11,None,None,None,None, , , , 
20604, ,0.35707859649004625,1.3200884008314167e-11,None,None,None,None, , , , 
20605, ,0.35707859649004625,1.4149912974345786e-11,None,None,None,None, , , , 
20606, ,0.35707859649004625,1.5167168884709242e-11,None,None,None,None, , , , 
20607, ,0.35707859649004625,1.6257556664437934e-11,None,None,None,None, , , , 
20608, ,0.35707859649004625,1.7426333860096473e-11,None,None,None,None, , , , 
20609, ,0.35707859649004625,1.8679135990207848e-11,None,None,None,None, , , , 
20610, ,0.35707859649004625,2.0022003718155844e-11,None,None,None,None, , , , 
20611, ,0.35707859649004625,2.1461411978584013e-11,None,None,None,None, , , , 
20612, ,0.35707859649004625,2.300430119772921e-11,None,None,None,None, , , , 
20613, ,0.35707859649004625,2.465811075822604e-11,None,None,None,None, , , , 
20614, ,0.35707859649004625,2.643081486974103e-11,None,None,None,None, , , , 
20615, ,0.35707859649004625,2.8330961018393178e-11,None,None,None,None, , , , 
20616, ,0.35707859649004625,3.036771118035461e-11,None,None,None,None, , , , 
20617, ,0.35707859649004625,3.255088599835057e-11,None,None,None,None, , , , 
20618, ,0.35707859649004625,3.4891012134067674e-11,None,None,None,None, , , , 
20619, ,0.35707859649004625,3.739937302478801e-11,None,None,None,None, , , , 
20620, ,0.35707859649004625,4.0088063288984646e-11,None,None,None,None, , , , 
20621, ,0.35707859649004625,4.297004704320835e-11,None,None,None,None, , , , 
20622, ,0.35707859649004625,4.605922041145113e-11,None,None,None,None, , , , 
20623, ,0.35707859649004625,4.937047852839004e-11,None,None,None,None, , , , 
20624, ,0.35707859649004625,5.2919787359584366e-11,None,None,None,None, , , , 
20625, ,0.35707859649004625,5.672426068491989e-11,None,None,None,None, , , , 
20626, ,0.35707859649004625,6.080224261649427e-11,None,None,None,None, , , , 
20627, ,0.35707859649004625,6.517339604882421e-11,None,None,None,None, , , , 
20628, ,0.35707859649004625,6.985879746785235e-11,None,None,None,None, , , , 
20629, ,0.35707859649004625,7.48810385759003e-11,None,None,None,None, , , , 
20630, ,0.35707859649004625,8.026433522257174e-11,None,None,None,None, , , , 
20631, ,0.35707859649004625,8.603464416684492e-11,None,None,None,None, , , , 
20632, ,0.35707859649004625,9.221978823334341e-11,None,None,None,None, , , , 
20633, ,0.35707859649004625,9.884959046625586e-11,None,None,None,None, , , , 
20634, ,0.35707859649004625,1.0595601792776149e-10,None,None,None,None, , , , 
20635, ,0.35707859649004625,1.1357333583431027e-10,None,None,None,None, , , , 
20636, ,0.35707859649004625,1.217382727739662e-10,None,None,None,None, , , , 
20637, ,0.35707859649004625,1.3049019780144016e-10,None,None,None,None, , , , 
20638, ,0.35707859649004625,1.398713102647236e-10,None,None,None,None, , , , 
20639, ,0.35707859649004625,1.4992684327860468e-10,None,None,None,None, , , , 
20640, ,0.35707859649004625,1.6070528182616384e-10,None,None,None,None, , , , 
20641, ,0.35707859649004625,1.722585965398784e-10,None,None,None,None, , , , 
20642, ,0.35707859649004625,1.8464249428955463e-10,None,None,None,None, , , , 
20643, ,0.35707859649004625,1.9791668678535569e-10,None,None,None,None, , , , 
20644, ,0.35707859649004625,2.121451784910628e-10,None,None,None,None, , , , 
20645, ,0.35707859649004625,2.273965752357932e-10,None,None,None,None, , , , 
20646, ,0.35707859649004625,2.4374441501222216e-10,None,None,None,None, , , , 
20647, ,0.35707859649004625,2.6126752255633265e-10,None,None,None,None, , , , 
20648, ,0.35707859649004625,2.8005038941836253e-10,None,None,None,None, , , , 
20649, ,0.35707859649004625,3.0018358135755917e-10,None,None,None,None, , , , 
20650, ,0.35707859649004625,3.2176417502507347e-10,None,None,None,None, , , , 
20651, ,0.35707859649004625,3.4489622604057533e-10,None,None,None,None, , , , 
20652, ,0.35707859649004625,3.696912707195032e-10,None,None,None,None, , , , 
20653, ,0.35707859649004625,3.9626886387014783e-10,None,None,None,None, , , , 
20654, ,0.35707859649004625,4.2475715525368935e-10,None,None,None,None, , , , 
20655, ,0.35707859649004625,4.552935074866938e-10,None,None,None,None, , , , 
20656, ,0.35707859649004625,4.880251583654433e-10,None,None,None,None, , , , 
20657, ,0.35707859649004625,5.231099308056258e-10,None,None,None,None, , , , 
20658, ,0.35707859649004625,5.60716993820547e-10,None,None,None,None, , , , 
20659, ,0.35707859649004625,6.010276782070387e-10,None,None,None,None, , , , 
20660, ,0.35707859649004625,6.442363508721371e-10,None,None,None,None, , , , 
20661, ,0.35707859649004625,6.905513520162316e-10,None,None,None,None, , , , 
20662, ,0.35707859649004625,7.401959996915653e-10,None,None,None,None, , , , 
20663, ,0.35707859649004625,7.934096665797492e-10,None,None,None,None, , , , 
20664, ,0.35707859649004625,8.504489341802668e-10,None,None,None,None, , , , 
20665, ,0.35707859649004625,9.115888299750837e-10,None,None,None,None, , , , 
20666, ,0.35707859649004625,9.771241535346502e-10,None,None,None,None, , , , 
20667, ,0.35707859649004625,1.0473708979594486e-09,None,None,None,None, , , , 
20668, ,0.35707859649004625,1.1226677735108114e-09,None,None,None,None, , , , 
20669, ,0.35707859649004625,1.2033778407775904e-09,None,None,None,None, , , , 
20670, ,0.35707859649004625,1.289890261253308e-09,None,None,None,None, , , , 
20671, ,0.35707859649004625,1.3826221737646535e-09,None,None,None,None, , , , 
20672, ,0.35707859649004625,1.4820207057988602e-09,None,None,None,None, , , , 
20673, ,0.35707859649004625,1.5885651294280526e-09,None,None,None,None, , , , 
20674, ,0.35707859649004625,1.702769172225898e-09,None,None,None,None, , , , 
20675, ,0.35707859649004625,1.825183494319039e-09,None,None,None,None, , , , 
20676, ,0.35707859649004625,1.956398343517065e-09,None,None,None,None, , , , 
20677, ,0.35707859649004625,2.0970464013232305e-09,None,None,None,None, , , , 
20678, ,0.35707859649004625,2.2478058335487307e-09,None,None,None,None, , , , 
20679, ,0.35707859649004625,2.409403560239527e-09,None,None,None,None, , , , 
20680, ,0.35707859649004625,2.582618760682675e-09,None,None,None,None, , , , 
20681, ,0.35707859649004625,2.768286630392061e-09,None,None,None,None, , , , 
20682, ,0.35707859649004625,2.9673024081888724e-09,None,None,None,None, , , , 
20683, ,0.35707859649004625,3.180625692794119e-09,None,None,None,None, , , , 
20684, ,0.35707859649004625,3.409285069746807e-09,None,None,None,None, , , , 
20685, ,0.35707859649004625,3.654383070957262e-09,None,None,None,None, , , , 
20686, ,0.35707859649004625,3.917101490809261e-09,None,None,None,None, , , , 
20687, ,0.35707859649004625,4.198707084443906e-09,None,None,None,None, , , , 
20688, ,0.35707859649004625,4.500557675700488e-09,None,None,None,None, , , , 
20689, ,0.35707859649004625,4.824108704165374e-09,None,None,None,None, , , , 
20690, ,0.35707859649004625,5.170920242896755e-09,None,None,None,None, , , , 
20691, ,0.35707859649004625,5.542664520663096e-09,None,None,None,None, , , , 
20692, ,0.35707859649004625,5.941133984965041e-09,None,None,None,None, , , , 
20693, ,0.35707859649004625,6.3682499447185856e-09,None,None,None,None, , , , 
20694, ,0.35707859649004625,6.826071834272379e-09,None,None,None,None, , , , 
20695, ,0.35707859649004625,7.316807143427175e-09,None,None,None,None, , , , 
20696, ,0.35707859649004625,7.842822061337681e-09,None,None,None,None, , , , 
20697, ,0.35707859649004625,8.406652885618316e-09,None,None,None,None, , , , 
20698, ,0.35707859649004625,9.011018251665036e-09,None,None,None,None, , , , 
20699, ,0.35707859649004625,9.658832241158707e-09,None,None,None,None, , , , 
20700, ,0.35707859649004625,1.0353218432956616e-08,None,None,None,None, , , , 
20701, ,0.35707859649004625,1.1097524964120722e-08,None,None,None,None, , , , 
20702, ,0.35707859649004625,1.1895340673703208e-08,None,None,None,None, , , , 
20703, ,0.35707859649004625,1.2750512407130128e-08,None,None,None,None, , , , 
20704, ,0.35707859649004625,1.3667163564620044e-08,None,None,None,None, , , , 
20705, ,0.35707859649004625,1.4649713983072853e-08,None,None,None,None, , , , 
20706, ,0.35707859649004625,1.5702901247293774e-08,None,None,None,None, , , , 
20707, ,0.35707859649004625,1.683180353330955e-08,None,None,None,None, , , , 
20708, ,0.35707859649004625,1.8041864093920717e-08,None,None,None,None, , , , 
20709, ,0.35707859649004625,1.933891750455232e-08,None,None,None,None, , , , 
20710, ,0.35707859649004625,2.0729217795953697e-08,None,None,None,None, , , , 
20711, ,0.35707859649004625,2.221946860939524e-08,None,None,None,None, , , , 
20712, ,0.35707859649004625,2.3816855519761606e-08,None,None,None,None, , , , 
20713, ,0.35707859649004625,2.552908068239516e-08,None,None,None,None, , , , 
20714, ,0.35707859649004625,2.7364399970746666e-08,None,None,None,None, , , , 
20715, ,0.35707859649004625,2.933166278390042e-08,None,None,None,None, , , , 
20716, ,0.35707859649004625,3.1440354715915e-08,None,None,None,None, , , , 
20717, ,0.35707859649004625,3.370064329271925e-08,None,None,None,None, , , , 
20718, ,0.35707859649004625,3.612342699709431e-08,None,None,None,None, , , , 
20719, ,0.35707859649004625,3.872038781812557e-08,None,None,None,None, , , , 
20720, ,0.35707859649004625,4.1504047578504727e-08,None,None,None,None, , , , 
20721, ,0.35707859649004625,4.448782831127585e-08,None,None,None,None, , , , 
20722, ,0.35707859649004625,4.768611697714474e-08,None,None,None,None, , , , 
20723, ,0.35707859649004625,5.111433483440165e-08,None,None,None,None, , , , 
20724, ,0.35707859649004625,5.478901179593934e-08,None,None,None,None, , , , 
20725, ,0.35707859649004625,5.872786613189478e-08,None,None,None,None, , , , 
20726, ,0.35707859649004625,6.294988990221888e-08,None,None,None,None, , , , 
20727, ,0.35707859649004625,6.747544053110687e-08,None,None,None,None, , , , 
20728, ,0.35707859649004625,7.232633896483534e-08,None,None,None,None, , , , 
20729, ,0.35707859649004625,7.752597488629465e-08,None,None,None,None, , , , 
20730, ,0.35707859649004625,8.309941949353386e-08,None,None,None,None, , , , 
20731, ,0.35707859649004625,8.907354638610439e-08,None,None,None,None, , , , 
20732, ,0.35707859649004625,9.547716114208066e-08,None,None,None,None, , , , 
20733, ,0.35707859649004625,1.0234114021054528e-07,None,None,None,None, , , , 
20734, ,0.35707859649004625,1.0969857978923841e-07,None,None,None,None, , , , 
20735, ,0.35707859649004625,1.1758495540521555e-07,None,None,None,None, , , , 
20736, ,0.35707859649004625,1.2603829296797277e-07,None,None,None,None, , , , 
20737, ,0.35707859649004625,1.350993521198025e-07,None,None,None,None, , , , 
20738, ,0.35707859649004625,1.4481182276745328e-07,None,None,None,None, , , , 
20739, ,0.35707859649004625,1.552225357427048e-07,None,None,None,None, , , , 
20740, ,0.35707859649004625,1.6638168860761273e-07,None,None,None,None, , , , 
20741, ,0.35707859649004625,1.7834308769319093e-07,None,None,None,None, , , , 
20742, ,0.35707859649004625,1.9116440753857e-07,None,None,None,None, , , , 
20743, ,0.35707859649004625,2.049074689815846e-07,None,None,None,None, , , , 
20744, ,0.35707859649004625,2.1963853724165468e-07,None,None,None,None, , , , 
20745, ,0.35707859649004625,2.3542864143224158e-07,None,None,None,None, , , , 
20746, ,0.35707859649004625,2.523539170434766e-07,None,None,None,None, , , , 
20747, ,0.35707859649004625,2.7049597304631316e-07,None,None,None,None, , , , 
20748, ,0.35707859649004625,2.899422853882875e-07,None,None,None,None, , , , 
20749, ,0.35707859649004625,3.107866187782014e-07,None,None,None,None, , , , 
20750, ,0.35707859649004625,3.33129478793467e-07,None,None,None,None, , , , 
20751, ,0.35707859649004625,3.5707859649004626e-07,None,None,None,None, , , , 
20752, ,0.35707859649004625,3.827494478516307e-07,None,None,None,None, , , , 
20753, ,0.35707859649004625,4.1026581058271904e-07,None,None,None,None, , , , 
20754, ,0.35707859649004625,4.397603609302722e-07,None,None,None,None, , , , 
20755, ,0.35707859649004625,4.7137531341167185e-07,None,None,None,None, , , , 
20756, ,0.35707859649004625,5.052631065335679e-07,None,None,None,None, , , , 
20757, ,0.35707859649004625,5.415871378079465e-07,None,None,None,None, , , , 
20758, ,0.35707859649004625,5.805225516094896e-07,None,None,None,None, , , , 
20759, ,0.35707859649004625,6.222570836730232e-07,None,None,None,None, , , , 
20760, ,0.35707859649004625,6.669919663030115e-07,None,None,None,None, , , , 
20761, ,0.35707859649004625,7.149428986597576e-07,None,None,None,None, , , , 
20762, ,0.35707859649004625,7.663410868007445e-07,None,None,None,None, , , , 
20763, ,0.35707859649004625,8.214343584919422e-07,None,None,None,None, , , , 
20764, ,0.35707859649004625,8.804883581643463e-07,None,None,None,None, , , , 
20765, ,0.35707859649004625,9.437878277775371e-07,None,None,None,None, , , , 
20766, ,0.35707859649004625,1.0116379797662072e-06,None,None,None,None, , , , 
20767, ,0.35707859649004625,1.0843659686896086e-06,None,None,None,None, , , , 
20768, ,0.35707859649004625,1.1623224686798522e-06,None,None,None,None, , , , 
20769, ,0.35707859649004625,1.2458833642950078e-06,None,None,None,None, , , , 
20770, ,0.35707859649004625,1.3354515629298971e-06,None,None,None,None, , , , 
20771, ,0.35707859649004625,1.4314589375234786e-06,None,None,None,None, , , , 
20772, ,0.35707859649004625,1.53436840893001e-06,None,None,None,None, , , , 
20773, ,0.35707859649004625,1.6446761779946631e-06,None,None,None,None, , , , 
20774, ,0.35707859649004625,1.762914118095948e-06,None,None,None,None, , , , 
20775, ,0.35707859649004625,1.8896523396912082e-06,None,None,None,None, , , , 
20776, ,0.35707859649004625,2.0255019392306664e-06,None,None,None,None, , , , 
20777, ,0.35707859649004625,2.171117945694501e-06,None,None,None,None, , , , 
20778, ,0.35707859649004625,2.327202478960408e-06,None,None,None,None, , , , 
20779, ,0.35707859649004625,2.494508135230317e-06,None,None,None,None, , , , 
20780, ,0.35707859649004625,2.673841615839944e-06,None,None,None,None, , , , 
20781, ,0.35707859649004625,2.8660676169482507e-06,None,None,None,None, , , , 
20782, ,0.35707859649004625,3.0721129988617524e-06,None,None,None,None, , , , 
20783, ,0.35707859649004625,3.292971255097148e-06,None,None,None,None, , , , 
20784, ,0.35707859649004625,3.5297073027306505e-06,None,None,None,None, , , , 
20785, ,0.35707859649004625,3.783462617131925e-06,None,None,None,None, , , , 
20786, ,0.35707859649004625,4.0554607358408275e-06,None,None,None,None, , , , 
20787, ,0.35707859649004625,4.3470131581250175e-06,None,None,None,None, , , , 
20788, ,0.35707859649004625,4.6595256686646765e-06,None,None,None,None, , , , 
20789, ,0.35707859649004625,4.99450511585514e-06,None,None,None,None, , , , 
20790, ,0.35707859649004625,5.353566677410719e-06,None,None,None,None, , , , 
20791, ,0.35707859649004625,5.738441648302393e-06,None,None,None,None, , , , 
20792, ,0.35707859649004625,6.150985788580505e-06,None,None,None,None, , , , 
20793, ,0.35707859649004625,6.593188271333541e-06,None,None,None,None, , , , 
20794, ,0.35707859649004625,7.067181273927492e-06,None,None,None,None, , , , 
20795, ,0.35707859649004625,7.575250258771904e-06,None,None,None,None, , , , 
20796, ,0.35707859649004625,8.119844993184007e-06,None,None,None,None, , , , 
20797, ,0.35707859649004625,8.703591361485167e-06,None,None,None,None, , , , 
20798, ,0.35707859649004625,9.329304026284676e-06,None,None,None,None, , , , 
20799, ,0.35707859649004625,1e-05,None,None,None,None, , , , 
20800, ,0.3696912707195025,1e-11,None,None,None,None, , , , 
20801, ,0.3696912707195025,1.0718913192051263e-11,None,None,None,None, , , , 
20802, ,0.3696912707195025,1.1489510001873107e-11,None,None,None,None, , , , 
20803, ,0.3696912707195025,1.2315506032928262e-11,None,None,None,None, , , , 
20804, ,0.3696912707195025,1.3200884008314167e-11,None,None,None,None, , , , 
20805, ,0.3696912707195025,1.4149912974345786e-11,None,None,None,None, , , , 
20806, ,0.3696912707195025,1.5167168884709242e-11,None,None,None,None, , , , 
20807, ,0.3696912707195025,1.6257556664437934e-11,None,None,None,None, , , , 
20808, ,0.3696912707195025,1.7426333860096473e-11,None,None,None,None, , , , 
20809, ,0.3696912707195025,1.8679135990207848e-11,None,None,None,None, , , , 
20810, ,0.3696912707195025,2.0022003718155844e-11,None,None,None,None, , , , 
20811, ,0.3696912707195025,2.1461411978584013e-11,None,None,None,None, , , , 
20812, ,0.3696912707195025,2.300430119772921e-11,None,None,None,None, , , , 
20813, ,0.3696912707195025,2.465811075822604e-11,None,None,None,None, , , , 
20814, ,0.3696912707195025,2.643081486974103e-11,None,None,None,None, , , , 
20815, ,0.3696912707195025,2.8330961018393178e-11,None,None,None,None, , , , 
20816, ,0.3696912707195025,3.036771118035461e-11,None,None,None,None, , , , 
20817, ,0.3696912707195025,3.255088599835057e-11,None,None,None,None, , , , 
20818, ,0.3696912707195025,3.4891012134067674e-11,None,None,None,None, , , , 
20819, ,0.3696912707195025,3.739937302478801e-11,None,None,None,None, , , , 
20820, ,0.3696912707195025,4.0088063288984646e-11,None,None,None,None, , , , 
20821, ,0.3696912707195025,4.297004704320835e-11,None,None,None,None, , , , 
20822, ,0.3696912707195025,4.605922041145113e-11,None,None,None,None, , , , 
20823, ,0.3696912707195025,4.937047852839004e-11,None,None,None,None, , , , 
20824, ,0.3696912707195025,5.2919787359584366e-11,None,None,None,None, , , , 
20825, ,0.3696912707195025,5.672426068491989e-11,None,None,None,None, , , , 
20826, ,0.3696912707195025,6.080224261649427e-11,None,None,None,None, , , , 
20827, ,0.3696912707195025,6.517339604882421e-11,None,None,None,None, , , , 
20828, ,0.3696912707195025,6.985879746785235e-11,None,None,None,None, , , , 
20829, ,0.3696912707195025,7.48810385759003e-11,None,None,None,None, , , , 
20830, ,0.3696912707195025,8.026433522257174e-11,None,None,None,None, , , , 
20831, ,0.3696912707195025,8.603464416684492e-11,None,None,None,None, , , , 
20832, ,0.3696912707195025,9.221978823334341e-11,None,None,None,None, , , , 
20833, ,0.3696912707195025,9.884959046625586e-11,None,None,None,None, , , , 
20834, ,0.3696912707195025,1.0595601792776149e-10,None,None,None,None, , , , 
20835, ,0.3696912707195025,1.1357333583431027e-10,None,None,None,None, , , , 
20836, ,0.3696912707195025,1.217382727739662e-10,None,None,None,None, , , , 
20837, ,0.3696912707195025,1.3049019780144016e-10,None,None,None,None, , , , 
20838, ,0.3696912707195025,1.398713102647236e-10,None,None,None,None, , , , 
20839, ,0.3696912707195025,1.4992684327860468e-10,None,None,None,None, , , , 
20840, ,0.3696912707195025,1.6070528182616384e-10,None,None,None,None, , , , 
20841, ,0.3696912707195025,1.722585965398784e-10,None,None,None,None, , , , 
20842, ,0.3696912707195025,1.8464249428955463e-10,None,None,None,None, , , , 
20843, ,0.3696912707195025,1.9791668678535569e-10,None,None,None,None, , , , 
20844, ,0.3696912707195025,2.121451784910628e-10,None,None,None,None, , , , 
20845, ,0.3696912707195025,2.273965752357932e-10,None,None,None,None, , , , 
20846, ,0.3696912707195025,2.4374441501222216e-10,None,None,None,None, , , , 
20847, ,0.3696912707195025,2.6126752255633265e-10,None,None,None,None, , , , 
20848, ,0.3696912707195025,2.8005038941836253e-10,None,None,None,None, , , , 
20849, ,0.3696912707195025,3.0018358135755917e-10,None,None,None,None, , , , 
20850, ,0.3696912707195025,3.2176417502507347e-10,None,None,None,None, , , , 
20851, ,0.3696912707195025,3.4489622604057533e-10,None,None,None,None, , , , 
20852, ,0.3696912707195025,3.696912707195032e-10,None,None,None,None, , , , 
20853, ,0.3696912707195025,3.9626886387014783e-10,None,None,None,None, , , , 
20854, ,0.3696912707195025,4.2475715525368935e-10,None,None,None,None, , , , 
20855, ,0.3696912707195025,4.552935074866938e-10,None,None,None,None, , , , 
20856, ,0.3696912707195025,4.880251583654433e-10,None,None,None,None, , , , 
20857, ,0.3696912707195025,5.231099308056258e-10,None,None,None,None, , , , 
20858, ,0.3696912707195025,5.60716993820547e-10,None,None,None,None, , , , 
20859, ,0.3696912707195025,6.010276782070387e-10,None,None,None,None, , , , 
20860, ,0.3696912707195025,6.442363508721371e-10,None,None,None,None, , , , 
20861, ,0.3696912707195025,6.905513520162316e-10,None,None,None,None, , , , 
20862, ,0.3696912707195025,7.401959996915653e-10,None,None,None,None, , , , 
20863, ,0.3696912707195025,7.934096665797492e-10,None,None,None,None, , , , 
20864, ,0.3696912707195025,8.504489341802668e-10,None,None,None,None, , , , 
20865, ,0.3696912707195025,9.115888299750837e-10,None,None,None,None, , , , 
20866, ,0.3696912707195025,9.771241535346502e-10,None,None,None,None, , , , 
20867, ,0.3696912707195025,1.0473708979594486e-09,None,None,None,None, , , , 
20868, ,0.3696912707195025,1.1226677735108114e-09,None,None,None,None, , , , 
20869, ,0.3696912707195025,1.2033778407775904e-09,None,None,None,None, , , , 
20870, ,0.3696912707195025,1.289890261253308e-09,None,None,None,None, , , , 
20871, ,0.3696912707195025,1.3826221737646535e-09,None,None,None,None, , , , 
20872, ,0.3696912707195025,1.4820207057988602e-09,None,None,None,None, , , , 
20873, ,0.3696912707195025,1.5885651294280526e-09,None,None,None,None, , , , 
20874, ,0.3696912707195025,1.702769172225898e-09,None,None,None,None, , , , 
20875, ,0.3696912707195025,1.825183494319039e-09,None,None,None,None, , , , 
20876, ,0.3696912707195025,1.956398343517065e-09,None,None,None,None, , , , 
20877, ,0.3696912707195025,2.0970464013232305e-09,None,None,None,None, , , , 
20878, ,0.3696912707195025,2.2478058335487307e-09,None,None,None,None, , , , 
20879, ,0.3696912707195025,2.409403560239527e-09,None,None,None,None, , , , 
20880, ,0.3696912707195025,2.582618760682675e-09,None,None,None,None, , , , 
20881, ,0.3696912707195025,2.768286630392061e-09,None,None,None,None, , , , 
20882, ,0.3696912707195025,2.9673024081888724e-09,None,None,None,None, , , , 
20883, ,0.3696912707195025,3.180625692794119e-09,None,None,None,None, , , , 
20884, ,0.3696912707195025,3.409285069746807e-09,None,None,None,None, , , , 
20885, ,0.3696912707195025,3.654383070957262e-09,None,None,None,None, , , , 
20886, ,0.3696912707195025,3.917101490809261e-09,None,None,None,None, , , , 
20887, ,0.3696912707195025,4.198707084443906e-09,None,None,None,None, , , , 
20888, ,0.3696912707195025,4.500557675700488e-09,None,None,None,None, , , , 
20889, ,0.3696912707195025,4.824108704165374e-09,None,None,None,None, , , , 
20890, ,0.3696912707195025,5.170920242896755e-09,None,None,None,None, , , , 
20891, ,0.3696912707195025,5.542664520663096e-09,None,None,None,None, , , , 
20892, ,0.3696912707195025,5.941133984965041e-09,None,None,None,None, , , , 
20893, ,0.3696912707195025,6.3682499447185856e-09,None,None,None,None, , , , 
20894, ,0.3696912707195025,6.826071834272379e-09,None,None,None,None, , , , 
20895, ,0.3696912707195025,7.316807143427175e-09,None,None,None,None, , , , 
20896, ,0.3696912707195025,7.842822061337681e-09,None,None,None,None, , , , 
20897, ,0.3696912707195025,8.406652885618316e-09,None,None,None,None, , , , 
20898, ,0.3696912707195025,9.011018251665036e-09,None,None,None,None, , , , 
20899, ,0.3696912707195025,9.658832241158707e-09,None,None,None,None, , , , 
20900, ,0.3696912707195025,1.0353218432956616e-08,None,None,None,None, , , , 
20901, ,0.3696912707195025,1.1097524964120722e-08,None,None,None,None, , , , 
20902, ,0.3696912707195025,1.1895340673703208e-08,None,None,None,None, , , , 
20903, ,0.3696912707195025,1.2750512407130128e-08,None,None,None,None, , , , 
20904, ,0.3696912707195025,1.3667163564620044e-08,None,None,None,None, , , , 
20905, ,0.3696912707195025,1.4649713983072853e-08,None,None,None,None, , , , 
20906, ,0.3696912707195025,1.5702901247293774e-08,None,None,None,None, , , , 
20907, ,0.3696912707195025,1.683180353330955e-08,None,None,None,None, , , , 
20908, ,0.3696912707195025,1.8041864093920717e-08,None,None,None,None, , , , 
20909, ,0.3696912707195025,1.933891750455232e-08,None,None,None,None, , , , 
20910, ,0.3696912707195025,2.0729217795953697e-08,None,None,None,None, , , , 
20911, ,0.3696912707195025,2.221946860939524e-08,None,None,None,None, , , , 
20912, ,0.3696912707195025,2.3816855519761606e-08,None,None,None,None, , , , 
20913, ,0.3696912707195025,2.552908068239516e-08,None,None,None,None, , , , 
20914, ,0.3696912707195025,2.7364399970746666e-08,None,None,None,None, , , , 
20915, ,0.3696912707195025,2.933166278390042e-08,None,None,None,None, , , , 
20916, ,0.3696912707195025,3.1440354715915e-08,None,None,None,None, , , , 
20917, ,0.3696912707195025,3.370064329271925e-08,None,None,None,None, , , , 
20918, ,0.3696912707195025,3.612342699709431e-08,None,None,None,None, , , , 
20919, ,0.3696912707195025,3.872038781812557e-08,None,None,None,None, , , , 
20920, ,0.3696912707195025,4.1504047578504727e-08,None,None,None,None, , , , 
20921, ,0.3696912707195025,4.448782831127585e-08,None,None,None,None, , , , 
20922, ,0.3696912707195025,4.768611697714474e-08,None,None,None,None, , , , 
20923, ,0.3696912707195025,5.111433483440165e-08,None,None,None,None, , , , 
20924, ,0.3696912707195025,5.478901179593934e-08,None,None,None,None, , , , 
20925, ,0.3696912707195025,5.872786613189478e-08,None,None,None,None, , , , 
20926, ,0.3696912707195025,6.294988990221888e-08,None,None,None,None, , , , 
20927, ,0.3696912707195025,6.747544053110687e-08,None,None,None,None, , , , 
20928, ,0.3696912707195025,7.232633896483534e-08,None,None,None,None, , , , 
20929, ,0.3696912707195025,7.752597488629465e-08,None,None,None,None, , , , 
20930, ,0.3696912707195025,8.309941949353386e-08,None,None,None,None, , , , 
20931, ,0.3696912707195025,8.907354638610439e-08,None,None,None,None, , , , 
20932, ,0.3696912707195025,9.547716114208066e-08,None,None,None,None, , , , 
20933, ,0.3696912707195025,1.0234114021054528e-07,None,None,None,None, , , , 
20934, ,0.3696912707195025,1.0969857978923841e-07,None,None,None,None, , , , 
20935, ,0.3696912707195025,1.1758495540521555e-07,None,None,None,None, , , , 
20936, ,0.3696912707195025,1.2603829296797277e-07,None,None,None,None, , , , 
20937, ,0.3696912707195025,1.350993521198025e-07,None,None,None,None, , , , 
20938, ,0.3696912707195025,1.4481182276745328e-07,None,None,None,None, , , , 
20939, ,0.3696912707195025,1.552225357427048e-07,None,None,None,None, , , , 
20940, ,0.3696912707195025,1.6638168860761273e-07,None,None,None,None, , , , 
20941, ,0.3696912707195025,1.7834308769319093e-07,None,None,None,None, , , , 
20942, ,0.3696912707195025,1.9116440753857e-07,None,None,None,None, , , , 
20943, ,0.3696912707195025,2.049074689815846e-07,None,None,None,None, , , , 
20944, ,0.3696912707195025,2.1963853724165468e-07,None,None,None,None, , , , 
20945, ,0.3696912707195025,2.3542864143224158e-07,None,None,None,None, , , , 
20946, ,0.3696912707195025,2.523539170434766e-07,None,None,None,None, , , , 
20947, ,0.3696912707195025,2.7049597304631316e-07,None,None,None,None, , , , 
20948, ,0.3696912707195025,2.899422853882875e-07,None,None,None,None, , , , 
20949, ,0.3696912707195025,3.107866187782014e-07,None,None,None,None, , , , 
20950, ,0.3696912707195025,3.33129478793467e-07,None,None,None,None, , , , 
20951, ,0.3696912707195025,3.5707859649004626e-07,None,None,None,None, , , , 
20952, ,0.3696912707195025,3.827494478516307e-07,None,None,None,None, , , , 
20953, ,0.3696912707195025,4.1026581058271904e-07,None,None,None,None, , , , 
20954, ,0.3696912707195025,4.397603609302722e-07,None,None,None,None, , , , 
20955, ,0.3696912707195025,4.7137531341167185e-07,None,None,None,None, , , , 
20956, ,0.3696912707195025,5.052631065335679e-07,None,None,None,None, , , , 
20957, ,0.3696912707195025,5.415871378079465e-07,None,None,None,None, , , , 
20958, ,0.3696912707195025,5.805225516094896e-07,None,None,None,None, , , , 
20959, ,0.3696912707195025,6.222570836730232e-07,None,None,None,None, , , , 
20960, ,0.3696912707195025,6.669919663030115e-07,None,None,None,None, , , , 
20961, ,0.3696912707195025,7.149428986597576e-07,None,None,None,None, , , , 
20962, ,0.3696912707195025,7.663410868007445e-07,None,None,None,None, , , , 
20963, ,0.3696912707195025,8.214343584919422e-07,None,None,None,None, , , , 
20964, ,0.3696912707195025,8.804883581643463e-07,None,None,None,None, , , , 
20965, ,0.3696912707195025,9.437878277775371e-07,None,None,None,None, , , , 
20966, ,0.3696912707195025,1.0116379797662072e-06,None,None,None,None, , , , 
20967, ,0.3696912707195025,1.0843659686896086e-06,None,None,None,None, , , , 
20968, ,0.3696912707195025,1.1623224686798522e-06,None,None,None,None, , , , 
20969, ,0.3696912707195025,1.2458833642950078e-06,None,None,None,None, , , , 
20970, ,0.3696912707195025,1.3354515629298971e-06,None,None,None,None, , , , 
20971, ,0.3696912707195025,1.4314589375234786e-06,None,None,None,None, , , , 
20972, ,0.3696912707195025,1.53436840893001e-06,None,None,None,None, , , , 
20973, ,0.3696912707195025,1.6446761779946631e-06,None,None,None,None, , , , 
20974, ,0.3696912707195025,1.762914118095948e-06,None,None,None,None, , , , 
20975, ,0.3696912707195025,1.8896523396912082e-06,None,None,None,None, , , , 
20976, ,0.3696912707195025,2.0255019392306664e-06,None,None,None,None, , , , 
20977, ,0.3696912707195025,2.171117945694501e-06,None,None,None,None, , , , 
20978, ,0.3696912707195025,2.327202478960408e-06,None,None,None,None, , , , 
20979, ,0.3696912707195025,2.494508135230317e-06,None,None,None,None, , , , 
20980, ,0.3696912707195025,2.673841615839944e-06,None,None,None,None, , , , 
20981, ,0.3696912707195025,2.8660676169482507e-06,None,None,None,None, , , , 
20982, ,0.3696912707195025,3.0721129988617524e-06,None,None,None,None, , , , 
20983, ,0.3696912707195025,3.292971255097148e-06,None,None,None,None, , , , 
20984, ,0.3696912707195025,3.5297073027306505e-06,None,None,None,None, , , , 
20985, ,0.3696912707195025,3.783462617131925e-06,None,None,None,None, , , , 
20986, ,0.3696912707195025,4.0554607358408275e-06,None,None,None,None, , , , 
20987, ,0.3696912707195025,4.3470131581250175e-06,None,None,None,None, , , , 
20988, ,0.3696912707195025,4.6595256686646765e-06,None,None,None,None, , , , 
20989, ,0.3696912707195025,4.99450511585514e-06,None,None,None,None, , , , 
20990, ,0.3696912707195025,5.353566677410719e-06,None,None,None,None, , , , 
20991, ,0.3696912707195025,5.738441648302393e-06,None,None,None,None, , , , 
20992, ,0.3696912707195025,6.150985788580505e-06,None,None,None,None, , , , 
20993, ,0.3696912707195025,6.593188271333541e-06,None,None,None,None, , , , 
20994, ,0.3696912707195025,7.067181273927492e-06,None,None,None,None, , , , 
20995, ,0.3696912707195025,7.575250258771904e-06,None,None,None,None, , , , 
20996, ,0.3696912707195025,8.119844993184007e-06,None,None,None,None, , , , 
20997, ,0.3696912707195025,8.703591361485167e-06,None,None,None,None, , , , 
20998, ,0.3696912707195025,9.329304026284676e-06,None,None,None,None, , , , 
20999, ,0.3696912707195025,1e-05,None,None,None,None, , , , 
21000, ,0.3827494478516311,1e-11,None,None,None,None, , , , 
21001, ,0.3827494478516311,1.0718913192051263e-11,None,None,None,None, , , , 
21002, ,0.3827494478516311,1.1489510001873107e-11,None,None,None,None, , , , 
21003, ,0.3827494478516311,1.2315506032928262e-11,None,None,None,None, , , , 
21004, ,0.3827494478516311,1.3200884008314167e-11,None,None,None,None, , , , 
21005, ,0.3827494478516311,1.4149912974345786e-11,None,None,None,None, , , , 
21006, ,0.3827494478516311,1.5167168884709242e-11,None,None,None,None, , , , 
21007, ,0.3827494478516311,1.6257556664437934e-11,None,None,None,None, , , , 
21008, ,0.3827494478516311,1.7426333860096473e-11,None,None,None,None, , , , 
21009, ,0.3827494478516311,1.8679135990207848e-11,None,None,None,None, , , , 
21010, ,0.3827494478516311,2.0022003718155844e-11,None,None,None,None, , , , 
21011, ,0.3827494478516311,2.1461411978584013e-11,None,None,None,None, , , , 
21012, ,0.3827494478516311,2.300430119772921e-11,None,None,None,None, , , , 
21013, ,0.3827494478516311,2.465811075822604e-11,None,None,None,None, , , , 
21014, ,0.3827494478516311,2.643081486974103e-11,None,None,None,None, , , , 
21015, ,0.3827494478516311,2.8330961018393178e-11,None,None,None,None, , , , 
21016, ,0.3827494478516311,3.036771118035461e-11,None,None,None,None, , , , 
21017, ,0.3827494478516311,3.255088599835057e-11,None,None,None,None, , , , 
21018, ,0.3827494478516311,3.4891012134067674e-11,None,None,None,None, , , , 
21019, ,0.3827494478516311,3.739937302478801e-11,None,None,None,None, , , , 
21020, ,0.3827494478516311,4.0088063288984646e-11,None,None,None,None, , , , 
21021, ,0.3827494478516311,4.297004704320835e-11,None,None,None,None, , , , 
21022, ,0.3827494478516311,4.605922041145113e-11,None,None,None,None, , , , 
21023, ,0.3827494478516311,4.937047852839004e-11,None,None,None,None, , , , 
21024, ,0.3827494478516311,5.2919787359584366e-11,None,None,None,None, , , , 
21025, ,0.3827494478516311,5.672426068491989e-11,None,None,None,None, , , , 
21026, ,0.3827494478516311,6.080224261649427e-11,None,None,None,None, , , , 
21027, ,0.3827494478516311,6.517339604882421e-11,None,None,None,None, , , , 
21028, ,0.3827494478516311,6.985879746785235e-11,None,None,None,None, , , , 
21029, ,0.3827494478516311,7.48810385759003e-11,None,None,None,None, , , , 
21030, ,0.3827494478516311,8.026433522257174e-11,None,None,None,None, , , , 
21031, ,0.3827494478516311,8.603464416684492e-11,None,None,None,None, , , , 
21032, ,0.3827494478516311,9.221978823334341e-11,None,None,None,None, , , , 
21033, ,0.3827494478516311,9.884959046625586e-11,None,None,None,None, , , , 
21034, ,0.3827494478516311,1.0595601792776149e-10,None,None,None,None, , , , 
21035, ,0.3827494478516311,1.1357333583431027e-10,None,None,None,None, , , , 
21036, ,0.3827494478516311,1.217382727739662e-10,None,None,None,None, , , , 
21037, ,0.3827494478516311,1.3049019780144016e-10,None,None,None,None, , , , 
21038, ,0.3827494478516311,1.398713102647236e-10,None,None,None,None, , , , 
21039, ,0.3827494478516311,1.4992684327860468e-10,None,None,None,None, , , , 
21040, ,0.3827494478516311,1.6070528182616384e-10,None,None,None,None, , , , 
21041, ,0.3827494478516311,1.722585965398784e-10,None,None,None,None, , , , 
21042, ,0.3827494478516311,1.8464249428955463e-10,None,None,None,None, , , , 
21043, ,0.3827494478516311,1.9791668678535569e-10,None,None,None,None, , , , 
21044, ,0.3827494478516311,2.121451784910628e-10,None,None,None,None, , , , 
21045, ,0.3827494478516311,2.273965752357932e-10,None,None,None,None, , , , 
21046, ,0.3827494478516311,2.4374441501222216e-10,None,None,None,None, , , , 
21047, ,0.3827494478516311,2.6126752255633265e-10,None,None,None,None, , , , 
21048, ,0.3827494478516311,2.8005038941836253e-10,None,None,None,None, , , , 
21049, ,0.3827494478516311,3.0018358135755917e-10,None,None,None,None, , , , 
21050, ,0.3827494478516311,3.2176417502507347e-10,None,None,None,None, , , , 
21051, ,0.3827494478516311,3.4489622604057533e-10,None,None,None,None, , , , 
21052, ,0.3827494478516311,3.696912707195032e-10,None,None,None,None, , , , 
21053, ,0.3827494478516311,3.9626886387014783e-10,None,None,None,None, , , , 
21054, ,0.3827494478516311,4.2475715525368935e-10,None,None,None,None, , , , 
21055, ,0.3827494478516311,4.552935074866938e-10,None,None,None,None, , , , 
21056, ,0.3827494478516311,4.880251583654433e-10,None,None,None,None, , , , 
21057, ,0.3827494478516311,5.231099308056258e-10,None,None,None,None, , , , 
21058, ,0.3827494478516311,5.60716993820547e-10,None,None,None,None, , , , 
21059, ,0.3827494478516311,6.010276782070387e-10,None,None,None,None, , , , 
21060, ,0.3827494478516311,6.442363508721371e-10,None,None,None,None, , , , 
21061, ,0.3827494478516311,6.905513520162316e-10,None,None,None,None, , , , 
21062, ,0.3827494478516311,7.401959996915653e-10,None,None,None,None, , , , 
21063, ,0.3827494478516311,7.934096665797492e-10,None,None,None,None, , , , 
21064, ,0.3827494478516311,8.504489341802668e-10,None,None,None,None, , , , 
21065, ,0.3827494478516311,9.115888299750837e-10,None,None,None,None, , , , 
21066, ,0.3827494478516311,9.771241535346502e-10,None,None,None,None, , , , 
21067, ,0.3827494478516311,1.0473708979594486e-09,None,None,None,None, , , , 
21068, ,0.3827494478516311,1.1226677735108114e-09,None,None,None,None, , , , 
21069, ,0.3827494478516311,1.2033778407775904e-09,None,None,None,None, , , , 
21070, ,0.3827494478516311,1.289890261253308e-09,None,None,None,None, , , , 
21071, ,0.3827494478516311,1.3826221737646535e-09,None,None,None,None, , , , 
21072, ,0.3827494478516311,1.4820207057988602e-09,None,None,None,None, , , , 
21073, ,0.3827494478516311,1.5885651294280526e-09,None,None,None,None, , , , 
21074, ,0.3827494478516311,1.702769172225898e-09,None,None,None,None, , , , 
21075, ,0.3827494478516311,1.825183494319039e-09,None,None,None,None, , , , 
21076, ,0.3827494478516311,1.956398343517065e-09,None,None,None,None, , , , 
21077, ,0.3827494478516311,2.0970464013232305e-09,None,None,None,None, , , , 
21078, ,0.3827494478516311,2.2478058335487307e-09,None,None,None,None, , , , 
21079, ,0.3827494478516311,2.409403560239527e-09,None,None,None,None, , , , 
21080, ,0.3827494478516311,2.582618760682675e-09,None,None,None,None, , , , 
21081, ,0.3827494478516311,2.768286630392061e-09,None,None,None,None, , , , 
21082, ,0.3827494478516311,2.9673024081888724e-09,None,None,None,None, , , , 
21083, ,0.3827494478516311,3.180625692794119e-09,None,None,None,None, , , , 
21084, ,0.3827494478516311,3.409285069746807e-09,None,None,None,None, , , , 
21085, ,0.3827494478516311,3.654383070957262e-09,None,None,None,None, , , , 
21086, ,0.3827494478516311,3.917101490809261e-09,None,None,None,None, , , , 
21087, ,0.3827494478516311,4.198707084443906e-09,None,None,None,None, , , , 
21088, ,0.3827494478516311,4.500557675700488e-09,None,None,None,None, , , , 
21089, ,0.3827494478516311,4.824108704165374e-09,None,None,None,None, , , , 
21090, ,0.3827494478516311,5.170920242896755e-09,None,None,None,None, , , , 
21091, ,0.3827494478516311,5.542664520663096e-09,None,None,None,None, , , , 
21092, ,0.3827494478516311,5.941133984965041e-09,None,None,None,None, , , , 
21093, ,0.3827494478516311,6.3682499447185856e-09,None,None,None,None, , , , 
21094, ,0.3827494478516311,6.826071834272379e-09,None,None,None,None, , , , 
21095, ,0.3827494478516311,7.316807143427175e-09,None,None,None,None, , , , 
21096, ,0.3827494478516311,7.842822061337681e-09,None,None,None,None, , , , 
21097, ,0.3827494478516311,8.406652885618316e-09,None,None,None,None, , , , 
21098, ,0.3827494478516311,9.011018251665036e-09,None,None,None,None, , , , 
21099, ,0.3827494478516311,9.658832241158707e-09,None,None,None,None, , , , 
21100, ,0.3827494478516311,1.0353218432956616e-08,None,None,None,None, , , , 
21101, ,0.3827494478516311,1.1097524964120722e-08,None,None,None,None, , , , 
21102, ,0.3827494478516311,1.1895340673703208e-08,None,None,None,None, , , , 
21103, ,0.3827494478516311,1.2750512407130128e-08,None,None,None,None, , , , 
21104, ,0.3827494478516311,1.3667163564620044e-08,None,None,None,None, , , , 
21105, ,0.3827494478516311,1.4649713983072853e-08,None,None,None,None, , , , 
21106, ,0.3827494478516311,1.5702901247293774e-08,None,None,None,None, , , , 
21107, ,0.3827494478516311,1.683180353330955e-08,None,None,None,None, , , , 
21108, ,0.3827494478516311,1.8041864093920717e-08,None,None,None,None, , , , 
21109, ,0.3827494478516311,1.933891750455232e-08,None,None,None,None, , , , 
21110, ,0.3827494478516311,2.0729217795953697e-08,None,None,None,None, , , , 
21111, ,0.3827494478516311,2.221946860939524e-08,None,None,None,None, , , , 
21112, ,0.3827494478516311,2.3816855519761606e-08,None,None,None,None, , , , 
21113, ,0.3827494478516311,2.552908068239516e-08,None,None,None,None, , , , 
21114, ,0.3827494478516311,2.7364399970746666e-08,None,None,None,None, , , , 
21115, ,0.3827494478516311,2.933166278390042e-08,None,None,None,None, , , , 
21116, ,0.3827494478516311,3.1440354715915e-08,None,None,None,None, , , , 
21117, ,0.3827494478516311,3.370064329271925e-08,None,None,None,None, , , , 
21118, ,0.3827494478516311,3.612342699709431e-08,None,None,None,None, , , , 
21119, ,0.3827494478516311,3.872038781812557e-08,None,None,None,None, , , , 
21120, ,0.3827494478516311,4.1504047578504727e-08,None,None,None,None, , , , 
21121, ,0.3827494478516311,4.448782831127585e-08,None,None,None,None, , , , 
21122, ,0.3827494478516311,4.768611697714474e-08,None,None,None,None, , , , 
21123, ,0.3827494478516311,5.111433483440165e-08,None,None,None,None, , , , 
21124, ,0.3827494478516311,5.478901179593934e-08,None,None,None,None, , , , 
21125, ,0.3827494478516311,5.872786613189478e-08,None,None,None,None, , , , 
21126, ,0.3827494478516311,6.294988990221888e-08,None,None,None,None, , , , 
21127, ,0.3827494478516311,6.747544053110687e-08,None,None,None,None, , , , 
21128, ,0.3827494478516311,7.232633896483534e-08,None,None,None,None, , , , 
21129, ,0.3827494478516311,7.752597488629465e-08,None,None,None,None, , , , 
21130, ,0.3827494478516311,8.309941949353386e-08,None,None,None,None, , , , 
21131, ,0.3827494478516311,8.907354638610439e-08,None,None,None,None, , , , 
21132, ,0.3827494478516311,9.547716114208066e-08,None,None,None,None, , , , 
21133, ,0.3827494478516311,1.0234114021054528e-07,None,None,None,None, , , , 
21134, ,0.3827494478516311,1.0969857978923841e-07,None,None,None,None, , , , 
21135, ,0.3827494478516311,1.1758495540521555e-07,None,None,None,None, , , , 
21136, ,0.3827494478516311,1.2603829296797277e-07,None,None,None,None, , , , 
21137, ,0.3827494478516311,1.350993521198025e-07,None,None,None,None, , , , 
21138, ,0.3827494478516311,1.4481182276745328e-07,None,None,None,None, , , , 
21139, ,0.3827494478516311,1.552225357427048e-07,None,None,None,None, , , , 
21140, ,0.3827494478516311,1.6638168860761273e-07,None,None,None,None, , , , 
21141, ,0.3827494478516311,1.7834308769319093e-07,None,None,None,None, , , , 
21142, ,0.3827494478516311,1.9116440753857e-07,None,None,None,None, , , , 
21143, ,0.3827494478516311,2.049074689815846e-07,None,None,None,None, , , , 
21144, ,0.3827494478516311,2.1963853724165468e-07,None,None,None,None, , , , 
21145, ,0.3827494478516311,2.3542864143224158e-07,None,None,None,None, , , , 
21146, ,0.3827494478516311,2.523539170434766e-07,None,None,None,None, , , , 
21147, ,0.3827494478516311,2.7049597304631316e-07,None,None,None,None, , , , 
21148, ,0.3827494478516311,2.899422853882875e-07,None,None,None,None, , , , 
21149, ,0.3827494478516311,3.107866187782014e-07,None,None,None,None, , , , 
21150, ,0.3827494478516311,3.33129478793467e-07,None,None,None,None, , , , 
21151, ,0.3827494478516311,3.5707859649004626e-07,None,None,None,None, , , , 
21152, ,0.3827494478516311,3.827494478516307e-07,None,None,None,None, , , , 
21153, ,0.3827494478516311,4.1026581058271904e-07,None,None,None,None, , , , 
21154, ,0.3827494478516311,4.397603609302722e-07,None,None,None,None, , , , 
21155, ,0.3827494478516311,4.7137531341167185e-07,None,None,None,None, , , , 
21156, ,0.3827494478516311,5.052631065335679e-07,None,None,None,None, , , , 
21157, ,0.3827494478516311,5.415871378079465e-07,None,None,None,None, , , , 
21158, ,0.3827494478516311,5.805225516094896e-07,None,None,None,None, , , , 
21159, ,0.3827494478516311,6.222570836730232e-07,None,None,None,None, , , , 
21160, ,0.3827494478516311,6.669919663030115e-07,None,None,None,None, , , , 
21161, ,0.3827494478516311,7.149428986597576e-07,None,None,None,None, , , , 
21162, ,0.3827494478516311,7.663410868007445e-07,None,None,None,None, , , , 
21163, ,0.3827494478516311,8.214343584919422e-07,None,None,None,None, , , , 
21164, ,0.3827494478516311,8.804883581643463e-07,None,None,None,None, , , , 
21165, ,0.3827494478516311,9.437878277775371e-07,None,None,None,None, , , , 
21166, ,0.3827494478516311,1.0116379797662072e-06,None,None,None,None, , , , 
21167, ,0.3827494478516311,1.0843659686896086e-06,None,None,None,None, , , , 
21168, ,0.3827494478516311,1.1623224686798522e-06,None,None,None,None, , , , 
21169, ,0.3827494478516311,1.2458833642950078e-06,None,None,None,None, , , , 
21170, ,0.3827494478516311,1.3354515629298971e-06,None,None,None,None, , , , 
21171, ,0.3827494478516311,1.4314589375234786e-06,None,None,None,None, , , , 
21172, ,0.3827494478516311,1.53436840893001e-06,None,None,None,None, , , , 
21173, ,0.3827494478516311,1.6446761779946631e-06,None,None,None,None, , , , 
21174, ,0.3827494478516311,1.762914118095948e-06,None,None,None,None, , , , 
21175, ,0.3827494478516311,1.8896523396912082e-06,None,None,None,None, , , , 
21176, ,0.3827494478516311,2.0255019392306664e-06,None,None,None,None, , , , 
21177, ,0.3827494478516311,2.171117945694501e-06,None,None,None,None, , , , 
21178, ,0.3827494478516311,2.327202478960408e-06,None,None,None,None, , , , 
21179, ,0.3827494478516311,2.494508135230317e-06,None,None,None,None, , , , 
21180, ,0.3827494478516311,2.673841615839944e-06,None,None,None,None, , , , 
21181, ,0.3827494478516311,2.8660676169482507e-06,None,None,None,None, , , , 
21182, ,0.3827494478516311,3.0721129988617524e-06,None,None,None,None, , , , 
21183, ,0.3827494478516311,3.292971255097148e-06,None,None,None,None, , , , 
21184, ,0.3827494478516311,3.5297073027306505e-06,None,None,None,None, , , , 
21185, ,0.3827494478516311,3.783462617131925e-06,None,None,None,None, , , , 
21186, ,0.3827494478516311,4.0554607358408275e-06,None,None,None,None, , , , 
21187, ,0.3827494478516311,4.3470131581250175e-06,None,None,None,None, , , , 
21188, ,0.3827494478516311,4.6595256686646765e-06,None,None,None,None, , , , 
21189, ,0.3827494478516311,4.99450511585514e-06,None,None,None,None, , , , 
21190, ,0.3827494478516311,5.353566677410719e-06,None,None,None,None, , , , 
21191, ,0.3827494478516311,5.738441648302393e-06,None,None,None,None, , , , 
21192, ,0.3827494478516311,6.150985788580505e-06,None,None,None,None, , , , 
21193, ,0.3827494478516311,6.593188271333541e-06,None,None,None,None, , , , 
21194, ,0.3827494478516311,7.067181273927492e-06,None,None,None,None, , , , 
21195, ,0.3827494478516311,7.575250258771904e-06,None,None,None,None, , , , 
21196, ,0.3827494478516311,8.119844993184007e-06,None,None,None,None, , , , 
21197, ,0.3827494478516311,8.703591361485167e-06,None,None,None,None, , , , 
21198, ,0.3827494478516311,9.329304026284676e-06,None,None,None,None, , , , 
21199, ,0.3827494478516311,1e-05,None,None,None,None, , , , 
21200, ,0.3962688638701478,1e-11,None,None,None,None, , , , 
21201, ,0.3962688638701478,1.0718913192051263e-11,None,None,None,None, , , , 
21202, ,0.3962688638701478,1.1489510001873107e-11,None,None,None,None, , , , 
21203, ,0.3962688638701478,1.2315506032928262e-11,None,None,None,None, , , , 
21204, ,0.3962688638701478,1.3200884008314167e-11,None,None,None,None, , , , 
21205, ,0.3962688638701478,1.4149912974345786e-11,None,None,None,None, , , , 
21206, ,0.3962688638701478,1.5167168884709242e-11,None,None,None,None, , , , 
21207, ,0.3962688638701478,1.6257556664437934e-11,None,None,None,None, , , , 
21208, ,0.3962688638701478,1.7426333860096473e-11,None,None,None,None, , , , 
21209, ,0.3962688638701478,1.8679135990207848e-11,None,None,None,None, , , , 
21210, ,0.3962688638701478,2.0022003718155844e-11,None,None,None,None, , , , 
21211, ,0.3962688638701478,2.1461411978584013e-11,None,None,None,None, , , , 
21212, ,0.3962688638701478,2.300430119772921e-11,None,None,None,None, , , , 
21213, ,0.3962688638701478,2.465811075822604e-11,None,None,None,None, , , , 
21214, ,0.3962688638701478,2.643081486974103e-11,None,None,None,None, , , , 
21215, ,0.3962688638701478,2.8330961018393178e-11,None,None,None,None, , , , 
21216, ,0.3962688638701478,3.036771118035461e-11,None,None,None,None, , , , 
21217, ,0.3962688638701478,3.255088599835057e-11,None,None,None,None, , , , 
21218, ,0.3962688638701478,3.4891012134067674e-11,None,None,None,None, , , , 
21219, ,0.3962688638701478,3.739937302478801e-11,None,None,None,None, , , , 
21220, ,0.3962688638701478,4.0088063288984646e-11,None,None,None,None, , , , 
21221, ,0.3962688638701478,4.297004704320835e-11,None,None,None,None, , , , 
21222, ,0.3962688638701478,4.605922041145113e-11,None,None,None,None, , , , 
21223, ,0.3962688638701478,4.937047852839004e-11,None,None,None,None, , , , 
21224, ,0.3962688638701478,5.2919787359584366e-11,None,None,None,None, , , , 
21225, ,0.3962688638701478,5.672426068491989e-11,None,None,None,None, , , , 
21226, ,0.3962688638701478,6.080224261649427e-11,None,None,None,None, , , , 
21227, ,0.3962688638701478,6.517339604882421e-11,None,None,None,None, , , , 
21228, ,0.3962688638701478,6.985879746785235e-11,None,None,None,None, , , , 
21229, ,0.3962688638701478,7.48810385759003e-11,None,None,None,None, , , , 
21230, ,0.3962688638701478,8.026433522257174e-11,None,None,None,None, , , , 
21231, ,0.3962688638701478,8.603464416684492e-11,None,None,None,None, , , , 
21232, ,0.3962688638701478,9.221978823334341e-11,None,None,None,None, , , , 
21233, ,0.3962688638701478,9.884959046625586e-11,None,None,None,None, , , , 
21234, ,0.3962688638701478,1.0595601792776149e-10,None,None,None,None, , , , 
21235, ,0.3962688638701478,1.1357333583431027e-10,None,None,None,None, , , , 
21236, ,0.3962688638701478,1.217382727739662e-10,None,None,None,None, , , , 
21237, ,0.3962688638701478,1.3049019780144016e-10,None,None,None,None, , , , 
21238, ,0.3962688638701478,1.398713102647236e-10,None,None,None,None, , , , 
21239, ,0.3962688638701478,1.4992684327860468e-10,None,None,None,None, , , , 
21240, ,0.3962688638701478,1.6070528182616384e-10,None,None,None,None, , , , 
21241, ,0.3962688638701478,1.722585965398784e-10,None,None,None,None, , , , 
21242, ,0.3962688638701478,1.8464249428955463e-10,None,None,None,None, , , , 
21243, ,0.3962688638701478,1.9791668678535569e-10,None,None,None,None, , , , 
21244, ,0.3962688638701478,2.121451784910628e-10,None,None,None,None, , , , 
21245, ,0.3962688638701478,2.273965752357932e-10,None,None,None,None, , , , 
21246, ,0.3962688638701478,2.4374441501222216e-10,None,None,None,None, , , , 
21247, ,0.3962688638701478,2.6126752255633265e-10,None,None,None,None, , , , 
21248, ,0.3962688638701478,2.8005038941836253e-10,None,None,None,None, , , , 
21249, ,0.3962688638701478,3.0018358135755917e-10,None,None,None,None, , , , 
21250, ,0.3962688638701478,3.2176417502507347e-10,None,None,None,None, , , , 
21251, ,0.3962688638701478,3.4489622604057533e-10,None,None,None,None, , , , 
21252, ,0.3962688638701478,3.696912707195032e-10,None,None,None,None, , , , 
21253, ,0.3962688638701478,3.9626886387014783e-10,None,None,None,None, , , , 
21254, ,0.3962688638701478,4.2475715525368935e-10,None,None,None,None, , , , 
21255, ,0.3962688638701478,4.552935074866938e-10,None,None,None,None, , , , 
21256, ,0.3962688638701478,4.880251583654433e-10,None,None,None,None, , , , 
21257, ,0.3962688638701478,5.231099308056258e-10,None,None,None,None, , , , 
21258, ,0.3962688638701478,5.60716993820547e-10,None,None,None,None, , , , 
21259, ,0.3962688638701478,6.010276782070387e-10,None,None,None,None, , , , 
21260, ,0.3962688638701478,6.442363508721371e-10,None,None,None,None, , , , 
21261, ,0.3962688638701478,6.905513520162316e-10,None,None,None,None, , , , 
21262, ,0.3962688638701478,7.401959996915653e-10,None,None,None,None, , , , 
21263, ,0.3962688638701478,7.934096665797492e-10,None,None,None,None, , , , 
21264, ,0.3962688638701478,8.504489341802668e-10,None,None,None,None, , , , 
21265, ,0.3962688638701478,9.115888299750837e-10,None,None,None,None, , , , 
21266, ,0.3962688638701478,9.771241535346502e-10,None,None,None,None, , , , 
21267, ,0.3962688638701478,1.0473708979594486e-09,None,None,None,None, , , , 
21268, ,0.3962688638701478,1.1226677735108114e-09,None,None,None,None, , , , 
21269, ,0.3962688638701478,1.2033778407775904e-09,None,None,None,None, , , , 
21270, ,0.3962688638701478,1.289890261253308e-09,None,None,None,None, , , , 
21271, ,0.3962688638701478,1.3826221737646535e-09,None,None,None,None, , , , 
21272, ,0.3962688638701478,1.4820207057988602e-09,None,None,None,None, , , , 
21273, ,0.3962688638701478,1.5885651294280526e-09,None,None,None,None, , , , 
21274, ,0.3962688638701478,1.702769172225898e-09,None,None,None,None, , , , 
21275, ,0.3962688638701478,1.825183494319039e-09,None,None,None,None, , , , 
21276, ,0.3962688638701478,1.956398343517065e-09,None,None,None,None, , , , 
21277, ,0.3962688638701478,2.0970464013232305e-09,None,None,None,None, , , , 
21278, ,0.3962688638701478,2.2478058335487307e-09,None,None,None,None, , , , 
21279, ,0.3962688638701478,2.409403560239527e-09,None,None,None,None, , , , 
21280, ,0.3962688638701478,2.582618760682675e-09,None,None,None,None, , , , 
21281, ,0.3962688638701478,2.768286630392061e-09,None,None,None,None, , , , 
21282, ,0.3962688638701478,2.9673024081888724e-09,None,None,None,None, , , , 
21283, ,0.3962688638701478,3.180625692794119e-09,None,None,None,None, , , , 
21284, ,0.3962688638701478,3.409285069746807e-09,None,None,None,None, , , , 
21285, ,0.3962688638701478,3.654383070957262e-09,None,None,None,None, , , , 
21286, ,0.3962688638701478,3.917101490809261e-09,None,None,None,None, , , , 
21287, ,0.3962688638701478,4.198707084443906e-09,None,None,None,None, , , , 
21288, ,0.3962688638701478,4.500557675700488e-09,None,None,None,None, , , , 
21289, ,0.3962688638701478,4.824108704165374e-09,None,None,None,None, , , , 
21290, ,0.3962688638701478,5.170920242896755e-09,None,None,None,None, , , , 
21291, ,0.3962688638701478,5.542664520663096e-09,None,None,None,None, , , , 
21292, ,0.3962688638701478,5.941133984965041e-09,None,None,None,None, , , , 
21293, ,0.3962688638701478,6.3682499447185856e-09,None,None,None,None, , , , 
21294, ,0.3962688638701478,6.826071834272379e-09,None,None,None,None, , , , 
21295, ,0.3962688638701478,7.316807143427175e-09,None,None,None,None, , , , 
21296, ,0.3962688638701478,7.842822061337681e-09,None,None,None,None, , , , 
21297, ,0.3962688638701478,8.406652885618316e-09,None,None,None,None, , , , 
21298, ,0.3962688638701478,9.011018251665036e-09,None,None,None,None, , , , 
21299, ,0.3962688638701478,9.658832241158707e-09,None,None,None,None, , , , 
21300, ,0.3962688638701478,1.0353218432956616e-08,None,None,None,None, , , , 
21301, ,0.3962688638701478,1.1097524964120722e-08,None,None,None,None, , , , 
21302, ,0.3962688638701478,1.1895340673703208e-08,None,None,None,None, , , , 
21303, ,0.3962688638701478,1.2750512407130128e-08,None,None,None,None, , , , 
21304, ,0.3962688638701478,1.3667163564620044e-08,None,None,None,None, , , , 
21305, ,0.3962688638701478,1.4649713983072853e-08,None,None,None,None, , , , 
21306, ,0.3962688638701478,1.5702901247293774e-08,None,None,None,None, , , , 
21307, ,0.3962688638701478,1.683180353330955e-08,None,None,None,None, , , , 
21308, ,0.3962688638701478,1.8041864093920717e-08,None,None,None,None, , , , 
21309, ,0.3962688638701478,1.933891750455232e-08,None,None,None,None, , , , 
21310, ,0.3962688638701478,2.0729217795953697e-08,None,None,None,None, , , , 
21311, ,0.3962688638701478,2.221946860939524e-08,None,None,None,None, , , , 
21312, ,0.3962688638701478,2.3816855519761606e-08,None,None,None,None, , , , 
21313, ,0.3962688638701478,2.552908068239516e-08,None,None,None,None, , , , 
21314, ,0.3962688638701478,2.7364399970746666e-08,None,None,None,None, , , , 
21315, ,0.3962688638701478,2.933166278390042e-08,None,None,None,None, , , , 
21316, ,0.3962688638701478,3.1440354715915e-08,None,None,None,None, , , , 
21317, ,0.3962688638701478,3.370064329271925e-08,None,None,None,None, , , , 
21318, ,0.3962688638701478,3.612342699709431e-08,None,None,None,None, , , , 
21319, ,0.3962688638701478,3.872038781812557e-08,None,None,None,None, , , , 
21320, ,0.3962688638701478,4.1504047578504727e-08,None,None,None,None, , , , 
21321, ,0.3962688638701478,4.448782831127585e-08,None,None,None,None, , , , 
21322, ,0.3962688638701478,4.768611697714474e-08,None,None,None,None, , , , 
21323, ,0.3962688638701478,5.111433483440165e-08,None,None,None,None, , , , 
21324, ,0.3962688638701478,5.478901179593934e-08,None,None,None,None, , , , 
21325, ,0.3962688638701478,5.872786613189478e-08,None,None,None,None, , , , 
21326, ,0.3962688638701478,6.294988990221888e-08,None,None,None,None, , , , 
21327, ,0.3962688638701478,6.747544053110687e-08,None,None,None,None, , , , 
21328, ,0.3962688638701478,7.232633896483534e-08,None,None,None,None, , , , 
21329, ,0.3962688638701478,7.752597488629465e-08,None,None,None,None, , , , 
21330, ,0.3962688638701478,8.309941949353386e-08,None,None,None,None, , , , 
21331, ,0.3962688638701478,8.907354638610439e-08,None,None,None,None, , , , 
21332, ,0.3962688638701478,9.547716114208066e-08,None,None,None,None, , , , 
21333, ,0.3962688638701478,1.0234114021054528e-07,None,None,None,None, , , , 
21334, ,0.3962688638701478,1.0969857978923841e-07,None,None,None,None, , , , 
21335, ,0.3962688638701478,1.1758495540521555e-07,None,None,None,None, , , , 
21336, ,0.3962688638701478,1.2603829296797277e-07,None,None,None,None, , , , 
21337, ,0.3962688638701478,1.350993521198025e-07,None,None,None,None, , , , 
21338, ,0.3962688638701478,1.4481182276745328e-07,None,None,None,None, , , , 
21339, ,0.3962688638701478,1.552225357427048e-07,None,None,None,None, , , , 
21340, ,0.3962688638701478,1.6638168860761273e-07,None,None,None,None, , , , 
21341, ,0.3962688638701478,1.7834308769319093e-07,None,None,None,None, , , , 
21342, ,0.3962688638701478,1.9116440753857e-07,None,None,None,None, , , , 
21343, ,0.3962688638701478,2.049074689815846e-07,None,None,None,None, , , , 
21344, ,0.3962688638701478,2.1963853724165468e-07,None,None,None,None, , , , 
21345, ,0.3962688638701478,2.3542864143224158e-07,None,None,None,None, , , , 
21346, ,0.3962688638701478,2.523539170434766e-07,None,None,None,None, , , , 
21347, ,0.3962688638701478,2.7049597304631316e-07,None,None,None,None, , , , 
21348, ,0.3962688638701478,2.899422853882875e-07,None,None,None,None, , , , 
21349, ,0.3962688638701478,3.107866187782014e-07,None,None,None,None, , , , 
21350, ,0.3962688638701478,3.33129478793467e-07,None,None,None,None, , , , 
21351, ,0.3962688638701478,3.5707859649004626e-07,None,None,None,None, , , , 
21352, ,0.3962688638701478,3.827494478516307e-07,None,None,None,None, , , , 
21353, ,0.3962688638701478,4.1026581058271904e-07,None,None,None,None, , , , 
21354, ,0.3962688638701478,4.397603609302722e-07,None,None,None,None, , , , 
21355, ,0.3962688638701478,4.7137531341167185e-07,None,None,None,None, , , , 
21356, ,0.3962688638701478,5.052631065335679e-07,None,None,None,None, , , , 
21357, ,0.3962688638701478,5.415871378079465e-07,None,None,None,None, , , , 
21358, ,0.3962688638701478,5.805225516094896e-07,None,None,None,None, , , , 
21359, ,0.3962688638701478,6.222570836730232e-07,None,None,None,None, , , , 
21360, ,0.3962688638701478,6.669919663030115e-07,None,None,None,None, , , , 
21361, ,0.3962688638701478,7.149428986597576e-07,None,None,None,None, , , , 
21362, ,0.3962688638701478,7.663410868007445e-07,None,None,None,None, , , , 
21363, ,0.3962688638701478,8.214343584919422e-07,None,None,None,None, , , , 
21364, ,0.3962688638701478,8.804883581643463e-07,None,None,None,None, , , , 
21365, ,0.3962688638701478,9.437878277775371e-07,None,None,None,None, , , , 
21366, ,0.3962688638701478,1.0116379797662072e-06,None,None,None,None, , , , 
21367, ,0.3962688638701478,1.0843659686896086e-06,None,None,None,None, , , , 
21368, ,0.3962688638701478,1.1623224686798522e-06,None,None,None,None, , , , 
21369, ,0.3962688638701478,1.2458833642950078e-06,None,None,None,None, , , , 
21370, ,0.3962688638701478,1.3354515629298971e-06,None,None,None,None, , , , 
21371, ,0.3962688638701478,1.4314589375234786e-06,None,None,None,None, , , , 
21372, ,0.3962688638701478,1.53436840893001e-06,None,None,None,None, , , , 
21373, ,0.3962688638701478,1.6446761779946631e-06,None,None,None,None, , , , 
21374, ,0.3962688638701478,1.762914118095948e-06,None,None,None,None, , , , 
21375, ,0.3962688638701478,1.8896523396912082e-06,None,None,None,None, , , , 
21376, ,0.3962688638701478,2.0255019392306664e-06,None,None,None,None, , , , 
21377, ,0.3962688638701478,2.171117945694501e-06,None,None,None,None, , , , 
21378, ,0.3962688638701478,2.327202478960408e-06,None,None,None,None, , , , 
21379, ,0.3962688638701478,2.494508135230317e-06,None,None,None,None, , , , 
21380, ,0.3962688638701478,2.673841615839944e-06,None,None,None,None, , , , 
21381, ,0.3962688638701478,2.8660676169482507e-06,None,None,None,None, , , , 
21382, ,0.3962688638701478,3.0721129988617524e-06,None,None,None,None, , , , 
21383, ,0.3962688638701478,3.292971255097148e-06,None,None,None,None, , , , 
21384, ,0.3962688638701478,3.5297073027306505e-06,None,None,None,None, , , , 
21385, ,0.3962688638701478,3.783462617131925e-06,None,None,None,None, , , , 
21386, ,0.3962688638701478,4.0554607358408275e-06,None,None,None,None, , , , 
21387, ,0.3962688638701478,4.3470131581250175e-06,None,None,None,None, , , , 
21388, ,0.3962688638701478,4.6595256686646765e-06,None,None,None,None, , , , 
21389, ,0.3962688638701478,4.99450511585514e-06,None,None,None,None, , , , 
21390, ,0.3962688638701478,5.353566677410719e-06,None,None,None,None, , , , 
21391, ,0.3962688638701478,5.738441648302393e-06,None,None,None,None, , , , 
21392, ,0.3962688638701478,6.150985788580505e-06,None,None,None,None, , , , 
21393, ,0.3962688638701478,6.593188271333541e-06,None,None,None,None, , , , 
21394, ,0.3962688638701478,7.067181273927492e-06,None,None,None,None, , , , 
21395, ,0.3962688638701478,7.575250258771904e-06,None,None,None,None, , , , 
21396, ,0.3962688638701478,8.119844993184007e-06,None,None,None,None, , , , 
21397, ,0.3962688638701478,8.703591361485167e-06,None,None,None,None, , , , 
21398, ,0.3962688638701478,9.329304026284676e-06,None,None,None,None, , , , 
21399, ,0.3962688638701478,1e-05,None,None,None,None, , , , 
21400, ,0.4102658105827193,1e-11,None,None,None,None, , , , 
21401, ,0.4102658105827193,1.0718913192051263e-11,None,None,None,None, , , , 
21402, ,0.4102658105827193,1.1489510001873107e-11,None,None,None,None, , , , 
21403, ,0.4102658105827193,1.2315506032928262e-11,None,None,None,None, , , , 
21404, ,0.4102658105827193,1.3200884008314167e-11,None,None,None,None, , , , 
21405, ,0.4102658105827193,1.4149912974345786e-11,None,None,None,None, , , , 
21406, ,0.4102658105827193,1.5167168884709242e-11,None,None,None,None, , , , 
21407, ,0.4102658105827193,1.6257556664437934e-11,None,None,None,None, , , , 
21408, ,0.4102658105827193,1.7426333860096473e-11,None,None,None,None, , , , 
21409, ,0.4102658105827193,1.8679135990207848e-11,None,None,None,None, , , , 
21410, ,0.4102658105827193,2.0022003718155844e-11,None,None,None,None, , , , 
21411, ,0.4102658105827193,2.1461411978584013e-11,None,None,None,None, , , , 
21412, ,0.4102658105827193,2.300430119772921e-11,None,None,None,None, , , , 
21413, ,0.4102658105827193,2.465811075822604e-11,None,None,None,None, , , , 
21414, ,0.4102658105827193,2.643081486974103e-11,None,None,None,None, , , , 
21415, ,0.4102658105827193,2.8330961018393178e-11,None,None,None,None, , , , 
21416, ,0.4102658105827193,3.036771118035461e-11,None,None,None,None, , , , 
21417, ,0.4102658105827193,3.255088599835057e-11,None,None,None,None, , , , 
21418, ,0.4102658105827193,3.4891012134067674e-11,None,None,None,None, , , , 
21419, ,0.4102658105827193,3.739937302478801e-11,None,None,None,None, , , , 
21420, ,0.4102658105827193,4.0088063288984646e-11,None,None,None,None, , , , 
21421, ,0.4102658105827193,4.297004704320835e-11,None,None,None,None, , , , 
21422, ,0.4102658105827193,4.605922041145113e-11,None,None,None,None, , , , 
21423, ,0.4102658105827193,4.937047852839004e-11,None,None,None,None, , , , 
21424, ,0.4102658105827193,5.2919787359584366e-11,None,None,None,None, , , , 
21425, ,0.4102658105827193,5.672426068491989e-11,None,None,None,None, , , , 
21426, ,0.4102658105827193,6.080224261649427e-11,None,None,None,None, , , , 
21427, ,0.4102658105827193,6.517339604882421e-11,None,None,None,None, , , , 
21428, ,0.4102658105827193,6.985879746785235e-11,None,None,None,None, , , , 
21429, ,0.4102658105827193,7.48810385759003e-11,None,None,None,None, , , , 
21430, ,0.4102658105827193,8.026433522257174e-11,None,None,None,None, , , , 
21431, ,0.4102658105827193,8.603464416684492e-11,None,None,None,None, , , , 
21432, ,0.4102658105827193,9.221978823334341e-11,None,None,None,None, , , , 
21433, ,0.4102658105827193,9.884959046625586e-11,None,None,None,None, , , , 
21434, ,0.4102658105827193,1.0595601792776149e-10,None,None,None,None, , , , 
21435, ,0.4102658105827193,1.1357333583431027e-10,None,None,None,None, , , , 
21436, ,0.4102658105827193,1.217382727739662e-10,None,None,None,None, , , , 
21437, ,0.4102658105827193,1.3049019780144016e-10,None,None,None,None, , , , 
21438, ,0.4102658105827193,1.398713102647236e-10,None,None,None,None, , , , 
21439, ,0.4102658105827193,1.4992684327860468e-10,None,None,None,None, , , , 
21440, ,0.4102658105827193,1.6070528182616384e-10,None,None,None,None, , , , 
21441, ,0.4102658105827193,1.722585965398784e-10,None,None,None,None, , , , 
21442, ,0.4102658105827193,1.8464249428955463e-10,None,None,None,None, , , , 
21443, ,0.4102658105827193,1.9791668678535569e-10,None,None,None,None, , , , 
21444, ,0.4102658105827193,2.121451784910628e-10,None,None,None,None, , , , 
21445, ,0.4102658105827193,2.273965752357932e-10,None,None,None,None, , , , 
21446, ,0.4102658105827193,2.4374441501222216e-10,None,None,None,None, , , , 
21447, ,0.4102658105827193,2.6126752255633265e-10,None,None,None,None, , , , 
21448, ,0.4102658105827193,2.8005038941836253e-10,None,None,None,None, , , , 
21449, ,0.4102658105827193,3.0018358135755917e-10,None,None,None,None, , , , 
21450, ,0.4102658105827193,3.2176417502507347e-10,None,None,None,None, , , , 
21451, ,0.4102658105827193,3.4489622604057533e-10,None,None,None,None, , , , 
21452, ,0.4102658105827193,3.696912707195032e-10,None,None,None,None, , , , 
21453, ,0.4102658105827193,3.9626886387014783e-10,None,None,None,None, , , , 
21454, ,0.4102658105827193,4.2475715525368935e-10,None,None,None,None, , , , 
21455, ,0.4102658105827193,4.552935074866938e-10,None,None,None,None, , , , 
21456, ,0.4102658105827193,4.880251583654433e-10,None,None,None,None, , , , 
21457, ,0.4102658105827193,5.231099308056258e-10,None,None,None,None, , , , 
21458, ,0.4102658105827193,5.60716993820547e-10,None,None,None,None, , , , 
21459, ,0.4102658105827193,6.010276782070387e-10,None,None,None,None, , , , 
21460, ,0.4102658105827193,6.442363508721371e-10,None,None,None,None, , , , 
21461, ,0.4102658105827193,6.905513520162316e-10,None,None,None,None, , , , 
21462, ,0.4102658105827193,7.401959996915653e-10,None,None,None,None, , , , 
21463, ,0.4102658105827193,7.934096665797492e-10,None,None,None,None, , , , 
21464, ,0.4102658105827193,8.504489341802668e-10,None,None,None,None, , , , 
21465, ,0.4102658105827193,9.115888299750837e-10,None,None,None,None, , , , 
21466, ,0.4102658105827193,9.771241535346502e-10,None,None,None,None, , , , 
21467, ,0.4102658105827193,1.0473708979594486e-09,None,None,None,None, , , , 
21468, ,0.4102658105827193,1.1226677735108114e-09,None,None,None,None, , , , 
21469, ,0.4102658105827193,1.2033778407775904e-09,None,None,None,None, , , , 
21470, ,0.4102658105827193,1.289890261253308e-09,None,None,None,None, , , , 
21471, ,0.4102658105827193,1.3826221737646535e-09,None,None,None,None, , , , 
21472, ,0.4102658105827193,1.4820207057988602e-09,None,None,None,None, , , , 
21473, ,0.4102658105827193,1.5885651294280526e-09,None,None,None,None, , , , 
21474, ,0.4102658105827193,1.702769172225898e-09,None,None,None,None, , , , 
21475, ,0.4102658105827193,1.825183494319039e-09,None,None,None,None, , , , 
21476, ,0.4102658105827193,1.956398343517065e-09,None,None,None,None, , , , 
21477, ,0.4102658105827193,2.0970464013232305e-09,None,None,None,None, , , , 
21478, ,0.4102658105827193,2.2478058335487307e-09,None,None,None,None, , , , 
21479, ,0.4102658105827193,2.409403560239527e-09,None,None,None,None, , , , 
21480, ,0.4102658105827193,2.582618760682675e-09,None,None,None,None, , , , 
21481, ,0.4102658105827193,2.768286630392061e-09,None,None,None,None, , , , 
21482, ,0.4102658105827193,2.9673024081888724e-09,None,None,None,None, , , , 
21483, ,0.4102658105827193,3.180625692794119e-09,None,None,None,None, , , , 
21484, ,0.4102658105827193,3.409285069746807e-09,None,None,None,None, , , , 
21485, ,0.4102658105827193,3.654383070957262e-09,None,None,None,None, , , , 
21486, ,0.4102658105827193,3.917101490809261e-09,None,None,None,None, , , , 
21487, ,0.4102658105827193,4.198707084443906e-09,None,None,None,None, , , , 
21488, ,0.4102658105827193,4.500557675700488e-09,None,None,None,None, , , , 
21489, ,0.4102658105827193,4.824108704165374e-09,None,None,None,None, , , , 
21490, ,0.4102658105827193,5.170920242896755e-09,None,None,None,None, , , , 
21491, ,0.4102658105827193,5.542664520663096e-09,None,None,None,None, , , , 
21492, ,0.4102658105827193,5.941133984965041e-09,None,None,None,None, , , , 
21493, ,0.4102658105827193,6.3682499447185856e-09,None,None,None,None, , , , 
21494, ,0.4102658105827193,6.826071834272379e-09,None,None,None,None, , , , 
21495, ,0.4102658105827193,7.316807143427175e-09,None,None,None,None, , , , 
21496, ,0.4102658105827193,7.842822061337681e-09,None,None,None,None, , , , 
21497, ,0.4102658105827193,8.406652885618316e-09,None,None,None,None, , , , 
21498, ,0.4102658105827193,9.011018251665036e-09,None,None,None,None, , , , 
21499, ,0.4102658105827193,9.658832241158707e-09,None,None,None,None, , , , 
21500, ,0.4102658105827193,1.0353218432956616e-08,None,None,None,None, , , , 
21501, ,0.4102658105827193,1.1097524964120722e-08,None,None,None,None, , , , 
21502, ,0.4102658105827193,1.1895340673703208e-08,None,None,None,None, , , , 
21503, ,0.4102658105827193,1.2750512407130128e-08,None,None,None,None, , , , 
21504, ,0.4102658105827193,1.3667163564620044e-08,None,None,None,None, , , , 
21505, ,0.4102658105827193,1.4649713983072853e-08,None,None,None,None, , , , 
21506, ,0.4102658105827193,1.5702901247293774e-08,None,None,None,None, , , , 
21507, ,0.4102658105827193,1.683180353330955e-08,None,None,None,None, , , , 
21508, ,0.4102658105827193,1.8041864093920717e-08,None,None,None,None, , , , 
21509, ,0.4102658105827193,1.933891750455232e-08,None,None,None,None, , , , 
21510, ,0.4102658105827193,2.0729217795953697e-08,None,None,None,None, , , , 
21511, ,0.4102658105827193,2.221946860939524e-08,None,None,None,None, , , , 
21512, ,0.4102658105827193,2.3816855519761606e-08,None,None,None,None, , , , 
21513, ,0.4102658105827193,2.552908068239516e-08,None,None,None,None, , , , 
21514, ,0.4102658105827193,2.7364399970746666e-08,None,None,None,None, , , , 
21515, ,0.4102658105827193,2.933166278390042e-08,None,None,None,None, , , , 
21516, ,0.4102658105827193,3.1440354715915e-08,None,None,None,None, , , , 
21517, ,0.4102658105827193,3.370064329271925e-08,None,None,None,None, , , , 
21518, ,0.4102658105827193,3.612342699709431e-08,None,None,None,None, , , , 
21519, ,0.4102658105827193,3.872038781812557e-08,None,None,None,None, , , , 
21520, ,0.4102658105827193,4.1504047578504727e-08,None,None,None,None, , , , 
21521, ,0.4102658105827193,4.448782831127585e-08,None,None,None,None, , , , 
21522, ,0.4102658105827193,4.768611697714474e-08,None,None,None,None, , , , 
21523, ,0.4102658105827193,5.111433483440165e-08,None,None,None,None, , , , 
21524, ,0.4102658105827193,5.478901179593934e-08,None,None,None,None, , , , 
21525, ,0.4102658105827193,5.872786613189478e-08,None,None,None,None, , , , 
21526, ,0.4102658105827193,6.294988990221888e-08,None,None,None,None, , , , 
21527, ,0.4102658105827193,6.747544053110687e-08,None,None,None,None, , , , 
21528, ,0.4102658105827193,7.232633896483534e-08,None,None,None,None, , , , 
21529, ,0.4102658105827193,7.752597488629465e-08,None,None,None,None, , , , 
21530, ,0.4102658105827193,8.309941949353386e-08,None,None,None,None, , , , 
21531, ,0.4102658105827193,8.907354638610439e-08,None,None,None,None, , , , 
21532, ,0.4102658105827193,9.547716114208066e-08,None,None,None,None, , , , 
21533, ,0.4102658105827193,1.0234114021054528e-07,None,None,None,None, , , , 
21534, ,0.4102658105827193,1.0969857978923841e-07,None,None,None,None, , , , 
21535, ,0.4102658105827193,1.1758495540521555e-07,None,None,None,None, , , , 
21536, ,0.4102658105827193,1.2603829296797277e-07,None,None,None,None, , , , 
21537, ,0.4102658105827193,1.350993521198025e-07,None,None,None,None, , , , 
21538, ,0.4102658105827193,1.4481182276745328e-07,None,None,None,None, , , , 
21539, ,0.4102658105827193,1.552225357427048e-07,None,None,None,None, , , , 
21540, ,0.4102658105827193,1.6638168860761273e-07,None,None,None,None, , , , 
21541, ,0.4102658105827193,1.7834308769319093e-07,None,None,None,None, , , , 
21542, ,0.4102658105827193,1.9116440753857e-07,None,None,None,None, , , , 
21543, ,0.4102658105827193,2.049074689815846e-07,None,None,None,None, , , , 
21544, ,0.4102658105827193,2.1963853724165468e-07,None,None,None,None, , , , 
21545, ,0.4102658105827193,2.3542864143224158e-07,None,None,None,None, , , , 
21546, ,0.4102658105827193,2.523539170434766e-07,None,None,None,None, , , , 
21547, ,0.4102658105827193,2.7049597304631316e-07,None,None,None,None, , , , 
21548, ,0.4102658105827193,2.899422853882875e-07,None,None,None,None, , , , 
21549, ,0.4102658105827193,3.107866187782014e-07,None,None,None,None, , , , 
21550, ,0.4102658105827193,3.33129478793467e-07,None,None,None,None, , , , 
21551, ,0.4102658105827193,3.5707859649004626e-07,None,None,None,None, , , , 
21552, ,0.4102658105827193,3.827494478516307e-07,None,None,None,None, , , , 
21553, ,0.4102658105827193,4.1026581058271904e-07,None,None,None,None, , , , 
21554, ,0.4102658105827193,4.397603609302722e-07,None,None,None,None, , , , 
21555, ,0.4102658105827193,4.7137531341167185e-07,None,None,None,None, , , , 
21556, ,0.4102658105827193,5.052631065335679e-07,None,None,None,None, , , , 
21557, ,0.4102658105827193,5.415871378079465e-07,None,None,None,None, , , , 
21558, ,0.4102658105827193,5.805225516094896e-07,None,None,None,None, , , , 
21559, ,0.4102658105827193,6.222570836730232e-07,None,None,None,None, , , , 
21560, ,0.4102658105827193,6.669919663030115e-07,None,None,None,None, , , , 
21561, ,0.4102658105827193,7.149428986597576e-07,None,None,None,None, , , , 
21562, ,0.4102658105827193,7.663410868007445e-07,None,None,None,None, , , , 
21563, ,0.4102658105827193,8.214343584919422e-07,None,None,None,None, , , , 
21564, ,0.4102658105827193,8.804883581643463e-07,None,None,None,None, , , , 
21565, ,0.4102658105827193,9.437878277775371e-07,None,None,None,None, , , , 
21566, ,0.4102658105827193,1.0116379797662072e-06,None,None,None,None, , , , 
21567, ,0.4102658105827193,1.0843659686896086e-06,None,None,None,None, , , , 
21568, ,0.4102658105827193,1.1623224686798522e-06,None,None,None,None, , , , 
21569, ,0.4102658105827193,1.2458833642950078e-06,None,None,None,None, , , , 
21570, ,0.4102658105827193,1.3354515629298971e-06,None,None,None,None, , , , 
21571, ,0.4102658105827193,1.4314589375234786e-06,None,None,None,None, , , , 
21572, ,0.4102658105827193,1.53436840893001e-06,None,None,None,None, , , , 
21573, ,0.4102658105827193,1.6446761779946631e-06,None,None,None,None, , , , 
21574, ,0.4102658105827193,1.762914118095948e-06,None,None,None,None, , , , 
21575, ,0.4102658105827193,1.8896523396912082e-06,None,None,None,None, , , , 
21576, ,0.4102658105827193,2.0255019392306664e-06,None,None,None,None, , , , 
21577, ,0.4102658105827193,2.171117945694501e-06,None,None,None,None, , , , 
21578, ,0.4102658105827193,2.327202478960408e-06,None,None,None,None, , , , 
21579, ,0.4102658105827193,2.494508135230317e-06,None,None,None,None, , , , 
21580, ,0.4102658105827193,2.673841615839944e-06,None,None,None,None, , , , 
21581, ,0.4102658105827193,2.8660676169482507e-06,None,None,None,None, , , , 
21582, ,0.4102658105827193,3.0721129988617524e-06,None,None,None,None, , , , 
21583, ,0.4102658105827193,3.292971255097148e-06,None,None,None,None, , , , 
21584, ,0.4102658105827193,3.5297073027306505e-06,None,None,None,None, , , , 
21585, ,0.4102658105827193,3.783462617131925e-06,None,None,None,None, , , , 
21586, ,0.4102658105827193,4.0554607358408275e-06,None,None,None,None, , , , 
21587, ,0.4102658105827193,4.3470131581250175e-06,None,None,None,None, , , , 
21588, ,0.4102658105827193,4.6595256686646765e-06,None,None,None,None, , , , 
21589, ,0.4102658105827193,4.99450511585514e-06,None,None,None,None, , , , 
21590, ,0.4102658105827193,5.353566677410719e-06,None,None,None,None, , , , 
21591, ,0.4102658105827193,5.738441648302393e-06,None,None,None,None, , , , 
21592, ,0.4102658105827193,6.150985788580505e-06,None,None,None,None, , , , 
21593, ,0.4102658105827193,6.593188271333541e-06,None,None,None,None, , , , 
21594, ,0.4102658105827193,7.067181273927492e-06,None,None,None,None, , , , 
21595, ,0.4102658105827193,7.575250258771904e-06,None,None,None,None, , , , 
21596, ,0.4102658105827193,8.119844993184007e-06,None,None,None,None, , , , 
21597, ,0.4102658105827193,8.703591361485167e-06,None,None,None,None, , , , 
21598, ,0.4102658105827193,9.329304026284676e-06,None,None,None,None, , , , 
21599, ,0.4102658105827193,1e-05,None,None,None,None, , , , 
21600, ,0.4247571552536897,1e-11,None,None,None,None, , , , 
21601, ,0.4247571552536897,1.0718913192051263e-11,None,None,None,None, , , , 
21602, ,0.4247571552536897,1.1489510001873107e-11,None,None,None,None, , , , 
21603, ,0.4247571552536897,1.2315506032928262e-11,None,None,None,None, , , , 
21604, ,0.4247571552536897,1.3200884008314167e-11,None,None,None,None, , , , 
21605, ,0.4247571552536897,1.4149912974345786e-11,None,None,None,None, , , , 
21606, ,0.4247571552536897,1.5167168884709242e-11,None,None,None,None, , , , 
21607, ,0.4247571552536897,1.6257556664437934e-11,None,None,None,None, , , , 
21608, ,0.4247571552536897,1.7426333860096473e-11,None,None,None,None, , , , 
21609, ,0.4247571552536897,1.8679135990207848e-11,None,None,None,None, , , , 
21610, ,0.4247571552536897,2.0022003718155844e-11,None,None,None,None, , , , 
21611, ,0.4247571552536897,2.1461411978584013e-11,None,None,None,None, , , , 
21612, ,0.4247571552536897,2.300430119772921e-11,None,None,None,None, , , , 
21613, ,0.4247571552536897,2.465811075822604e-11,None,None,None,None, , , , 
21614, ,0.4247571552536897,2.643081486974103e-11,None,None,None,None, , , , 
21615, ,0.4247571552536897,2.8330961018393178e-11,None,None,None,None, , , , 
21616, ,0.4247571552536897,3.036771118035461e-11,None,None,None,None, , , , 
21617, ,0.4247571552536897,3.255088599835057e-11,None,None,None,None, , , , 
21618, ,0.4247571552536897,3.4891012134067674e-11,None,None,None,None, , , , 
21619, ,0.4247571552536897,3.739937302478801e-11,None,None,None,None, , , , 
21620, ,0.4247571552536897,4.0088063288984646e-11,None,None,None,None, , , , 
21621, ,0.4247571552536897,4.297004704320835e-11,None,None,None,None, , , , 
21622, ,0.4247571552536897,4.605922041145113e-11,None,None,None,None, , , , 
21623, ,0.4247571552536897,4.937047852839004e-11,None,None,None,None, , , , 
21624, ,0.4247571552536897,5.2919787359584366e-11,None,None,None,None, , , , 
21625, ,0.4247571552536897,5.672426068491989e-11,None,None,None,None, , , , 
21626, ,0.4247571552536897,6.080224261649427e-11,None,None,None,None, , , , 
21627, ,0.4247571552536897,6.517339604882421e-11,None,None,None,None, , , , 
21628, ,0.4247571552536897,6.985879746785235e-11,None,None,None,None, , , , 
21629, ,0.4247571552536897,7.48810385759003e-11,None,None,None,None, , , , 
21630, ,0.4247571552536897,8.026433522257174e-11,None,None,None,None, , , , 
21631, ,0.4247571552536897,8.603464416684492e-11,None,None,None,None, , , , 
21632, ,0.4247571552536897,9.221978823334341e-11,None,None,None,None, , , , 
21633, ,0.4247571552536897,9.884959046625586e-11,None,None,None,None, , , , 
21634, ,0.4247571552536897,1.0595601792776149e-10,None,None,None,None, , , , 
21635, ,0.4247571552536897,1.1357333583431027e-10,None,None,None,None, , , , 
21636, ,0.4247571552536897,1.217382727739662e-10,None,None,None,None, , , , 
21637, ,0.4247571552536897,1.3049019780144016e-10,None,None,None,None, , , , 
21638, ,0.4247571552536897,1.398713102647236e-10,None,None,None,None, , , , 
21639, ,0.4247571552536897,1.4992684327860468e-10,None,None,None,None, , , , 
21640, ,0.4247571552536897,1.6070528182616384e-10,None,None,None,None, , , , 
21641, ,0.4247571552536897,1.722585965398784e-10,None,None,None,None, , , , 
21642, ,0.4247571552536897,1.8464249428955463e-10,None,None,None,None, , , , 
21643, ,0.4247571552536897,1.9791668678535569e-10,None,None,None,None, , , , 
21644, ,0.4247571552536897,2.121451784910628e-10,None,None,None,None, , , , 
21645, ,0.4247571552536897,2.273965752357932e-10,None,None,None,None, , , , 
21646, ,0.4247571552536897,2.4374441501222216e-10,None,None,None,None, , , , 
21647, ,0.4247571552536897,2.6126752255633265e-10,None,None,None,None, , , , 
21648, ,0.4247571552536897,2.8005038941836253e-10,None,None,None,None, , , , 
21649, ,0.4247571552536897,3.0018358135755917e-10,None,None,None,None, , , , 
21650, ,0.4247571552536897,3.2176417502507347e-10,None,None,None,None, , , , 
21651, ,0.4247571552536897,3.4489622604057533e-10,None,None,None,None, , , , 
21652, ,0.4247571552536897,3.696912707195032e-10,None,None,None,None, , , , 
21653, ,0.4247571552536897,3.9626886387014783e-10,None,None,None,None, , , , 
21654, ,0.4247571552536897,4.2475715525368935e-10,None,None,None,None, , , , 
21655, ,0.4247571552536897,4.552935074866938e-10,None,None,None,None, , , , 
21656, ,0.4247571552536897,4.880251583654433e-10,None,None,None,None, , , , 
21657, ,0.4247571552536897,5.231099308056258e-10,None,None,None,None, , , , 
21658, ,0.4247571552536897,5.60716993820547e-10,None,None,None,None, , , , 
21659, ,0.4247571552536897,6.010276782070387e-10,None,None,None,None, , , , 
21660, ,0.4247571552536897,6.442363508721371e-10,None,None,None,None, , , , 
21661, ,0.4247571552536897,6.905513520162316e-10,None,None,None,None, , , , 
21662, ,0.4247571552536897,7.401959996915653e-10,None,None,None,None, , , , 
21663, ,0.4247571552536897,7.934096665797492e-10,None,None,None,None, , , , 
21664, ,0.4247571552536897,8.504489341802668e-10,None,None,None,None, , , , 
21665, ,0.4247571552536897,9.115888299750837e-10,None,None,None,None, , , , 
21666, ,0.4247571552536897,9.771241535346502e-10,None,None,None,None, , , , 
21667, ,0.4247571552536897,1.0473708979594486e-09,None,None,None,None, , , , 
21668, ,0.4247571552536897,1.1226677735108114e-09,None,None,None,None, , , , 
21669, ,0.4247571552536897,1.2033778407775904e-09,None,None,None,None, , , , 
21670, ,0.4247571552536897,1.289890261253308e-09,None,None,None,None, , , , 
21671, ,0.4247571552536897,1.3826221737646535e-09,None,None,None,None, , , , 
21672, ,0.4247571552536897,1.4820207057988602e-09,None,None,None,None, , , , 
21673, ,0.4247571552536897,1.5885651294280526e-09,None,None,None,None, , , , 
21674, ,0.4247571552536897,1.702769172225898e-09,None,None,None,None, , , , 
21675, ,0.4247571552536897,1.825183494319039e-09,None,None,None,None, , , , 
21676, ,0.4247571552536897,1.956398343517065e-09,None,None,None,None, , , , 
21677, ,0.4247571552536897,2.0970464013232305e-09,None,None,None,None, , , , 
21678, ,0.4247571552536897,2.2478058335487307e-09,None,None,None,None, , , , 
21679, ,0.4247571552536897,2.409403560239527e-09,None,None,None,None, , , , 
21680, ,0.4247571552536897,2.582618760682675e-09,None,None,None,None, , , , 
21681, ,0.4247571552536897,2.768286630392061e-09,None,None,None,None, , , , 
21682, ,0.4247571552536897,2.9673024081888724e-09,None,None,None,None, , , , 
21683, ,0.4247571552536897,3.180625692794119e-09,None,None,None,None, , , , 
21684, ,0.4247571552536897,3.409285069746807e-09,None,None,None,None, , , , 
21685, ,0.4247571552536897,3.654383070957262e-09,None,None,None,None, , , , 
21686, ,0.4247571552536897,3.917101490809261e-09,None,None,None,None, , , , 
21687, ,0.4247571552536897,4.198707084443906e-09,None,None,None,None, , , , 
21688, ,0.4247571552536897,4.500557675700488e-09,None,None,None,None, , , , 
21689, ,0.4247571552536897,4.824108704165374e-09,None,None,None,None, , , , 
21690, ,0.4247571552536897,5.170920242896755e-09,None,None,None,None, , , , 
21691, ,0.4247571552536897,5.542664520663096e-09,None,None,None,None, , , , 
21692, ,0.4247571552536897,5.941133984965041e-09,None,None,None,None, , , , 
21693, ,0.4247571552536897,6.3682499447185856e-09,None,None,None,None, , , , 
21694, ,0.4247571552536897,6.826071834272379e-09,None,None,None,None, , , , 
21695, ,0.4247571552536897,7.316807143427175e-09,None,None,None,None, , , , 
21696, ,0.4247571552536897,7.842822061337681e-09,None,None,None,None, , , , 
21697, ,0.4247571552536897,8.406652885618316e-09,None,None,None,None, , , , 
21698, ,0.4247571552536897,9.011018251665036e-09,None,None,None,None, , , , 
21699, ,0.4247571552536897,9.658832241158707e-09,None,None,None,None, , , , 
21700, ,0.4247571552536897,1.0353218432956616e-08,None,None,None,None, , , , 
21701, ,0.4247571552536897,1.1097524964120722e-08,None,None,None,None, , , , 
21702, ,0.4247571552536897,1.1895340673703208e-08,None,None,None,None, , , , 
21703, ,0.4247571552536897,1.2750512407130128e-08,None,None,None,None, , , , 
21704, ,0.4247571552536897,1.3667163564620044e-08,None,None,None,None, , , , 
21705, ,0.4247571552536897,1.4649713983072853e-08,None,None,None,None, , , , 
21706, ,0.4247571552536897,1.5702901247293774e-08,None,None,None,None, , , , 
21707, ,0.4247571552536897,1.683180353330955e-08,None,None,None,None, , , , 
21708, ,0.4247571552536897,1.8041864093920717e-08,None,None,None,None, , , , 
21709, ,0.4247571552536897,1.933891750455232e-08,None,None,None,None, , , , 
21710, ,0.4247571552536897,2.0729217795953697e-08,None,None,None,None, , , , 
21711, ,0.4247571552536897,2.221946860939524e-08,None,None,None,None, , , , 
21712, ,0.4247571552536897,2.3816855519761606e-08,None,None,None,None, , , , 
21713, ,0.4247571552536897,2.552908068239516e-08,None,None,None,None, , , , 
21714, ,0.4247571552536897,2.7364399970746666e-08,None,None,None,None, , , , 
21715, ,0.4247571552536897,2.933166278390042e-08,None,None,None,None, , , , 
21716, ,0.4247571552536897,3.1440354715915e-08,None,None,None,None, , , , 
21717, ,0.4247571552536897,3.370064329271925e-08,None,None,None,None, , , , 
21718, ,0.4247571552536897,3.612342699709431e-08,None,None,None,None, , , , 
21719, ,0.4247571552536897,3.872038781812557e-08,None,None,None,None, , , , 
21720, ,0.4247571552536897,4.1504047578504727e-08,None,None,None,None, , , , 
21721, ,0.4247571552536897,4.448782831127585e-08,None,None,None,None, , , , 
21722, ,0.4247571552536897,4.768611697714474e-08,None,None,None,None, , , , 
21723, ,0.4247571552536897,5.111433483440165e-08,None,None,None,None, , , , 
21724, ,0.4247571552536897,5.478901179593934e-08,None,None,None,None, , , , 
21725, ,0.4247571552536897,5.872786613189478e-08,None,None,None,None, , , , 
21726, ,0.4247571552536897,6.294988990221888e-08,None,None,None,None, , , , 
21727, ,0.4247571552536897,6.747544053110687e-08,None,None,None,None, , , , 
21728, ,0.4247571552536897,7.232633896483534e-08,None,None,None,None, , , , 
21729, ,0.4247571552536897,7.752597488629465e-08,None,None,None,None, , , , 
21730, ,0.4247571552536897,8.309941949353386e-08,None,None,None,None, , , , 
21731, ,0.4247571552536897,8.907354638610439e-08,None,None,None,None, , , , 
21732, ,0.4247571552536897,9.547716114208066e-08,None,None,None,None, , , , 
21733, ,0.4247571552536897,1.0234114021054528e-07,None,None,None,None, , , , 
21734, ,0.4247571552536897,1.0969857978923841e-07,None,None,None,None, , , , 
21735, ,0.4247571552536897,1.1758495540521555e-07,None,None,None,None, , , , 
21736, ,0.4247571552536897,1.2603829296797277e-07,None,None,None,None, , , , 
21737, ,0.4247571552536897,1.350993521198025e-07,None,None,None,None, , , , 
21738, ,0.4247571552536897,1.4481182276745328e-07,None,None,None,None, , , , 
21739, ,0.4247571552536897,1.552225357427048e-07,None,None,None,None, , , , 
21740, ,0.4247571552536897,1.6638168860761273e-07,None,None,None,None, , , , 
21741, ,0.4247571552536897,1.7834308769319093e-07,None,None,None,None, , , , 
21742, ,0.4247571552536897,1.9116440753857e-07,None,None,None,None, , , , 
21743, ,0.4247571552536897,2.049074689815846e-07,None,None,None,None, , , , 
21744, ,0.4247571552536897,2.1963853724165468e-07,None,None,None,None, , , , 
21745, ,0.4247571552536897,2.3542864143224158e-07,None,None,None,None, , , , 
21746, ,0.4247571552536897,2.523539170434766e-07,None,None,None,None, , , , 
21747, ,0.4247571552536897,2.7049597304631316e-07,None,None,None,None, , , , 
21748, ,0.4247571552536897,2.899422853882875e-07,None,None,None,None, , , , 
21749, ,0.4247571552536897,3.107866187782014e-07,None,None,None,None, , , , 
21750, ,0.4247571552536897,3.33129478793467e-07,None,None,None,None, , , , 
21751, ,0.4247571552536897,3.5707859649004626e-07,None,None,None,None, , , , 
21752, ,0.4247571552536897,3.827494478516307e-07,None,None,None,None, , , , 
21753, ,0.4247571552536897,4.1026581058271904e-07,None,None,None,None, , , , 
21754, ,0.4247571552536897,4.397603609302722e-07,None,None,None,None, , , , 
21755, ,0.4247571552536897,4.7137531341167185e-07,None,None,None,None, , , , 
21756, ,0.4247571552536897,5.052631065335679e-07,None,None,None,None, , , , 
21757, ,0.4247571552536897,5.415871378079465e-07,None,None,None,None, , , , 
21758, ,0.4247571552536897,5.805225516094896e-07,None,None,None,None, , , , 
21759, ,0.4247571552536897,6.222570836730232e-07,None,None,None,None, , , , 
21760, ,0.4247571552536897,6.669919663030115e-07,None,None,None,None, , , , 
21761, ,0.4247571552536897,7.149428986597576e-07,None,None,None,None, , , , 
21762, ,0.4247571552536897,7.663410868007445e-07,None,None,None,None, , , , 
21763, ,0.4247571552536897,8.214343584919422e-07,None,None,None,None, , , , 
21764, ,0.4247571552536897,8.804883581643463e-07,None,None,None,None, , , , 
21765, ,0.4247571552536897,9.437878277775371e-07,None,None,None,None, , , , 
21766, ,0.4247571552536897,1.0116379797662072e-06,None,None,None,None, , , , 
21767, ,0.4247571552536897,1.0843659686896086e-06,None,None,None,None, , , , 
21768, ,0.4247571552536897,1.1623224686798522e-06,None,None,None,None, , , , 
21769, ,0.4247571552536897,1.2458833642950078e-06,None,None,None,None, , , , 
21770, ,0.4247571552536897,1.3354515629298971e-06,None,None,None,None, , , , 
21771, ,0.4247571552536897,1.4314589375234786e-06,None,None,None,None, , , , 
21772, ,0.4247571552536897,1.53436840893001e-06,None,None,None,None, , , , 
21773, ,0.4247571552536897,1.6446761779946631e-06,None,None,None,None, , , , 
21774, ,0.4247571552536897,1.762914118095948e-06,None,None,None,None, , , , 
21775, ,0.4247571552536897,1.8896523396912082e-06,None,None,None,None, , , , 
21776, ,0.4247571552536897,2.0255019392306664e-06,None,None,None,None, , , , 
21777, ,0.4247571552536897,2.171117945694501e-06,None,None,None,None, , , , 
21778, ,0.4247571552536897,2.327202478960408e-06,None,None,None,None, , , , 
21779, ,0.4247571552536897,2.494508135230317e-06,None,None,None,None, , , , 
21780, ,0.4247571552536897,2.673841615839944e-06,None,None,None,None, , , , 
21781, ,0.4247571552536897,2.8660676169482507e-06,None,None,None,None, , , , 
21782, ,0.4247571552536897,3.0721129988617524e-06,None,None,None,None, , , , 
21783, ,0.4247571552536897,3.292971255097148e-06,None,None,None,None, , , , 
21784, ,0.4247571552536897,3.5297073027306505e-06,None,None,None,None, , , , 
21785, ,0.4247571552536897,3.783462617131925e-06,None,None,None,None, , , , 
21786, ,0.4247571552536897,4.0554607358408275e-06,None,None,None,None, , , , 
21787, ,0.4247571552536897,4.3470131581250175e-06,None,None,None,None, , , , 
21788, ,0.4247571552536897,4.6595256686646765e-06,None,None,None,None, , , , 
21789, ,0.4247571552536897,4.99450511585514e-06,None,None,None,None, , , , 
21790, ,0.4247571552536897,5.353566677410719e-06,None,None,None,None, , , , 
21791, ,0.4247571552536897,5.738441648302393e-06,None,None,None,None, , , , 
21792, ,0.4247571552536897,6.150985788580505e-06,None,None,None,None, , , , 
21793, ,0.4247571552536897,6.593188271333541e-06,None,None,None,None, , , , 
21794, ,0.4247571552536897,7.067181273927492e-06,None,None,None,None, , , , 
21795, ,0.4247571552536897,7.575250258771904e-06,None,None,None,None, , , , 
21796, ,0.4247571552536897,8.119844993184007e-06,None,None,None,None, , , , 
21797, ,0.4247571552536897,8.703591361485167e-06,None,None,None,None, , , , 
21798, ,0.4247571552536897,9.329304026284676e-06,None,None,None,None, , , , 
21799, ,0.4247571552536897,1e-05,None,None,None,None, , , , 
21800, ,0.4397603609302719,1e-11,None,None,None,None, , , , 
21801, ,0.4397603609302719,1.0718913192051263e-11,None,None,None,None, , , , 
21802, ,0.4397603609302719,1.1489510001873107e-11,None,None,None,None, , , , 
21803, ,0.4397603609302719,1.2315506032928262e-11,None,None,None,None, , , , 
21804, ,0.4397603609302719,1.3200884008314167e-11,None,None,None,None, , , , 
21805, ,0.4397603609302719,1.4149912974345786e-11,None,None,None,None, , , , 
21806, ,0.4397603609302719,1.5167168884709242e-11,None,None,None,None, , , , 
21807, ,0.4397603609302719,1.6257556664437934e-11,None,None,None,None, , , , 
21808, ,0.4397603609302719,1.7426333860096473e-11,None,None,None,None, , , , 
21809, ,0.4397603609302719,1.8679135990207848e-11,None,None,None,None, , , , 
21810, ,0.4397603609302719,2.0022003718155844e-11,None,None,None,None, , , , 
21811, ,0.4397603609302719,2.1461411978584013e-11,None,None,None,None, , , , 
21812, ,0.4397603609302719,2.300430119772921e-11,None,None,None,None, , , , 
21813, ,0.4397603609302719,2.465811075822604e-11,None,None,None,None, , , , 
21814, ,0.4397603609302719,2.643081486974103e-11,None,None,None,None, , , , 
21815, ,0.4397603609302719,2.8330961018393178e-11,None,None,None,None, , , , 
21816, ,0.4397603609302719,3.036771118035461e-11,None,None,None,None, , , , 
21817, ,0.4397603609302719,3.255088599835057e-11,None,None,None,None, , , , 
21818, ,0.4397603609302719,3.4891012134067674e-11,None,None,None,None, , , , 
21819, ,0.4397603609302719,3.739937302478801e-11,None,None,None,None, , , , 
21820, ,0.4397603609302719,4.0088063288984646e-11,None,None,None,None, , , , 
21821, ,0.4397603609302719,4.297004704320835e-11,None,None,None,None, , , , 
21822, ,0.4397603609302719,4.605922041145113e-11,None,None,None,None, , , , 
21823, ,0.4397603609302719,4.937047852839004e-11,None,None,None,None, , , , 
21824, ,0.4397603609302719,5.2919787359584366e-11,None,None,None,None, , , , 
21825, ,0.4397603609302719,5.672426068491989e-11,None,None,None,None, , , , 
21826, ,0.4397603609302719,6.080224261649427e-11,None,None,None,None, , , , 
21827, ,0.4397603609302719,6.517339604882421e-11,None,None,None,None, , , , 
21828, ,0.4397603609302719,6.985879746785235e-11,None,None,None,None, , , , 
21829, ,0.4397603609302719,7.48810385759003e-11,None,None,None,None, , , , 
21830, ,0.4397603609302719,8.026433522257174e-11,None,None,None,None, , , , 
21831, ,0.4397603609302719,8.603464416684492e-11,None,None,None,None, , , , 
21832, ,0.4397603609302719,9.221978823334341e-11,None,None,None,None, , , , 
21833, ,0.4397603609302719,9.884959046625586e-11,None,None,None,None, , , , 
21834, ,0.4397603609302719,1.0595601792776149e-10,None,None,None,None, , , , 
21835, ,0.4397603609302719,1.1357333583431027e-10,None,None,None,None, , , , 
21836, ,0.4397603609302719,1.217382727739662e-10,None,None,None,None, , , , 
21837, ,0.4397603609302719,1.3049019780144016e-10,None,None,None,None, , , , 
21838, ,0.4397603609302719,1.398713102647236e-10,None,None,None,None, , , , 
21839, ,0.4397603609302719,1.4992684327860468e-10,None,None,None,None, , , , 
21840, ,0.4397603609302719,1.6070528182616384e-10,None,None,None,None, , , , 
21841, ,0.4397603609302719,1.722585965398784e-10,None,None,None,None, , , , 
21842, ,0.4397603609302719,1.8464249428955463e-10,None,None,None,None, , , , 
21843, ,0.4397603609302719,1.9791668678535569e-10,None,None,None,None, , , , 
21844, ,0.4397603609302719,2.121451784910628e-10,None,None,None,None, , , , 
21845, ,0.4397603609302719,2.273965752357932e-10,None,None,None,None, , , , 
21846, ,0.4397603609302719,2.4374441501222216e-10,None,None,None,None, , , , 
21847, ,0.4397603609302719,2.6126752255633265e-10,None,None,None,None, , , , 
21848, ,0.4397603609302719,2.8005038941836253e-10,None,None,None,None, , , , 
21849, ,0.4397603609302719,3.0018358135755917e-10,None,None,None,None, , , , 
21850, ,0.4397603609302719,3.2176417502507347e-10,None,None,None,None, , , , 
21851, ,0.4397603609302719,3.4489622604057533e-10,None,None,None,None, , , , 
21852, ,0.4397603609302719,3.696912707195032e-10,None,None,None,None, , , , 
21853, ,0.4397603609302719,3.9626886387014783e-10,None,None,None,None, , , , 
21854, ,0.4397603609302719,4.2475715525368935e-10,None,None,None,None, , , , 
21855, ,0.4397603609302719,4.552935074866938e-10,None,None,None,None, , , , 
21856, ,0.4397603609302719,4.880251583654433e-10,None,None,None,None, , , , 
21857, ,0.4397603609302719,5.231099308056258e-10,None,None,None,None, , , , 
21858, ,0.4397603609302719,5.60716993820547e-10,None,None,None,None, , , , 
21859, ,0.4397603609302719,6.010276782070387e-10,None,None,None,None, , , , 
21860, ,0.4397603609302719,6.442363508721371e-10,None,None,None,None, , , , 
21861, ,0.4397603609302719,6.905513520162316e-10,None,None,None,None, , , , 
21862, ,0.4397603609302719,7.401959996915653e-10,None,None,None,None, , , , 
21863, ,0.4397603609302719,7.934096665797492e-10,None,None,None,None, , , , 
21864, ,0.4397603609302719,8.504489341802668e-10,None,None,None,None, , , , 
21865, ,0.4397603609302719,9.115888299750837e-10,None,None,None,None, , , , 
21866, ,0.4397603609302719,9.771241535346502e-10,None,None,None,None, , , , 
21867, ,0.4397603609302719,1.0473708979594486e-09,None,None,None,None, , , , 
21868, ,0.4397603609302719,1.1226677735108114e-09,None,None,None,None, , , , 
21869, ,0.4397603609302719,1.2033778407775904e-09,None,None,None,None, , , , 
21870, ,0.4397603609302719,1.289890261253308e-09,None,None,None,None, , , , 
21871, ,0.4397603609302719,1.3826221737646535e-09,None,None,None,None, , , , 
21872, ,0.4397603609302719,1.4820207057988602e-09,None,None,None,None, , , , 
21873, ,0.4397603609302719,1.5885651294280526e-09,None,None,None,None, , , , 
21874, ,0.4397603609302719,1.702769172225898e-09,None,None,None,None, , , , 
21875, ,0.4397603609302719,1.825183494319039e-09,None,None,None,None, , , , 
21876, ,0.4397603609302719,1.956398343517065e-09,None,None,None,None, , , , 
21877, ,0.4397603609302719,2.0970464013232305e-09,None,None,None,None, , , , 
21878, ,0.4397603609302719,2.2478058335487307e-09,None,None,None,None, , , , 
21879, ,0.4397603609302719,2.409403560239527e-09,None,None,None,None, , , , 
21880, ,0.4397603609302719,2.582618760682675e-09,None,None,None,None, , , , 
21881, ,0.4397603609302719,2.768286630392061e-09,None,None,None,None, , , , 
21882, ,0.4397603609302719,2.9673024081888724e-09,None,None,None,None, , , , 
21883, ,0.4397603609302719,3.180625692794119e-09,None,None,None,None, , , , 
21884, ,0.4397603609302719,3.409285069746807e-09,None,None,None,None, , , , 
21885, ,0.4397603609302719,3.654383070957262e-09,None,None,None,None, , , , 
21886, ,0.4397603609302719,3.917101490809261e-09,None,None,None,None, , , , 
21887, ,0.4397603609302719,4.198707084443906e-09,None,None,None,None, , , , 
21888, ,0.4397603609302719,4.500557675700488e-09,None,None,None,None, , , , 
21889, ,0.4397603609302719,4.824108704165374e-09,None,None,None,None, , , , 
21890, ,0.4397603609302719,5.170920242896755e-09,None,None,None,None, , , , 
21891, ,0.4397603609302719,5.542664520663096e-09,None,None,None,None, , , , 
21892, ,0.4397603609302719,5.941133984965041e-09,None,None,None,None, , , , 
21893, ,0.4397603609302719,6.3682499447185856e-09,None,None,None,None, , , , 
21894, ,0.4397603609302719,6.826071834272379e-09,None,None,None,None, , , , 
21895, ,0.4397603609302719,7.316807143427175e-09,None,None,None,None, , , , 
21896, ,0.4397603609302719,7.842822061337681e-09,None,None,None,None, , , , 
21897, ,0.4397603609302719,8.406652885618316e-09,None,None,None,None, , , , 
21898, ,0.4397603609302719,9.011018251665036e-09,None,None,None,None, , , , 
21899, ,0.4397603609302719,9.658832241158707e-09,None,None,None,None, , , , 
21900, ,0.4397603609302719,1.0353218432956616e-08,None,None,None,None, , , , 
21901, ,0.4397603609302719,1.1097524964120722e-08,None,None,None,None, , , , 
21902, ,0.4397603609302719,1.1895340673703208e-08,None,None,None,None, , , , 
21903, ,0.4397603609302719,1.2750512407130128e-08,None,None,None,None, , , , 
21904, ,0.4397603609302719,1.3667163564620044e-08,None,None,None,None, , , , 
21905, ,0.4397603609302719,1.4649713983072853e-08,None,None,None,None, , , , 
21906, ,0.4397603609302719,1.5702901247293774e-08,None,None,None,None, , , , 
21907, ,0.4397603609302719,1.683180353330955e-08,None,None,None,None, , , , 
21908, ,0.4397603609302719,1.8041864093920717e-08,None,None,None,None, , , , 
21909, ,0.4397603609302719,1.933891750455232e-08,None,None,None,None, , , , 
21910, ,0.4397603609302719,2.0729217795953697e-08,None,None,None,None, , , , 
21911, ,0.4397603609302719,2.221946860939524e-08,None,None,None,None, , , , 
21912, ,0.4397603609302719,2.3816855519761606e-08,None,None,None,None, , , , 
21913, ,0.4397603609302719,2.552908068239516e-08,None,None,None,None, , , , 
21914, ,0.4397603609302719,2.7364399970746666e-08,None,None,None,None, , , , 
21915, ,0.4397603609302719,2.933166278390042e-08,None,None,None,None, , , , 
21916, ,0.4397603609302719,3.1440354715915e-08,None,None,None,None, , , , 
21917, ,0.4397603609302719,3.370064329271925e-08,None,None,None,None, , , , 
21918, ,0.4397603609302719,3.612342699709431e-08,None,None,None,None, , , , 
21919, ,0.4397603609302719,3.872038781812557e-08,None,None,None,None, , , , 
21920, ,0.4397603609302719,4.1504047578504727e-08,None,None,None,None, , , , 
21921, ,0.4397603609302719,4.448782831127585e-08,None,None,None,None, , , , 
21922, ,0.4397603609302719,4.768611697714474e-08,None,None,None,None, , , , 
21923, ,0.4397603609302719,5.111433483440165e-08,None,None,None,None, , , , 
21924, ,0.4397603609302719,5.478901179593934e-08,None,None,None,None, , , , 
21925, ,0.4397603609302719,5.872786613189478e-08,None,None,None,None, , , , 
21926, ,0.4397603609302719,6.294988990221888e-08,None,None,None,None, , , , 
21927, ,0.4397603609302719,6.747544053110687e-08,None,None,None,None, , , , 
21928, ,0.4397603609302719,7.232633896483534e-08,None,None,None,None, , , , 
21929, ,0.4397603609302719,7.752597488629465e-08,None,None,None,None, , , , 
21930, ,0.4397603609302719,8.309941949353386e-08,None,None,None,None, , , , 
21931, ,0.4397603609302719,8.907354638610439e-08,None,None,None,None, , , , 
21932, ,0.4397603609302719,9.547716114208066e-08,None,None,None,None, , , , 
21933, ,0.4397603609302719,1.0234114021054528e-07,None,None,None,None, , , , 
21934, ,0.4397603609302719,1.0969857978923841e-07,None,None,None,None, , , , 
21935, ,0.4397603609302719,1.1758495540521555e-07,None,None,None,None, , , , 
21936, ,0.4397603609302719,1.2603829296797277e-07,None,None,None,None, , , , 
21937, ,0.4397603609302719,1.350993521198025e-07,None,None,None,None, , , , 
21938, ,0.4397603609302719,1.4481182276745328e-07,None,None,None,None, , , , 
21939, ,0.4397603609302719,1.552225357427048e-07,None,None,None,None, , , , 
21940, ,0.4397603609302719,1.6638168860761273e-07,None,None,None,None, , , , 
21941, ,0.4397603609302719,1.7834308769319093e-07,None,None,None,None, , , , 
21942, ,0.4397603609302719,1.9116440753857e-07,None,None,None,None, , , , 
21943, ,0.4397603609302719,2.049074689815846e-07,None,None,None,None, , , , 
21944, ,0.4397603609302719,2.1963853724165468e-07,None,None,None,None, , , , 
21945, ,0.4397603609302719,2.3542864143224158e-07,None,None,None,None, , , , 
21946, ,0.4397603609302719,2.523539170434766e-07,None,None,None,None, , , , 
21947, ,0.4397603609302719,2.7049597304631316e-07,None,None,None,None, , , , 
21948, ,0.4397603609302719,2.899422853882875e-07,None,None,None,None, , , , 
21949, ,0.4397603609302719,3.107866187782014e-07,None,None,None,None, , , , 
21950, ,0.4397603609302719,3.33129478793467e-07,None,None,None,None, , , , 
21951, ,0.4397603609302719,3.5707859649004626e-07,None,None,None,None, , , , 
21952, ,0.4397603609302719,3.827494478516307e-07,None,None,None,None, , , , 
21953, ,0.4397603609302719,4.1026581058271904e-07,None,None,None,None, , , , 
21954, ,0.4397603609302719,4.397603609302722e-07,None,None,None,None, , , , 
21955, ,0.4397603609302719,4.7137531341167185e-07,None,None,None,None, , , , 
21956, ,0.4397603609302719,5.052631065335679e-07,None,None,None,None, , , , 
21957, ,0.4397603609302719,5.415871378079465e-07,None,None,None,None, , , , 
21958, ,0.4397603609302719,5.805225516094896e-07,None,None,None,None, , , , 
21959, ,0.4397603609302719,6.222570836730232e-07,None,None,None,None, , , , 
21960, ,0.4397603609302719,6.669919663030115e-07,None,None,None,None, , , , 
21961, ,0.4397603609302719,7.149428986597576e-07,None,None,None,None, , , , 
21962, ,0.4397603609302719,7.663410868007445e-07,None,None,None,None, , , , 
21963, ,0.4397603609302719,8.214343584919422e-07,None,None,None,None, , , , 
21964, ,0.4397603609302719,8.804883581643463e-07,None,None,None,None, , , , 
21965, ,0.4397603609302719,9.437878277775371e-07,None,None,None,None, , , , 
21966, ,0.4397603609302719,1.0116379797662072e-06,None,None,None,None, , , , 
21967, ,0.4397603609302719,1.0843659686896086e-06,None,None,None,None, , , , 
21968, ,0.4397603609302719,1.1623224686798522e-06,None,None,None,None, , , , 
21969, ,0.4397603609302719,1.2458833642950078e-06,None,None,None,None, , , , 
21970, ,0.4397603609302719,1.3354515629298971e-06,None,None,None,None, , , , 
21971, ,0.4397603609302719,1.4314589375234786e-06,None,None,None,None, , , , 
21972, ,0.4397603609302719,1.53436840893001e-06,None,None,None,None, , , , 
21973, ,0.4397603609302719,1.6446761779946631e-06,None,None,None,None, , , , 
21974, ,0.4397603609302719,1.762914118095948e-06,None,None,None,None, , , , 
21975, ,0.4397603609302719,1.8896523396912082e-06,None,None,None,None, , , , 
21976, ,0.4397603609302719,2.0255019392306664e-06,None,None,None,None, , , , 
21977, ,0.4397603609302719,2.171117945694501e-06,None,None,None,None, , , , 
21978, ,0.4397603609302719,2.327202478960408e-06,None,None,None,None, , , , 
21979, ,0.4397603609302719,2.494508135230317e-06,None,None,None,None, , , , 
21980, ,0.4397603609302719,2.673841615839944e-06,None,None,None,None, , , , 
21981, ,0.4397603609302719,2.8660676169482507e-06,None,None,None,None, , , , 
21982, ,0.4397603609302719,3.0721129988617524e-06,None,None,None,None, , , , 
21983, ,0.4397603609302719,3.292971255097148e-06,None,None,None,None, , , , 
21984, ,0.4397603609302719,3.5297073027306505e-06,None,None,None,None, , , , 
21985, ,0.4397603609302719,3.783462617131925e-06,None,None,None,None, , , , 
21986, ,0.4397603609302719,4.0554607358408275e-06,None,None,None,None, , , , 
21987, ,0.4397603609302719,4.3470131581250175e-06,None,None,None,None, , , , 
21988, ,0.4397603609302719,4.6595256686646765e-06,None,None,None,None, , , , 
21989, ,0.4397603609302719,4.99450511585514e-06,None,None,None,None, , , , 
21990, ,0.4397603609302719,5.353566677410719e-06,None,None,None,None, , , , 
21991, ,0.4397603609302719,5.738441648302393e-06,None,None,None,None, , , , 
21992, ,0.4397603609302719,6.150985788580505e-06,None,None,None,None, , , , 
21993, ,0.4397603609302719,6.593188271333541e-06,None,None,None,None, , , , 
21994, ,0.4397603609302719,7.067181273927492e-06,None,None,None,None, , , , 
21995, ,0.4397603609302719,7.575250258771904e-06,None,None,None,None, , , , 
21996, ,0.4397603609302719,8.119844993184007e-06,None,None,None,None, , , , 
21997, ,0.4397603609302719,8.703591361485167e-06,None,None,None,None, , , , 
21998, ,0.4397603609302719,9.329304026284676e-06,None,None,None,None, , , , 
21999, ,0.4397603609302719,1e-05,None,None,None,None, , , , 
22000, ,0.4552935074866948,1e-11,None,None,None,None, , , , 
22001, ,0.4552935074866948,1.0718913192051263e-11,None,None,None,None, , , , 
22002, ,0.4552935074866948,1.1489510001873107e-11,None,None,None,None, , , , 
22003, ,0.4552935074866948,1.2315506032928262e-11,None,None,None,None, , , , 
22004, ,0.4552935074866948,1.3200884008314167e-11,None,None,None,None, , , , 
22005, ,0.4552935074866948,1.4149912974345786e-11,None,None,None,None, , , , 
22006, ,0.4552935074866948,1.5167168884709242e-11,None,None,None,None, , , , 
22007, ,0.4552935074866948,1.6257556664437934e-11,None,None,None,None, , , , 
22008, ,0.4552935074866948,1.7426333860096473e-11,None,None,None,None, , , , 
22009, ,0.4552935074866948,1.8679135990207848e-11,None,None,None,None, , , , 
22010, ,0.4552935074866948,2.0022003718155844e-11,None,None,None,None, , , , 
22011, ,0.4552935074866948,2.1461411978584013e-11,None,None,None,None, , , , 
22012, ,0.4552935074866948,2.300430119772921e-11,None,None,None,None, , , , 
22013, ,0.4552935074866948,2.465811075822604e-11,None,None,None,None, , , , 
22014, ,0.4552935074866948,2.643081486974103e-11,None,None,None,None, , , , 
22015, ,0.4552935074866948,2.8330961018393178e-11,None,None,None,None, , , , 
22016, ,0.4552935074866948,3.036771118035461e-11,None,None,None,None, , , , 
22017, ,0.4552935074866948,3.255088599835057e-11,None,None,None,None, , , , 
22018, ,0.4552935074866948,3.4891012134067674e-11,None,None,None,None, , , , 
22019, ,0.4552935074866948,3.739937302478801e-11,None,None,None,None, , , , 
22020, ,0.4552935074866948,4.0088063288984646e-11,None,None,None,None, , , , 
22021, ,0.4552935074866948,4.297004704320835e-11,None,None,None,None, , , , 
22022, ,0.4552935074866948,4.605922041145113e-11,None,None,None,None, , , , 
22023, ,0.4552935074866948,4.937047852839004e-11,None,None,None,None, , , , 
22024, ,0.4552935074866948,5.2919787359584366e-11,None,None,None,None, , , , 
22025, ,0.4552935074866948,5.672426068491989e-11,None,None,None,None, , , , 
22026, ,0.4552935074866948,6.080224261649427e-11,None,None,None,None, , , , 
22027, ,0.4552935074866948,6.517339604882421e-11,None,None,None,None, , , , 
22028, ,0.4552935074866948,6.985879746785235e-11,None,None,None,None, , , , 
22029, ,0.4552935074866948,7.48810385759003e-11,None,None,None,None, , , , 
22030, ,0.4552935074866948,8.026433522257174e-11,None,None,None,None, , , , 
22031, ,0.4552935074866948,8.603464416684492e-11,None,None,None,None, , , , 
22032, ,0.4552935074866948,9.221978823334341e-11,None,None,None,None, , , , 
22033, ,0.4552935074866948,9.884959046625586e-11,None,None,None,None, , , , 
22034, ,0.4552935074866948,1.0595601792776149e-10,None,None,None,None, , , , 
22035, ,0.4552935074866948,1.1357333583431027e-10,None,None,None,None, , , , 
22036, ,0.4552935074866948,1.217382727739662e-10,None,None,None,None, , , , 
22037, ,0.4552935074866948,1.3049019780144016e-10,None,None,None,None, , , , 
22038, ,0.4552935074866948,1.398713102647236e-10,None,None,None,None, , , , 
22039, ,0.4552935074866948,1.4992684327860468e-10,None,None,None,None, , , , 
22040, ,0.4552935074866948,1.6070528182616384e-10,None,None,None,None, , , , 
22041, ,0.4552935074866948,1.722585965398784e-10,None,None,None,None, , , , 
22042, ,0.4552935074866948,1.8464249428955463e-10,None,None,None,None, , , , 
22043, ,0.4552935074866948,1.9791668678535569e-10,None,None,None,None, , , , 
22044, ,0.4552935074866948,2.121451784910628e-10,None,None,None,None, , , , 
22045, ,0.4552935074866948,2.273965752357932e-10,None,None,None,None, , , , 
22046, ,0.4552935074866948,2.4374441501222216e-10,None,None,None,None, , , , 
22047, ,0.4552935074866948,2.6126752255633265e-10,None,None,None,None, , , , 
22048, ,0.4552935074866948,2.8005038941836253e-10,None,None,None,None, , , , 
22049, ,0.4552935074866948,3.0018358135755917e-10,None,None,None,None, , , , 
22050, ,0.4552935074866948,3.2176417502507347e-10,None,None,None,None, , , , 
22051, ,0.4552935074866948,3.4489622604057533e-10,None,None,None,None, , , , 
22052, ,0.4552935074866948,3.696912707195032e-10,None,None,None,None, , , , 
22053, ,0.4552935074866948,3.9626886387014783e-10,None,None,None,None, , , , 
22054, ,0.4552935074866948,4.2475715525368935e-10,None,None,None,None, , , , 
22055, ,0.4552935074866948,4.552935074866938e-10,None,None,None,None, , , , 
22056, ,0.4552935074866948,4.880251583654433e-10,None,None,None,None, , , , 
22057, ,0.4552935074866948,5.231099308056258e-10,None,None,None,None, , , , 
22058, ,0.4552935074866948,5.60716993820547e-10,None,None,None,None, , , , 
22059, ,0.4552935074866948,6.010276782070387e-10,None,None,None,None, , , , 
22060, ,0.4552935074866948,6.442363508721371e-10,None,None,None,None, , , , 
22061, ,0.4552935074866948,6.905513520162316e-10,None,None,None,None, , , , 
22062, ,0.4552935074866948,7.401959996915653e-10,None,None,None,None, , , , 
22063, ,0.4552935074866948,7.934096665797492e-10,None,None,None,None, , , , 
22064, ,0.4552935074866948,8.504489341802668e-10,None,None,None,None, , , , 
22065, ,0.4552935074866948,9.115888299750837e-10,None,None,None,None, , , , 
22066, ,0.4552935074866948,9.771241535346502e-10,None,None,None,None, , , , 
22067, ,0.4552935074866948,1.0473708979594486e-09,None,None,None,None, , , , 
22068, ,0.4552935074866948,1.1226677735108114e-09,None,None,None,None, , , , 
22069, ,0.4552935074866948,1.2033778407775904e-09,None,None,None,None, , , , 
22070, ,0.4552935074866948,1.289890261253308e-09,None,None,None,None, , , , 
22071, ,0.4552935074866948,1.3826221737646535e-09,None,None,None,None, , , , 
22072, ,0.4552935074866948,1.4820207057988602e-09,None,None,None,None, , , , 
22073, ,0.4552935074866948,1.5885651294280526e-09,None,None,None,None, , , , 
22074, ,0.4552935074866948,1.702769172225898e-09,None,None,None,None, , , , 
22075, ,0.4552935074866948,1.825183494319039e-09,None,None,None,None, , , , 
22076, ,0.4552935074866948,1.956398343517065e-09,None,None,None,None, , , , 
22077, ,0.4552935074866948,2.0970464013232305e-09,None,None,None,None, , , , 
22078, ,0.4552935074866948,2.2478058335487307e-09,None,None,None,None, , , , 
22079, ,0.4552935074866948,2.409403560239527e-09,None,None,None,None, , , , 
22080, ,0.4552935074866948,2.582618760682675e-09,None,None,None,None, , , , 
22081, ,0.4552935074866948,2.768286630392061e-09,None,None,None,None, , , , 
22082, ,0.4552935074866948,2.9673024081888724e-09,None,None,None,None, , , , 
22083, ,0.4552935074866948,3.180625692794119e-09,None,None,None,None, , , , 
22084, ,0.4552935074866948,3.409285069746807e-09,None,None,None,None, , , , 
22085, ,0.4552935074866948,3.654383070957262e-09,None,None,None,None, , , , 
22086, ,0.4552935074866948,3.917101490809261e-09,None,None,None,None, , , , 
22087, ,0.4552935074866948,4.198707084443906e-09,None,None,None,None, , , , 
22088, ,0.4552935074866948,4.500557675700488e-09,None,None,None,None, , , , 
22089, ,0.4552935074866948,4.824108704165374e-09,None,None,None,None, , , , 
22090, ,0.4552935074866948,5.170920242896755e-09,None,None,None,None, , , , 
22091, ,0.4552935074866948,5.542664520663096e-09,None,None,None,None, , , , 
22092, ,0.4552935074866948,5.941133984965041e-09,None,None,None,None, , , , 
22093, ,0.4552935074866948,6.3682499447185856e-09,None,None,None,None, , , , 
22094, ,0.4552935074866948,6.826071834272379e-09,None,None,None,None, , , , 
22095, ,0.4552935074866948,7.316807143427175e-09,None,None,None,None, , , , 
22096, ,0.4552935074866948,7.842822061337681e-09,None,None,None,None, , , , 
22097, ,0.4552935074866948,8.406652885618316e-09,None,None,None,None, , , , 
22098, ,0.4552935074866948,9.011018251665036e-09,None,None,None,None, , , , 
22099, ,0.4552935074866948,9.658832241158707e-09,None,None,None,None, , , , 
22100, ,0.4552935074866948,1.0353218432956616e-08,None,None,None,None, , , , 
22101, ,0.4552935074866948,1.1097524964120722e-08,None,None,None,None, , , , 
22102, ,0.4552935074866948,1.1895340673703208e-08,None,None,None,None, , , , 
22103, ,0.4552935074866948,1.2750512407130128e-08,None,None,None,None, , , , 
22104, ,0.4552935074866948,1.3667163564620044e-08,None,None,None,None, , , , 
22105, ,0.4552935074866948,1.4649713983072853e-08,None,None,None,None, , , , 
22106, ,0.4552935074866948,1.5702901247293774e-08,None,None,None,None, , , , 
22107, ,0.4552935074866948,1.683180353330955e-08,None,None,None,None, , , , 
22108, ,0.4552935074866948,1.8041864093920717e-08,None,None,None,None, , , , 
22109, ,0.4552935074866948,1.933891750455232e-08,None,None,None,None, , , , 
22110, ,0.4552935074866948,2.0729217795953697e-08,None,None,None,None, , , , 
22111, ,0.4552935074866948,2.221946860939524e-08,None,None,None,None, , , , 
22112, ,0.4552935074866948,2.3816855519761606e-08,None,None,None,None, , , , 
22113, ,0.4552935074866948,2.552908068239516e-08,None,None,None,None, , , , 
22114, ,0.4552935074866948,2.7364399970746666e-08,None,None,None,None, , , , 
22115, ,0.4552935074866948,2.933166278390042e-08,None,None,None,None, , , , 
22116, ,0.4552935074866948,3.1440354715915e-08,None,None,None,None, , , , 
22117, ,0.4552935074866948,3.370064329271925e-08,None,None,None,None, , , , 
22118, ,0.4552935074866948,3.612342699709431e-08,None,None,None,None, , , , 
22119, ,0.4552935074866948,3.872038781812557e-08,None,None,None,None, , , , 
22120, ,0.4552935074866948,4.1504047578504727e-08,None,None,None,None, , , , 
22121, ,0.4552935074866948,4.448782831127585e-08,None,None,None,None, , , , 
22122, ,0.4552935074866948,4.768611697714474e-08,None,None,None,None, , , , 
22123, ,0.4552935074866948,5.111433483440165e-08,None,None,None,None, , , , 
22124, ,0.4552935074866948,5.478901179593934e-08,None,None,None,None, , , , 
22125, ,0.4552935074866948,5.872786613189478e-08,None,None,None,None, , , , 
22126, ,0.4552935074866948,6.294988990221888e-08,None,None,None,None, , , , 
22127, ,0.4552935074866948,6.747544053110687e-08,None,None,None,None, , , , 
22128, ,0.4552935074866948,7.232633896483534e-08,None,None,None,None, , , , 
22129, ,0.4552935074866948,7.752597488629465e-08,None,None,None,None, , , , 
22130, ,0.4552935074866948,8.309941949353386e-08,None,None,None,None, , , , 
22131, ,0.4552935074866948,8.907354638610439e-08,None,None,None,None, , , , 
22132, ,0.4552935074866948,9.547716114208066e-08,None,None,None,None, , , , 
22133, ,0.4552935074866948,1.0234114021054528e-07,None,None,None,None, , , , 
22134, ,0.4552935074866948,1.0969857978923841e-07,None,None,None,None, , , , 
22135, ,0.4552935074866948,1.1758495540521555e-07,None,None,None,None, , , , 
22136, ,0.4552935074866948,1.2603829296797277e-07,None,None,None,None, , , , 
22137, ,0.4552935074866948,1.350993521198025e-07,None,None,None,None, , , , 
22138, ,0.4552935074866948,1.4481182276745328e-07,None,None,None,None, , , , 
22139, ,0.4552935074866948,1.552225357427048e-07,None,None,None,None, , , , 
22140, ,0.4552935074866948,1.6638168860761273e-07,None,None,None,None, , , , 
22141, ,0.4552935074866948,1.7834308769319093e-07,None,None,None,None, , , , 
22142, ,0.4552935074866948,1.9116440753857e-07,None,None,None,None, , , , 
22143, ,0.4552935074866948,2.049074689815846e-07,None,None,None,None, , , , 
22144, ,0.4552935074866948,2.1963853724165468e-07,None,None,None,None, , , , 
22145, ,0.4552935074866948,2.3542864143224158e-07,None,None,None,None, , , , 
22146, ,0.4552935074866948,2.523539170434766e-07,None,None,None,None, , , , 
22147, ,0.4552935074866948,2.7049597304631316e-07,None,None,None,None, , , , 
22148, ,0.4552935074866948,2.899422853882875e-07,None,None,None,None, , , , 
22149, ,0.4552935074866948,3.107866187782014e-07,None,None,None,None, , , , 
22150, ,0.4552935074866948,3.33129478793467e-07,None,None,None,None, , , , 
22151, ,0.4552935074866948,3.5707859649004626e-07,None,None,None,None, , , , 
22152, ,0.4552935074866948,3.827494478516307e-07,None,None,None,None, , , , 
22153, ,0.4552935074866948,4.1026581058271904e-07,None,None,None,None, , , , 
22154, ,0.4552935074866948,4.397603609302722e-07,None,None,None,None, , , , 
22155, ,0.4552935074866948,4.7137531341167185e-07,None,None,None,None, , , , 
22156, ,0.4552935074866948,5.052631065335679e-07,None,None,None,None, , , , 
22157, ,0.4552935074866948,5.415871378079465e-07,None,None,None,None, , , , 
22158, ,0.4552935074866948,5.805225516094896e-07,None,None,None,None, , , , 
22159, ,0.4552935074866948,6.222570836730232e-07,None,None,None,None, , , , 
22160, ,0.4552935074866948,6.669919663030115e-07,None,None,None,None, , , , 
22161, ,0.4552935074866948,7.149428986597576e-07,None,None,None,None, , , , 
22162, ,0.4552935074866948,7.663410868007445e-07,None,None,None,None, , , , 
22163, ,0.4552935074866948,8.214343584919422e-07,None,None,None,None, , , , 
22164, ,0.4552935074866948,8.804883581643463e-07,None,None,None,None, , , , 
22165, ,0.4552935074866948,9.437878277775371e-07,None,None,None,None, , , , 
22166, ,0.4552935074866948,1.0116379797662072e-06,None,None,None,None, , , , 
22167, ,0.4552935074866948,1.0843659686896086e-06,None,None,None,None, , , , 
22168, ,0.4552935074866948,1.1623224686798522e-06,None,None,None,None, , , , 
22169, ,0.4552935074866948,1.2458833642950078e-06,None,None,None,None, , , , 
22170, ,0.4552935074866948,1.3354515629298971e-06,None,None,None,None, , , , 
22171, ,0.4552935074866948,1.4314589375234786e-06,None,None,None,None, , , , 
22172, ,0.4552935074866948,1.53436840893001e-06,None,None,None,None, , , , 
22173, ,0.4552935074866948,1.6446761779946631e-06,None,None,None,None, , , , 
22174, ,0.4552935074866948,1.762914118095948e-06,None,None,None,None, , , , 
22175, ,0.4552935074866948,1.8896523396912082e-06,None,None,None,None, , , , 
22176, ,0.4552935074866948,2.0255019392306664e-06,None,None,None,None, , , , 
22177, ,0.4552935074866948,2.171117945694501e-06,None,None,None,None, , , , 
22178, ,0.4552935074866948,2.327202478960408e-06,None,None,None,None, , , , 
22179, ,0.4552935074866948,2.494508135230317e-06,None,None,None,None, , , , 
22180, ,0.4552935074866948,2.673841615839944e-06,None,None,None,None, , , , 
22181, ,0.4552935074866948,2.8660676169482507e-06,None,None,None,None, , , , 
22182, ,0.4552935074866948,3.0721129988617524e-06,None,None,None,None, , , , 
22183, ,0.4552935074866948,3.292971255097148e-06,None,None,None,None, , , , 
22184, ,0.4552935074866948,3.5297073027306505e-06,None,None,None,None, , , , 
22185, ,0.4552935074866948,3.783462617131925e-06,None,None,None,None, , , , 
22186, ,0.4552935074866948,4.0554607358408275e-06,None,None,None,None, , , , 
22187, ,0.4552935074866948,4.3470131581250175e-06,None,None,None,None, , , , 
22188, ,0.4552935074866948,4.6595256686646765e-06,None,None,None,None, , , , 
22189, ,0.4552935074866948,4.99450511585514e-06,None,None,None,None, , , , 
22190, ,0.4552935074866948,5.353566677410719e-06,None,None,None,None, , , , 
22191, ,0.4552935074866948,5.738441648302393e-06,None,None,None,None, , , , 
22192, ,0.4552935074866948,6.150985788580505e-06,None,None,None,None, , , , 
22193, ,0.4552935074866948,6.593188271333541e-06,None,None,None,None, , , , 
22194, ,0.4552935074866948,7.067181273927492e-06,None,None,None,None, , , , 
22195, ,0.4552935074866948,7.575250258771904e-06,None,None,None,None, , , , 
22196, ,0.4552935074866948,8.119844993184007e-06,None,None,None,None, , , , 
22197, ,0.4552935074866948,8.703591361485167e-06,None,None,None,None, , , , 
22198, ,0.4552935074866948,9.329304026284676e-06,None,None,None,None, , , , 
22199, ,0.4552935074866948,1e-05,None,None,None,None, , , , 
22200, ,0.4713753134116724,1e-11,None,None,None,None, , , , 
22201, ,0.4713753134116724,1.0718913192051263e-11,None,None,None,None, , , , 
22202, ,0.4713753134116724,1.1489510001873107e-11,None,None,None,None, , , , 
22203, ,0.4713753134116724,1.2315506032928262e-11,None,None,None,None, , , , 
22204, ,0.4713753134116724,1.3200884008314167e-11,None,None,None,None, , , , 
22205, ,0.4713753134116724,1.4149912974345786e-11,None,None,None,None, , , , 
22206, ,0.4713753134116724,1.5167168884709242e-11,None,None,None,None, , , , 
22207, ,0.4713753134116724,1.6257556664437934e-11,None,None,None,None, , , , 
22208, ,0.4713753134116724,1.7426333860096473e-11,None,None,None,None, , , , 
22209, ,0.4713753134116724,1.8679135990207848e-11,None,None,None,None, , , , 
22210, ,0.4713753134116724,2.0022003718155844e-11,None,None,None,None, , , , 
22211, ,0.4713753134116724,2.1461411978584013e-11,None,None,None,None, , , , 
22212, ,0.4713753134116724,2.300430119772921e-11,None,None,None,None, , , , 
22213, ,0.4713753134116724,2.465811075822604e-11,None,None,None,None, , , , 
22214, ,0.4713753134116724,2.643081486974103e-11,None,None,None,None, , , , 
22215, ,0.4713753134116724,2.8330961018393178e-11,None,None,None,None, , , , 
22216, ,0.4713753134116724,3.036771118035461e-11,None,None,None,None, , , , 
22217, ,0.4713753134116724,3.255088599835057e-11,None,None,None,None, , , , 
22218, ,0.4713753134116724,3.4891012134067674e-11,None,None,None,None, , , , 
22219, ,0.4713753134116724,3.739937302478801e-11,None,None,None,None, , , , 
22220, ,0.4713753134116724,4.0088063288984646e-11,None,None,None,None, , , , 
22221, ,0.4713753134116724,4.297004704320835e-11,None,None,None,None, , , , 
22222, ,0.4713753134116724,4.605922041145113e-11,None,None,None,None, , , , 
22223, ,0.4713753134116724,4.937047852839004e-11,None,None,None,None, , , , 
22224, ,0.4713753134116724,5.2919787359584366e-11,None,None,None,None, , , , 
22225, ,0.4713753134116724,5.672426068491989e-11,None,None,None,None, , , , 
22226, ,0.4713753134116724,6.080224261649427e-11,None,None,None,None, , , , 
22227, ,0.4713753134116724,6.517339604882421e-11,None,None,None,None, , , , 
22228, ,0.4713753134116724,6.985879746785235e-11,None,None,None,None, , , , 
22229, ,0.4713753134116724,7.48810385759003e-11,None,None,None,None, , , , 
22230, ,0.4713753134116724,8.026433522257174e-11,None,None,None,None, , , , 
22231, ,0.4713753134116724,8.603464416684492e-11,None,None,None,None, , , , 
22232, ,0.4713753134116724,9.221978823334341e-11,None,None,None,None, , , , 
22233, ,0.4713753134116724,9.884959046625586e-11,None,None,None,None, , , , 
22234, ,0.4713753134116724,1.0595601792776149e-10,None,None,None,None, , , , 
22235, ,0.4713753134116724,1.1357333583431027e-10,None,None,None,None, , , , 
22236, ,0.4713753134116724,1.217382727739662e-10,None,None,None,None, , , , 
22237, ,0.4713753134116724,1.3049019780144016e-10,None,None,None,None, , , , 
22238, ,0.4713753134116724,1.398713102647236e-10,None,None,None,None, , , , 
22239, ,0.4713753134116724,1.4992684327860468e-10,None,None,None,None, , , , 
22240, ,0.4713753134116724,1.6070528182616384e-10,None,None,None,None, , , , 
22241, ,0.4713753134116724,1.722585965398784e-10,None,None,None,None, , , , 
22242, ,0.4713753134116724,1.8464249428955463e-10,None,None,None,None, , , , 
22243, ,0.4713753134116724,1.9791668678535569e-10,None,None,None,None, , , , 
22244, ,0.4713753134116724,2.121451784910628e-10,None,None,None,None, , , , 
22245, ,0.4713753134116724,2.273965752357932e-10,None,None,None,None, , , , 
22246, ,0.4713753134116724,2.4374441501222216e-10,None,None,None,None, , , , 
22247, ,0.4713753134116724,2.6126752255633265e-10,None,None,None,None, , , , 
22248, ,0.4713753134116724,2.8005038941836253e-10,None,None,None,None, , , , 
22249, ,0.4713753134116724,3.0018358135755917e-10,None,None,None,None, , , , 
22250, ,0.4713753134116724,3.2176417502507347e-10,None,None,None,None, , , , 
22251, ,0.4713753134116724,3.4489622604057533e-10,None,None,None,None, , , , 
22252, ,0.4713753134116724,3.696912707195032e-10,None,None,None,None, , , , 
22253, ,0.4713753134116724,3.9626886387014783e-10,None,None,None,None, , , , 
22254, ,0.4713753134116724,4.2475715525368935e-10,None,None,None,None, , , , 
22255, ,0.4713753134116724,4.552935074866938e-10,None,None,None,None, , , , 
22256, ,0.4713753134116724,4.880251583654433e-10,None,None,None,None, , , , 
22257, ,0.4713753134116724,5.231099308056258e-10,None,None,None,None, , , , 
22258, ,0.4713753134116724,5.60716993820547e-10,None,None,None,None, , , , 
22259, ,0.4713753134116724,6.010276782070387e-10,None,None,None,None, , , , 
22260, ,0.4713753134116724,6.442363508721371e-10,None,None,None,None, , , , 
22261, ,0.4713753134116724,6.905513520162316e-10,None,None,None,None, , , , 
22262, ,0.4713753134116724,7.401959996915653e-10,None,None,None,None, , , , 
22263, ,0.4713753134116724,7.934096665797492e-10,None,None,None,None, , , , 
22264, ,0.4713753134116724,8.504489341802668e-10,None,None,None,None, , , , 
22265, ,0.4713753134116724,9.115888299750837e-10,None,None,None,None, , , , 
22266, ,0.4713753134116724,9.771241535346502e-10,None,None,None,None, , , , 
22267, ,0.4713753134116724,1.0473708979594486e-09,None,None,None,None, , , , 
22268, ,0.4713753134116724,1.1226677735108114e-09,None,None,None,None, , , , 
22269, ,0.4713753134116724,1.2033778407775904e-09,None,None,None,None, , , , 
22270, ,0.4713753134116724,1.289890261253308e-09,None,None,None,None, , , , 
22271, ,0.4713753134116724,1.3826221737646535e-09,None,None,None,None, , , , 
22272, ,0.4713753134116724,1.4820207057988602e-09,None,None,None,None, , , , 
22273, ,0.4713753134116724,1.5885651294280526e-09,None,None,None,None, , , , 
22274, ,0.4713753134116724,1.702769172225898e-09,None,None,None,None, , , , 
22275, ,0.4713753134116724,1.825183494319039e-09,None,None,None,None, , , , 
22276, ,0.4713753134116724,1.956398343517065e-09,None,None,None,None, , , , 
22277, ,0.4713753134116724,2.0970464013232305e-09,None,None,None,None, , , , 
22278, ,0.4713753134116724,2.2478058335487307e-09,None,None,None,None, , , , 
22279, ,0.4713753134116724,2.409403560239527e-09,None,None,None,None, , , , 
22280, ,0.4713753134116724,2.582618760682675e-09,None,None,None,None, , , , 
22281, ,0.4713753134116724,2.768286630392061e-09,None,None,None,None, , , , 
22282, ,0.4713753134116724,2.9673024081888724e-09,None,None,None,None, , , , 
22283, ,0.4713753134116724,3.180625692794119e-09,None,None,None,None, , , , 
22284, ,0.4713753134116724,3.409285069746807e-09,None,None,None,None, , , , 
22285, ,0.4713753134116724,3.654383070957262e-09,None,None,None,None, , , , 
22286, ,0.4713753134116724,3.917101490809261e-09,None,None,None,None, , , , 
22287, ,0.4713753134116724,4.198707084443906e-09,None,None,None,None, , , , 
22288, ,0.4713753134116724,4.500557675700488e-09,None,None,None,None, , , , 
22289, ,0.4713753134116724,4.824108704165374e-09,None,None,None,None, , , , 
22290, ,0.4713753134116724,5.170920242896755e-09,None,None,None,None, , , , 
22291, ,0.4713753134116724,5.542664520663096e-09,None,None,None,None, , , , 
22292, ,0.4713753134116724,5.941133984965041e-09,None,None,None,None, , , , 
22293, ,0.4713753134116724,6.3682499447185856e-09,None,None,None,None, , , , 
22294, ,0.4713753134116724,6.826071834272379e-09,None,None,None,None, , , , 
22295, ,0.4713753134116724,7.316807143427175e-09,None,None,None,None, , , , 
22296, ,0.4713753134116724,7.842822061337681e-09,None,None,None,None, , , , 
22297, ,0.4713753134116724,8.406652885618316e-09,None,None,None,None, , , , 
22298, ,0.4713753134116724,9.011018251665036e-09,None,None,None,None, , , , 
22299, ,0.4713753134116724,9.658832241158707e-09,None,None,None,None, , , , 
22300, ,0.4713753134116724,1.0353218432956616e-08,None,None,None,None, , , , 
22301, ,0.4713753134116724,1.1097524964120722e-08,None,None,None,None, , , , 
22302, ,0.4713753134116724,1.1895340673703208e-08,None,None,None,None, , , , 
22303, ,0.4713753134116724,1.2750512407130128e-08,None,None,None,None, , , , 
22304, ,0.4713753134116724,1.3667163564620044e-08,None,None,None,None, , , , 
22305, ,0.4713753134116724,1.4649713983072853e-08,None,None,None,None, , , , 
22306, ,0.4713753134116724,1.5702901247293774e-08,None,None,None,None, , , , 
22307, ,0.4713753134116724,1.683180353330955e-08,None,None,None,None, , , , 
22308, ,0.4713753134116724,1.8041864093920717e-08,None,None,None,None, , , , 
22309, ,0.4713753134116724,1.933891750455232e-08,None,None,None,None, , , , 
22310, ,0.4713753134116724,2.0729217795953697e-08,None,None,None,None, , , , 
22311, ,0.4713753134116724,2.221946860939524e-08,None,None,None,None, , , , 
22312, ,0.4713753134116724,2.3816855519761606e-08,None,None,None,None, , , , 
22313, ,0.4713753134116724,2.552908068239516e-08,None,None,None,None, , , , 
22314, ,0.4713753134116724,2.7364399970746666e-08,None,None,None,None, , , , 
22315, ,0.4713753134116724,2.933166278390042e-08,None,None,None,None, , , , 
22316, ,0.4713753134116724,3.1440354715915e-08,None,None,None,None, , , , 
22317, ,0.4713753134116724,3.370064329271925e-08,None,None,None,None, , , , 
22318, ,0.4713753134116724,3.612342699709431e-08,None,None,None,None, , , , 
22319, ,0.4713753134116724,3.872038781812557e-08,None,None,None,None, , , , 
22320, ,0.4713753134116724,4.1504047578504727e-08,None,None,None,None, , , , 
22321, ,0.4713753134116724,4.448782831127585e-08,None,None,None,None, , , , 
22322, ,0.4713753134116724,4.768611697714474e-08,None,None,None,None, , , , 
22323, ,0.4713753134116724,5.111433483440165e-08,None,None,None,None, , , , 
22324, ,0.4713753134116724,5.478901179593934e-08,None,None,None,None, , , , 
22325, ,0.4713753134116724,5.872786613189478e-08,None,None,None,None, , , , 
22326, ,0.4713753134116724,6.294988990221888e-08,None,None,None,None, , , , 
22327, ,0.4713753134116724,6.747544053110687e-08,None,None,None,None, , , , 
22328, ,0.4713753134116724,7.232633896483534e-08,None,None,None,None, , , , 
22329, ,0.4713753134116724,7.752597488629465e-08,None,None,None,None, , , , 
22330, ,0.4713753134116724,8.309941949353386e-08,None,None,None,None, , , , 
22331, ,0.4713753134116724,8.907354638610439e-08,None,None,None,None, , , , 
22332, ,0.4713753134116724,9.547716114208066e-08,None,None,None,None, , , , 
22333, ,0.4713753134116724,1.0234114021054528e-07,None,None,None,None, , , , 
22334, ,0.4713753134116724,1.0969857978923841e-07,None,None,None,None, , , , 
22335, ,0.4713753134116724,1.1758495540521555e-07,None,None,None,None, , , , 
22336, ,0.4713753134116724,1.2603829296797277e-07,None,None,None,None, , , , 
22337, ,0.4713753134116724,1.350993521198025e-07,None,None,None,None, , , , 
22338, ,0.4713753134116724,1.4481182276745328e-07,None,None,None,None, , , , 
22339, ,0.4713753134116724,1.552225357427048e-07,None,None,None,None, , , , 
22340, ,0.4713753134116724,1.6638168860761273e-07,None,None,None,None, , , , 
22341, ,0.4713753134116724,1.7834308769319093e-07,None,None,None,None, , , , 
22342, ,0.4713753134116724,1.9116440753857e-07,None,None,None,None, , , , 
22343, ,0.4713753134116724,2.049074689815846e-07,None,None,None,None, , , , 
22344, ,0.4713753134116724,2.1963853724165468e-07,None,None,None,None, , , , 
22345, ,0.4713753134116724,2.3542864143224158e-07,None,None,None,None, , , , 
22346, ,0.4713753134116724,2.523539170434766e-07,None,None,None,None, , , , 
22347, ,0.4713753134116724,2.7049597304631316e-07,None,None,None,None, , , , 
22348, ,0.4713753134116724,2.899422853882875e-07,None,None,None,None, , , , 
22349, ,0.4713753134116724,3.107866187782014e-07,None,None,None,None, , , , 
22350, ,0.4713753134116724,3.33129478793467e-07,None,None,None,None, , , , 
22351, ,0.4713753134116724,3.5707859649004626e-07,None,None,None,None, , , , 
22352, ,0.4713753134116724,3.827494478516307e-07,None,None,None,None, , , , 
22353, ,0.4713753134116724,4.1026581058271904e-07,None,None,None,None, , , , 
22354, ,0.4713753134116724,4.397603609302722e-07,None,None,None,None, , , , 
22355, ,0.4713753134116724,4.7137531341167185e-07,None,None,None,None, , , , 
22356, ,0.4713753134116724,5.052631065335679e-07,None,None,None,None, , , , 
22357, ,0.4713753134116724,5.415871378079465e-07,None,None,None,None, , , , 
22358, ,0.4713753134116724,5.805225516094896e-07,None,None,None,None, , , , 
22359, ,0.4713753134116724,6.222570836730232e-07,None,None,None,None, , , , 
22360, ,0.4713753134116724,6.669919663030115e-07,None,None,None,None, , , , 
22361, ,0.4713753134116724,7.149428986597576e-07,None,None,None,None, , , , 
22362, ,0.4713753134116724,7.663410868007445e-07,None,None,None,None, , , , 
22363, ,0.4713753134116724,8.214343584919422e-07,None,None,None,None, , , , 
22364, ,0.4713753134116724,8.804883581643463e-07,None,None,None,None, , , , 
22365, ,0.4713753134116724,9.437878277775371e-07,None,None,None,None, , , , 
22366, ,0.4713753134116724,1.0116379797662072e-06,None,None,None,None, , , , 
22367, ,0.4713753134116724,1.0843659686896086e-06,None,None,None,None, , , , 
22368, ,0.4713753134116724,1.1623224686798522e-06,None,None,None,None, , , , 
22369, ,0.4713753134116724,1.2458833642950078e-06,None,None,None,None, , , , 
22370, ,0.4713753134116724,1.3354515629298971e-06,None,None,None,None, , , , 
22371, ,0.4713753134116724,1.4314589375234786e-06,None,None,None,None, , , , 
22372, ,0.4713753134116724,1.53436840893001e-06,None,None,None,None, , , , 
22373, ,0.4713753134116724,1.6446761779946631e-06,None,None,None,None, , , , 
22374, ,0.4713753134116724,1.762914118095948e-06,None,None,None,None, , , , 
22375, ,0.4713753134116724,1.8896523396912082e-06,None,None,None,None, , , , 
22376, ,0.4713753134116724,2.0255019392306664e-06,None,None,None,None, , , , 
22377, ,0.4713753134116724,2.171117945694501e-06,None,None,None,None, , , , 
22378, ,0.4713753134116724,2.327202478960408e-06,None,None,None,None, , , , 
22379, ,0.4713753134116724,2.494508135230317e-06,None,None,None,None, , , , 
22380, ,0.4713753134116724,2.673841615839944e-06,None,None,None,None, , , , 
22381, ,0.4713753134116724,2.8660676169482507e-06,None,None,None,None, , , , 
22382, ,0.4713753134116724,3.0721129988617524e-06,None,None,None,None, , , , 
22383, ,0.4713753134116724,3.292971255097148e-06,None,None,None,None, , , , 
22384, ,0.4713753134116724,3.5297073027306505e-06,None,None,None,None, , , , 
22385, ,0.4713753134116724,3.783462617131925e-06,None,None,None,None, , , , 
22386, ,0.4713753134116724,4.0554607358408275e-06,None,None,None,None, , , , 
22387, ,0.4713753134116724,4.3470131581250175e-06,None,None,None,None, , , , 
22388, ,0.4713753134116724,4.6595256686646765e-06,None,None,None,None, , , , 
22389, ,0.4713753134116724,4.99450511585514e-06,None,None,None,None, , , , 
22390, ,0.4713753134116724,5.353566677410719e-06,None,None,None,None, , , , 
22391, ,0.4713753134116724,5.738441648302393e-06,None,None,None,None, , , , 
22392, ,0.4713753134116724,6.150985788580505e-06,None,None,None,None, , , , 
22393, ,0.4713753134116724,6.593188271333541e-06,None,None,None,None, , , , 
22394, ,0.4713753134116724,7.067181273927492e-06,None,None,None,None, , , , 
22395, ,0.4713753134116724,7.575250258771904e-06,None,None,None,None, , , , 
22396, ,0.4713753134116724,8.119844993184007e-06,None,None,None,None, , , , 
22397, ,0.4713753134116724,8.703591361485167e-06,None,None,None,None, , , , 
22398, ,0.4713753134116724,9.329304026284676e-06,None,None,None,None, , , , 
22399, ,0.4713753134116724,1e-05,None,None,None,None, , , , 
22400, ,0.4880251583654431,1e-11,None,None,None,None, , , , 
22401, ,0.4880251583654431,1.0718913192051263e-11,None,None,None,None, , , , 
22402, ,0.4880251583654431,1.1489510001873107e-11,None,None,None,None, , , , 
22403, ,0.4880251583654431,1.2315506032928262e-11,None,None,None,None, , , , 
22404, ,0.4880251583654431,1.3200884008314167e-11,None,None,None,None, , , , 
22405, ,0.4880251583654431,1.4149912974345786e-11,None,None,None,None, , , , 
22406, ,0.4880251583654431,1.5167168884709242e-11,None,None,None,None, , , , 
22407, ,0.4880251583654431,1.6257556664437934e-11,None,None,None,None, , , , 
22408, ,0.4880251583654431,1.7426333860096473e-11,None,None,None,None, , , , 
22409, ,0.4880251583654431,1.8679135990207848e-11,None,None,None,None, , , , 
22410, ,0.4880251583654431,2.0022003718155844e-11,None,None,None,None, , , , 
22411, ,0.4880251583654431,2.1461411978584013e-11,None,None,None,None, , , , 
22412, ,0.4880251583654431,2.300430119772921e-11,None,None,None,None, , , , 
22413, ,0.4880251583654431,2.465811075822604e-11,None,None,None,None, , , , 
22414, ,0.4880251583654431,2.643081486974103e-11,None,None,None,None, , , , 
22415, ,0.4880251583654431,2.8330961018393178e-11,None,None,None,None, , , , 
22416, ,0.4880251583654431,3.036771118035461e-11,None,None,None,None, , , , 
22417, ,0.4880251583654431,3.255088599835057e-11,None,None,None,None, , , , 
22418, ,0.4880251583654431,3.4891012134067674e-11,None,None,None,None, , , , 
22419, ,0.4880251583654431,3.739937302478801e-11,None,None,None,None, , , , 
22420, ,0.4880251583654431,4.0088063288984646e-11,None,None,None,None, , , , 
22421, ,0.4880251583654431,4.297004704320835e-11,None,None,None,None, , , , 
22422, ,0.4880251583654431,4.605922041145113e-11,None,None,None,None, , , , 
22423, ,0.4880251583654431,4.937047852839004e-11,None,None,None,None, , , , 
22424, ,0.4880251583654431,5.2919787359584366e-11,None,None,None,None, , , , 
22425, ,0.4880251583654431,5.672426068491989e-11,None,None,None,None, , , , 
22426, ,0.4880251583654431,6.080224261649427e-11,None,None,None,None, , , , 
22427, ,0.4880251583654431,6.517339604882421e-11,None,None,None,None, , , , 
22428, ,0.4880251583654431,6.985879746785235e-11,None,None,None,None, , , , 
22429, ,0.4880251583654431,7.48810385759003e-11,None,None,None,None, , , , 
22430, ,0.4880251583654431,8.026433522257174e-11,None,None,None,None, , , , 
22431, ,0.4880251583654431,8.603464416684492e-11,None,None,None,None, , , , 
22432, ,0.4880251583654431,9.221978823334341e-11,None,None,None,None, , , , 
22433, ,0.4880251583654431,9.884959046625586e-11,None,None,None,None, , , , 
22434, ,0.4880251583654431,1.0595601792776149e-10,None,None,None,None, , , , 
22435, ,0.4880251583654431,1.1357333583431027e-10,None,None,None,None, , , , 
22436, ,0.4880251583654431,1.217382727739662e-10,None,None,None,None, , , , 
22437, ,0.4880251583654431,1.3049019780144016e-10,None,None,None,None, , , , 
22438, ,0.4880251583654431,1.398713102647236e-10,None,None,None,None, , , , 
22439, ,0.4880251583654431,1.4992684327860468e-10,None,None,None,None, , , , 
22440, ,0.4880251583654431,1.6070528182616384e-10,None,None,None,None, , , , 
22441, ,0.4880251583654431,1.722585965398784e-10,None,None,None,None, , , , 
22442, ,0.4880251583654431,1.8464249428955463e-10,None,None,None,None, , , , 
22443, ,0.4880251583654431,1.9791668678535569e-10,None,None,None,None, , , , 
22444, ,0.4880251583654431,2.121451784910628e-10,None,None,None,None, , , , 
22445, ,0.4880251583654431,2.273965752357932e-10,None,None,None,None, , , , 
22446, ,0.4880251583654431,2.4374441501222216e-10,None,None,None,None, , , , 
22447, ,0.4880251583654431,2.6126752255633265e-10,None,None,None,None, , , , 
22448, ,0.4880251583654431,2.8005038941836253e-10,None,None,None,None, , , , 
22449, ,0.4880251583654431,3.0018358135755917e-10,None,None,None,None, , , , 
22450, ,0.4880251583654431,3.2176417502507347e-10,None,None,None,None, , , , 
22451, ,0.4880251583654431,3.4489622604057533e-10,None,None,None,None, , , , 
22452, ,0.4880251583654431,3.696912707195032e-10,None,None,None,None, , , , 
22453, ,0.4880251583654431,3.9626886387014783e-10,None,None,None,None, , , , 
22454, ,0.4880251583654431,4.2475715525368935e-10,None,None,None,None, , , , 
22455, ,0.4880251583654431,4.552935074866938e-10,None,None,None,None, , , , 
22456, ,0.4880251583654431,4.880251583654433e-10,None,None,None,None, , , , 
22457, ,0.4880251583654431,5.231099308056258e-10,None,None,None,None, , , , 
22458, ,0.4880251583654431,5.60716993820547e-10,None,None,None,None, , , , 
22459, ,0.4880251583654431,6.010276782070387e-10,None,None,None,None, , , , 
22460, ,0.4880251583654431,6.442363508721371e-10,None,None,None,None, , , , 
22461, ,0.4880251583654431,6.905513520162316e-10,None,None,None,None, , , , 
22462, ,0.4880251583654431,7.401959996915653e-10,None,None,None,None, , , , 
22463, ,0.4880251583654431,7.934096665797492e-10,None,None,None,None, , , , 
22464, ,0.4880251583654431,8.504489341802668e-10,None,None,None,None, , , , 
22465, ,0.4880251583654431,9.115888299750837e-10,None,None,None,None, , , , 
22466, ,0.4880251583654431,9.771241535346502e-10,None,None,None,None, , , , 
22467, ,0.4880251583654431,1.0473708979594486e-09,None,None,None,None, , , , 
22468, ,0.4880251583654431,1.1226677735108114e-09,None,None,None,None, , , , 
22469, ,0.4880251583654431,1.2033778407775904e-09,None,None,None,None, , , , 
22470, ,0.4880251583654431,1.289890261253308e-09,None,None,None,None, , , , 
22471, ,0.4880251583654431,1.3826221737646535e-09,None,None,None,None, , , , 
22472, ,0.4880251583654431,1.4820207057988602e-09,None,None,None,None, , , , 
22473, ,0.4880251583654431,1.5885651294280526e-09,None,None,None,None, , , , 
22474, ,0.4880251583654431,1.702769172225898e-09,None,None,None,None, , , , 
22475, ,0.4880251583654431,1.825183494319039e-09,None,None,None,None, , , , 
22476, ,0.4880251583654431,1.956398343517065e-09,None,None,None,None, , , , 
22477, ,0.4880251583654431,2.0970464013232305e-09,None,None,None,None, , , , 
22478, ,0.4880251583654431,2.2478058335487307e-09,None,None,None,None, , , , 
22479, ,0.4880251583654431,2.409403560239527e-09,None,None,None,None, , , , 
22480, ,0.4880251583654431,2.582618760682675e-09,None,None,None,None, , , , 
22481, ,0.4880251583654431,2.768286630392061e-09,None,None,None,None, , , , 
22482, ,0.4880251583654431,2.9673024081888724e-09,None,None,None,None, , , , 
22483, ,0.4880251583654431,3.180625692794119e-09,None,None,None,None, , , , 
22484, ,0.4880251583654431,3.409285069746807e-09,None,None,None,None, , , , 
22485, ,0.4880251583654431,3.654383070957262e-09,None,None,None,None, , , , 
22486, ,0.4880251583654431,3.917101490809261e-09,None,None,None,None, , , , 
22487, ,0.4880251583654431,4.198707084443906e-09,None,None,None,None, , , , 
22488, ,0.4880251583654431,4.500557675700488e-09,None,None,None,None, , , , 
22489, ,0.4880251583654431,4.824108704165374e-09,None,None,None,None, , , , 
22490, ,0.4880251583654431,5.170920242896755e-09,None,None,None,None, , , , 
22491, ,0.4880251583654431,5.542664520663096e-09,None,None,None,None, , , , 
22492, ,0.4880251583654431,5.941133984965041e-09,None,None,None,None, , , , 
22493, ,0.4880251583654431,6.3682499447185856e-09,None,None,None,None, , , , 
22494, ,0.4880251583654431,6.826071834272379e-09,None,None,None,None, , , , 
22495, ,0.4880251583654431,7.316807143427175e-09,None,None,None,None, , , , 
22496, ,0.4880251583654431,7.842822061337681e-09,None,None,None,None, , , , 
22497, ,0.4880251583654431,8.406652885618316e-09,None,None,None,None, , , , 
22498, ,0.4880251583654431,9.011018251665036e-09,None,None,None,None, , , , 
22499, ,0.4880251583654431,9.658832241158707e-09,None,None,None,None, , , , 
22500, ,0.4880251583654431,1.0353218432956616e-08,None,None,None,None, , , , 
22501, ,0.4880251583654431,1.1097524964120722e-08,None,None,None,None, , , , 
22502, ,0.4880251583654431,1.1895340673703208e-08,None,None,None,None, , , , 
22503, ,0.4880251583654431,1.2750512407130128e-08,None,None,None,None, , , , 
22504, ,0.4880251583654431,1.3667163564620044e-08,None,None,None,None, , , , 
22505, ,0.4880251583654431,1.4649713983072853e-08,None,None,None,None, , , , 
22506, ,0.4880251583654431,1.5702901247293774e-08,None,None,None,None, , , , 
22507, ,0.4880251583654431,1.683180353330955e-08,None,None,None,None, , , , 
22508, ,0.4880251583654431,1.8041864093920717e-08,None,None,None,None, , , , 
22509, ,0.4880251583654431,1.933891750455232e-08,None,None,None,None, , , , 
22510, ,0.4880251583654431,2.0729217795953697e-08,None,None,None,None, , , , 
22511, ,0.4880251583654431,2.221946860939524e-08,None,None,None,None, , , , 
22512, ,0.4880251583654431,2.3816855519761606e-08,None,None,None,None, , , , 
22513, ,0.4880251583654431,2.552908068239516e-08,None,None,None,None, , , , 
22514, ,0.4880251583654431,2.7364399970746666e-08,None,None,None,None, , , , 
22515, ,0.4880251583654431,2.933166278390042e-08,None,None,None,None, , , , 
22516, ,0.4880251583654431,3.1440354715915e-08,None,None,None,None, , , , 
22517, ,0.4880251583654431,3.370064329271925e-08,None,None,None,None, , , , 
22518, ,0.4880251583654431,3.612342699709431e-08,None,None,None,None, , , , 
22519, ,0.4880251583654431,3.872038781812557e-08,None,None,None,None, , , , 
22520, ,0.4880251583654431,4.1504047578504727e-08,None,None,None,None, , , , 
22521, ,0.4880251583654431,4.448782831127585e-08,None,None,None,None, , , , 
22522, ,0.4880251583654431,4.768611697714474e-08,None,None,None,None, , , , 
22523, ,0.4880251583654431,5.111433483440165e-08,None,None,None,None, , , , 
22524, ,0.4880251583654431,5.478901179593934e-08,None,None,None,None, , , , 
22525, ,0.4880251583654431,5.872786613189478e-08,None,None,None,None, , , , 
22526, ,0.4880251583654431,6.294988990221888e-08,None,None,None,None, , , , 
22527, ,0.4880251583654431,6.747544053110687e-08,None,None,None,None, , , , 
22528, ,0.4880251583654431,7.232633896483534e-08,None,None,None,None, , , , 
22529, ,0.4880251583654431,7.752597488629465e-08,None,None,None,None, , , , 
22530, ,0.4880251583654431,8.309941949353386e-08,None,None,None,None, , , , 
22531, ,0.4880251583654431,8.907354638610439e-08,None,None,None,None, , , , 
22532, ,0.4880251583654431,9.547716114208066e-08,None,None,None,None, , , , 
22533, ,0.4880251583654431,1.0234114021054528e-07,None,None,None,None, , , , 
22534, ,0.4880251583654431,1.0969857978923841e-07,None,None,None,None, , , , 
22535, ,0.4880251583654431,1.1758495540521555e-07,None,None,None,None, , , , 
22536, ,0.4880251583654431,1.2603829296797277e-07,None,None,None,None, , , , 
22537, ,0.4880251583654431,1.350993521198025e-07,None,None,None,None, , , , 
22538, ,0.4880251583654431,1.4481182276745328e-07,None,None,None,None, , , , 
22539, ,0.4880251583654431,1.552225357427048e-07,None,None,None,None, , , , 
22540, ,0.4880251583654431,1.6638168860761273e-07,None,None,None,None, , , , 
22541, ,0.4880251583654431,1.7834308769319093e-07,None,None,None,None, , , , 
22542, ,0.4880251583654431,1.9116440753857e-07,None,None,None,None, , , , 
22543, ,0.4880251583654431,2.049074689815846e-07,None,None,None,None, , , , 
22544, ,0.4880251583654431,2.1963853724165468e-07,None,None,None,None, , , , 
22545, ,0.4880251583654431,2.3542864143224158e-07,None,None,None,None, , , , 
22546, ,0.4880251583654431,2.523539170434766e-07,None,None,None,None, , , , 
22547, ,0.4880251583654431,2.7049597304631316e-07,None,None,None,None, , , , 
22548, ,0.4880251583654431,2.899422853882875e-07,None,None,None,None, , , , 
22549, ,0.4880251583654431,3.107866187782014e-07,None,None,None,None, , , , 
22550, ,0.4880251583654431,3.33129478793467e-07,None,None,None,None, , , , 
22551, ,0.4880251583654431,3.5707859649004626e-07,None,None,None,None, , , , 
22552, ,0.4880251583654431,3.827494478516307e-07,None,None,None,None, , , , 
22553, ,0.4880251583654431,4.1026581058271904e-07,None,None,None,None, , , , 
22554, ,0.4880251583654431,4.397603609302722e-07,None,None,None,None, , , , 
22555, ,0.4880251583654431,4.7137531341167185e-07,None,None,None,None, , , , 
22556, ,0.4880251583654431,5.052631065335679e-07,None,None,None,None, , , , 
22557, ,0.4880251583654431,5.415871378079465e-07,None,None,None,None, , , , 
22558, ,0.4880251583654431,5.805225516094896e-07,None,None,None,None, , , , 
22559, ,0.4880251583654431,6.222570836730232e-07,None,None,None,None, , , , 
22560, ,0.4880251583654431,6.669919663030115e-07,None,None,None,None, , , , 
22561, ,0.4880251583654431,7.149428986597576e-07,None,None,None,None, , , , 
22562, ,0.4880251583654431,7.663410868007445e-07,None,None,None,None, , , , 
22563, ,0.4880251583654431,8.214343584919422e-07,None,None,None,None, , , , 
22564, ,0.4880251583654431,8.804883581643463e-07,None,None,None,None, , , , 
22565, ,0.4880251583654431,9.437878277775371e-07,None,None,None,None, , , , 
22566, ,0.4880251583654431,1.0116379797662072e-06,None,None,None,None, , , , 
22567, ,0.4880251583654431,1.0843659686896086e-06,None,None,None,None, , , , 
22568, ,0.4880251583654431,1.1623224686798522e-06,None,None,None,None, , , , 
22569, ,0.4880251583654431,1.2458833642950078e-06,None,None,None,None, , , , 
22570, ,0.4880251583654431,1.3354515629298971e-06,None,None,None,None, , , , 
22571, ,0.4880251583654431,1.4314589375234786e-06,None,None,None,None, , , , 
22572, ,0.4880251583654431,1.53436840893001e-06,None,None,None,None, , , , 
22573, ,0.4880251583654431,1.6446761779946631e-06,None,None,None,None, , , , 
22574, ,0.4880251583654431,1.762914118095948e-06,None,None,None,None, , , , 
22575, ,0.4880251583654431,1.8896523396912082e-06,None,None,None,None, , , , 
22576, ,0.4880251583654431,2.0255019392306664e-06,None,None,None,None, , , , 
22577, ,0.4880251583654431,2.171117945694501e-06,None,None,None,None, , , , 
22578, ,0.4880251583654431,2.327202478960408e-06,None,None,None,None, , , , 
22579, ,0.4880251583654431,2.494508135230317e-06,None,None,None,None, , , , 
22580, ,0.4880251583654431,2.673841615839944e-06,None,None,None,None, , , , 
22581, ,0.4880251583654431,2.8660676169482507e-06,None,None,None,None, , , , 
22582, ,0.4880251583654431,3.0721129988617524e-06,None,None,None,None, , , , 
22583, ,0.4880251583654431,3.292971255097148e-06,None,None,None,None, , , , 
22584, ,0.4880251583654431,3.5297073027306505e-06,None,None,None,None, , , , 
22585, ,0.4880251583654431,3.783462617131925e-06,None,None,None,None, , , , 
22586, ,0.4880251583654431,4.0554607358408275e-06,None,None,None,None, , , , 
22587, ,0.4880251583654431,4.3470131581250175e-06,None,None,None,None, , , , 
22588, ,0.4880251583654431,4.6595256686646765e-06,None,None,None,None, , , , 
22589, ,0.4880251583654431,4.99450511585514e-06,None,None,None,None, , , , 
22590, ,0.4880251583654431,5.353566677410719e-06,None,None,None,None, , , , 
22591, ,0.4880251583654431,5.738441648302393e-06,None,None,None,None, , , , 
22592, ,0.4880251583654431,6.150985788580505e-06,None,None,None,None, , , , 
22593, ,0.4880251583654431,6.593188271333541e-06,None,None,None,None, , , , 
22594, ,0.4880251583654431,7.067181273927492e-06,None,None,None,None, , , , 
22595, ,0.4880251583654431,7.575250258771904e-06,None,None,None,None, , , , 
22596, ,0.4880251583654431,8.119844993184007e-06,None,None,None,None, , , , 
22597, ,0.4880251583654431,8.703591361485167e-06,None,None,None,None, , , , 
22598, ,0.4880251583654431,9.329304026284676e-06,None,None,None,None, , , , 
22599, ,0.4880251583654431,1e-05,None,None,None,None, , , , 
22600, ,0.505263106533568,1e-11,None,None,None,None, , , , 
22601, ,0.505263106533568,1.0718913192051263e-11,None,None,None,None, , , , 
22602, ,0.505263106533568,1.1489510001873107e-11,None,None,None,None, , , , 
22603, ,0.505263106533568,1.2315506032928262e-11,None,None,None,None, , , , 
22604, ,0.505263106533568,1.3200884008314167e-11,None,None,None,None, , , , 
22605, ,0.505263106533568,1.4149912974345786e-11,None,None,None,None, , , , 
22606, ,0.505263106533568,1.5167168884709242e-11,None,None,None,None, , , , 
22607, ,0.505263106533568,1.6257556664437934e-11,None,None,None,None, , , , 
22608, ,0.505263106533568,1.7426333860096473e-11,None,None,None,None, , , , 
22609, ,0.505263106533568,1.8679135990207848e-11,None,None,None,None, , , , 
22610, ,0.505263106533568,2.0022003718155844e-11,None,None,None,None, , , , 
22611, ,0.505263106533568,2.1461411978584013e-11,None,None,None,None, , , , 
22612, ,0.505263106533568,2.300430119772921e-11,None,None,None,None, , , , 
22613, ,0.505263106533568,2.465811075822604e-11,None,None,None,None, , , , 
22614, ,0.505263106533568,2.643081486974103e-11,None,None,None,None, , , , 
22615, ,0.505263106533568,2.8330961018393178e-11,None,None,None,None, , , , 
22616, ,0.505263106533568,3.036771118035461e-11,None,None,None,None, , , , 
22617, ,0.505263106533568,3.255088599835057e-11,None,None,None,None, , , , 
22618, ,0.505263106533568,3.4891012134067674e-11,None,None,None,None, , , , 
22619, ,0.505263106533568,3.739937302478801e-11,None,None,None,None, , , , 
22620, ,0.505263106533568,4.0088063288984646e-11,None,None,None,None, , , , 
22621, ,0.505263106533568,4.297004704320835e-11,None,None,None,None, , , , 
22622, ,0.505263106533568,4.605922041145113e-11,None,None,None,None, , , , 
22623, ,0.505263106533568,4.937047852839004e-11,None,None,None,None, , , , 
22624, ,0.505263106533568,5.2919787359584366e-11,None,None,None,None, , , , 
22625, ,0.505263106533568,5.672426068491989e-11,None,None,None,None, , , , 
22626, ,0.505263106533568,6.080224261649427e-11,None,None,None,None, , , , 
22627, ,0.505263106533568,6.517339604882421e-11,None,None,None,None, , , , 
22628, ,0.505263106533568,6.985879746785235e-11,None,None,None,None, , , , 
22629, ,0.505263106533568,7.48810385759003e-11,None,None,None,None, , , , 
22630, ,0.505263106533568,8.026433522257174e-11,None,None,None,None, , , , 
22631, ,0.505263106533568,8.603464416684492e-11,None,None,None,None, , , , 
22632, ,0.505263106533568,9.221978823334341e-11,None,None,None,None, , , , 
22633, ,0.505263106533568,9.884959046625586e-11,None,None,None,None, , , , 
22634, ,0.505263106533568,1.0595601792776149e-10,None,None,None,None, , , , 
22635, ,0.505263106533568,1.1357333583431027e-10,None,None,None,None, , , , 
22636, ,0.505263106533568,1.217382727739662e-10,None,None,None,None, , , , 
22637, ,0.505263106533568,1.3049019780144016e-10,None,None,None,None, , , , 
22638, ,0.505263106533568,1.398713102647236e-10,None,None,None,None, , , , 
22639, ,0.505263106533568,1.4992684327860468e-10,None,None,None,None, , , , 
22640, ,0.505263106533568,1.6070528182616384e-10,None,None,None,None, , , , 
22641, ,0.505263106533568,1.722585965398784e-10,None,None,None,None, , , , 
22642, ,0.505263106533568,1.8464249428955463e-10,None,None,None,None, , , , 
22643, ,0.505263106533568,1.9791668678535569e-10,None,None,None,None, , , , 
22644, ,0.505263106533568,2.121451784910628e-10,None,None,None,None, , , , 
22645, ,0.505263106533568,2.273965752357932e-10,None,None,None,None, , , , 
22646, ,0.505263106533568,2.4374441501222216e-10,None,None,None,None, , , , 
22647, ,0.505263106533568,2.6126752255633265e-10,None,None,None,None, , , , 
22648, ,0.505263106533568,2.8005038941836253e-10,None,None,None,None, , , , 
22649, ,0.505263106533568,3.0018358135755917e-10,None,None,None,None, , , , 
22650, ,0.505263106533568,3.2176417502507347e-10,None,None,None,None, , , , 
22651, ,0.505263106533568,3.4489622604057533e-10,None,None,None,None, , , , 
22652, ,0.505263106533568,3.696912707195032e-10,None,None,None,None, , , , 
22653, ,0.505263106533568,3.9626886387014783e-10,None,None,None,None, , , , 
22654, ,0.505263106533568,4.2475715525368935e-10,None,None,None,None, , , , 
22655, ,0.505263106533568,4.552935074866938e-10,None,None,None,None, , , , 
22656, ,0.505263106533568,4.880251583654433e-10,None,None,None,None, , , , 
22657, ,0.505263106533568,5.231099308056258e-10,None,None,None,None, , , , 
22658, ,0.505263106533568,5.60716993820547e-10,None,None,None,None, , , , 
22659, ,0.505263106533568,6.010276782070387e-10,None,None,None,None, , , , 
22660, ,0.505263106533568,6.442363508721371e-10,None,None,None,None, , , , 
22661, ,0.505263106533568,6.905513520162316e-10,None,None,None,None, , , , 
22662, ,0.505263106533568,7.401959996915653e-10,None,None,None,None, , , , 
22663, ,0.505263106533568,7.934096665797492e-10,None,None,None,None, , , , 
22664, ,0.505263106533568,8.504489341802668e-10,None,None,None,None, , , , 
22665, ,0.505263106533568,9.115888299750837e-10,None,None,None,None, , , , 
22666, ,0.505263106533568,9.771241535346502e-10,None,None,None,None, , , , 
22667, ,0.505263106533568,1.0473708979594486e-09,None,None,None,None, , , , 
22668, ,0.505263106533568,1.1226677735108114e-09,None,None,None,None, , , , 
22669, ,0.505263106533568,1.2033778407775904e-09,None,None,None,None, , , , 
22670, ,0.505263106533568,1.289890261253308e-09,None,None,None,None, , , , 
22671, ,0.505263106533568,1.3826221737646535e-09,None,None,None,None, , , , 
22672, ,0.505263106533568,1.4820207057988602e-09,None,None,None,None, , , , 
22673, ,0.505263106533568,1.5885651294280526e-09,None,None,None,None, , , , 
22674, ,0.505263106533568,1.702769172225898e-09,None,None,None,None, , , , 
22675, ,0.505263106533568,1.825183494319039e-09,None,None,None,None, , , , 
22676, ,0.505263106533568,1.956398343517065e-09,None,None,None,None, , , , 
22677, ,0.505263106533568,2.0970464013232305e-09,None,None,None,None, , , , 
22678, ,0.505263106533568,2.2478058335487307e-09,None,None,None,None, , , , 
22679, ,0.505263106533568,2.409403560239527e-09,None,None,None,None, , , , 
22680, ,0.505263106533568,2.582618760682675e-09,None,None,None,None, , , , 
22681, ,0.505263106533568,2.768286630392061e-09,None,None,None,None, , , , 
22682, ,0.505263106533568,2.9673024081888724e-09,None,None,None,None, , , , 
22683, ,0.505263106533568,3.180625692794119e-09,None,None,None,None, , , , 
22684, ,0.505263106533568,3.409285069746807e-09,None,None,None,None, , , , 
22685, ,0.505263106533568,3.654383070957262e-09,None,None,None,None, , , , 
22686, ,0.505263106533568,3.917101490809261e-09,None,None,None,None, , , , 
22687, ,0.505263106533568,4.198707084443906e-09,None,None,None,None, , , , 
22688, ,0.505263106533568,4.500557675700488e-09,None,None,None,None, , , , 
22689, ,0.505263106533568,4.824108704165374e-09,None,None,None,None, , , , 
22690, ,0.505263106533568,5.170920242896755e-09,None,None,None,None, , , , 
22691, ,0.505263106533568,5.542664520663096e-09,None,None,None,None, , , , 
22692, ,0.505263106533568,5.941133984965041e-09,None,None,None,None, , , , 
22693, ,0.505263106533568,6.3682499447185856e-09,None,None,None,None, , , , 
22694, ,0.505263106533568,6.826071834272379e-09,None,None,None,None, , , , 
22695, ,0.505263106533568,7.316807143427175e-09,None,None,None,None, , , , 
22696, ,0.505263106533568,7.842822061337681e-09,None,None,None,None, , , , 
22697, ,0.505263106533568,8.406652885618316e-09,None,None,None,None, , , , 
22698, ,0.505263106533568,9.011018251665036e-09,None,None,None,None, , , , 
22699, ,0.505263106533568,9.658832241158707e-09,None,None,None,None, , , , 
22700, ,0.505263106533568,1.0353218432956616e-08,None,None,None,None, , , , 
22701, ,0.505263106533568,1.1097524964120722e-08,None,None,None,None, , , , 
22702, ,0.505263106533568,1.1895340673703208e-08,None,None,None,None, , , , 
22703, ,0.505263106533568,1.2750512407130128e-08,None,None,None,None, , , , 
22704, ,0.505263106533568,1.3667163564620044e-08,None,None,None,None, , , , 
22705, ,0.505263106533568,1.4649713983072853e-08,None,None,None,None, , , , 
22706, ,0.505263106533568,1.5702901247293774e-08,None,None,None,None, , , , 
22707, ,0.505263106533568,1.683180353330955e-08,None,None,None,None, , , , 
22708, ,0.505263106533568,1.8041864093920717e-08,None,None,None,None, , , , 
22709, ,0.505263106533568,1.933891750455232e-08,None,None,None,None, , , , 
22710, ,0.505263106533568,2.0729217795953697e-08,None,None,None,None, , , , 
22711, ,0.505263106533568,2.221946860939524e-08,None,None,None,None, , , , 
22712, ,0.505263106533568,2.3816855519761606e-08,None,None,None,None, , , , 
22713, ,0.505263106533568,2.552908068239516e-08,None,None,None,None, , , , 
22714, ,0.505263106533568,2.7364399970746666e-08,None,None,None,None, , , , 
22715, ,0.505263106533568,2.933166278390042e-08,None,None,None,None, , , , 
22716, ,0.505263106533568,3.1440354715915e-08,None,None,None,None, , , , 
22717, ,0.505263106533568,3.370064329271925e-08,None,None,None,None, , , , 
22718, ,0.505263106533568,3.612342699709431e-08,None,None,None,None, , , , 
22719, ,0.505263106533568,3.872038781812557e-08,None,None,None,None, , , , 
22720, ,0.505263106533568,4.1504047578504727e-08,None,None,None,None, , , , 
22721, ,0.505263106533568,4.448782831127585e-08,None,None,None,None, , , , 
22722, ,0.505263106533568,4.768611697714474e-08,None,None,None,None, , , , 
22723, ,0.505263106533568,5.111433483440165e-08,None,None,None,None, , , , 
22724, ,0.505263106533568,5.478901179593934e-08,None,None,None,None, , , , 
22725, ,0.505263106533568,5.872786613189478e-08,None,None,None,None, , , , 
22726, ,0.505263106533568,6.294988990221888e-08,None,None,None,None, , , , 
22727, ,0.505263106533568,6.747544053110687e-08,None,None,None,None, , , , 
22728, ,0.505263106533568,7.232633896483534e-08,None,None,None,None, , , , 
22729, ,0.505263106533568,7.752597488629465e-08,None,None,None,None, , , , 
22730, ,0.505263106533568,8.309941949353386e-08,None,None,None,None, , , , 
22731, ,0.505263106533568,8.907354638610439e-08,None,None,None,None, , , , 
22732, ,0.505263106533568,9.547716114208066e-08,None,None,None,None, , , , 
22733, ,0.505263106533568,1.0234114021054528e-07,None,None,None,None, , , , 
22734, ,0.505263106533568,1.0969857978923841e-07,None,None,None,None, , , , 
22735, ,0.505263106533568,1.1758495540521555e-07,None,None,None,None, , , , 
22736, ,0.505263106533568,1.2603829296797277e-07,None,None,None,None, , , , 
22737, ,0.505263106533568,1.350993521198025e-07,None,None,None,None, , , , 
22738, ,0.505263106533568,1.4481182276745328e-07,None,None,None,None, , , , 
22739, ,0.505263106533568,1.552225357427048e-07,None,None,None,None, , , , 
22740, ,0.505263106533568,1.6638168860761273e-07,None,None,None,None, , , , 
22741, ,0.505263106533568,1.7834308769319093e-07,None,None,None,None, , , , 
22742, ,0.505263106533568,1.9116440753857e-07,None,None,None,None, , , , 
22743, ,0.505263106533568,2.049074689815846e-07,None,None,None,None, , , , 
22744, ,0.505263106533568,2.1963853724165468e-07,None,None,None,None, , , , 
22745, ,0.505263106533568,2.3542864143224158e-07,None,None,None,None, , , , 
22746, ,0.505263106533568,2.523539170434766e-07,None,None,None,None, , , , 
22747, ,0.505263106533568,2.7049597304631316e-07,None,None,None,None, , , , 
22748, ,0.505263106533568,2.899422853882875e-07,None,None,None,None, , , , 
22749, ,0.505263106533568,3.107866187782014e-07,None,None,None,None, , , , 
22750, ,0.505263106533568,3.33129478793467e-07,None,None,None,None, , , , 
22751, ,0.505263106533568,3.5707859649004626e-07,None,None,None,None, , , , 
22752, ,0.505263106533568,3.827494478516307e-07,None,None,None,None, , , , 
22753, ,0.505263106533568,4.1026581058271904e-07,None,None,None,None, , , , 
22754, ,0.505263106533568,4.397603609302722e-07,None,None,None,None, , , , 
22755, ,0.505263106533568,4.7137531341167185e-07,None,None,None,None, , , , 
22756, ,0.505263106533568,5.052631065335679e-07,None,None,None,None, , , , 
22757, ,0.505263106533568,5.415871378079465e-07,None,None,None,None, , , , 
22758, ,0.505263106533568,5.805225516094896e-07,None,None,None,None, , , , 
22759, ,0.505263106533568,6.222570836730232e-07,None,None,None,None, , , , 
22760, ,0.505263106533568,6.669919663030115e-07,None,None,None,None, , , , 
22761, ,0.505263106533568,7.149428986597576e-07,None,None,None,None, , , , 
22762, ,0.505263106533568,7.663410868007445e-07,None,None,None,None, , , , 
22763, ,0.505263106533568,8.214343584919422e-07,None,None,None,None, , , , 
22764, ,0.505263106533568,8.804883581643463e-07,None,None,None,None, , , , 
22765, ,0.505263106533568,9.437878277775371e-07,None,None,None,None, , , , 
22766, ,0.505263106533568,1.0116379797662072e-06,None,None,None,None, , , , 
22767, ,0.505263106533568,1.0843659686896086e-06,None,None,None,None, , , , 
22768, ,0.505263106533568,1.1623224686798522e-06,None,None,None,None, , , , 
22769, ,0.505263106533568,1.2458833642950078e-06,None,None,None,None, , , , 
22770, ,0.505263106533568,1.3354515629298971e-06,None,None,None,None, , , , 
22771, ,0.505263106533568,1.4314589375234786e-06,None,None,None,None, , , , 
22772, ,0.505263106533568,1.53436840893001e-06,None,None,None,None, , , , 
22773, ,0.505263106533568,1.6446761779946631e-06,None,None,None,None, , , , 
22774, ,0.505263106533568,1.762914118095948e-06,None,None,None,None, , , , 
22775, ,0.505263106533568,1.8896523396912082e-06,None,None,None,None, , , , 
22776, ,0.505263106533568,2.0255019392306664e-06,None,None,None,None, , , , 
22777, ,0.505263106533568,2.171117945694501e-06,None,None,None,None, , , , 
22778, ,0.505263106533568,2.327202478960408e-06,None,None,None,None, , , , 
22779, ,0.505263106533568,2.494508135230317e-06,None,None,None,None, , , , 
22780, ,0.505263106533568,2.673841615839944e-06,None,None,None,None, , , , 
22781, ,0.505263106533568,2.8660676169482507e-06,None,None,None,None, , , , 
22782, ,0.505263106533568,3.0721129988617524e-06,None,None,None,None, , , , 
22783, ,0.505263106533568,3.292971255097148e-06,None,None,None,None, , , , 
22784, ,0.505263106533568,3.5297073027306505e-06,None,None,None,None, , , , 
22785, ,0.505263106533568,3.783462617131925e-06,None,None,None,None, , , , 
22786, ,0.505263106533568,4.0554607358408275e-06,None,None,None,None, , , , 
22787, ,0.505263106533568,4.3470131581250175e-06,None,None,None,None, , , , 
22788, ,0.505263106533568,4.6595256686646765e-06,None,None,None,None, , , , 
22789, ,0.505263106533568,4.99450511585514e-06,None,None,None,None, , , , 
22790, ,0.505263106533568,5.353566677410719e-06,None,None,None,None, , , , 
22791, ,0.505263106533568,5.738441648302393e-06,None,None,None,None, , , , 
22792, ,0.505263106533568,6.150985788580505e-06,None,None,None,None, , , , 
22793, ,0.505263106533568,6.593188271333541e-06,None,None,None,None, , , , 
22794, ,0.505263106533568,7.067181273927492e-06,None,None,None,None, , , , 
22795, ,0.505263106533568,7.575250258771904e-06,None,None,None,None, , , , 
22796, ,0.505263106533568,8.119844993184007e-06,None,None,None,None, , , , 
22797, ,0.505263106533568,8.703591361485167e-06,None,None,None,None, , , , 
22798, ,0.505263106533568,9.329304026284676e-06,None,None,None,None, , , , 
22799, ,0.505263106533568,1e-05,None,None,None,None, , , , 
22800, ,0.5231099308056261,1e-11,None,None,None,None, , , , 
22801, ,0.5231099308056261,1.0718913192051263e-11,None,None,None,None, , , , 
22802, ,0.5231099308056261,1.1489510001873107e-11,None,None,None,None, , , , 
22803, ,0.5231099308056261,1.2315506032928262e-11,None,None,None,None, , , , 
22804, ,0.5231099308056261,1.3200884008314167e-11,None,None,None,None, , , , 
22805, ,0.5231099308056261,1.4149912974345786e-11,None,None,None,None, , , , 
22806, ,0.5231099308056261,1.5167168884709242e-11,None,None,None,None, , , , 
22807, ,0.5231099308056261,1.6257556664437934e-11,None,None,None,None, , , , 
22808, ,0.5231099308056261,1.7426333860096473e-11,None,None,None,None, , , , 
22809, ,0.5231099308056261,1.8679135990207848e-11,None,None,None,None, , , , 
22810, ,0.5231099308056261,2.0022003718155844e-11,None,None,None,None, , , , 
22811, ,0.5231099308056261,2.1461411978584013e-11,None,None,None,None, , , , 
22812, ,0.5231099308056261,2.300430119772921e-11,None,None,None,None, , , , 
22813, ,0.5231099308056261,2.465811075822604e-11,None,None,None,None, , , , 
22814, ,0.5231099308056261,2.643081486974103e-11,None,None,None,None, , , , 
22815, ,0.5231099308056261,2.8330961018393178e-11,None,None,None,None, , , , 
22816, ,0.5231099308056261,3.036771118035461e-11,None,None,None,None, , , , 
22817, ,0.5231099308056261,3.255088599835057e-11,None,None,None,None, , , , 
22818, ,0.5231099308056261,3.4891012134067674e-11,None,None,None,None, , , , 
22819, ,0.5231099308056261,3.739937302478801e-11,None,None,None,None, , , , 
22820, ,0.5231099308056261,4.0088063288984646e-11,None,None,None,None, , , , 
22821, ,0.5231099308056261,4.297004704320835e-11,None,None,None,None, , , , 
22822, ,0.5231099308056261,4.605922041145113e-11,None,None,None,None, , , , 
22823, ,0.5231099308056261,4.937047852839004e-11,None,None,None,None, , , , 
22824, ,0.5231099308056261,5.2919787359584366e-11,None,None,None,None, , , , 
22825, ,0.5231099308056261,5.672426068491989e-11,None,None,None,None, , , , 
22826, ,0.5231099308056261,6.080224261649427e-11,None,None,None,None, , , , 
22827, ,0.5231099308056261,6.517339604882421e-11,None,None,None,None, , , , 
22828, ,0.5231099308056261,6.985879746785235e-11,None,None,None,None, , , , 
22829, ,0.5231099308056261,7.48810385759003e-11,None,None,None,None, , , , 
22830, ,0.5231099308056261,8.026433522257174e-11,None,None,None,None, , , , 
22831, ,0.5231099308056261,8.603464416684492e-11,None,None,None,None, , , , 
22832, ,0.5231099308056261,9.221978823334341e-11,None,None,None,None, , , , 
22833, ,0.5231099308056261,9.884959046625586e-11,None,None,None,None, , , , 
22834, ,0.5231099308056261,1.0595601792776149e-10,None,None,None,None, , , , 
22835, ,0.5231099308056261,1.1357333583431027e-10,None,None,None,None, , , , 
22836, ,0.5231099308056261,1.217382727739662e-10,None,None,None,None, , , , 
22837, ,0.5231099308056261,1.3049019780144016e-10,None,None,None,None, , , , 
22838, ,0.5231099308056261,1.398713102647236e-10,None,None,None,None, , , , 
22839, ,0.5231099308056261,1.4992684327860468e-10,None,None,None,None, , , , 
22840, ,0.5231099308056261,1.6070528182616384e-10,None,None,None,None, , , , 
22841, ,0.5231099308056261,1.722585965398784e-10,None,None,None,None, , , , 
22842, ,0.5231099308056261,1.8464249428955463e-10,None,None,None,None, , , , 
22843, ,0.5231099308056261,1.9791668678535569e-10,None,None,None,None, , , , 
22844, ,0.5231099308056261,2.121451784910628e-10,None,None,None,None, , , , 
22845, ,0.5231099308056261,2.273965752357932e-10,None,None,None,None, , , , 
22846, ,0.5231099308056261,2.4374441501222216e-10,None,None,None,None, , , , 
22847, ,0.5231099308056261,2.6126752255633265e-10,None,None,None,None, , , , 
22848, ,0.5231099308056261,2.8005038941836253e-10,None,None,None,None, , , , 
22849, ,0.5231099308056261,3.0018358135755917e-10,None,None,None,None, , , , 
22850, ,0.5231099308056261,3.2176417502507347e-10,None,None,None,None, , , , 
22851, ,0.5231099308056261,3.4489622604057533e-10,None,None,None,None, , , , 
22852, ,0.5231099308056261,3.696912707195032e-10,None,None,None,None, , , , 
22853, ,0.5231099308056261,3.9626886387014783e-10,None,None,None,None, , , , 
22854, ,0.5231099308056261,4.2475715525368935e-10,None,None,None,None, , , , 
22855, ,0.5231099308056261,4.552935074866938e-10,None,None,None,None, , , , 
22856, ,0.5231099308056261,4.880251583654433e-10,None,None,None,None, , , , 
22857, ,0.5231099308056261,5.231099308056258e-10,None,None,None,None, , , , 
22858, ,0.5231099308056261,5.60716993820547e-10,None,None,None,None, , , , 
22859, ,0.5231099308056261,6.010276782070387e-10,None,None,None,None, , , , 
22860, ,0.5231099308056261,6.442363508721371e-10,None,None,None,None, , , , 
22861, ,0.5231099308056261,6.905513520162316e-10,None,None,None,None, , , , 
22862, ,0.5231099308056261,7.401959996915653e-10,None,None,None,None, , , , 
22863, ,0.5231099308056261,7.934096665797492e-10,None,None,None,None, , , , 
22864, ,0.5231099308056261,8.504489341802668e-10,None,None,None,None, , , , 
22865, ,0.5231099308056261,9.115888299750837e-10,None,None,None,None, , , , 
22866, ,0.5231099308056261,9.771241535346502e-10,None,None,None,None, , , , 
22867, ,0.5231099308056261,1.0473708979594486e-09,None,None,None,None, , , , 
22868, ,0.5231099308056261,1.1226677735108114e-09,None,None,None,None, , , , 
22869, ,0.5231099308056261,1.2033778407775904e-09,None,None,None,None, , , , 
22870, ,0.5231099308056261,1.289890261253308e-09,None,None,None,None, , , , 
22871, ,0.5231099308056261,1.3826221737646535e-09,None,None,None,None, , , , 
22872, ,0.5231099308056261,1.4820207057988602e-09,None,None,None,None, , , , 
22873, ,0.5231099308056261,1.5885651294280526e-09,None,None,None,None, , , , 
22874, ,0.5231099308056261,1.702769172225898e-09,None,None,None,None, , , , 
22875, ,0.5231099308056261,1.825183494319039e-09,None,None,None,None, , , , 
22876, ,0.5231099308056261,1.956398343517065e-09,None,None,None,None, , , , 
22877, ,0.5231099308056261,2.0970464013232305e-09,None,None,None,None, , , , 
22878, ,0.5231099308056261,2.2478058335487307e-09,None,None,None,None, , , , 
22879, ,0.5231099308056261,2.409403560239527e-09,None,None,None,None, , , , 
22880, ,0.5231099308056261,2.582618760682675e-09,None,None,None,None, , , , 
22881, ,0.5231099308056261,2.768286630392061e-09,None,None,None,None, , , , 
22882, ,0.5231099308056261,2.9673024081888724e-09,None,None,None,None, , , , 
22883, ,0.5231099308056261,3.180625692794119e-09,None,None,None,None, , , , 
22884, ,0.5231099308056261,3.409285069746807e-09,None,None,None,None, , , , 
22885, ,0.5231099308056261,3.654383070957262e-09,None,None,None,None, , , , 
22886, ,0.5231099308056261,3.917101490809261e-09,None,None,None,None, , , , 
22887, ,0.5231099308056261,4.198707084443906e-09,None,None,None,None, , , , 
22888, ,0.5231099308056261,4.500557675700488e-09,None,None,None,None, , , , 
22889, ,0.5231099308056261,4.824108704165374e-09,None,None,None,None, , , , 
22890, ,0.5231099308056261,5.170920242896755e-09,None,None,None,None, , , , 
22891, ,0.5231099308056261,5.542664520663096e-09,None,None,None,None, , , , 
22892, ,0.5231099308056261,5.941133984965041e-09,None,None,None,None, , , , 
22893, ,0.5231099308056261,6.3682499447185856e-09,None,None,None,None, , , , 
22894, ,0.5231099308056261,6.826071834272379e-09,None,None,None,None, , , , 
22895, ,0.5231099308056261,7.316807143427175e-09,None,None,None,None, , , , 
22896, ,0.5231099308056261,7.842822061337681e-09,None,None,None,None, , , , 
22897, ,0.5231099308056261,8.406652885618316e-09,None,None,None,None, , , , 
22898, ,0.5231099308056261,9.011018251665036e-09,None,None,None,None, , , , 
22899, ,0.5231099308056261,9.658832241158707e-09,None,None,None,None, , , , 
22900, ,0.5231099308056261,1.0353218432956616e-08,None,None,None,None, , , , 
22901, ,0.5231099308056261,1.1097524964120722e-08,None,None,None,None, , , , 
22902, ,0.5231099308056261,1.1895340673703208e-08,None,None,None,None, , , , 
22903, ,0.5231099308056261,1.2750512407130128e-08,None,None,None,None, , , , 
22904, ,0.5231099308056261,1.3667163564620044e-08,None,None,None,None, , , , 
22905, ,0.5231099308056261,1.4649713983072853e-08,None,None,None,None, , , , 
22906, ,0.5231099308056261,1.5702901247293774e-08,None,None,None,None, , , , 
22907, ,0.5231099308056261,1.683180353330955e-08,None,None,None,None, , , , 
22908, ,0.5231099308056261,1.8041864093920717e-08,None,None,None,None, , , , 
22909, ,0.5231099308056261,1.933891750455232e-08,None,None,None,None, , , , 
22910, ,0.5231099308056261,2.0729217795953697e-08,None,None,None,None, , , , 
22911, ,0.5231099308056261,2.221946860939524e-08,None,None,None,None, , , , 
22912, ,0.5231099308056261,2.3816855519761606e-08,None,None,None,None, , , , 
22913, ,0.5231099308056261,2.552908068239516e-08,None,None,None,None, , , , 
22914, ,0.5231099308056261,2.7364399970746666e-08,None,None,None,None, , , , 
22915, ,0.5231099308056261,2.933166278390042e-08,None,None,None,None, , , , 
22916, ,0.5231099308056261,3.1440354715915e-08,None,None,None,None, , , , 
22917, ,0.5231099308056261,3.370064329271925e-08,None,None,None,None, , , , 
22918, ,0.5231099308056261,3.612342699709431e-08,None,None,None,None, , , , 
22919, ,0.5231099308056261,3.872038781812557e-08,None,None,None,None, , , , 
22920, ,0.5231099308056261,4.1504047578504727e-08,None,None,None,None, , , , 
22921, ,0.5231099308056261,4.448782831127585e-08,None,None,None,None, , , , 
22922, ,0.5231099308056261,4.768611697714474e-08,None,None,None,None, , , , 
22923, ,0.5231099308056261,5.111433483440165e-08,None,None,None,None, , , , 
22924, ,0.5231099308056261,5.478901179593934e-08,None,None,None,None, , , , 
22925, ,0.5231099308056261,5.872786613189478e-08,None,None,None,None, , , , 
22926, ,0.5231099308056261,6.294988990221888e-08,None,None,None,None, , , , 
22927, ,0.5231099308056261,6.747544053110687e-08,None,None,None,None, , , , 
22928, ,0.5231099308056261,7.232633896483534e-08,None,None,None,None, , , , 
22929, ,0.5231099308056261,7.752597488629465e-08,None,None,None,None, , , , 
22930, ,0.5231099308056261,8.309941949353386e-08,None,None,None,None, , , , 
22931, ,0.5231099308056261,8.907354638610439e-08,None,None,None,None, , , , 
22932, ,0.5231099308056261,9.547716114208066e-08,None,None,None,None, , , , 
22933, ,0.5231099308056261,1.0234114021054528e-07,None,None,None,None, , , , 
22934, ,0.5231099308056261,1.0969857978923841e-07,None,None,None,None, , , , 
22935, ,0.5231099308056261,1.1758495540521555e-07,None,None,None,None, , , , 
22936, ,0.5231099308056261,1.2603829296797277e-07,None,None,None,None, , , , 
22937, ,0.5231099308056261,1.350993521198025e-07,None,None,None,None, , , , 
22938, ,0.5231099308056261,1.4481182276745328e-07,None,None,None,None, , , , 
22939, ,0.5231099308056261,1.552225357427048e-07,None,None,None,None, , , , 
22940, ,0.5231099308056261,1.6638168860761273e-07,None,None,None,None, , , , 
22941, ,0.5231099308056261,1.7834308769319093e-07,None,None,None,None, , , , 
22942, ,0.5231099308056261,1.9116440753857e-07,None,None,None,None, , , , 
22943, ,0.5231099308056261,2.049074689815846e-07,None,None,None,None, , , , 
22944, ,0.5231099308056261,2.1963853724165468e-07,None,None,None,None, , , , 
22945, ,0.5231099308056261,2.3542864143224158e-07,None,None,None,None, , , , 
22946, ,0.5231099308056261,2.523539170434766e-07,None,None,None,None, , , , 
22947, ,0.5231099308056261,2.7049597304631316e-07,None,None,None,None, , , , 
22948, ,0.5231099308056261,2.899422853882875e-07,None,None,None,None, , , , 
22949, ,0.5231099308056261,3.107866187782014e-07,None,None,None,None, , , , 
22950, ,0.5231099308056261,3.33129478793467e-07,None,None,None,None, , , , 
22951, ,0.5231099308056261,3.5707859649004626e-07,None,None,None,None, , , , 
22952, ,0.5231099308056261,3.827494478516307e-07,None,None,None,None, , , , 
22953, ,0.5231099308056261,4.1026581058271904e-07,None,None,None,None, , , , 
22954, ,0.5231099308056261,4.397603609302722e-07,None,None,None,None, , , , 
22955, ,0.5231099308056261,4.7137531341167185e-07,None,None,None,None, , , , 
22956, ,0.5231099308056261,5.052631065335679e-07,None,None,None,None, , , , 
22957, ,0.5231099308056261,5.415871378079465e-07,None,None,None,None, , , , 
22958, ,0.5231099308056261,5.805225516094896e-07,None,None,None,None, , , , 
22959, ,0.5231099308056261,6.222570836730232e-07,None,None,None,None, , , , 
22960, ,0.5231099308056261,6.669919663030115e-07,None,None,None,None, , , , 
22961, ,0.5231099308056261,7.149428986597576e-07,None,None,None,None, , , , 
22962, ,0.5231099308056261,7.663410868007445e-07,None,None,None,None, , , , 
22963, ,0.5231099308056261,8.214343584919422e-07,None,None,None,None, , , , 
22964, ,0.5231099308056261,8.804883581643463e-07,None,None,None,None, , , , 
22965, ,0.5231099308056261,9.437878277775371e-07,None,None,None,None, , , , 
22966, ,0.5231099308056261,1.0116379797662072e-06,None,None,None,None, , , , 
22967, ,0.5231099308056261,1.0843659686896086e-06,None,None,None,None, , , , 
22968, ,0.5231099308056261,1.1623224686798522e-06,None,None,None,None, , , , 
22969, ,0.5231099308056261,1.2458833642950078e-06,None,None,None,None, , , , 
22970, ,0.5231099308056261,1.3354515629298971e-06,None,None,None,None, , , , 
22971, ,0.5231099308056261,1.4314589375234786e-06,None,None,None,None, , , , 
22972, ,0.5231099308056261,1.53436840893001e-06,None,None,None,None, , , , 
22973, ,0.5231099308056261,1.6446761779946631e-06,None,None,None,None, , , , 
22974, ,0.5231099308056261,1.762914118095948e-06,None,None,None,None, , , , 
22975, ,0.5231099308056261,1.8896523396912082e-06,None,None,None,None, , , , 
22976, ,0.5231099308056261,2.0255019392306664e-06,None,None,None,None, , , , 
22977, ,0.5231099308056261,2.171117945694501e-06,None,None,None,None, , , , 
22978, ,0.5231099308056261,2.327202478960408e-06,None,None,None,None, , , , 
22979, ,0.5231099308056261,2.494508135230317e-06,None,None,None,None, , , , 
22980, ,0.5231099308056261,2.673841615839944e-06,None,None,None,None, , , , 
22981, ,0.5231099308056261,2.8660676169482507e-06,None,None,None,None, , , , 
22982, ,0.5231099308056261,3.0721129988617524e-06,None,None,None,None, , , , 
22983, ,0.5231099308056261,3.292971255097148e-06,None,None,None,None, , , , 
22984, ,0.5231099308056261,3.5297073027306505e-06,None,None,None,None, , , , 
22985, ,0.5231099308056261,3.783462617131925e-06,None,None,None,None, , , , 
22986, ,0.5231099308056261,4.0554607358408275e-06,None,None,None,None, , , , 
22987, ,0.5231099308056261,4.3470131581250175e-06,None,None,None,None, , , , 
22988, ,0.5231099308056261,4.6595256686646765e-06,None,None,None,None, , , , 
22989, ,0.5231099308056261,4.99450511585514e-06,None,None,None,None, , , , 
22990, ,0.5231099308056261,5.353566677410719e-06,None,None,None,None, , , , 
22991, ,0.5231099308056261,5.738441648302393e-06,None,None,None,None, , , , 
22992, ,0.5231099308056261,6.150985788580505e-06,None,None,None,None, , , , 
22993, ,0.5231099308056261,6.593188271333541e-06,None,None,None,None, , , , 
22994, ,0.5231099308056261,7.067181273927492e-06,None,None,None,None, , , , 
22995, ,0.5231099308056261,7.575250258771904e-06,None,None,None,None, , , , 
22996, ,0.5231099308056261,8.119844993184007e-06,None,None,None,None, , , , 
22997, ,0.5231099308056261,8.703591361485167e-06,None,None,None,None, , , , 
22998, ,0.5231099308056261,9.329304026284676e-06,None,None,None,None, , , , 
22999, ,0.5231099308056261,1e-05,None,None,None,None, , , , 
23000, ,0.5415871378079471,1e-11,None,None,None,None, , , , 
23001, ,0.5415871378079471,1.0718913192051263e-11,None,None,None,None, , , , 
23002, ,0.5415871378079471,1.1489510001873107e-11,None,None,None,None, , , , 
23003, ,0.5415871378079471,1.2315506032928262e-11,None,None,None,None, , , , 
23004, ,0.5415871378079471,1.3200884008314167e-11,None,None,None,None, , , , 
23005, ,0.5415871378079471,1.4149912974345786e-11,None,None,None,None, , , , 
23006, ,0.5415871378079471,1.5167168884709242e-11,None,None,None,None, , , , 
23007, ,0.5415871378079471,1.6257556664437934e-11,None,None,None,None, , , , 
23008, ,0.5415871378079471,1.7426333860096473e-11,None,None,None,None, , , , 
23009, ,0.5415871378079471,1.8679135990207848e-11,None,None,None,None, , , , 
23010, ,0.5415871378079471,2.0022003718155844e-11,None,None,None,None, , , , 
23011, ,0.5415871378079471,2.1461411978584013e-11,None,None,None,None, , , , 
23012, ,0.5415871378079471,2.300430119772921e-11,None,None,None,None, , , , 
23013, ,0.5415871378079471,2.465811075822604e-11,None,None,None,None, , , , 
23014, ,0.5415871378079471,2.643081486974103e-11,None,None,None,None, , , , 
23015, ,0.5415871378079471,2.8330961018393178e-11,None,None,None,None, , , , 
23016, ,0.5415871378079471,3.036771118035461e-11,None,None,None,None, , , , 
23017, ,0.5415871378079471,3.255088599835057e-11,None,None,None,None, , , , 
23018, ,0.5415871378079471,3.4891012134067674e-11,None,None,None,None, , , , 
23019, ,0.5415871378079471,3.739937302478801e-11,None,None,None,None, , , , 
23020, ,0.5415871378079471,4.0088063288984646e-11,None,None,None,None, , , , 
23021, ,0.5415871378079471,4.297004704320835e-11,None,None,None,None, , , , 
23022, ,0.5415871378079471,4.605922041145113e-11,None,None,None,None, , , , 
23023, ,0.5415871378079471,4.937047852839004e-11,None,None,None,None, , , , 
23024, ,0.5415871378079471,5.2919787359584366e-11,None,None,None,None, , , , 
23025, ,0.5415871378079471,5.672426068491989e-11,None,None,None,None, , , , 
23026, ,0.5415871378079471,6.080224261649427e-11,None,None,None,None, , , , 
23027, ,0.5415871378079471,6.517339604882421e-11,None,None,None,None, , , , 
23028, ,0.5415871378079471,6.985879746785235e-11,None,None,None,None, , , , 
23029, ,0.5415871378079471,7.48810385759003e-11,None,None,None,None, , , , 
23030, ,0.5415871378079471,8.026433522257174e-11,None,None,None,None, , , , 
23031, ,0.5415871378079471,8.603464416684492e-11,None,None,None,None, , , , 
23032, ,0.5415871378079471,9.221978823334341e-11,None,None,None,None, , , , 
23033, ,0.5415871378079471,9.884959046625586e-11,None,None,None,None, , , , 
23034, ,0.5415871378079471,1.0595601792776149e-10,None,None,None,None, , , , 
23035, ,0.5415871378079471,1.1357333583431027e-10,None,None,None,None, , , , 
23036, ,0.5415871378079471,1.217382727739662e-10,None,None,None,None, , , , 
23037, ,0.5415871378079471,1.3049019780144016e-10,None,None,None,None, , , , 
23038, ,0.5415871378079471,1.398713102647236e-10,None,None,None,None, , , , 
23039, ,0.5415871378079471,1.4992684327860468e-10,None,None,None,None, , , , 
23040, ,0.5415871378079471,1.6070528182616384e-10,None,None,None,None, , , , 
23041, ,0.5415871378079471,1.722585965398784e-10,None,None,None,None, , , , 
23042, ,0.5415871378079471,1.8464249428955463e-10,None,None,None,None, , , , 
23043, ,0.5415871378079471,1.9791668678535569e-10,None,None,None,None, , , , 
23044, ,0.5415871378079471,2.121451784910628e-10,None,None,None,None, , , , 
23045, ,0.5415871378079471,2.273965752357932e-10,None,None,None,None, , , , 
23046, ,0.5415871378079471,2.4374441501222216e-10,None,None,None,None, , , , 
23047, ,0.5415871378079471,2.6126752255633265e-10,None,None,None,None, , , , 
23048, ,0.5415871378079471,2.8005038941836253e-10,None,None,None,None, , , , 
23049, ,0.5415871378079471,3.0018358135755917e-10,None,None,None,None, , , , 
23050, ,0.5415871378079471,3.2176417502507347e-10,None,None,None,None, , , , 
23051, ,0.5415871378079471,3.4489622604057533e-10,None,None,None,None, , , , 
23052, ,0.5415871378079471,3.696912707195032e-10,None,None,None,None, , , , 
23053, ,0.5415871378079471,3.9626886387014783e-10,None,None,None,None, , , , 
23054, ,0.5415871378079471,4.2475715525368935e-10,None,None,None,None, , , , 
23055, ,0.5415871378079471,4.552935074866938e-10,None,None,None,None, , , , 
23056, ,0.5415871378079471,4.880251583654433e-10,None,None,None,None, , , , 
23057, ,0.5415871378079471,5.231099308056258e-10,None,None,None,None, , , , 
23058, ,0.5415871378079471,5.60716993820547e-10,None,None,None,None, , , , 
23059, ,0.5415871378079471,6.010276782070387e-10,None,None,None,None, , , , 
23060, ,0.5415871378079471,6.442363508721371e-10,None,None,None,None, , , , 
23061, ,0.5415871378079471,6.905513520162316e-10,None,None,None,None, , , , 
23062, ,0.5415871378079471,7.401959996915653e-10,None,None,None,None, , , , 
23063, ,0.5415871378079471,7.934096665797492e-10,None,None,None,None, , , , 
23064, ,0.5415871378079471,8.504489341802668e-10,None,None,None,None, , , , 
23065, ,0.5415871378079471,9.115888299750837e-10,None,None,None,None, , , , 
23066, ,0.5415871378079471,9.771241535346502e-10,None,None,None,None, , , , 
23067, ,0.5415871378079471,1.0473708979594486e-09,None,None,None,None, , , , 
23068, ,0.5415871378079471,1.1226677735108114e-09,None,None,None,None, , , , 
23069, ,0.5415871378079471,1.2033778407775904e-09,None,None,None,None, , , , 
23070, ,0.5415871378079471,1.289890261253308e-09,None,None,None,None, , , , 
23071, ,0.5415871378079471,1.3826221737646535e-09,None,None,None,None, , , , 
23072, ,0.5415871378079471,1.4820207057988602e-09,None,None,None,None, , , , 
23073, ,0.5415871378079471,1.5885651294280526e-09,None,None,None,None, , , , 
23074, ,0.5415871378079471,1.702769172225898e-09,None,None,None,None, , , , 
23075, ,0.5415871378079471,1.825183494319039e-09,None,None,None,None, , , , 
23076, ,0.5415871378079471,1.956398343517065e-09,None,None,None,None, , , , 
23077, ,0.5415871378079471,2.0970464013232305e-09,None,None,None,None, , , , 
23078, ,0.5415871378079471,2.2478058335487307e-09,None,None,None,None, , , , 
23079, ,0.5415871378079471,2.409403560239527e-09,None,None,None,None, , , , 
23080, ,0.5415871378079471,2.582618760682675e-09,None,None,None,None, , , , 
23081, ,0.5415871378079471,2.768286630392061e-09,None,None,None,None, , , , 
23082, ,0.5415871378079471,2.9673024081888724e-09,None,None,None,None, , , , 
23083, ,0.5415871378079471,3.180625692794119e-09,None,None,None,None, , , , 
23084, ,0.5415871378079471,3.409285069746807e-09,None,None,None,None, , , , 
23085, ,0.5415871378079471,3.654383070957262e-09,None,None,None,None, , , , 
23086, ,0.5415871378079471,3.917101490809261e-09,None,None,None,None, , , , 
23087, ,0.5415871378079471,4.198707084443906e-09,None,None,None,None, , , , 
23088, ,0.5415871378079471,4.500557675700488e-09,None,None,None,None, , , , 
23089, ,0.5415871378079471,4.824108704165374e-09,None,None,None,None, , , , 
23090, ,0.5415871378079471,5.170920242896755e-09,None,None,None,None, , , , 
23091, ,0.5415871378079471,5.542664520663096e-09,None,None,None,None, , , , 
23092, ,0.5415871378079471,5.941133984965041e-09,None,None,None,None, , , , 
23093, ,0.5415871378079471,6.3682499447185856e-09,None,None,None,None, , , , 
23094, ,0.5415871378079471,6.826071834272379e-09,None,None,None,None, , , , 
23095, ,0.5415871378079471,7.316807143427175e-09,None,None,None,None, , , , 
23096, ,0.5415871378079471,7.842822061337681e-09,None,None,None,None, , , , 
23097, ,0.5415871378079471,8.406652885618316e-09,None,None,None,None, , , , 
23098, ,0.5415871378079471,9.011018251665036e-09,None,None,None,None, , , , 
23099, ,0.5415871378079471,9.658832241158707e-09,None,None,None,None, , , , 
23100, ,0.5415871378079471,1.0353218432956616e-08,None,None,None,None, , , , 
23101, ,0.5415871378079471,1.1097524964120722e-08,None,None,None,None, , , , 
23102, ,0.5415871378079471,1.1895340673703208e-08,None,None,None,None, , , , 
23103, ,0.5415871378079471,1.2750512407130128e-08,None,None,None,None, , , , 
23104, ,0.5415871378079471,1.3667163564620044e-08,None,None,None,None, , , , 
23105, ,0.5415871378079471,1.4649713983072853e-08,None,None,None,None, , , , 
23106, ,0.5415871378079471,1.5702901247293774e-08,None,None,None,None, , , , 
23107, ,0.5415871378079471,1.683180353330955e-08,None,None,None,None, , , , 
23108, ,0.5415871378079471,1.8041864093920717e-08,None,None,None,None, , , , 
23109, ,0.5415871378079471,1.933891750455232e-08,None,None,None,None, , , , 
23110, ,0.5415871378079471,2.0729217795953697e-08,None,None,None,None, , , , 
23111, ,0.5415871378079471,2.221946860939524e-08,None,None,None,None, , , , 
23112, ,0.5415871378079471,2.3816855519761606e-08,None,None,None,None, , , , 
23113, ,0.5415871378079471,2.552908068239516e-08,None,None,None,None, , , , 
23114, ,0.5415871378079471,2.7364399970746666e-08,None,None,None,None, , , , 
23115, ,0.5415871378079471,2.933166278390042e-08,None,None,None,None, , , , 
23116, ,0.5415871378079471,3.1440354715915e-08,None,None,None,None, , , , 
23117, ,0.5415871378079471,3.370064329271925e-08,None,None,None,None, , , , 
23118, ,0.5415871378079471,3.612342699709431e-08,None,None,None,None, , , , 
23119, ,0.5415871378079471,3.872038781812557e-08,None,None,None,None, , , , 
23120, ,0.5415871378079471,4.1504047578504727e-08,None,None,None,None, , , , 
23121, ,0.5415871378079471,4.448782831127585e-08,None,None,None,None, , , , 
23122, ,0.5415871378079471,4.768611697714474e-08,None,None,None,None, , , , 
23123, ,0.5415871378079471,5.111433483440165e-08,None,None,None,None, , , , 
23124, ,0.5415871378079471,5.478901179593934e-08,None,None,None,None, , , , 
23125, ,0.5415871378079471,5.872786613189478e-08,None,None,None,None, , , , 
23126, ,0.5415871378079471,6.294988990221888e-08,None,None,None,None, , , , 
23127, ,0.5415871378079471,6.747544053110687e-08,None,None,None,None, , , , 
23128, ,0.5415871378079471,7.232633896483534e-08,None,None,None,None, , , , 
23129, ,0.5415871378079471,7.752597488629465e-08,None,None,None,None, , , , 
23130, ,0.5415871378079471,8.309941949353386e-08,None,None,None,None, , , , 
23131, ,0.5415871378079471,8.907354638610439e-08,None,None,None,None, , , , 
23132, ,0.5415871378079471,9.547716114208066e-08,None,None,None,None, , , , 
23133, ,0.5415871378079471,1.0234114021054528e-07,None,None,None,None, , , , 
23134, ,0.5415871378079471,1.0969857978923841e-07,None,None,None,None, , , , 
23135, ,0.5415871378079471,1.1758495540521555e-07,None,None,None,None, , , , 
23136, ,0.5415871378079471,1.2603829296797277e-07,None,None,None,None, , , , 
23137, ,0.5415871378079471,1.350993521198025e-07,None,None,None,None, , , , 
23138, ,0.5415871378079471,1.4481182276745328e-07,None,None,None,None, , , , 
23139, ,0.5415871378079471,1.552225357427048e-07,None,None,None,None, , , , 
23140, ,0.5415871378079471,1.6638168860761273e-07,None,None,None,None, , , , 
23141, ,0.5415871378079471,1.7834308769319093e-07,None,None,None,None, , , , 
23142, ,0.5415871378079471,1.9116440753857e-07,None,None,None,None, , , , 
23143, ,0.5415871378079471,2.049074689815846e-07,None,None,None,None, , , , 
23144, ,0.5415871378079471,2.1963853724165468e-07,None,None,None,None, , , , 
23145, ,0.5415871378079471,2.3542864143224158e-07,None,None,None,None, , , , 
23146, ,0.5415871378079471,2.523539170434766e-07,None,None,None,None, , , , 
23147, ,0.5415871378079471,2.7049597304631316e-07,None,None,None,None, , , , 
23148, ,0.5415871378079471,2.899422853882875e-07,None,None,None,None, , , , 
23149, ,0.5415871378079471,3.107866187782014e-07,None,None,None,None, , , , 
23150, ,0.5415871378079471,3.33129478793467e-07,None,None,None,None, , , , 
23151, ,0.5415871378079471,3.5707859649004626e-07,None,None,None,None, , , , 
23152, ,0.5415871378079471,3.827494478516307e-07,None,None,None,None, , , , 
23153, ,0.5415871378079471,4.1026581058271904e-07,None,None,None,None, , , , 
23154, ,0.5415871378079471,4.397603609302722e-07,None,None,None,None, , , , 
23155, ,0.5415871378079471,4.7137531341167185e-07,None,None,None,None, , , , 
23156, ,0.5415871378079471,5.052631065335679e-07,None,None,None,None, , , , 
23157, ,0.5415871378079471,5.415871378079465e-07,None,None,None,None, , , , 
23158, ,0.5415871378079471,5.805225516094896e-07,None,None,None,None, , , , 
23159, ,0.5415871378079471,6.222570836730232e-07,None,None,None,None, , , , 
23160, ,0.5415871378079471,6.669919663030115e-07,None,None,None,None, , , , 
23161, ,0.5415871378079471,7.149428986597576e-07,None,None,None,None, , , , 
23162, ,0.5415871378079471,7.663410868007445e-07,None,None,None,None, , , , 
23163, ,0.5415871378079471,8.214343584919422e-07,None,None,None,None, , , , 
23164, ,0.5415871378079471,8.804883581643463e-07,None,None,None,None, , , , 
23165, ,0.5415871378079471,9.437878277775371e-07,None,None,None,None, , , , 
23166, ,0.5415871378079471,1.0116379797662072e-06,None,None,None,None, , , , 
23167, ,0.5415871378079471,1.0843659686896086e-06,None,None,None,None, , , , 
23168, ,0.5415871378079471,1.1623224686798522e-06,None,None,None,None, , , , 
23169, ,0.5415871378079471,1.2458833642950078e-06,None,None,None,None, , , , 
23170, ,0.5415871378079471,1.3354515629298971e-06,None,None,None,None, , , , 
23171, ,0.5415871378079471,1.4314589375234786e-06,None,None,None,None, , , , 
23172, ,0.5415871378079471,1.53436840893001e-06,None,None,None,None, , , , 
23173, ,0.5415871378079471,1.6446761779946631e-06,None,None,None,None, , , , 
23174, ,0.5415871378079471,1.762914118095948e-06,None,None,None,None, , , , 
23175, ,0.5415871378079471,1.8896523396912082e-06,None,None,None,None, , , , 
23176, ,0.5415871378079471,2.0255019392306664e-06,None,None,None,None, , , , 
23177, ,0.5415871378079471,2.171117945694501e-06,None,None,None,None, , , , 
23178, ,0.5415871378079471,2.327202478960408e-06,None,None,None,None, , , , 
23179, ,0.5415871378079471,2.494508135230317e-06,None,None,None,None, , , , 
23180, ,0.5415871378079471,2.673841615839944e-06,None,None,None,None, , , , 
23181, ,0.5415871378079471,2.8660676169482507e-06,None,None,None,None, , , , 
23182, ,0.5415871378079471,3.0721129988617524e-06,None,None,None,None, , , , 
23183, ,0.5415871378079471,3.292971255097148e-06,None,None,None,None, , , , 
23184, ,0.5415871378079471,3.5297073027306505e-06,None,None,None,None, , , , 
23185, ,0.5415871378079471,3.783462617131925e-06,None,None,None,None, , , , 
23186, ,0.5415871378079471,4.0554607358408275e-06,None,None,None,None, , , , 
23187, ,0.5415871378079471,4.3470131581250175e-06,None,None,None,None, , , , 
23188, ,0.5415871378079471,4.6595256686646765e-06,None,None,None,None, , , , 
23189, ,0.5415871378079471,4.99450511585514e-06,None,None,None,None, , , , 
23190, ,0.5415871378079471,5.353566677410719e-06,None,None,None,None, , , , 
23191, ,0.5415871378079471,5.738441648302393e-06,None,None,None,None, , , , 
23192, ,0.5415871378079471,6.150985788580505e-06,None,None,None,None, , , , 
23193, ,0.5415871378079471,6.593188271333541e-06,None,None,None,None, , , , 
23194, ,0.5415871378079471,7.067181273927492e-06,None,None,None,None, , , , 
23195, ,0.5415871378079471,7.575250258771904e-06,None,None,None,None, , , , 
23196, ,0.5415871378079471,8.119844993184007e-06,None,None,None,None, , , , 
23197, ,0.5415871378079471,8.703591361485167e-06,None,None,None,None, , , , 
23198, ,0.5415871378079471,9.329304026284676e-06,None,None,None,None, , , , 
23199, ,0.5415871378079471,1e-05,None,None,None,None, , , , 
23200, ,0.5607169938205459,1e-11,None,None,None,None, , , , 
23201, ,0.5607169938205459,1.0718913192051263e-11,None,None,None,None, , , , 
23202, ,0.5607169938205459,1.1489510001873107e-11,None,None,None,None, , , , 
23203, ,0.5607169938205459,1.2315506032928262e-11,None,None,None,None, , , , 
23204, ,0.5607169938205459,1.3200884008314167e-11,None,None,None,None, , , , 
23205, ,0.5607169938205459,1.4149912974345786e-11,None,None,None,None, , , , 
23206, ,0.5607169938205459,1.5167168884709242e-11,None,None,None,None, , , , 
23207, ,0.5607169938205459,1.6257556664437934e-11,None,None,None,None, , , , 
23208, ,0.5607169938205459,1.7426333860096473e-11,None,None,None,None, , , , 
23209, ,0.5607169938205459,1.8679135990207848e-11,None,None,None,None, , , , 
23210, ,0.5607169938205459,2.0022003718155844e-11,None,None,None,None, , , , 
23211, ,0.5607169938205459,2.1461411978584013e-11,None,None,None,None, , , , 
23212, ,0.5607169938205459,2.300430119772921e-11,None,None,None,None, , , , 
23213, ,0.5607169938205459,2.465811075822604e-11,None,None,None,None, , , , 
23214, ,0.5607169938205459,2.643081486974103e-11,None,None,None,None, , , , 
23215, ,0.5607169938205459,2.8330961018393178e-11,None,None,None,None, , , , 
23216, ,0.5607169938205459,3.036771118035461e-11,None,None,None,None, , , , 
23217, ,0.5607169938205459,3.255088599835057e-11,None,None,None,None, , , , 
23218, ,0.5607169938205459,3.4891012134067674e-11,None,None,None,None, , , , 
23219, ,0.5607169938205459,3.739937302478801e-11,None,None,None,None, , , , 
23220, ,0.5607169938205459,4.0088063288984646e-11,None,None,None,None, , , , 
23221, ,0.5607169938205459,4.297004704320835e-11,None,None,None,None, , , , 
23222, ,0.5607169938205459,4.605922041145113e-11,None,None,None,None, , , , 
23223, ,0.5607169938205459,4.937047852839004e-11,None,None,None,None, , , , 
23224, ,0.5607169938205459,5.2919787359584366e-11,None,None,None,None, , , , 
23225, ,0.5607169938205459,5.672426068491989e-11,None,None,None,None, , , , 
23226, ,0.5607169938205459,6.080224261649427e-11,None,None,None,None, , , , 
23227, ,0.5607169938205459,6.517339604882421e-11,None,None,None,None, , , , 
23228, ,0.5607169938205459,6.985879746785235e-11,None,None,None,None, , , , 
23229, ,0.5607169938205459,7.48810385759003e-11,None,None,None,None, , , , 
23230, ,0.5607169938205459,8.026433522257174e-11,None,None,None,None, , , , 
23231, ,0.5607169938205459,8.603464416684492e-11,None,None,None,None, , , , 
23232, ,0.5607169938205459,9.221978823334341e-11,None,None,None,None, , , , 
23233, ,0.5607169938205459,9.884959046625586e-11,None,None,None,None, , , , 
23234, ,0.5607169938205459,1.0595601792776149e-10,None,None,None,None, , , , 
23235, ,0.5607169938205459,1.1357333583431027e-10,None,None,None,None, , , , 
23236, ,0.5607169938205459,1.217382727739662e-10,None,None,None,None, , , , 
23237, ,0.5607169938205459,1.3049019780144016e-10,None,None,None,None, , , , 
23238, ,0.5607169938205459,1.398713102647236e-10,None,None,None,None, , , , 
23239, ,0.5607169938205459,1.4992684327860468e-10,None,None,None,None, , , , 
23240, ,0.5607169938205459,1.6070528182616384e-10,None,None,None,None, , , , 
23241, ,0.5607169938205459,1.722585965398784e-10,None,None,None,None, , , , 
23242, ,0.5607169938205459,1.8464249428955463e-10,None,None,None,None, , , , 
23243, ,0.5607169938205459,1.9791668678535569e-10,None,None,None,None, , , , 
23244, ,0.5607169938205459,2.121451784910628e-10,None,None,None,None, , , , 
23245, ,0.5607169938205459,2.273965752357932e-10,None,None,None,None, , , , 
23246, ,0.5607169938205459,2.4374441501222216e-10,None,None,None,None, , , , 
23247, ,0.5607169938205459,2.6126752255633265e-10,None,None,None,None, , , , 
23248, ,0.5607169938205459,2.8005038941836253e-10,None,None,None,None, , , , 
23249, ,0.5607169938205459,3.0018358135755917e-10,None,None,None,None, , , , 
23250, ,0.5607169938205459,3.2176417502507347e-10,None,None,None,None, , , , 
23251, ,0.5607169938205459,3.4489622604057533e-10,None,None,None,None, , , , 
23252, ,0.5607169938205459,3.696912707195032e-10,None,None,None,None, , , , 
23253, ,0.5607169938205459,3.9626886387014783e-10,None,None,None,None, , , , 
23254, ,0.5607169938205459,4.2475715525368935e-10,None,None,None,None, , , , 
23255, ,0.5607169938205459,4.552935074866938e-10,None,None,None,None, , , , 
23256, ,0.5607169938205459,4.880251583654433e-10,None,None,None,None, , , , 
23257, ,0.5607169938205459,5.231099308056258e-10,None,None,None,None, , , , 
23258, ,0.5607169938205459,5.60716993820547e-10,None,None,None,None, , , , 
23259, ,0.5607169938205459,6.010276782070387e-10,None,None,None,None, , , , 
23260, ,0.5607169938205459,6.442363508721371e-10,None,None,None,None, , , , 
23261, ,0.5607169938205459,6.905513520162316e-10,None,None,None,None, , , , 
23262, ,0.5607169938205459,7.401959996915653e-10,None,None,None,None, , , , 
23263, ,0.5607169938205459,7.934096665797492e-10,None,None,None,None, , , , 
23264, ,0.5607169938205459,8.504489341802668e-10,None,None,None,None, , , , 
23265, ,0.5607169938205459,9.115888299750837e-10,None,None,None,None, , , , 
23266, ,0.5607169938205459,9.771241535346502e-10,None,None,None,None, , , , 
23267, ,0.5607169938205459,1.0473708979594486e-09,None,None,None,None, , , , 
23268, ,0.5607169938205459,1.1226677735108114e-09,None,None,None,None, , , , 
23269, ,0.5607169938205459,1.2033778407775904e-09,None,None,None,None, , , , 
23270, ,0.5607169938205459,1.289890261253308e-09,None,None,None,None, , , , 
23271, ,0.5607169938205459,1.3826221737646535e-09,None,None,None,None, , , , 
23272, ,0.5607169938205459,1.4820207057988602e-09,None,None,None,None, , , , 
23273, ,0.5607169938205459,1.5885651294280526e-09,None,None,None,None, , , , 
23274, ,0.5607169938205459,1.702769172225898e-09,None,None,None,None, , , , 
23275, ,0.5607169938205459,1.825183494319039e-09,None,None,None,None, , , , 
23276, ,0.5607169938205459,1.956398343517065e-09,None,None,None,None, , , , 
23277, ,0.5607169938205459,2.0970464013232305e-09,None,None,None,None, , , , 
23278, ,0.5607169938205459,2.2478058335487307e-09,None,None,None,None, , , , 
23279, ,0.5607169938205459,2.409403560239527e-09,None,None,None,None, , , , 
23280, ,0.5607169938205459,2.582618760682675e-09,None,None,None,None, , , , 
23281, ,0.5607169938205459,2.768286630392061e-09,None,None,None,None, , , , 
23282, ,0.5607169938205459,2.9673024081888724e-09,None,None,None,None, , , , 
23283, ,0.5607169938205459,3.180625692794119e-09,None,None,None,None, , , , 
23284, ,0.5607169938205459,3.409285069746807e-09,None,None,None,None, , , , 
23285, ,0.5607169938205459,3.654383070957262e-09,None,None,None,None, , , , 
23286, ,0.5607169938205459,3.917101490809261e-09,None,None,None,None, , , , 
23287, ,0.5607169938205459,4.198707084443906e-09,None,None,None,None, , , , 
23288, ,0.5607169938205459,4.500557675700488e-09,None,None,None,None, , , , 
23289, ,0.5607169938205459,4.824108704165374e-09,None,None,None,None, , , , 
23290, ,0.5607169938205459,5.170920242896755e-09,None,None,None,None, , , , 
23291, ,0.5607169938205459,5.542664520663096e-09,None,None,None,None, , , , 
23292, ,0.5607169938205459,5.941133984965041e-09,None,None,None,None, , , , 
23293, ,0.5607169938205459,6.3682499447185856e-09,None,None,None,None, , , , 
23294, ,0.5607169938205459,6.826071834272379e-09,None,None,None,None, , , , 
23295, ,0.5607169938205459,7.316807143427175e-09,None,None,None,None, , , , 
23296, ,0.5607169938205459,7.842822061337681e-09,None,None,None,None, , , , 
23297, ,0.5607169938205459,8.406652885618316e-09,None,None,None,None, , , , 
23298, ,0.5607169938205459,9.011018251665036e-09,None,None,None,None, , , , 
23299, ,0.5607169938205459,9.658832241158707e-09,None,None,None,None, , , , 
23300, ,0.5607169938205459,1.0353218432956616e-08,None,None,None,None, , , , 
23301, ,0.5607169938205459,1.1097524964120722e-08,None,None,None,None, , , , 
23302, ,0.5607169938205459,1.1895340673703208e-08,None,None,None,None, , , , 
23303, ,0.5607169938205459,1.2750512407130128e-08,None,None,None,None, , , , 
23304, ,0.5607169938205459,1.3667163564620044e-08,None,None,None,None, , , , 
23305, ,0.5607169938205459,1.4649713983072853e-08,None,None,None,None, , , , 
23306, ,0.5607169938205459,1.5702901247293774e-08,None,None,None,None, , , , 
23307, ,0.5607169938205459,1.683180353330955e-08,None,None,None,None, , , , 
23308, ,0.5607169938205459,1.8041864093920717e-08,None,None,None,None, , , , 
23309, ,0.5607169938205459,1.933891750455232e-08,None,None,None,None, , , , 
23310, ,0.5607169938205459,2.0729217795953697e-08,None,None,None,None, , , , 
23311, ,0.5607169938205459,2.221946860939524e-08,None,None,None,None, , , , 
23312, ,0.5607169938205459,2.3816855519761606e-08,None,None,None,None, , , , 
23313, ,0.5607169938205459,2.552908068239516e-08,None,None,None,None, , , , 
23314, ,0.5607169938205459,2.7364399970746666e-08,None,None,None,None, , , , 
23315, ,0.5607169938205459,2.933166278390042e-08,None,None,None,None, , , , 
23316, ,0.5607169938205459,3.1440354715915e-08,None,None,None,None, , , , 
23317, ,0.5607169938205459,3.370064329271925e-08,None,None,None,None, , , , 
23318, ,0.5607169938205459,3.612342699709431e-08,None,None,None,None, , , , 
23319, ,0.5607169938205459,3.872038781812557e-08,None,None,None,None, , , , 
23320, ,0.5607169938205459,4.1504047578504727e-08,None,None,None,None, , , , 
23321, ,0.5607169938205459,4.448782831127585e-08,None,None,None,None, , , , 
23322, ,0.5607169938205459,4.768611697714474e-08,None,None,None,None, , , , 
23323, ,0.5607169938205459,5.111433483440165e-08,None,None,None,None, , , , 
23324, ,0.5607169938205459,5.478901179593934e-08,None,None,None,None, , , , 
23325, ,0.5607169938205459,5.872786613189478e-08,None,None,None,None, , , , 
23326, ,0.5607169938205459,6.294988990221888e-08,None,None,None,None, , , , 
23327, ,0.5607169938205459,6.747544053110687e-08,None,None,None,None, , , , 
23328, ,0.5607169938205459,7.232633896483534e-08,None,None,None,None, , , , 
23329, ,0.5607169938205459,7.752597488629465e-08,None,None,None,None, , , , 
23330, ,0.5607169938205459,8.309941949353386e-08,None,None,None,None, , , , 
23331, ,0.5607169938205459,8.907354638610439e-08,None,None,None,None, , , , 
23332, ,0.5607169938205459,9.547716114208066e-08,None,None,None,None, , , , 
23333, ,0.5607169938205459,1.0234114021054528e-07,None,None,None,None, , , , 
23334, ,0.5607169938205459,1.0969857978923841e-07,None,None,None,None, , , , 
23335, ,0.5607169938205459,1.1758495540521555e-07,None,None,None,None, , , , 
23336, ,0.5607169938205459,1.2603829296797277e-07,None,None,None,None, , , , 
23337, ,0.5607169938205459,1.350993521198025e-07,None,None,None,None, , , , 
23338, ,0.5607169938205459,1.4481182276745328e-07,None,None,None,None, , , , 
23339, ,0.5607169938205459,1.552225357427048e-07,None,None,None,None, , , , 
23340, ,0.5607169938205459,1.6638168860761273e-07,None,None,None,None, , , , 
23341, ,0.5607169938205459,1.7834308769319093e-07,None,None,None,None, , , , 
23342, ,0.5607169938205459,1.9116440753857e-07,None,None,None,None, , , , 
23343, ,0.5607169938205459,2.049074689815846e-07,None,None,None,None, , , , 
23344, ,0.5607169938205459,2.1963853724165468e-07,None,None,None,None, , , , 
23345, ,0.5607169938205459,2.3542864143224158e-07,None,None,None,None, , , , 
23346, ,0.5607169938205459,2.523539170434766e-07,None,None,None,None, , , , 
23347, ,0.5607169938205459,2.7049597304631316e-07,None,None,None,None, , , , 
23348, ,0.5607169938205459,2.899422853882875e-07,None,None,None,None, , , , 
23349, ,0.5607169938205459,3.107866187782014e-07,None,None,None,None, , , , 
23350, ,0.5607169938205459,3.33129478793467e-07,None,None,None,None, , , , 
23351, ,0.5607169938205459,3.5707859649004626e-07,None,None,None,None, , , , 
23352, ,0.5607169938205459,3.827494478516307e-07,None,None,None,None, , , , 
23353, ,0.5607169938205459,4.1026581058271904e-07,None,None,None,None, , , , 
23354, ,0.5607169938205459,4.397603609302722e-07,None,None,None,None, , , , 
23355, ,0.5607169938205459,4.7137531341167185e-07,None,None,None,None, , , , 
23356, ,0.5607169938205459,5.052631065335679e-07,None,None,None,None, , , , 
23357, ,0.5607169938205459,5.415871378079465e-07,None,None,None,None, , , , 
23358, ,0.5607169938205459,5.805225516094896e-07,None,None,None,None, , , , 
23359, ,0.5607169938205459,6.222570836730232e-07,None,None,None,None, , , , 
23360, ,0.5607169938205459,6.669919663030115e-07,None,None,None,None, , , , 
23361, ,0.5607169938205459,7.149428986597576e-07,None,None,None,None, , , , 
23362, ,0.5607169938205459,7.663410868007445e-07,None,None,None,None, , , , 
23363, ,0.5607169938205459,8.214343584919422e-07,None,None,None,None, , , , 
23364, ,0.5607169938205459,8.804883581643463e-07,None,None,None,None, , , , 
23365, ,0.5607169938205459,9.437878277775371e-07,None,None,None,None, , , , 
23366, ,0.5607169938205459,1.0116379797662072e-06,None,None,None,None, , , , 
23367, ,0.5607169938205459,1.0843659686896086e-06,None,None,None,None, , , , 
23368, ,0.5607169938205459,1.1623224686798522e-06,None,None,None,None, , , , 
23369, ,0.5607169938205459,1.2458833642950078e-06,None,None,None,None, , , , 
23370, ,0.5607169938205459,1.3354515629298971e-06,None,None,None,None, , , , 
23371, ,0.5607169938205459,1.4314589375234786e-06,None,None,None,None, , , , 
23372, ,0.5607169938205459,1.53436840893001e-06,None,None,None,None, , , , 
23373, ,0.5607169938205459,1.6446761779946631e-06,None,None,None,None, , , , 
23374, ,0.5607169938205459,1.762914118095948e-06,None,None,None,None, , , , 
23375, ,0.5607169938205459,1.8896523396912082e-06,None,None,None,None, , , , 
23376, ,0.5607169938205459,2.0255019392306664e-06,None,None,None,None, , , , 
23377, ,0.5607169938205459,2.171117945694501e-06,None,None,None,None, , , , 
23378, ,0.5607169938205459,2.327202478960408e-06,None,None,None,None, , , , 
23379, ,0.5607169938205459,2.494508135230317e-06,None,None,None,None, , , , 
23380, ,0.5607169938205459,2.673841615839944e-06,None,None,None,None, , , , 
23381, ,0.5607169938205459,2.8660676169482507e-06,None,None,None,None, , , , 
23382, ,0.5607169938205459,3.0721129988617524e-06,None,None,None,None, , , , 
23383, ,0.5607169938205459,3.292971255097148e-06,None,None,None,None, , , , 
23384, ,0.5607169938205459,3.5297073027306505e-06,None,None,None,None, , , , 
23385, ,0.5607169938205459,3.783462617131925e-06,None,None,None,None, , , , 
23386, ,0.5607169938205459,4.0554607358408275e-06,None,None,None,None, , , , 
23387, ,0.5607169938205459,4.3470131581250175e-06,None,None,None,None, , , , 
23388, ,0.5607169938205459,4.6595256686646765e-06,None,None,None,None, , , , 
23389, ,0.5607169938205459,4.99450511585514e-06,None,None,None,None, , , , 
23390, ,0.5607169938205459,5.353566677410719e-06,None,None,None,None, , , , 
23391, ,0.5607169938205459,5.738441648302393e-06,None,None,None,None, , , , 
23392, ,0.5607169938205459,6.150985788580505e-06,None,None,None,None, , , , 
23393, ,0.5607169938205459,6.593188271333541e-06,None,None,None,None, , , , 
23394, ,0.5607169938205459,7.067181273927492e-06,None,None,None,None, , , , 
23395, ,0.5607169938205459,7.575250258771904e-06,None,None,None,None, , , , 
23396, ,0.5607169938205459,8.119844993184007e-06,None,None,None,None, , , , 
23397, ,0.5607169938205459,8.703591361485167e-06,None,None,None,None, , , , 
23398, ,0.5607169938205459,9.329304026284676e-06,None,None,None,None, , , , 
23399, ,0.5607169938205459,1e-05,None,None,None,None, , , , 
23400, ,0.5805225516094898,1e-11,None,None,None,None, , , , 
23401, ,0.5805225516094898,1.0718913192051263e-11,None,None,None,None, , , , 
23402, ,0.5805225516094898,1.1489510001873107e-11,None,None,None,None, , , , 
23403, ,0.5805225516094898,1.2315506032928262e-11,None,None,None,None, , , , 
23404, ,0.5805225516094898,1.3200884008314167e-11,None,None,None,None, , , , 
23405, ,0.5805225516094898,1.4149912974345786e-11,None,None,None,None, , , , 
23406, ,0.5805225516094898,1.5167168884709242e-11,None,None,None,None, , , , 
23407, ,0.5805225516094898,1.6257556664437934e-11,None,None,None,None, , , , 
23408, ,0.5805225516094898,1.7426333860096473e-11,None,None,None,None, , , , 
23409, ,0.5805225516094898,1.8679135990207848e-11,None,None,None,None, , , , 
23410, ,0.5805225516094898,2.0022003718155844e-11,None,None,None,None, , , , 
23411, ,0.5805225516094898,2.1461411978584013e-11,None,None,None,None, , , , 
23412, ,0.5805225516094898,2.300430119772921e-11,None,None,None,None, , , , 
23413, ,0.5805225516094898,2.465811075822604e-11,None,None,None,None, , , , 
23414, ,0.5805225516094898,2.643081486974103e-11,None,None,None,None, , , , 
23415, ,0.5805225516094898,2.8330961018393178e-11,None,None,None,None, , , , 
23416, ,0.5805225516094898,3.036771118035461e-11,None,None,None,None, , , , 
23417, ,0.5805225516094898,3.255088599835057e-11,None,None,None,None, , , , 
23418, ,0.5805225516094898,3.4891012134067674e-11,None,None,None,None, , , , 
23419, ,0.5805225516094898,3.739937302478801e-11,None,None,None,None, , , , 
23420, ,0.5805225516094898,4.0088063288984646e-11,None,None,None,None, , , , 
23421, ,0.5805225516094898,4.297004704320835e-11,None,None,None,None, , , , 
23422, ,0.5805225516094898,4.605922041145113e-11,None,None,None,None, , , , 
23423, ,0.5805225516094898,4.937047852839004e-11,None,None,None,None, , , , 
23424, ,0.5805225516094898,5.2919787359584366e-11,None,None,None,None, , , , 
23425, ,0.5805225516094898,5.672426068491989e-11,None,None,None,None, , , , 
23426, ,0.5805225516094898,6.080224261649427e-11,None,None,None,None, , , , 
23427, ,0.5805225516094898,6.517339604882421e-11,None,None,None,None, , , , 
23428, ,0.5805225516094898,6.985879746785235e-11,None,None,None,None, , , , 
23429, ,0.5805225516094898,7.48810385759003e-11,None,None,None,None, , , , 
23430, ,0.5805225516094898,8.026433522257174e-11,None,None,None,None, , , , 
23431, ,0.5805225516094898,8.603464416684492e-11,None,None,None,None, , , , 
23432, ,0.5805225516094898,9.221978823334341e-11,None,None,None,None, , , , 
23433, ,0.5805225516094898,9.884959046625586e-11,None,None,None,None, , , , 
23434, ,0.5805225516094898,1.0595601792776149e-10,None,None,None,None, , , , 
23435, ,0.5805225516094898,1.1357333583431027e-10,None,None,None,None, , , , 
23436, ,0.5805225516094898,1.217382727739662e-10,None,None,None,None, , , , 
23437, ,0.5805225516094898,1.3049019780144016e-10,None,None,None,None, , , , 
23438, ,0.5805225516094898,1.398713102647236e-10,None,None,None,None, , , , 
23439, ,0.5805225516094898,1.4992684327860468e-10,None,None,None,None, , , , 
23440, ,0.5805225516094898,1.6070528182616384e-10,None,None,None,None, , , , 
23441, ,0.5805225516094898,1.722585965398784e-10,None,None,None,None, , , , 
23442, ,0.5805225516094898,1.8464249428955463e-10,None,None,None,None, , , , 
23443, ,0.5805225516094898,1.9791668678535569e-10,None,None,None,None, , , , 
23444, ,0.5805225516094898,2.121451784910628e-10,None,None,None,None, , , , 
23445, ,0.5805225516094898,2.273965752357932e-10,None,None,None,None, , , , 
23446, ,0.5805225516094898,2.4374441501222216e-10,None,None,None,None, , , , 
23447, ,0.5805225516094898,2.6126752255633265e-10,None,None,None,None, , , , 
23448, ,0.5805225516094898,2.8005038941836253e-10,None,None,None,None, , , , 
23449, ,0.5805225516094898,3.0018358135755917e-10,None,None,None,None, , , , 
23450, ,0.5805225516094898,3.2176417502507347e-10,None,None,None,None, , , , 
23451, ,0.5805225516094898,3.4489622604057533e-10,None,None,None,None, , , , 
23452, ,0.5805225516094898,3.696912707195032e-10,None,None,None,None, , , , 
23453, ,0.5805225516094898,3.9626886387014783e-10,None,None,None,None, , , , 
23454, ,0.5805225516094898,4.2475715525368935e-10,None,None,None,None, , , , 
23455, ,0.5805225516094898,4.552935074866938e-10,None,None,None,None, , , , 
23456, ,0.5805225516094898,4.880251583654433e-10,None,None,None,None, , , , 
23457, ,0.5805225516094898,5.231099308056258e-10,None,None,None,None, , , , 
23458, ,0.5805225516094898,5.60716993820547e-10,None,None,None,None, , , , 
23459, ,0.5805225516094898,6.010276782070387e-10,None,None,None,None, , , , 
23460, ,0.5805225516094898,6.442363508721371e-10,None,None,None,None, , , , 
23461, ,0.5805225516094898,6.905513520162316e-10,None,None,None,None, , , , 
23462, ,0.5805225516094898,7.401959996915653e-10,None,None,None,None, , , , 
23463, ,0.5805225516094898,7.934096665797492e-10,None,None,None,None, , , , 
23464, ,0.5805225516094898,8.504489341802668e-10,None,None,None,None, , , , 
23465, ,0.5805225516094898,9.115888299750837e-10,None,None,None,None, , , , 
23466, ,0.5805225516094898,9.771241535346502e-10,None,None,None,None, , , , 
23467, ,0.5805225516094898,1.0473708979594486e-09,None,None,None,None, , , , 
23468, ,0.5805225516094898,1.1226677735108114e-09,None,None,None,None, , , , 
23469, ,0.5805225516094898,1.2033778407775904e-09,None,None,None,None, , , , 
23470, ,0.5805225516094898,1.289890261253308e-09,None,None,None,None, , , , 
23471, ,0.5805225516094898,1.3826221737646535e-09,None,None,None,None, , , , 
23472, ,0.5805225516094898,1.4820207057988602e-09,None,None,None,None, , , , 
23473, ,0.5805225516094898,1.5885651294280526e-09,None,None,None,None, , , , 
23474, ,0.5805225516094898,1.702769172225898e-09,None,None,None,None, , , , 
23475, ,0.5805225516094898,1.825183494319039e-09,None,None,None,None, , , , 
23476, ,0.5805225516094898,1.956398343517065e-09,None,None,None,None, , , , 
23477, ,0.5805225516094898,2.0970464013232305e-09,None,None,None,None, , , , 
23478, ,0.5805225516094898,2.2478058335487307e-09,None,None,None,None, , , , 
23479, ,0.5805225516094898,2.409403560239527e-09,None,None,None,None, , , , 
23480, ,0.5805225516094898,2.582618760682675e-09,None,None,None,None, , , , 
23481, ,0.5805225516094898,2.768286630392061e-09,None,None,None,None, , , , 
23482, ,0.5805225516094898,2.9673024081888724e-09,None,None,None,None, , , , 
23483, ,0.5805225516094898,3.180625692794119e-09,None,None,None,None, , , , 
23484, ,0.5805225516094898,3.409285069746807e-09,None,None,None,None, , , , 
23485, ,0.5805225516094898,3.654383070957262e-09,None,None,None,None, , , , 
23486, ,0.5805225516094898,3.917101490809261e-09,None,None,None,None, , , , 
23487, ,0.5805225516094898,4.198707084443906e-09,None,None,None,None, , , , 
23488, ,0.5805225516094898,4.500557675700488e-09,None,None,None,None, , , , 
23489, ,0.5805225516094898,4.824108704165374e-09,None,None,None,None, , , , 
23490, ,0.5805225516094898,5.170920242896755e-09,None,None,None,None, , , , 
23491, ,0.5805225516094898,5.542664520663096e-09,None,None,None,None, , , , 
23492, ,0.5805225516094898,5.941133984965041e-09,None,None,None,None, , , , 
23493, ,0.5805225516094898,6.3682499447185856e-09,None,None,None,None, , , , 
23494, ,0.5805225516094898,6.826071834272379e-09,None,None,None,None, , , , 
23495, ,0.5805225516094898,7.316807143427175e-09,None,None,None,None, , , , 
23496, ,0.5805225516094898,7.842822061337681e-09,None,None,None,None, , , , 
23497, ,0.5805225516094898,8.406652885618316e-09,None,None,None,None, , , , 
23498, ,0.5805225516094898,9.011018251665036e-09,None,None,None,None, , , , 
23499, ,0.5805225516094898,9.658832241158707e-09,None,None,None,None, , , , 
23500, ,0.5805225516094898,1.0353218432956616e-08,None,None,None,None, , , , 
23501, ,0.5805225516094898,1.1097524964120722e-08,None,None,None,None, , , , 
23502, ,0.5805225516094898,1.1895340673703208e-08,None,None,None,None, , , , 
23503, ,0.5805225516094898,1.2750512407130128e-08,None,None,None,None, , , , 
23504, ,0.5805225516094898,1.3667163564620044e-08,None,None,None,None, , , , 
23505, ,0.5805225516094898,1.4649713983072853e-08,None,None,None,None, , , , 
23506, ,0.5805225516094898,1.5702901247293774e-08,None,None,None,None, , , , 
23507, ,0.5805225516094898,1.683180353330955e-08,None,None,None,None, , , , 
23508, ,0.5805225516094898,1.8041864093920717e-08,None,None,None,None, , , , 
23509, ,0.5805225516094898,1.933891750455232e-08,None,None,None,None, , , , 
23510, ,0.5805225516094898,2.0729217795953697e-08,None,None,None,None, , , , 
23511, ,0.5805225516094898,2.221946860939524e-08,None,None,None,None, , , , 
23512, ,0.5805225516094898,2.3816855519761606e-08,None,None,None,None, , , , 
23513, ,0.5805225516094898,2.552908068239516e-08,None,None,None,None, , , , 
23514, ,0.5805225516094898,2.7364399970746666e-08,None,None,None,None, , , , 
23515, ,0.5805225516094898,2.933166278390042e-08,None,None,None,None, , , , 
23516, ,0.5805225516094898,3.1440354715915e-08,None,None,None,None, , , , 
23517, ,0.5805225516094898,3.370064329271925e-08,None,None,None,None, , , , 
23518, ,0.5805225516094898,3.612342699709431e-08,None,None,None,None, , , , 
23519, ,0.5805225516094898,3.872038781812557e-08,None,None,None,None, , , , 
23520, ,0.5805225516094898,4.1504047578504727e-08,None,None,None,None, , , , 
23521, ,0.5805225516094898,4.448782831127585e-08,None,None,None,None, , , , 
23522, ,0.5805225516094898,4.768611697714474e-08,None,None,None,None, , , , 
23523, ,0.5805225516094898,5.111433483440165e-08,None,None,None,None, , , , 
23524, ,0.5805225516094898,5.478901179593934e-08,None,None,None,None, , , , 
23525, ,0.5805225516094898,5.872786613189478e-08,None,None,None,None, , , , 
23526, ,0.5805225516094898,6.294988990221888e-08,None,None,None,None, , , , 
23527, ,0.5805225516094898,6.747544053110687e-08,None,None,None,None, , , , 
23528, ,0.5805225516094898,7.232633896483534e-08,None,None,None,None, , , , 
23529, ,0.5805225516094898,7.752597488629465e-08,None,None,None,None, , , , 
23530, ,0.5805225516094898,8.309941949353386e-08,None,None,None,None, , , , 
23531, ,0.5805225516094898,8.907354638610439e-08,None,None,None,None, , , , 
23532, ,0.5805225516094898,9.547716114208066e-08,None,None,None,None, , , , 
23533, ,0.5805225516094898,1.0234114021054528e-07,None,None,None,None, , , , 
23534, ,0.5805225516094898,1.0969857978923841e-07,None,None,None,None, , , , 
23535, ,0.5805225516094898,1.1758495540521555e-07,None,None,None,None, , , , 
23536, ,0.5805225516094898,1.2603829296797277e-07,None,None,None,None, , , , 
23537, ,0.5805225516094898,1.350993521198025e-07,None,None,None,None, , , , 
23538, ,0.5805225516094898,1.4481182276745328e-07,None,None,None,None, , , , 
23539, ,0.5805225516094898,1.552225357427048e-07,None,None,None,None, , , , 
23540, ,0.5805225516094898,1.6638168860761273e-07,None,None,None,None, , , , 
23541, ,0.5805225516094898,1.7834308769319093e-07,None,None,None,None, , , , 
23542, ,0.5805225516094898,1.9116440753857e-07,None,None,None,None, , , , 
23543, ,0.5805225516094898,2.049074689815846e-07,None,None,None,None, , , , 
23544, ,0.5805225516094898,2.1963853724165468e-07,None,None,None,None, , , , 
23545, ,0.5805225516094898,2.3542864143224158e-07,None,None,None,None, , , , 
23546, ,0.5805225516094898,2.523539170434766e-07,None,None,None,None, , , , 
23547, ,0.5805225516094898,2.7049597304631316e-07,None,None,None,None, , , , 
23548, ,0.5805225516094898,2.899422853882875e-07,None,None,None,None, , , , 
23549, ,0.5805225516094898,3.107866187782014e-07,None,None,None,None, , , , 
23550, ,0.5805225516094898,3.33129478793467e-07,None,None,None,None, , , , 
23551, ,0.5805225516094898,3.5707859649004626e-07,None,None,None,None, , , , 
23552, ,0.5805225516094898,3.827494478516307e-07,None,None,None,None, , , , 
23553, ,0.5805225516094898,4.1026581058271904e-07,None,None,None,None, , , , 
23554, ,0.5805225516094898,4.397603609302722e-07,None,None,None,None, , , , 
23555, ,0.5805225516094898,4.7137531341167185e-07,None,None,None,None, , , , 
23556, ,0.5805225516094898,5.052631065335679e-07,None,None,None,None, , , , 
23557, ,0.5805225516094898,5.415871378079465e-07,None,None,None,None, , , , 
23558, ,0.5805225516094898,5.805225516094896e-07,None,None,None,None, , , , 
23559, ,0.5805225516094898,6.222570836730232e-07,None,None,None,None, , , , 
23560, ,0.5805225516094898,6.669919663030115e-07,None,None,None,None, , , , 
23561, ,0.5805225516094898,7.149428986597576e-07,None,None,None,None, , , , 
23562, ,0.5805225516094898,7.663410868007445e-07,None,None,None,None, , , , 
23563, ,0.5805225516094898,8.214343584919422e-07,None,None,None,None, , , , 
23564, ,0.5805225516094898,8.804883581643463e-07,None,None,None,None, , , , 
23565, ,0.5805225516094898,9.437878277775371e-07,None,None,None,None, , , , 
23566, ,0.5805225516094898,1.0116379797662072e-06,None,None,None,None, , , , 
23567, ,0.5805225516094898,1.0843659686896086e-06,None,None,None,None, , , , 
23568, ,0.5805225516094898,1.1623224686798522e-06,None,None,None,None, , , , 
23569, ,0.5805225516094898,1.2458833642950078e-06,None,None,None,None, , , , 
23570, ,0.5805225516094898,1.3354515629298971e-06,None,None,None,None, , , , 
23571, ,0.5805225516094898,1.4314589375234786e-06,None,None,None,None, , , , 
23572, ,0.5805225516094898,1.53436840893001e-06,None,None,None,None, , , , 
23573, ,0.5805225516094898,1.6446761779946631e-06,None,None,None,None, , , , 
23574, ,0.5805225516094898,1.762914118095948e-06,None,None,None,None, , , , 
23575, ,0.5805225516094898,1.8896523396912082e-06,None,None,None,None, , , , 
23576, ,0.5805225516094898,2.0255019392306664e-06,None,None,None,None, , , , 
23577, ,0.5805225516094898,2.171117945694501e-06,None,None,None,None, , , , 
23578, ,0.5805225516094898,2.327202478960408e-06,None,None,None,None, , , , 
23579, ,0.5805225516094898,2.494508135230317e-06,None,None,None,None, , , , 
23580, ,0.5805225516094898,2.673841615839944e-06,None,None,None,None, , , , 
23581, ,0.5805225516094898,2.8660676169482507e-06,None,None,None,None, , , , 
23582, ,0.5805225516094898,3.0721129988617524e-06,None,None,None,None, , , , 
23583, ,0.5805225516094898,3.292971255097148e-06,None,None,None,None, , , , 
23584, ,0.5805225516094898,3.5297073027306505e-06,None,None,None,None, , , , 
23585, ,0.5805225516094898,3.783462617131925e-06,None,None,None,None, , , , 
23586, ,0.5805225516094898,4.0554607358408275e-06,None,None,None,None, , , , 
23587, ,0.5805225516094898,4.3470131581250175e-06,None,None,None,None, , , , 
23588, ,0.5805225516094898,4.6595256686646765e-06,None,None,None,None, , , , 
23589, ,0.5805225516094898,4.99450511585514e-06,None,None,None,None, , , , 
23590, ,0.5805225516094898,5.353566677410719e-06,None,None,None,None, , , , 
23591, ,0.5805225516094898,5.738441648302393e-06,None,None,None,None, , , , 
23592, ,0.5805225516094898,6.150985788580505e-06,None,None,None,None, , , , 
23593, ,0.5805225516094898,6.593188271333541e-06,None,None,None,None, , , , 
23594, ,0.5805225516094898,7.067181273927492e-06,None,None,None,None, , , , 
23595, ,0.5805225516094898,7.575250258771904e-06,None,None,None,None, , , , 
23596, ,0.5805225516094898,8.119844993184007e-06,None,None,None,None, , , , 
23597, ,0.5805225516094898,8.703591361485167e-06,None,None,None,None, , , , 
23598, ,0.5805225516094898,9.329304026284676e-06,None,None,None,None, , , , 
23599, ,0.5805225516094898,1e-05,None,None,None,None, , , , 
23600, ,0.6010276782070382,1e-11,None,None,None,None, , , , 
23601, ,0.6010276782070382,1.0718913192051263e-11,None,None,None,None, , , , 
23602, ,0.6010276782070382,1.1489510001873107e-11,None,None,None,None, , , , 
23603, ,0.6010276782070382,1.2315506032928262e-11,None,None,None,None, , , , 
23604, ,0.6010276782070382,1.3200884008314167e-11,None,None,None,None, , , , 
23605, ,0.6010276782070382,1.4149912974345786e-11,None,None,None,None, , , , 
23606, ,0.6010276782070382,1.5167168884709242e-11,None,None,None,None, , , , 
23607, ,0.6010276782070382,1.6257556664437934e-11,None,None,None,None, , , , 
23608, ,0.6010276782070382,1.7426333860096473e-11,None,None,None,None, , , , 
23609, ,0.6010276782070382,1.8679135990207848e-11,None,None,None,None, , , , 
23610, ,0.6010276782070382,2.0022003718155844e-11,None,None,None,None, , , , 
23611, ,0.6010276782070382,2.1461411978584013e-11,None,None,None,None, , , , 
23612, ,0.6010276782070382,2.300430119772921e-11,None,None,None,None, , , , 
23613, ,0.6010276782070382,2.465811075822604e-11,None,None,None,None, , , , 
23614, ,0.6010276782070382,2.643081486974103e-11,None,None,None,None, , , , 
23615, ,0.6010276782070382,2.8330961018393178e-11,None,None,None,None, , , , 
23616, ,0.6010276782070382,3.036771118035461e-11,None,None,None,None, , , , 
23617, ,0.6010276782070382,3.255088599835057e-11,None,None,None,None, , , , 
23618, ,0.6010276782070382,3.4891012134067674e-11,None,None,None,None, , , , 
23619, ,0.6010276782070382,3.739937302478801e-11,None,None,None,None, , , , 
23620, ,0.6010276782070382,4.0088063288984646e-11,None,None,None,None, , , , 
23621, ,0.6010276782070382,4.297004704320835e-11,None,None,None,None, , , , 
23622, ,0.6010276782070382,4.605922041145113e-11,None,None,None,None, , , , 
23623, ,0.6010276782070382,4.937047852839004e-11,None,None,None,None, , , , 
23624, ,0.6010276782070382,5.2919787359584366e-11,None,None,None,None, , , , 
23625, ,0.6010276782070382,5.672426068491989e-11,None,None,None,None, , , , 
23626, ,0.6010276782070382,6.080224261649427e-11,None,None,None,None, , , , 
23627, ,0.6010276782070382,6.517339604882421e-11,None,None,None,None, , , , 
23628, ,0.6010276782070382,6.985879746785235e-11,None,None,None,None, , , , 
23629, ,0.6010276782070382,7.48810385759003e-11,None,None,None,None, , , , 
23630, ,0.6010276782070382,8.026433522257174e-11,None,None,None,None, , , , 
23631, ,0.6010276782070382,8.603464416684492e-11,None,None,None,None, , , , 
23632, ,0.6010276782070382,9.221978823334341e-11,None,None,None,None, , , , 
23633, ,0.6010276782070382,9.884959046625586e-11,None,None,None,None, , , , 
23634, ,0.6010276782070382,1.0595601792776149e-10,None,None,None,None, , , , 
23635, ,0.6010276782070382,1.1357333583431027e-10,None,None,None,None, , , , 
23636, ,0.6010276782070382,1.217382727739662e-10,None,None,None,None, , , , 
23637, ,0.6010276782070382,1.3049019780144016e-10,None,None,None,None, , , , 
23638, ,0.6010276782070382,1.398713102647236e-10,None,None,None,None, , , , 
23639, ,0.6010276782070382,1.4992684327860468e-10,None,None,None,None, , , , 
23640, ,0.6010276782070382,1.6070528182616384e-10,None,None,None,None, , , , 
23641, ,0.6010276782070382,1.722585965398784e-10,None,None,None,None, , , , 
23642, ,0.6010276782070382,1.8464249428955463e-10,None,None,None,None, , , , 
23643, ,0.6010276782070382,1.9791668678535569e-10,None,None,None,None, , , , 
23644, ,0.6010276782070382,2.121451784910628e-10,None,None,None,None, , , , 
23645, ,0.6010276782070382,2.273965752357932e-10,None,None,None,None, , , , 
23646, ,0.6010276782070382,2.4374441501222216e-10,None,None,None,None, , , , 
23647, ,0.6010276782070382,2.6126752255633265e-10,None,None,None,None, , , , 
23648, ,0.6010276782070382,2.8005038941836253e-10,None,None,None,None, , , , 
23649, ,0.6010276782070382,3.0018358135755917e-10,None,None,None,None, , , , 
23650, ,0.6010276782070382,3.2176417502507347e-10,None,None,None,None, , , , 
23651, ,0.6010276782070382,3.4489622604057533e-10,None,None,None,None, , , , 
23652, ,0.6010276782070382,3.696912707195032e-10,None,None,None,None, , , , 
23653, ,0.6010276782070382,3.9626886387014783e-10,None,None,None,None, , , , 
23654, ,0.6010276782070382,4.2475715525368935e-10,None,None,None,None, , , , 
23655, ,0.6010276782070382,4.552935074866938e-10,None,None,None,None, , , , 
23656, ,0.6010276782070382,4.880251583654433e-10,None,None,None,None, , , , 
23657, ,0.6010276782070382,5.231099308056258e-10,None,None,None,None, , , , 
23658, ,0.6010276782070382,5.60716993820547e-10,None,None,None,None, , , , 
23659, ,0.6010276782070382,6.010276782070387e-10,None,None,None,None, , , , 
23660, ,0.6010276782070382,6.442363508721371e-10,None,None,None,None, , , , 
23661, ,0.6010276782070382,6.905513520162316e-10,None,None,None,None, , , , 
23662, ,0.6010276782070382,7.401959996915653e-10,None,None,None,None, , , , 
23663, ,0.6010276782070382,7.934096665797492e-10,None,None,None,None, , , , 
23664, ,0.6010276782070382,8.504489341802668e-10,None,None,None,None, , , , 
23665, ,0.6010276782070382,9.115888299750837e-10,None,None,None,None, , , , 
23666, ,0.6010276782070382,9.771241535346502e-10,None,None,None,None, , , , 
23667, ,0.6010276782070382,1.0473708979594486e-09,None,None,None,None, , , , 
23668, ,0.6010276782070382,1.1226677735108114e-09,None,None,None,None, , , , 
23669, ,0.6010276782070382,1.2033778407775904e-09,None,None,None,None, , , , 
23670, ,0.6010276782070382,1.289890261253308e-09,None,None,None,None, , , , 
23671, ,0.6010276782070382,1.3826221737646535e-09,None,None,None,None, , , , 
23672, ,0.6010276782070382,1.4820207057988602e-09,None,None,None,None, , , , 
23673, ,0.6010276782070382,1.5885651294280526e-09,None,None,None,None, , , , 
23674, ,0.6010276782070382,1.702769172225898e-09,None,None,None,None, , , , 
23675, ,0.6010276782070382,1.825183494319039e-09,None,None,None,None, , , , 
23676, ,0.6010276782070382,1.956398343517065e-09,None,None,None,None, , , , 
23677, ,0.6010276782070382,2.0970464013232305e-09,None,None,None,None, , , , 
23678, ,0.6010276782070382,2.2478058335487307e-09,None,None,None,None, , , , 
23679, ,0.6010276782070382,2.409403560239527e-09,None,None,None,None, , , , 
23680, ,0.6010276782070382,2.582618760682675e-09,None,None,None,None, , , , 
23681, ,0.6010276782070382,2.768286630392061e-09,None,None,None,None, , , , 
23682, ,0.6010276782070382,2.9673024081888724e-09,None,None,None,None, , , , 
23683, ,0.6010276782070382,3.180625692794119e-09,None,None,None,None, , , , 
23684, ,0.6010276782070382,3.409285069746807e-09,None,None,None,None, , , , 
23685, ,0.6010276782070382,3.654383070957262e-09,None,None,None,None, , , , 
23686, ,0.6010276782070382,3.917101490809261e-09,None,None,None,None, , , , 
23687, ,0.6010276782070382,4.198707084443906e-09,None,None,None,None, , , , 
23688, ,0.6010276782070382,4.500557675700488e-09,None,None,None,None, , , , 
23689, ,0.6010276782070382,4.824108704165374e-09,None,None,None,None, , , , 
23690, ,0.6010276782070382,5.170920242896755e-09,None,None,None,None, , , , 
23691, ,0.6010276782070382,5.542664520663096e-09,None,None,None,None, , , , 
23692, ,0.6010276782070382,5.941133984965041e-09,None,None,None,None, , , , 
23693, ,0.6010276782070382,6.3682499447185856e-09,None,None,None,None, , , , 
23694, ,0.6010276782070382,6.826071834272379e-09,None,None,None,None, , , , 
23695, ,0.6010276782070382,7.316807143427175e-09,None,None,None,None, , , , 
23696, ,0.6010276782070382,7.842822061337681e-09,None,None,None,None, , , , 
23697, ,0.6010276782070382,8.406652885618316e-09,None,None,None,None, , , , 
23698, ,0.6010276782070382,9.011018251665036e-09,None,None,None,None, , , , 
23699, ,0.6010276782070382,9.658832241158707e-09,None,None,None,None, , , , 
23700, ,0.6010276782070382,1.0353218432956616e-08,None,None,None,None, , , , 
23701, ,0.6010276782070382,1.1097524964120722e-08,None,None,None,None, , , , 
23702, ,0.6010276782070382,1.1895340673703208e-08,None,None,None,None, , , , 
23703, ,0.6010276782070382,1.2750512407130128e-08,None,None,None,None, , , , 
23704, ,0.6010276782070382,1.3667163564620044e-08,None,None,None,None, , , , 
23705, ,0.6010276782070382,1.4649713983072853e-08,None,None,None,None, , , , 
23706, ,0.6010276782070382,1.5702901247293774e-08,None,None,None,None, , , , 
23707, ,0.6010276782070382,1.683180353330955e-08,None,None,None,None, , , , 
23708, ,0.6010276782070382,1.8041864093920717e-08,None,None,None,None, , , , 
23709, ,0.6010276782070382,1.933891750455232e-08,None,None,None,None, , , , 
23710, ,0.6010276782070382,2.0729217795953697e-08,None,None,None,None, , , , 
23711, ,0.6010276782070382,2.221946860939524e-08,None,None,None,None, , , , 
23712, ,0.6010276782070382,2.3816855519761606e-08,None,None,None,None, , , , 
23713, ,0.6010276782070382,2.552908068239516e-08,None,None,None,None, , , , 
23714, ,0.6010276782070382,2.7364399970746666e-08,None,None,None,None, , , , 
23715, ,0.6010276782070382,2.933166278390042e-08,None,None,None,None, , , , 
23716, ,0.6010276782070382,3.1440354715915e-08,None,None,None,None, , , , 
23717, ,0.6010276782070382,3.370064329271925e-08,None,None,None,None, , , , 
23718, ,0.6010276782070382,3.612342699709431e-08,None,None,None,None, , , , 
23719, ,0.6010276782070382,3.872038781812557e-08,None,None,None,None, , , , 
23720, ,0.6010276782070382,4.1504047578504727e-08,None,None,None,None, , , , 
23721, ,0.6010276782070382,4.448782831127585e-08,None,None,None,None, , , , 
23722, ,0.6010276782070382,4.768611697714474e-08,None,None,None,None, , , , 
23723, ,0.6010276782070382,5.111433483440165e-08,None,None,None,None, , , , 
23724, ,0.6010276782070382,5.478901179593934e-08,None,None,None,None, , , , 
23725, ,0.6010276782070382,5.872786613189478e-08,None,None,None,None, , , , 
23726, ,0.6010276782070382,6.294988990221888e-08,None,None,None,None, , , , 
23727, ,0.6010276782070382,6.747544053110687e-08,None,None,None,None, , , , 
23728, ,0.6010276782070382,7.232633896483534e-08,None,None,None,None, , , , 
23729, ,0.6010276782070382,7.752597488629465e-08,None,None,None,None, , , , 
23730, ,0.6010276782070382,8.309941949353386e-08,None,None,None,None, , , , 
23731, ,0.6010276782070382,8.907354638610439e-08,None,None,None,None, , , , 
23732, ,0.6010276782070382,9.547716114208066e-08,None,None,None,None, , , , 
23733, ,0.6010276782070382,1.0234114021054528e-07,None,None,None,None, , , , 
23734, ,0.6010276782070382,1.0969857978923841e-07,None,None,None,None, , , , 
23735, ,0.6010276782070382,1.1758495540521555e-07,None,None,None,None, , , , 
23736, ,0.6010276782070382,1.2603829296797277e-07,None,None,None,None, , , , 
23737, ,0.6010276782070382,1.350993521198025e-07,None,None,None,None, , , , 
23738, ,0.6010276782070382,1.4481182276745328e-07,None,None,None,None, , , , 
23739, ,0.6010276782070382,1.552225357427048e-07,None,None,None,None, , , , 
23740, ,0.6010276782070382,1.6638168860761273e-07,None,None,None,None, , , , 
23741, ,0.6010276782070382,1.7834308769319093e-07,None,None,None,None, , , , 
23742, ,0.6010276782070382,1.9116440753857e-07,None,None,None,None, , , , 
23743, ,0.6010276782070382,2.049074689815846e-07,None,None,None,None, , , , 
23744, ,0.6010276782070382,2.1963853724165468e-07,None,None,None,None, , , , 
23745, ,0.6010276782070382,2.3542864143224158e-07,None,None,None,None, , , , 
23746, ,0.6010276782070382,2.523539170434766e-07,None,None,None,None, , , , 
23747, ,0.6010276782070382,2.7049597304631316e-07,None,None,None,None, , , , 
23748, ,0.6010276782070382,2.899422853882875e-07,None,None,None,None, , , , 
23749, ,0.6010276782070382,3.107866187782014e-07,None,None,None,None, , , , 
23750, ,0.6010276782070382,3.33129478793467e-07,None,None,None,None, , , , 
23751, ,0.6010276782070382,3.5707859649004626e-07,None,None,None,None, , , , 
23752, ,0.6010276782070382,3.827494478516307e-07,None,None,None,None, , , , 
23753, ,0.6010276782070382,4.1026581058271904e-07,None,None,None,None, , , , 
23754, ,0.6010276782070382,4.397603609302722e-07,None,None,None,None, , , , 
23755, ,0.6010276782070382,4.7137531341167185e-07,None,None,None,None, , , , 
23756, ,0.6010276782070382,5.052631065335679e-07,None,None,None,None, , , , 
23757, ,0.6010276782070382,5.415871378079465e-07,None,None,None,None, , , , 
23758, ,0.6010276782070382,5.805225516094896e-07,None,None,None,None, , , , 
23759, ,0.6010276782070382,6.222570836730232e-07,None,None,None,None, , , , 
23760, ,0.6010276782070382,6.669919663030115e-07,None,None,None,None, , , , 
23761, ,0.6010276782070382,7.149428986597576e-07,None,None,None,None, , , , 
23762, ,0.6010276782070382,7.663410868007445e-07,None,None,None,None, , , , 
23763, ,0.6010276782070382,8.214343584919422e-07,None,None,None,None, , , , 
23764, ,0.6010276782070382,8.804883581643463e-07,None,None,None,None, , , , 
23765, ,0.6010276782070382,9.437878277775371e-07,None,None,None,None, , , , 
23766, ,0.6010276782070382,1.0116379797662072e-06,None,None,None,None, , , , 
23767, ,0.6010276782070382,1.0843659686896086e-06,None,None,None,None, , , , 
23768, ,0.6010276782070382,1.1623224686798522e-06,None,None,None,None, , , , 
23769, ,0.6010276782070382,1.2458833642950078e-06,None,None,None,None, , , , 
23770, ,0.6010276782070382,1.3354515629298971e-06,None,None,None,None, , , , 
23771, ,0.6010276782070382,1.4314589375234786e-06,None,None,None,None, , , , 
23772, ,0.6010276782070382,1.53436840893001e-06,None,None,None,None, , , , 
23773, ,0.6010276782070382,1.6446761779946631e-06,None,None,None,None, , , , 
23774, ,0.6010276782070382,1.762914118095948e-06,None,None,None,None, , , , 
23775, ,0.6010276782070382,1.8896523396912082e-06,None,None,None,None, , , , 
23776, ,0.6010276782070382,2.0255019392306664e-06,None,None,None,None, , , , 
23777, ,0.6010276782070382,2.171117945694501e-06,None,None,None,None, , , , 
23778, ,0.6010276782070382,2.327202478960408e-06,None,None,None,None, , , , 
23779, ,0.6010276782070382,2.494508135230317e-06,None,None,None,None, , , , 
23780, ,0.6010276782070382,2.673841615839944e-06,None,None,None,None, , , , 
23781, ,0.6010276782070382,2.8660676169482507e-06,None,None,None,None, , , , 
23782, ,0.6010276782070382,3.0721129988617524e-06,None,None,None,None, , , , 
23783, ,0.6010276782070382,3.292971255097148e-06,None,None,None,None, , , , 
23784, ,0.6010276782070382,3.5297073027306505e-06,None,None,None,None, , , , 
23785, ,0.6010276782070382,3.783462617131925e-06,None,None,None,None, , , , 
23786, ,0.6010276782070382,4.0554607358408275e-06,None,None,None,None, , , , 
23787, ,0.6010276782070382,4.3470131581250175e-06,None,None,None,None, , , , 
23788, ,0.6010276782070382,4.6595256686646765e-06,None,None,None,None, , , , 
23789, ,0.6010276782070382,4.99450511585514e-06,None,None,None,None, , , , 
23790, ,0.6010276782070382,5.353566677410719e-06,None,None,None,None, , , , 
23791, ,0.6010276782070382,5.738441648302393e-06,None,None,None,None, , , , 
23792, ,0.6010276782070382,6.150985788580505e-06,None,None,None,None, , , , 
23793, ,0.6010276782070382,6.593188271333541e-06,None,None,None,None, , , , 
23794, ,0.6010276782070382,7.067181273927492e-06,None,None,None,None, , , , 
23795, ,0.6010276782070382,7.575250258771904e-06,None,None,None,None, , , , 
23796, ,0.6010276782070382,8.119844993184007e-06,None,None,None,None, , , , 
23797, ,0.6010276782070382,8.703591361485167e-06,None,None,None,None, , , , 
23798, ,0.6010276782070382,9.329304026284676e-06,None,None,None,None, , , , 
23799, ,0.6010276782070382,1e-05,None,None,None,None, , , , 
23800, ,0.6222570836730228,1e-11,None,None,None,None, , , , 
23801, ,0.6222570836730228,1.0718913192051263e-11,None,None,None,None, , , , 
23802, ,0.6222570836730228,1.1489510001873107e-11,None,None,None,None, , , , 
23803, ,0.6222570836730228,1.2315506032928262e-11,None,None,None,None, , , , 
23804, ,0.6222570836730228,1.3200884008314167e-11,None,None,None,None, , , , 
23805, ,0.6222570836730228,1.4149912974345786e-11,None,None,None,None, , , , 
23806, ,0.6222570836730228,1.5167168884709242e-11,None,None,None,None, , , , 
23807, ,0.6222570836730228,1.6257556664437934e-11,None,None,None,None, , , , 
23808, ,0.6222570836730228,1.7426333860096473e-11,None,None,None,None, , , , 
23809, ,0.6222570836730228,1.8679135990207848e-11,None,None,None,None, , , , 
23810, ,0.6222570836730228,2.0022003718155844e-11,None,None,None,None, , , , 
23811, ,0.6222570836730228,2.1461411978584013e-11,None,None,None,None, , , , 
23812, ,0.6222570836730228,2.300430119772921e-11,None,None,None,None, , , , 
23813, ,0.6222570836730228,2.465811075822604e-11,None,None,None,None, , , , 
23814, ,0.6222570836730228,2.643081486974103e-11,None,None,None,None, , , , 
23815, ,0.6222570836730228,2.8330961018393178e-11,None,None,None,None, , , , 
23816, ,0.6222570836730228,3.036771118035461e-11,None,None,None,None, , , , 
23817, ,0.6222570836730228,3.255088599835057e-11,None,None,None,None, , , , 
23818, ,0.6222570836730228,3.4891012134067674e-11,None,None,None,None, , , , 
23819, ,0.6222570836730228,3.739937302478801e-11,None,None,None,None, , , , 
23820, ,0.6222570836730228,4.0088063288984646e-11,None,None,None,None, , , , 
23821, ,0.6222570836730228,4.297004704320835e-11,None,None,None,None, , , , 
23822, ,0.6222570836730228,4.605922041145113e-11,None,None,None,None, , , , 
23823, ,0.6222570836730228,4.937047852839004e-11,None,None,None,None, , , , 
23824, ,0.6222570836730228,5.2919787359584366e-11,None,None,None,None, , , , 
23825, ,0.6222570836730228,5.672426068491989e-11,None,None,None,None, , , , 
23826, ,0.6222570836730228,6.080224261649427e-11,None,None,None,None, , , , 
23827, ,0.6222570836730228,6.517339604882421e-11,None,None,None,None, , , , 
23828, ,0.6222570836730228,6.985879746785235e-11,None,None,None,None, , , , 
23829, ,0.6222570836730228,7.48810385759003e-11,None,None,None,None, , , , 
23830, ,0.6222570836730228,8.026433522257174e-11,None,None,None,None, , , , 
23831, ,0.6222570836730228,8.603464416684492e-11,None,None,None,None, , , , 
23832, ,0.6222570836730228,9.221978823334341e-11,None,None,None,None, , , , 
23833, ,0.6222570836730228,9.884959046625586e-11,None,None,None,None, , , , 
23834, ,0.6222570836730228,1.0595601792776149e-10,None,None,None,None, , , , 
23835, ,0.6222570836730228,1.1357333583431027e-10,None,None,None,None, , , , 
23836, ,0.6222570836730228,1.217382727739662e-10,None,None,None,None, , , , 
23837, ,0.6222570836730228,1.3049019780144016e-10,None,None,None,None, , , , 
23838, ,0.6222570836730228,1.398713102647236e-10,None,None,None,None, , , , 
23839, ,0.6222570836730228,1.4992684327860468e-10,None,None,None,None, , , , 
23840, ,0.6222570836730228,1.6070528182616384e-10,None,None,None,None, , , , 
23841, ,0.6222570836730228,1.722585965398784e-10,None,None,None,None, , , , 
23842, ,0.6222570836730228,1.8464249428955463e-10,None,None,None,None, , , , 
23843, ,0.6222570836730228,1.9791668678535569e-10,None,None,None,None, , , , 
23844, ,0.6222570836730228,2.121451784910628e-10,None,None,None,None, , , , 
23845, ,0.6222570836730228,2.273965752357932e-10,None,None,None,None, , , , 
23846, ,0.6222570836730228,2.4374441501222216e-10,None,None,None,None, , , , 
23847, ,0.6222570836730228,2.6126752255633265e-10,None,None,None,None, , , , 
23848, ,0.6222570836730228,2.8005038941836253e-10,None,None,None,None, , , , 
23849, ,0.6222570836730228,3.0018358135755917e-10,None,None,None,None, , , , 
23850, ,0.6222570836730228,3.2176417502507347e-10,None,None,None,None, , , , 
23851, ,0.6222570836730228,3.4489622604057533e-10,None,None,None,None, , , , 
23852, ,0.6222570836730228,3.696912707195032e-10,None,None,None,None, , , , 
23853, ,0.6222570836730228,3.9626886387014783e-10,None,None,None,None, , , , 
23854, ,0.6222570836730228,4.2475715525368935e-10,None,None,None,None, , , , 
23855, ,0.6222570836730228,4.552935074866938e-10,None,None,None,None, , , , 
23856, ,0.6222570836730228,4.880251583654433e-10,None,None,None,None, , , , 
23857, ,0.6222570836730228,5.231099308056258e-10,None,None,None,None, , , , 
23858, ,0.6222570836730228,5.60716993820547e-10,None,None,None,None, , , , 
23859, ,0.6222570836730228,6.010276782070387e-10,None,None,None,None, , , , 
23860, ,0.6222570836730228,6.442363508721371e-10,None,None,None,None, , , , 
23861, ,0.6222570836730228,6.905513520162316e-10,None,None,None,None, , , , 
23862, ,0.6222570836730228,7.401959996915653e-10,None,None,None,None, , , , 
23863, ,0.6222570836730228,7.934096665797492e-10,None,None,None,None, , , , 
23864, ,0.6222570836730228,8.504489341802668e-10,None,None,None,None, , , , 
23865, ,0.6222570836730228,9.115888299750837e-10,None,None,None,None, , , , 
23866, ,0.6222570836730228,9.771241535346502e-10,None,None,None,None, , , , 
23867, ,0.6222570836730228,1.0473708979594486e-09,None,None,None,None, , , , 
23868, ,0.6222570836730228,1.1226677735108114e-09,None,None,None,None, , , , 
23869, ,0.6222570836730228,1.2033778407775904e-09,None,None,None,None, , , , 
23870, ,0.6222570836730228,1.289890261253308e-09,None,None,None,None, , , , 
23871, ,0.6222570836730228,1.3826221737646535e-09,None,None,None,None, , , , 
23872, ,0.6222570836730228,1.4820207057988602e-09,None,None,None,None, , , , 
23873, ,0.6222570836730228,1.5885651294280526e-09,None,None,None,None, , , , 
23874, ,0.6222570836730228,1.702769172225898e-09,None,None,None,None, , , , 
23875, ,0.6222570836730228,1.825183494319039e-09,None,None,None,None, , , , 
23876, ,0.6222570836730228,1.956398343517065e-09,None,None,None,None, , , , 
23877, ,0.6222570836730228,2.0970464013232305e-09,None,None,None,None, , , , 
23878, ,0.6222570836730228,2.2478058335487307e-09,None,None,None,None, , , , 
23879, ,0.6222570836730228,2.409403560239527e-09,None,None,None,None, , , , 
23880, ,0.6222570836730228,2.582618760682675e-09,None,None,None,None, , , , 
23881, ,0.6222570836730228,2.768286630392061e-09,None,None,None,None, , , , 
23882, ,0.6222570836730228,2.9673024081888724e-09,None,None,None,None, , , , 
23883, ,0.6222570836730228,3.180625692794119e-09,None,None,None,None, , , , 
23884, ,0.6222570836730228,3.409285069746807e-09,None,None,None,None, , , , 
23885, ,0.6222570836730228,3.654383070957262e-09,None,None,None,None, , , , 
23886, ,0.6222570836730228,3.917101490809261e-09,None,None,None,None, , , , 
23887, ,0.6222570836730228,4.198707084443906e-09,None,None,None,None, , , , 
23888, ,0.6222570836730228,4.500557675700488e-09,None,None,None,None, , , , 
23889, ,0.6222570836730228,4.824108704165374e-09,None,None,None,None, , , , 
23890, ,0.6222570836730228,5.170920242896755e-09,None,None,None,None, , , , 
23891, ,0.6222570836730228,5.542664520663096e-09,None,None,None,None, , , , 
23892, ,0.6222570836730228,5.941133984965041e-09,None,None,None,None, , , , 
23893, ,0.6222570836730228,6.3682499447185856e-09,None,None,None,None, , , , 
23894, ,0.6222570836730228,6.826071834272379e-09,None,None,None,None, , , , 
23895, ,0.6222570836730228,7.316807143427175e-09,None,None,None,None, , , , 
23896, ,0.6222570836730228,7.842822061337681e-09,None,None,None,None, , , , 
23897, ,0.6222570836730228,8.406652885618316e-09,None,None,None,None, , , , 
23898, ,0.6222570836730228,9.011018251665036e-09,None,None,None,None, , , , 
23899, ,0.6222570836730228,9.658832241158707e-09,None,None,None,None, , , , 
23900, ,0.6222570836730228,1.0353218432956616e-08,None,None,None,None, , , , 
23901, ,0.6222570836730228,1.1097524964120722e-08,None,None,None,None, , , , 
23902, ,0.6222570836730228,1.1895340673703208e-08,None,None,None,None, , , , 
23903, ,0.6222570836730228,1.2750512407130128e-08,None,None,None,None, , , , 
23904, ,0.6222570836730228,1.3667163564620044e-08,None,None,None,None, , , , 
23905, ,0.6222570836730228,1.4649713983072853e-08,None,None,None,None, , , , 
23906, ,0.6222570836730228,1.5702901247293774e-08,None,None,None,None, , , , 
23907, ,0.6222570836730228,1.683180353330955e-08,None,None,None,None, , , , 
23908, ,0.6222570836730228,1.8041864093920717e-08,None,None,None,None, , , , 
23909, ,0.6222570836730228,1.933891750455232e-08,None,None,None,None, , , , 
23910, ,0.6222570836730228,2.0729217795953697e-08,None,None,None,None, , , , 
23911, ,0.6222570836730228,2.221946860939524e-08,None,None,None,None, , , , 
23912, ,0.6222570836730228,2.3816855519761606e-08,None,None,None,None, , , , 
23913, ,0.6222570836730228,2.552908068239516e-08,None,None,None,None, , , , 
23914, ,0.6222570836730228,2.7364399970746666e-08,None,None,None,None, , , , 
23915, ,0.6222570836730228,2.933166278390042e-08,None,None,None,None, , , , 
23916, ,0.6222570836730228,3.1440354715915e-08,None,None,None,None, , , , 
23917, ,0.6222570836730228,3.370064329271925e-08,None,None,None,None, , , , 
23918, ,0.6222570836730228,3.612342699709431e-08,None,None,None,None, , , , 
23919, ,0.6222570836730228,3.872038781812557e-08,None,None,None,None, , , , 
23920, ,0.6222570836730228,4.1504047578504727e-08,None,None,None,None, , , , 
23921, ,0.6222570836730228,4.448782831127585e-08,None,None,None,None, , , , 
23922, ,0.6222570836730228,4.768611697714474e-08,None,None,None,None, , , , 
23923, ,0.6222570836730228,5.111433483440165e-08,None,None,None,None, , , , 
23924, ,0.6222570836730228,5.478901179593934e-08,None,None,None,None, , , , 
23925, ,0.6222570836730228,5.872786613189478e-08,None,None,None,None, , , , 
23926, ,0.6222570836730228,6.294988990221888e-08,None,None,None,None, , , , 
23927, ,0.6222570836730228,6.747544053110687e-08,None,None,None,None, , , , 
23928, ,0.6222570836730228,7.232633896483534e-08,None,None,None,None, , , , 
23929, ,0.6222570836730228,7.752597488629465e-08,None,None,None,None, , , , 
23930, ,0.6222570836730228,8.309941949353386e-08,None,None,None,None, , , , 
23931, ,0.6222570836730228,8.907354638610439e-08,None,None,None,None, , , , 
23932, ,0.6222570836730228,9.547716114208066e-08,None,None,None,None, , , , 
23933, ,0.6222570836730228,1.0234114021054528e-07,None,None,None,None, , , , 
23934, ,0.6222570836730228,1.0969857978923841e-07,None,None,None,None, , , , 
23935, ,0.6222570836730228,1.1758495540521555e-07,None,None,None,None, , , , 
23936, ,0.6222570836730228,1.2603829296797277e-07,None,None,None,None, , , , 
23937, ,0.6222570836730228,1.350993521198025e-07,None,None,None,None, , , , 
23938, ,0.6222570836730228,1.4481182276745328e-07,None,None,None,None, , , , 
23939, ,0.6222570836730228,1.552225357427048e-07,None,None,None,None, , , , 
23940, ,0.6222570836730228,1.6638168860761273e-07,None,None,None,None, , , , 
23941, ,0.6222570836730228,1.7834308769319093e-07,None,None,None,None, , , , 
23942, ,0.6222570836730228,1.9116440753857e-07,None,None,None,None, , , , 
23943, ,0.6222570836730228,2.049074689815846e-07,None,None,None,None, , , , 
23944, ,0.6222570836730228,2.1963853724165468e-07,None,None,None,None, , , , 
23945, ,0.6222570836730228,2.3542864143224158e-07,None,None,None,None, , , , 
23946, ,0.6222570836730228,2.523539170434766e-07,None,None,None,None, , , , 
23947, ,0.6222570836730228,2.7049597304631316e-07,None,None,None,None, , , , 
23948, ,0.6222570836730228,2.899422853882875e-07,None,None,None,None, , , , 
23949, ,0.6222570836730228,3.107866187782014e-07,None,None,None,None, , , , 
23950, ,0.6222570836730228,3.33129478793467e-07,None,None,None,None, , , , 
23951, ,0.6222570836730228,3.5707859649004626e-07,None,None,None,None, , , , 
23952, ,0.6222570836730228,3.827494478516307e-07,None,None,None,None, , , , 
23953, ,0.6222570836730228,4.1026581058271904e-07,None,None,None,None, , , , 
23954, ,0.6222570836730228,4.397603609302722e-07,None,None,None,None, , , , 
23955, ,0.6222570836730228,4.7137531341167185e-07,None,None,None,None, , , , 
23956, ,0.6222570836730228,5.052631065335679e-07,None,None,None,None, , , , 
23957, ,0.6222570836730228,5.415871378079465e-07,None,None,None,None, , , , 
23958, ,0.6222570836730228,5.805225516094896e-07,None,None,None,None, , , , 
23959, ,0.6222570836730228,6.222570836730232e-07,None,None,None,None, , , , 
23960, ,0.6222570836730228,6.669919663030115e-07,None,None,None,None, , , , 
23961, ,0.6222570836730228,7.149428986597576e-07,None,None,None,None, , , , 
23962, ,0.6222570836730228,7.663410868007445e-07,None,None,None,None, , , , 
23963, ,0.6222570836730228,8.214343584919422e-07,None,None,None,None, , , , 
23964, ,0.6222570836730228,8.804883581643463e-07,None,None,None,None, , , , 
23965, ,0.6222570836730228,9.437878277775371e-07,None,None,None,None, , , , 
23966, ,0.6222570836730228,1.0116379797662072e-06,None,None,None,None, , , , 
23967, ,0.6222570836730228,1.0843659686896086e-06,None,None,None,None, , , , 
23968, ,0.6222570836730228,1.1623224686798522e-06,None,None,None,None, , , , 
23969, ,0.6222570836730228,1.2458833642950078e-06,None,None,None,None, , , , 
23970, ,0.6222570836730228,1.3354515629298971e-06,None,None,None,None, , , , 
23971, ,0.6222570836730228,1.4314589375234786e-06,None,None,None,None, , , , 
23972, ,0.6222570836730228,1.53436840893001e-06,None,None,None,None, , , , 
23973, ,0.6222570836730228,1.6446761779946631e-06,None,None,None,None, , , , 
23974, ,0.6222570836730228,1.762914118095948e-06,None,None,None,None, , , , 
23975, ,0.6222570836730228,1.8896523396912082e-06,None,None,None,None, , , , 
23976, ,0.6222570836730228,2.0255019392306664e-06,None,None,None,None, , , , 
23977, ,0.6222570836730228,2.171117945694501e-06,None,None,None,None, , , , 
23978, ,0.6222570836730228,2.327202478960408e-06,None,None,None,None, , , , 
23979, ,0.6222570836730228,2.494508135230317e-06,None,None,None,None, , , , 
23980, ,0.6222570836730228,2.673841615839944e-06,None,None,None,None, , , , 
23981, ,0.6222570836730228,2.8660676169482507e-06,None,None,None,None, , , , 
23982, ,0.6222570836730228,3.0721129988617524e-06,None,None,None,None, , , , 
23983, ,0.6222570836730228,3.292971255097148e-06,None,None,None,None, , , , 
23984, ,0.6222570836730228,3.5297073027306505e-06,None,None,None,None, , , , 
23985, ,0.6222570836730228,3.783462617131925e-06,None,None,None,None, , , , 
23986, ,0.6222570836730228,4.0554607358408275e-06,None,None,None,None, , , , 
23987, ,0.6222570836730228,4.3470131581250175e-06,None,None,None,None, , , , 
23988, ,0.6222570836730228,4.6595256686646765e-06,None,None,None,None, , , , 
23989, ,0.6222570836730228,4.99450511585514e-06,None,None,None,None, , , , 
23990, ,0.6222570836730228,5.353566677410719e-06,None,None,None,None, , , , 
23991, ,0.6222570836730228,5.738441648302393e-06,None,None,None,None, , , , 
23992, ,0.6222570836730228,6.150985788580505e-06,None,None,None,None, , , , 
23993, ,0.6222570836730228,6.593188271333541e-06,None,None,None,None, , , , 
23994, ,0.6222570836730228,7.067181273927492e-06,None,None,None,None, , , , 
23995, ,0.6222570836730228,7.575250258771904e-06,None,None,None,None, , , , 
23996, ,0.6222570836730228,8.119844993184007e-06,None,None,None,None, , , , 
23997, ,0.6222570836730228,8.703591361485167e-06,None,None,None,None, , , , 
23998, ,0.6222570836730228,9.329304026284676e-06,None,None,None,None, , , , 
23999, ,0.6222570836730228,1e-05,None,None,None,None, , , , 
24000, ,0.6442363508721372,1e-11,None,None,None,None, , , , 
24001, ,0.6442363508721372,1.0718913192051263e-11,None,None,None,None, , , , 
24002, ,0.6442363508721372,1.1489510001873107e-11,None,None,None,None, , , , 
24003, ,0.6442363508721372,1.2315506032928262e-11,None,None,None,None, , , , 
24004, ,0.6442363508721372,1.3200884008314167e-11,None,None,None,None, , , , 
24005, ,0.6442363508721372,1.4149912974345786e-11,None,None,None,None, , , , 
24006, ,0.6442363508721372,1.5167168884709242e-11,None,None,None,None, , , , 
24007, ,0.6442363508721372,1.6257556664437934e-11,None,None,None,None, , , , 
24008, ,0.6442363508721372,1.7426333860096473e-11,None,None,None,None, , , , 
24009, ,0.6442363508721372,1.8679135990207848e-11,None,None,None,None, , , , 
24010, ,0.6442363508721372,2.0022003718155844e-11,None,None,None,None, , , , 
24011, ,0.6442363508721372,2.1461411978584013e-11,None,None,None,None, , , , 
24012, ,0.6442363508721372,2.300430119772921e-11,None,None,None,None, , , , 
24013, ,0.6442363508721372,2.465811075822604e-11,None,None,None,None, , , , 
24014, ,0.6442363508721372,2.643081486974103e-11,None,None,None,None, , , , 
24015, ,0.6442363508721372,2.8330961018393178e-11,None,None,None,None, , , , 
24016, ,0.6442363508721372,3.036771118035461e-11,None,None,None,None, , , , 
24017, ,0.6442363508721372,3.255088599835057e-11,None,None,None,None, , , , 
24018, ,0.6442363508721372,3.4891012134067674e-11,None,None,None,None, , , , 
24019, ,0.6442363508721372,3.739937302478801e-11,None,None,None,None, , , , 
24020, ,0.6442363508721372,4.0088063288984646e-11,None,None,None,None, , , , 
24021, ,0.6442363508721372,4.297004704320835e-11,None,None,None,None, , , , 
24022, ,0.6442363508721372,4.605922041145113e-11,None,None,None,None, , , , 
24023, ,0.6442363508721372,4.937047852839004e-11,None,None,None,None, , , , 
24024, ,0.6442363508721372,5.2919787359584366e-11,None,None,None,None, , , , 
24025, ,0.6442363508721372,5.672426068491989e-11,None,None,None,None, , , , 
24026, ,0.6442363508721372,6.080224261649427e-11,None,None,None,None, , , , 
24027, ,0.6442363508721372,6.517339604882421e-11,None,None,None,None, , , , 
24028, ,0.6442363508721372,6.985879746785235e-11,None,None,None,None, , , , 
24029, ,0.6442363508721372,7.48810385759003e-11,None,None,None,None, , , , 
24030, ,0.6442363508721372,8.026433522257174e-11,None,None,None,None, , , , 
24031, ,0.6442363508721372,8.603464416684492e-11,None,None,None,None, , , , 
24032, ,0.6442363508721372,9.221978823334341e-11,None,None,None,None, , , , 
24033, ,0.6442363508721372,9.884959046625586e-11,None,None,None,None, , , , 
24034, ,0.6442363508721372,1.0595601792776149e-10,None,None,None,None, , , , 
24035, ,0.6442363508721372,1.1357333583431027e-10,None,None,None,None, , , , 
24036, ,0.6442363508721372,1.217382727739662e-10,None,None,None,None, , , , 
24037, ,0.6442363508721372,1.3049019780144016e-10,None,None,None,None, , , , 
24038, ,0.6442363508721372,1.398713102647236e-10,None,None,None,None, , , , 
24039, ,0.6442363508721372,1.4992684327860468e-10,None,None,None,None, , , , 
24040, ,0.6442363508721372,1.6070528182616384e-10,None,None,None,None, , , , 
24041, ,0.6442363508721372,1.722585965398784e-10,None,None,None,None, , , , 
24042, ,0.6442363508721372,1.8464249428955463e-10,None,None,None,None, , , , 
24043, ,0.6442363508721372,1.9791668678535569e-10,None,None,None,None, , , , 
24044, ,0.6442363508721372,2.121451784910628e-10,None,None,None,None, , , , 
24045, ,0.6442363508721372,2.273965752357932e-10,None,None,None,None, , , , 
24046, ,0.6442363508721372,2.4374441501222216e-10,None,None,None,None, , , , 
24047, ,0.6442363508721372,2.6126752255633265e-10,None,None,None,None, , , , 
24048, ,0.6442363508721372,2.8005038941836253e-10,None,None,None,None, , , , 
24049, ,0.6442363508721372,3.0018358135755917e-10,None,None,None,None, , , , 
24050, ,0.6442363508721372,3.2176417502507347e-10,None,None,None,None, , , , 
24051, ,0.6442363508721372,3.4489622604057533e-10,None,None,None,None, , , , 
24052, ,0.6442363508721372,3.696912707195032e-10,None,None,None,None, , , , 
24053, ,0.6442363508721372,3.9626886387014783e-10,None,None,None,None, , , , 
24054, ,0.6442363508721372,4.2475715525368935e-10,None,None,None,None, , , , 
24055, ,0.6442363508721372,4.552935074866938e-10,None,None,None,None, , , , 
24056, ,0.6442363508721372,4.880251583654433e-10,None,None,None,None, , , , 
24057, ,0.6442363508721372,5.231099308056258e-10,None,None,None,None, , , , 
24058, ,0.6442363508721372,5.60716993820547e-10,None,None,None,None, , , , 
24059, ,0.6442363508721372,6.010276782070387e-10,None,None,None,None, , , , 
24060, ,0.6442363508721372,6.442363508721371e-10,None,None,None,None, , , , 
24061, ,0.6442363508721372,6.905513520162316e-10,None,None,None,None, , , , 
24062, ,0.6442363508721372,7.401959996915653e-10,None,None,None,None, , , , 
24063, ,0.6442363508721372,7.934096665797492e-10,None,None,None,None, , , , 
24064, ,0.6442363508721372,8.504489341802668e-10,None,None,None,None, , , , 
24065, ,0.6442363508721372,9.115888299750837e-10,None,None,None,None, , , , 
24066, ,0.6442363508721372,9.771241535346502e-10,None,None,None,None, , , , 
24067, ,0.6442363508721372,1.0473708979594486e-09,None,None,None,None, , , , 
24068, ,0.6442363508721372,1.1226677735108114e-09,None,None,None,None, , , , 
24069, ,0.6442363508721372,1.2033778407775904e-09,None,None,None,None, , , , 
24070, ,0.6442363508721372,1.289890261253308e-09,None,None,None,None, , , , 
24071, ,0.6442363508721372,1.3826221737646535e-09,None,None,None,None, , , , 
24072, ,0.6442363508721372,1.4820207057988602e-09,None,None,None,None, , , , 
24073, ,0.6442363508721372,1.5885651294280526e-09,None,None,None,None, , , , 
24074, ,0.6442363508721372,1.702769172225898e-09,None,None,None,None, , , , 
24075, ,0.6442363508721372,1.825183494319039e-09,None,None,None,None, , , , 
24076, ,0.6442363508721372,1.956398343517065e-09,None,None,None,None, , , , 
24077, ,0.6442363508721372,2.0970464013232305e-09,None,None,None,None, , , , 
24078, ,0.6442363508721372,2.2478058335487307e-09,None,None,None,None, , , , 
24079, ,0.6442363508721372,2.409403560239527e-09,None,None,None,None, , , , 
24080, ,0.6442363508721372,2.582618760682675e-09,None,None,None,None, , , , 
24081, ,0.6442363508721372,2.768286630392061e-09,None,None,None,None, , , , 
24082, ,0.6442363508721372,2.9673024081888724e-09,None,None,None,None, , , , 
24083, ,0.6442363508721372,3.180625692794119e-09,None,None,None,None, , , , 
24084, ,0.6442363508721372,3.409285069746807e-09,None,None,None,None, , , , 
24085, ,0.6442363508721372,3.654383070957262e-09,None,None,None,None, , , , 
24086, ,0.6442363508721372,3.917101490809261e-09,None,None,None,None, , , , 
24087, ,0.6442363508721372,4.198707084443906e-09,None,None,None,None, , , , 
24088, ,0.6442363508721372,4.500557675700488e-09,None,None,None,None, , , , 
24089, ,0.6442363508721372,4.824108704165374e-09,None,None,None,None, , , , 
24090, ,0.6442363508721372,5.170920242896755e-09,None,None,None,None, , , , 
24091, ,0.6442363508721372,5.542664520663096e-09,None,None,None,None, , , , 
24092, ,0.6442363508721372,5.941133984965041e-09,None,None,None,None, , , , 
24093, ,0.6442363508721372,6.3682499447185856e-09,None,None,None,None, , , , 
24094, ,0.6442363508721372,6.826071834272379e-09,None,None,None,None, , , , 
24095, ,0.6442363508721372,7.316807143427175e-09,None,None,None,None, , , , 
24096, ,0.6442363508721372,7.842822061337681e-09,None,None,None,None, , , , 
24097, ,0.6442363508721372,8.406652885618316e-09,None,None,None,None, , , , 
24098, ,0.6442363508721372,9.011018251665036e-09,None,None,None,None, , , , 
24099, ,0.6442363508721372,9.658832241158707e-09,None,None,None,None, , , , 
24100, ,0.6442363508721372,1.0353218432956616e-08,None,None,None,None, , , , 
24101, ,0.6442363508721372,1.1097524964120722e-08,None,None,None,None, , , , 
24102, ,0.6442363508721372,1.1895340673703208e-08,None,None,None,None, , , , 
24103, ,0.6442363508721372,1.2750512407130128e-08,None,None,None,None, , , , 
24104, ,0.6442363508721372,1.3667163564620044e-08,None,None,None,None, , , , 
24105, ,0.6442363508721372,1.4649713983072853e-08,None,None,None,None, , , , 
24106, ,0.6442363508721372,1.5702901247293774e-08,None,None,None,None, , , , 
24107, ,0.6442363508721372,1.683180353330955e-08,None,None,None,None, , , , 
24108, ,0.6442363508721372,1.8041864093920717e-08,None,None,None,None, , , , 
24109, ,0.6442363508721372,1.933891750455232e-08,None,None,None,None, , , , 
24110, ,0.6442363508721372,2.0729217795953697e-08,None,None,None,None, , , , 
24111, ,0.6442363508721372,2.221946860939524e-08,None,None,None,None, , , , 
24112, ,0.6442363508721372,2.3816855519761606e-08,None,None,None,None, , , , 
24113, ,0.6442363508721372,2.552908068239516e-08,None,None,None,None, , , , 
24114, ,0.6442363508721372,2.7364399970746666e-08,None,None,None,None, , , , 
24115, ,0.6442363508721372,2.933166278390042e-08,None,None,None,None, , , , 
24116, ,0.6442363508721372,3.1440354715915e-08,None,None,None,None, , , , 
24117, ,0.6442363508721372,3.370064329271925e-08,None,None,None,None, , , , 
24118, ,0.6442363508721372,3.612342699709431e-08,None,None,None,None, , , , 
24119, ,0.6442363508721372,3.872038781812557e-08,None,None,None,None, , , , 
24120, ,0.6442363508721372,4.1504047578504727e-08,None,None,None,None, , , , 
24121, ,0.6442363508721372,4.448782831127585e-08,None,None,None,None, , , , 
24122, ,0.6442363508721372,4.768611697714474e-08,None,None,None,None, , , , 
24123, ,0.6442363508721372,5.111433483440165e-08,None,None,None,None, , , , 
24124, ,0.6442363508721372,5.478901179593934e-08,None,None,None,None, , , , 
24125, ,0.6442363508721372,5.872786613189478e-08,None,None,None,None, , , , 
24126, ,0.6442363508721372,6.294988990221888e-08,None,None,None,None, , , , 
24127, ,0.6442363508721372,6.747544053110687e-08,None,None,None,None, , , , 
24128, ,0.6442363508721372,7.232633896483534e-08,None,None,None,None, , , , 
24129, ,0.6442363508721372,7.752597488629465e-08,None,None,None,None, , , , 
24130, ,0.6442363508721372,8.309941949353386e-08,None,None,None,None, , , , 
24131, ,0.6442363508721372,8.907354638610439e-08,None,None,None,None, , , , 
24132, ,0.6442363508721372,9.547716114208066e-08,None,None,None,None, , , , 
24133, ,0.6442363508721372,1.0234114021054528e-07,None,None,None,None, , , , 
24134, ,0.6442363508721372,1.0969857978923841e-07,None,None,None,None, , , , 
24135, ,0.6442363508721372,1.1758495540521555e-07,None,None,None,None, , , , 
24136, ,0.6442363508721372,1.2603829296797277e-07,None,None,None,None, , , , 
24137, ,0.6442363508721372,1.350993521198025e-07,None,None,None,None, , , , 
24138, ,0.6442363508721372,1.4481182276745328e-07,None,None,None,None, , , , 
24139, ,0.6442363508721372,1.552225357427048e-07,None,None,None,None, , , , 
24140, ,0.6442363508721372,1.6638168860761273e-07,None,None,None,None, , , , 
24141, ,0.6442363508721372,1.7834308769319093e-07,None,None,None,None, , , , 
24142, ,0.6442363508721372,1.9116440753857e-07,None,None,None,None, , , , 
24143, ,0.6442363508721372,2.049074689815846e-07,None,None,None,None, , , , 
24144, ,0.6442363508721372,2.1963853724165468e-07,None,None,None,None, , , , 
24145, ,0.6442363508721372,2.3542864143224158e-07,None,None,None,None, , , , 
24146, ,0.6442363508721372,2.523539170434766e-07,None,None,None,None, , , , 
24147, ,0.6442363508721372,2.7049597304631316e-07,None,None,None,None, , , , 
24148, ,0.6442363508721372,2.899422853882875e-07,None,None,None,None, , , , 
24149, ,0.6442363508721372,3.107866187782014e-07,None,None,None,None, , , , 
24150, ,0.6442363508721372,3.33129478793467e-07,None,None,None,None, , , , 
24151, ,0.6442363508721372,3.5707859649004626e-07,None,None,None,None, , , , 
24152, ,0.6442363508721372,3.827494478516307e-07,None,None,None,None, , , , 
24153, ,0.6442363508721372,4.1026581058271904e-07,None,None,None,None, , , , 
24154, ,0.6442363508721372,4.397603609302722e-07,None,None,None,None, , , , 
24155, ,0.6442363508721372,4.7137531341167185e-07,None,None,None,None, , , , 
24156, ,0.6442363508721372,5.052631065335679e-07,None,None,None,None, , , , 
24157, ,0.6442363508721372,5.415871378079465e-07,None,None,None,None, , , , 
24158, ,0.6442363508721372,5.805225516094896e-07,None,None,None,None, , , , 
24159, ,0.6442363508721372,6.222570836730232e-07,None,None,None,None, , , , 
24160, ,0.6442363508721372,6.669919663030115e-07,None,None,None,None, , , , 
24161, ,0.6442363508721372,7.149428986597576e-07,None,None,None,None, , , , 
24162, ,0.6442363508721372,7.663410868007445e-07,None,None,None,None, , , , 
24163, ,0.6442363508721372,8.214343584919422e-07,None,None,None,None, , , , 
24164, ,0.6442363508721372,8.804883581643463e-07,None,None,None,None, , , , 
24165, ,0.6442363508721372,9.437878277775371e-07,None,None,None,None, , , , 
24166, ,0.6442363508721372,1.0116379797662072e-06,None,None,None,None, , , , 
24167, ,0.6442363508721372,1.0843659686896086e-06,None,None,None,None, , , , 
24168, ,0.6442363508721372,1.1623224686798522e-06,None,None,None,None, , , , 
24169, ,0.6442363508721372,1.2458833642950078e-06,None,None,None,None, , , , 
24170, ,0.6442363508721372,1.3354515629298971e-06,None,None,None,None, , , , 
24171, ,0.6442363508721372,1.4314589375234786e-06,None,None,None,None, , , , 
24172, ,0.6442363508721372,1.53436840893001e-06,None,None,None,None, , , , 
24173, ,0.6442363508721372,1.6446761779946631e-06,None,None,None,None, , , , 
24174, ,0.6442363508721372,1.762914118095948e-06,None,None,None,None, , , , 
24175, ,0.6442363508721372,1.8896523396912082e-06,None,None,None,None, , , , 
24176, ,0.6442363508721372,2.0255019392306664e-06,None,None,None,None, , , , 
24177, ,0.6442363508721372,2.171117945694501e-06,None,None,None,None, , , , 
24178, ,0.6442363508721372,2.327202478960408e-06,None,None,None,None, , , , 
24179, ,0.6442363508721372,2.494508135230317e-06,None,None,None,None, , , , 
24180, ,0.6442363508721372,2.673841615839944e-06,None,None,None,None, , , , 
24181, ,0.6442363508721372,2.8660676169482507e-06,None,None,None,None, , , , 
24182, ,0.6442363508721372,3.0721129988617524e-06,None,None,None,None, , , , 
24183, ,0.6442363508721372,3.292971255097148e-06,None,None,None,None, , , , 
24184, ,0.6442363508721372,3.5297073027306505e-06,None,None,None,None, , , , 
24185, ,0.6442363508721372,3.783462617131925e-06,None,None,None,None, , , , 
24186, ,0.6442363508721372,4.0554607358408275e-06,None,None,None,None, , , , 
24187, ,0.6442363508721372,4.3470131581250175e-06,None,None,None,None, , , , 
24188, ,0.6442363508721372,4.6595256686646765e-06,None,None,None,None, , , , 
24189, ,0.6442363508721372,4.99450511585514e-06,None,None,None,None, , , , 
24190, ,0.6442363508721372,5.353566677410719e-06,None,None,None,None, , , , 
24191, ,0.6442363508721372,5.738441648302393e-06,None,None,None,None, , , , 
24192, ,0.6442363508721372,6.150985788580505e-06,None,None,None,None, , , , 
24193, ,0.6442363508721372,6.593188271333541e-06,None,None,None,None, , , , 
24194, ,0.6442363508721372,7.067181273927492e-06,None,None,None,None, , , , 
24195, ,0.6442363508721372,7.575250258771904e-06,None,None,None,None, , , , 
24196, ,0.6442363508721372,8.119844993184007e-06,None,None,None,None, , , , 
24197, ,0.6442363508721372,8.703591361485167e-06,None,None,None,None, , , , 
24198, ,0.6442363508721372,9.329304026284676e-06,None,None,None,None, , , , 
24199, ,0.6442363508721372,1e-05,None,None,None,None, , , , 
24200, ,0.6669919663030122,1e-11,None,None,None,None, , , , 
24201, ,0.6669919663030122,1.0718913192051263e-11,None,None,None,None, , , , 
24202, ,0.6669919663030122,1.1489510001873107e-11,None,None,None,None, , , , 
24203, ,0.6669919663030122,1.2315506032928262e-11,None,None,None,None, , , , 
24204, ,0.6669919663030122,1.3200884008314167e-11,None,None,None,None, , , , 
24205, ,0.6669919663030122,1.4149912974345786e-11,None,None,None,None, , , , 
24206, ,0.6669919663030122,1.5167168884709242e-11,None,None,None,None, , , , 
24207, ,0.6669919663030122,1.6257556664437934e-11,None,None,None,None, , , , 
24208, ,0.6669919663030122,1.7426333860096473e-11,None,None,None,None, , , , 
24209, ,0.6669919663030122,1.8679135990207848e-11,None,None,None,None, , , , 
24210, ,0.6669919663030122,2.0022003718155844e-11,None,None,None,None, , , , 
24211, ,0.6669919663030122,2.1461411978584013e-11,None,None,None,None, , , , 
24212, ,0.6669919663030122,2.300430119772921e-11,None,None,None,None, , , , 
24213, ,0.6669919663030122,2.465811075822604e-11,None,None,None,None, , , , 
24214, ,0.6669919663030122,2.643081486974103e-11,None,None,None,None, , , , 
24215, ,0.6669919663030122,2.8330961018393178e-11,None,None,None,None, , , , 
24216, ,0.6669919663030122,3.036771118035461e-11,None,None,None,None, , , , 
24217, ,0.6669919663030122,3.255088599835057e-11,None,None,None,None, , , , 
24218, ,0.6669919663030122,3.4891012134067674e-11,None,None,None,None, , , , 
24219, ,0.6669919663030122,3.739937302478801e-11,None,None,None,None, , , , 
24220, ,0.6669919663030122,4.0088063288984646e-11,None,None,None,None, , , , 
24221, ,0.6669919663030122,4.297004704320835e-11,None,None,None,None, , , , 
24222, ,0.6669919663030122,4.605922041145113e-11,None,None,None,None, , , , 
24223, ,0.6669919663030122,4.937047852839004e-11,None,None,None,None, , , , 
24224, ,0.6669919663030122,5.2919787359584366e-11,None,None,None,None, , , , 
24225, ,0.6669919663030122,5.672426068491989e-11,None,None,None,None, , , , 
24226, ,0.6669919663030122,6.080224261649427e-11,None,None,None,None, , , , 
24227, ,0.6669919663030122,6.517339604882421e-11,None,None,None,None, , , , 
24228, ,0.6669919663030122,6.985879746785235e-11,None,None,None,None, , , , 
24229, ,0.6669919663030122,7.48810385759003e-11,None,None,None,None, , , , 
24230, ,0.6669919663030122,8.026433522257174e-11,None,None,None,None, , , , 
24231, ,0.6669919663030122,8.603464416684492e-11,None,None,None,None, , , , 
24232, ,0.6669919663030122,9.221978823334341e-11,None,None,None,None, , , , 
24233, ,0.6669919663030122,9.884959046625586e-11,None,None,None,None, , , , 
24234, ,0.6669919663030122,1.0595601792776149e-10,None,None,None,None, , , , 
24235, ,0.6669919663030122,1.1357333583431027e-10,None,None,None,None, , , , 
24236, ,0.6669919663030122,1.217382727739662e-10,None,None,None,None, , , , 
24237, ,0.6669919663030122,1.3049019780144016e-10,None,None,None,None, , , , 
24238, ,0.6669919663030122,1.398713102647236e-10,None,None,None,None, , , , 
24239, ,0.6669919663030122,1.4992684327860468e-10,None,None,None,None, , , , 
24240, ,0.6669919663030122,1.6070528182616384e-10,None,None,None,None, , , , 
24241, ,0.6669919663030122,1.722585965398784e-10,None,None,None,None, , , , 
24242, ,0.6669919663030122,1.8464249428955463e-10,None,None,None,None, , , , 
24243, ,0.6669919663030122,1.9791668678535569e-10,None,None,None,None, , , , 
24244, ,0.6669919663030122,2.121451784910628e-10,None,None,None,None, , , , 
24245, ,0.6669919663030122,2.273965752357932e-10,None,None,None,None, , , , 
24246, ,0.6669919663030122,2.4374441501222216e-10,None,None,None,None, , , , 
24247, ,0.6669919663030122,2.6126752255633265e-10,None,None,None,None, , , , 
24248, ,0.6669919663030122,2.8005038941836253e-10,None,None,None,None, , , , 
24249, ,0.6669919663030122,3.0018358135755917e-10,None,None,None,None, , , , 
24250, ,0.6669919663030122,3.2176417502507347e-10,None,None,None,None, , , , 
24251, ,0.6669919663030122,3.4489622604057533e-10,None,None,None,None, , , , 
24252, ,0.6669919663030122,3.696912707195032e-10,None,None,None,None, , , , 
24253, ,0.6669919663030122,3.9626886387014783e-10,None,None,None,None, , , , 
24254, ,0.6669919663030122,4.2475715525368935e-10,None,None,None,None, , , , 
24255, ,0.6669919663030122,4.552935074866938e-10,None,None,None,None, , , , 
24256, ,0.6669919663030122,4.880251583654433e-10,None,None,None,None, , , , 
24257, ,0.6669919663030122,5.231099308056258e-10,None,None,None,None, , , , 
24258, ,0.6669919663030122,5.60716993820547e-10,None,None,None,None, , , , 
24259, ,0.6669919663030122,6.010276782070387e-10,None,None,None,None, , , , 
24260, ,0.6669919663030122,6.442363508721371e-10,None,None,None,None, , , , 
24261, ,0.6669919663030122,6.905513520162316e-10,None,None,None,None, , , , 
24262, ,0.6669919663030122,7.401959996915653e-10,None,None,None,None, , , , 
24263, ,0.6669919663030122,7.934096665797492e-10,None,None,None,None, , , , 
24264, ,0.6669919663030122,8.504489341802668e-10,None,None,None,None, , , , 
24265, ,0.6669919663030122,9.115888299750837e-10,None,None,None,None, , , , 
24266, ,0.6669919663030122,9.771241535346502e-10,None,None,None,None, , , , 
24267, ,0.6669919663030122,1.0473708979594486e-09,None,None,None,None, , , , 
24268, ,0.6669919663030122,1.1226677735108114e-09,None,None,None,None, , , , 
24269, ,0.6669919663030122,1.2033778407775904e-09,None,None,None,None, , , , 
24270, ,0.6669919663030122,1.289890261253308e-09,None,None,None,None, , , , 
24271, ,0.6669919663030122,1.3826221737646535e-09,None,None,None,None, , , , 
24272, ,0.6669919663030122,1.4820207057988602e-09,None,None,None,None, , , , 
24273, ,0.6669919663030122,1.5885651294280526e-09,None,None,None,None, , , , 
24274, ,0.6669919663030122,1.702769172225898e-09,None,None,None,None, , , , 
24275, ,0.6669919663030122,1.825183494319039e-09,None,None,None,None, , , , 
24276, ,0.6669919663030122,1.956398343517065e-09,None,None,None,None, , , , 
24277, ,0.6669919663030122,2.0970464013232305e-09,None,None,None,None, , , , 
24278, ,0.6669919663030122,2.2478058335487307e-09,None,None,None,None, , , , 
24279, ,0.6669919663030122,2.409403560239527e-09,None,None,None,None, , , , 
24280, ,0.6669919663030122,2.582618760682675e-09,None,None,None,None, , , , 
24281, ,0.6669919663030122,2.768286630392061e-09,None,None,None,None, , , , 
24282, ,0.6669919663030122,2.9673024081888724e-09,None,None,None,None, , , , 
24283, ,0.6669919663030122,3.180625692794119e-09,None,None,None,None, , , , 
24284, ,0.6669919663030122,3.409285069746807e-09,None,None,None,None, , , , 
24285, ,0.6669919663030122,3.654383070957262e-09,None,None,None,None, , , , 
24286, ,0.6669919663030122,3.917101490809261e-09,None,None,None,None, , , , 
24287, ,0.6669919663030122,4.198707084443906e-09,None,None,None,None, , , , 
24288, ,0.6669919663030122,4.500557675700488e-09,None,None,None,None, , , , 
24289, ,0.6669919663030122,4.824108704165374e-09,None,None,None,None, , , , 
24290, ,0.6669919663030122,5.170920242896755e-09,None,None,None,None, , , , 
24291, ,0.6669919663030122,5.542664520663096e-09,None,None,None,None, , , , 
24292, ,0.6669919663030122,5.941133984965041e-09,None,None,None,None, , , , 
24293, ,0.6669919663030122,6.3682499447185856e-09,None,None,None,None, , , , 
24294, ,0.6669919663030122,6.826071834272379e-09,None,None,None,None, , , , 
24295, ,0.6669919663030122,7.316807143427175e-09,None,None,None,None, , , , 
24296, ,0.6669919663030122,7.842822061337681e-09,None,None,None,None, , , , 
24297, ,0.6669919663030122,8.406652885618316e-09,None,None,None,None, , , , 
24298, ,0.6669919663030122,9.011018251665036e-09,None,None,None,None, , , , 
24299, ,0.6669919663030122,9.658832241158707e-09,None,None,None,None, , , , 
24300, ,0.6669919663030122,1.0353218432956616e-08,None,None,None,None, , , , 
24301, ,0.6669919663030122,1.1097524964120722e-08,None,None,None,None, , , , 
24302, ,0.6669919663030122,1.1895340673703208e-08,None,None,None,None, , , , 
24303, ,0.6669919663030122,1.2750512407130128e-08,None,None,None,None, , , , 
24304, ,0.6669919663030122,1.3667163564620044e-08,None,None,None,None, , , , 
24305, ,0.6669919663030122,1.4649713983072853e-08,None,None,None,None, , , , 
24306, ,0.6669919663030122,1.5702901247293774e-08,None,None,None,None, , , , 
24307, ,0.6669919663030122,1.683180353330955e-08,None,None,None,None, , , , 
24308, ,0.6669919663030122,1.8041864093920717e-08,None,None,None,None, , , , 
24309, ,0.6669919663030122,1.933891750455232e-08,None,None,None,None, , , , 
24310, ,0.6669919663030122,2.0729217795953697e-08,None,None,None,None, , , , 
24311, ,0.6669919663030122,2.221946860939524e-08,None,None,None,None, , , , 
24312, ,0.6669919663030122,2.3816855519761606e-08,None,None,None,None, , , , 
24313, ,0.6669919663030122,2.552908068239516e-08,None,None,None,None, , , , 
24314, ,0.6669919663030122,2.7364399970746666e-08,None,None,None,None, , , , 
24315, ,0.6669919663030122,2.933166278390042e-08,None,None,None,None, , , , 
24316, ,0.6669919663030122,3.1440354715915e-08,None,None,None,None, , , , 
24317, ,0.6669919663030122,3.370064329271925e-08,None,None,None,None, , , , 
24318, ,0.6669919663030122,3.612342699709431e-08,None,None,None,None, , , , 
24319, ,0.6669919663030122,3.872038781812557e-08,None,None,None,None, , , , 
24320, ,0.6669919663030122,4.1504047578504727e-08,None,None,None,None, , , , 
24321, ,0.6669919663030122,4.448782831127585e-08,None,None,None,None, , , , 
24322, ,0.6669919663030122,4.768611697714474e-08,None,None,None,None, , , , 
24323, ,0.6669919663030122,5.111433483440165e-08,None,None,None,None, , , , 
24324, ,0.6669919663030122,5.478901179593934e-08,None,None,None,None, , , , 
24325, ,0.6669919663030122,5.872786613189478e-08,None,None,None,None, , , , 
24326, ,0.6669919663030122,6.294988990221888e-08,None,None,None,None, , , , 
24327, ,0.6669919663030122,6.747544053110687e-08,None,None,None,None, , , , 
24328, ,0.6669919663030122,7.232633896483534e-08,None,None,None,None, , , , 
24329, ,0.6669919663030122,7.752597488629465e-08,None,None,None,None, , , , 
24330, ,0.6669919663030122,8.309941949353386e-08,None,None,None,None, , , , 
24331, ,0.6669919663030122,8.907354638610439e-08,None,None,None,None, , , , 
24332, ,0.6669919663030122,9.547716114208066e-08,None,None,None,None, , , , 
24333, ,0.6669919663030122,1.0234114021054528e-07,None,None,None,None, , , , 
24334, ,0.6669919663030122,1.0969857978923841e-07,None,None,None,None, , , , 
24335, ,0.6669919663030122,1.1758495540521555e-07,None,None,None,None, , , , 
24336, ,0.6669919663030122,1.2603829296797277e-07,None,None,None,None, , , , 
24337, ,0.6669919663030122,1.350993521198025e-07,None,None,None,None, , , , 
24338, ,0.6669919663030122,1.4481182276745328e-07,None,None,None,None, , , , 
24339, ,0.6669919663030122,1.552225357427048e-07,None,None,None,None, , , , 
24340, ,0.6669919663030122,1.6638168860761273e-07,None,None,None,None, , , , 
24341, ,0.6669919663030122,1.7834308769319093e-07,None,None,None,None, , , , 
24342, ,0.6669919663030122,1.9116440753857e-07,None,None,None,None, , , , 
24343, ,0.6669919663030122,2.049074689815846e-07,None,None,None,None, , , , 
24344, ,0.6669919663030122,2.1963853724165468e-07,None,None,None,None, , , , 
24345, ,0.6669919663030122,2.3542864143224158e-07,None,None,None,None, , , , 
24346, ,0.6669919663030122,2.523539170434766e-07,None,None,None,None, , , , 
24347, ,0.6669919663030122,2.7049597304631316e-07,None,None,None,None, , , , 
24348, ,0.6669919663030122,2.899422853882875e-07,None,None,None,None, , , , 
24349, ,0.6669919663030122,3.107866187782014e-07,None,None,None,None, , , , 
24350, ,0.6669919663030122,3.33129478793467e-07,None,None,None,None, , , , 
24351, ,0.6669919663030122,3.5707859649004626e-07,None,None,None,None, , , , 
24352, ,0.6669919663030122,3.827494478516307e-07,None,None,None,None, , , , 
24353, ,0.6669919663030122,4.1026581058271904e-07,None,None,None,None, , , , 
24354, ,0.6669919663030122,4.397603609302722e-07,None,None,None,None, , , , 
24355, ,0.6669919663030122,4.7137531341167185e-07,None,None,None,None, , , , 
24356, ,0.6669919663030122,5.052631065335679e-07,None,None,None,None, , , , 
24357, ,0.6669919663030122,5.415871378079465e-07,None,None,None,None, , , , 
24358, ,0.6669919663030122,5.805225516094896e-07,None,None,None,None, , , , 
24359, ,0.6669919663030122,6.222570836730232e-07,None,None,None,None, , , , 
24360, ,0.6669919663030122,6.669919663030115e-07,None,None,None,None, , , , 
24361, ,0.6669919663030122,7.149428986597576e-07,None,None,None,None, , , , 
24362, ,0.6669919663030122,7.663410868007445e-07,None,None,None,None, , , , 
24363, ,0.6669919663030122,8.214343584919422e-07,None,None,None,None, , , , 
24364, ,0.6669919663030122,8.804883581643463e-07,None,None,None,None, , , , 
24365, ,0.6669919663030122,9.437878277775371e-07,None,None,None,None, , , , 
24366, ,0.6669919663030122,1.0116379797662072e-06,None,None,None,None, , , , 
24367, ,0.6669919663030122,1.0843659686896086e-06,None,None,None,None, , , , 
24368, ,0.6669919663030122,1.1623224686798522e-06,None,None,None,None, , , , 
24369, ,0.6669919663030122,1.2458833642950078e-06,None,None,None,None, , , , 
24370, ,0.6669919663030122,1.3354515629298971e-06,None,None,None,None, , , , 
24371, ,0.6669919663030122,1.4314589375234786e-06,None,None,None,None, , , , 
24372, ,0.6669919663030122,1.53436840893001e-06,None,None,None,None, , , , 
24373, ,0.6669919663030122,1.6446761779946631e-06,None,None,None,None, , , , 
24374, ,0.6669919663030122,1.762914118095948e-06,None,None,None,None, , , , 
24375, ,0.6669919663030122,1.8896523396912082e-06,None,None,None,None, , , , 
24376, ,0.6669919663030122,2.0255019392306664e-06,None,None,None,None, , , , 
24377, ,0.6669919663030122,2.171117945694501e-06,None,None,None,None, , , , 
24378, ,0.6669919663030122,2.327202478960408e-06,None,None,None,None, , , , 
24379, ,0.6669919663030122,2.494508135230317e-06,None,None,None,None, , , , 
24380, ,0.6669919663030122,2.673841615839944e-06,None,None,None,None, , , , 
24381, ,0.6669919663030122,2.8660676169482507e-06,None,None,None,None, , , , 
24382, ,0.6669919663030122,3.0721129988617524e-06,None,None,None,None, , , , 
24383, ,0.6669919663030122,3.292971255097148e-06,None,None,None,None, , , , 
24384, ,0.6669919663030122,3.5297073027306505e-06,None,None,None,None, , , , 
24385, ,0.6669919663030122,3.783462617131925e-06,None,None,None,None, , , , 
24386, ,0.6669919663030122,4.0554607358408275e-06,None,None,None,None, , , , 
24387, ,0.6669919663030122,4.3470131581250175e-06,None,None,None,None, , , , 
24388, ,0.6669919663030122,4.6595256686646765e-06,None,None,None,None, , , , 
24389, ,0.6669919663030122,4.99450511585514e-06,None,None,None,None, , , , 
24390, ,0.6669919663030122,5.353566677410719e-06,None,None,None,None, , , , 
24391, ,0.6669919663030122,5.738441648302393e-06,None,None,None,None, , , , 
24392, ,0.6669919663030122,6.150985788580505e-06,None,None,None,None, , , , 
24393, ,0.6669919663030122,6.593188271333541e-06,None,None,None,None, , , , 
24394, ,0.6669919663030122,7.067181273927492e-06,None,None,None,None, , , , 
24395, ,0.6669919663030122,7.575250258771904e-06,None,None,None,None, , , , 
24396, ,0.6669919663030122,8.119844993184007e-06,None,None,None,None, , , , 
24397, ,0.6669919663030122,8.703591361485167e-06,None,None,None,None, , , , 
24398, ,0.6669919663030122,9.329304026284676e-06,None,None,None,None, , , , 
24399, ,0.6669919663030122,1e-05,None,None,None,None, , , , 
24400, ,0.6905513520162327,1e-11,None,None,None,None, , , , 
24401, ,0.6905513520162327,1.0718913192051263e-11,None,None,None,None, , , , 
24402, ,0.6905513520162327,1.1489510001873107e-11,None,None,None,None, , , , 
24403, ,0.6905513520162327,1.2315506032928262e-11,None,None,None,None, , , , 
24404, ,0.6905513520162327,1.3200884008314167e-11,None,None,None,None, , , , 
24405, ,0.6905513520162327,1.4149912974345786e-11,None,None,None,None, , , , 
24406, ,0.6905513520162327,1.5167168884709242e-11,None,None,None,None, , , , 
24407, ,0.6905513520162327,1.6257556664437934e-11,None,None,None,None, , , , 
24408, ,0.6905513520162327,1.7426333860096473e-11,None,None,None,None, , , , 
24409, ,0.6905513520162327,1.8679135990207848e-11,None,None,None,None, , , , 
24410, ,0.6905513520162327,2.0022003718155844e-11,None,None,None,None, , , , 
24411, ,0.6905513520162327,2.1461411978584013e-11,None,None,None,None, , , , 
24412, ,0.6905513520162327,2.300430119772921e-11,None,None,None,None, , , , 
24413, ,0.6905513520162327,2.465811075822604e-11,None,None,None,None, , , , 
24414, ,0.6905513520162327,2.643081486974103e-11,None,None,None,None, , , , 
24415, ,0.6905513520162327,2.8330961018393178e-11,None,None,None,None, , , , 
24416, ,0.6905513520162327,3.036771118035461e-11,None,None,None,None, , , , 
24417, ,0.6905513520162327,3.255088599835057e-11,None,None,None,None, , , , 
24418, ,0.6905513520162327,3.4891012134067674e-11,None,None,None,None, , , , 
24419, ,0.6905513520162327,3.739937302478801e-11,None,None,None,None, , , , 
24420, ,0.6905513520162327,4.0088063288984646e-11,None,None,None,None, , , , 
24421, ,0.6905513520162327,4.297004704320835e-11,None,None,None,None, , , , 
24422, ,0.6905513520162327,4.605922041145113e-11,None,None,None,None, , , , 
24423, ,0.6905513520162327,4.937047852839004e-11,None,None,None,None, , , , 
24424, ,0.6905513520162327,5.2919787359584366e-11,None,None,None,None, , , , 
24425, ,0.6905513520162327,5.672426068491989e-11,None,None,None,None, , , , 
24426, ,0.6905513520162327,6.080224261649427e-11,None,None,None,None, , , , 
24427, ,0.6905513520162327,6.517339604882421e-11,None,None,None,None, , , , 
24428, ,0.6905513520162327,6.985879746785235e-11,None,None,None,None, , , , 
24429, ,0.6905513520162327,7.48810385759003e-11,None,None,None,None, , , , 
24430, ,0.6905513520162327,8.026433522257174e-11,None,None,None,None, , , , 
24431, ,0.6905513520162327,8.603464416684492e-11,None,None,None,None, , , , 
24432, ,0.6905513520162327,9.221978823334341e-11,None,None,None,None, , , , 
24433, ,0.6905513520162327,9.884959046625586e-11,None,None,None,None, , , , 
24434, ,0.6905513520162327,1.0595601792776149e-10,None,None,None,None, , , , 
24435, ,0.6905513520162327,1.1357333583431027e-10,None,None,None,None, , , , 
24436, ,0.6905513520162327,1.217382727739662e-10,None,None,None,None, , , , 
24437, ,0.6905513520162327,1.3049019780144016e-10,None,None,None,None, , , , 
24438, ,0.6905513520162327,1.398713102647236e-10,None,None,None,None, , , , 
24439, ,0.6905513520162327,1.4992684327860468e-10,None,None,None,None, , , , 
24440, ,0.6905513520162327,1.6070528182616384e-10,None,None,None,None, , , , 
24441, ,0.6905513520162327,1.722585965398784e-10,None,None,None,None, , , , 
24442, ,0.6905513520162327,1.8464249428955463e-10,None,None,None,None, , , , 
24443, ,0.6905513520162327,1.9791668678535569e-10,None,None,None,None, , , , 
24444, ,0.6905513520162327,2.121451784910628e-10,None,None,None,None, , , , 
24445, ,0.6905513520162327,2.273965752357932e-10,None,None,None,None, , , , 
24446, ,0.6905513520162327,2.4374441501222216e-10,None,None,None,None, , , , 
24447, ,0.6905513520162327,2.6126752255633265e-10,None,None,None,None, , , , 
24448, ,0.6905513520162327,2.8005038941836253e-10,None,None,None,None, , , , 
24449, ,0.6905513520162327,3.0018358135755917e-10,None,None,None,None, , , , 
24450, ,0.6905513520162327,3.2176417502507347e-10,None,None,None,None, , , , 
24451, ,0.6905513520162327,3.4489622604057533e-10,None,None,None,None, , , , 
24452, ,0.6905513520162327,3.696912707195032e-10,None,None,None,None, , , , 
24453, ,0.6905513520162327,3.9626886387014783e-10,None,None,None,None, , , , 
24454, ,0.6905513520162327,4.2475715525368935e-10,None,None,None,None, , , , 
24455, ,0.6905513520162327,4.552935074866938e-10,None,None,None,None, , , , 
24456, ,0.6905513520162327,4.880251583654433e-10,None,None,None,None, , , , 
24457, ,0.6905513520162327,5.231099308056258e-10,None,None,None,None, , , , 
24458, ,0.6905513520162327,5.60716993820547e-10,None,None,None,None, , , , 
24459, ,0.6905513520162327,6.010276782070387e-10,None,None,None,None, , , , 
24460, ,0.6905513520162327,6.442363508721371e-10,None,None,None,None, , , , 
24461, ,0.6905513520162327,6.905513520162316e-10,None,None,None,None, , , , 
24462, ,0.6905513520162327,7.401959996915653e-10,None,None,None,None, , , , 
24463, ,0.6905513520162327,7.934096665797492e-10,None,None,None,None, , , , 
24464, ,0.6905513520162327,8.504489341802668e-10,None,None,None,None, , , , 
24465, ,0.6905513520162327,9.115888299750837e-10,None,None,None,None, , , , 
24466, ,0.6905513520162327,9.771241535346502e-10,None,None,None,None, , , , 
24467, ,0.6905513520162327,1.0473708979594486e-09,None,None,None,None, , , , 
24468, ,0.6905513520162327,1.1226677735108114e-09,None,None,None,None, , , , 
24469, ,0.6905513520162327,1.2033778407775904e-09,None,None,None,None, , , , 
24470, ,0.6905513520162327,1.289890261253308e-09,None,None,None,None, , , , 
24471, ,0.6905513520162327,1.3826221737646535e-09,None,None,None,None, , , , 
24472, ,0.6905513520162327,1.4820207057988602e-09,None,None,None,None, , , , 
24473, ,0.6905513520162327,1.5885651294280526e-09,None,None,None,None, , , , 
24474, ,0.6905513520162327,1.702769172225898e-09,None,None,None,None, , , , 
24475, ,0.6905513520162327,1.825183494319039e-09,None,None,None,None, , , , 
24476, ,0.6905513520162327,1.956398343517065e-09,None,None,None,None, , , , 
24477, ,0.6905513520162327,2.0970464013232305e-09,None,None,None,None, , , , 
24478, ,0.6905513520162327,2.2478058335487307e-09,None,None,None,None, , , , 
24479, ,0.6905513520162327,2.409403560239527e-09,None,None,None,None, , , , 
24480, ,0.6905513520162327,2.582618760682675e-09,None,None,None,None, , , , 
24481, ,0.6905513520162327,2.768286630392061e-09,None,None,None,None, , , , 
24482, ,0.6905513520162327,2.9673024081888724e-09,None,None,None,None, , , , 
24483, ,0.6905513520162327,3.180625692794119e-09,None,None,None,None, , , , 
24484, ,0.6905513520162327,3.409285069746807e-09,None,None,None,None, , , , 
24485, ,0.6905513520162327,3.654383070957262e-09,None,None,None,None, , , , 
24486, ,0.6905513520162327,3.917101490809261e-09,None,None,None,None, , , , 
24487, ,0.6905513520162327,4.198707084443906e-09,None,None,None,None, , , , 
24488, ,0.6905513520162327,4.500557675700488e-09,None,None,None,None, , , , 
24489, ,0.6905513520162327,4.824108704165374e-09,None,None,None,None, , , , 
24490, ,0.6905513520162327,5.170920242896755e-09,None,None,None,None, , , , 
24491, ,0.6905513520162327,5.542664520663096e-09,None,None,None,None, , , , 
24492, ,0.6905513520162327,5.941133984965041e-09,None,None,None,None, , , , 
24493, ,0.6905513520162327,6.3682499447185856e-09,None,None,None,None, , , , 
24494, ,0.6905513520162327,6.826071834272379e-09,None,None,None,None, , , , 
24495, ,0.6905513520162327,7.316807143427175e-09,None,None,None,None, , , , 
24496, ,0.6905513520162327,7.842822061337681e-09,None,None,None,None, , , , 
24497, ,0.6905513520162327,8.406652885618316e-09,None,None,None,None, , , , 
24498, ,0.6905513520162327,9.011018251665036e-09,None,None,None,None, , , , 
24499, ,0.6905513520162327,9.658832241158707e-09,None,None,None,None, , , , 
24500, ,0.6905513520162327,1.0353218432956616e-08,None,None,None,None, , , , 
24501, ,0.6905513520162327,1.1097524964120722e-08,None,None,None,None, , , , 
24502, ,0.6905513520162327,1.1895340673703208e-08,None,None,None,None, , , , 
24503, ,0.6905513520162327,1.2750512407130128e-08,None,None,None,None, , , , 
24504, ,0.6905513520162327,1.3667163564620044e-08,None,None,None,None, , , , 
24505, ,0.6905513520162327,1.4649713983072853e-08,None,None,None,None, , , , 
24506, ,0.6905513520162327,1.5702901247293774e-08,None,None,None,None, , , , 
24507, ,0.6905513520162327,1.683180353330955e-08,None,None,None,None, , , , 
24508, ,0.6905513520162327,1.8041864093920717e-08,None,None,None,None, , , , 
24509, ,0.6905513520162327,1.933891750455232e-08,None,None,None,None, , , , 
24510, ,0.6905513520162327,2.0729217795953697e-08,None,None,None,None, , , , 
24511, ,0.6905513520162327,2.221946860939524e-08,None,None,None,None, , , , 
24512, ,0.6905513520162327,2.3816855519761606e-08,None,None,None,None, , , , 
24513, ,0.6905513520162327,2.552908068239516e-08,None,None,None,None, , , , 
24514, ,0.6905513520162327,2.7364399970746666e-08,None,None,None,None, , , , 
24515, ,0.6905513520162327,2.933166278390042e-08,None,None,None,None, , , , 
24516, ,0.6905513520162327,3.1440354715915e-08,None,None,None,None, , , , 
24517, ,0.6905513520162327,3.370064329271925e-08,None,None,None,None, , , , 
24518, ,0.6905513520162327,3.612342699709431e-08,None,None,None,None, , , , 
24519, ,0.6905513520162327,3.872038781812557e-08,None,None,None,None, , , , 
24520, ,0.6905513520162327,4.1504047578504727e-08,None,None,None,None, , , , 
24521, ,0.6905513520162327,4.448782831127585e-08,None,None,None,None, , , , 
24522, ,0.6905513520162327,4.768611697714474e-08,None,None,None,None, , , , 
24523, ,0.6905513520162327,5.111433483440165e-08,None,None,None,None, , , , 
24524, ,0.6905513520162327,5.478901179593934e-08,None,None,None,None, , , , 
24525, ,0.6905513520162327,5.872786613189478e-08,None,None,None,None, , , , 
24526, ,0.6905513520162327,6.294988990221888e-08,None,None,None,None, , , , 
24527, ,0.6905513520162327,6.747544053110687e-08,None,None,None,None, , , , 
24528, ,0.6905513520162327,7.232633896483534e-08,None,None,None,None, , , , 
24529, ,0.6905513520162327,7.752597488629465e-08,None,None,None,None, , , , 
24530, ,0.6905513520162327,8.309941949353386e-08,None,None,None,None, , , , 
24531, ,0.6905513520162327,8.907354638610439e-08,None,None,None,None, , , , 
24532, ,0.6905513520162327,9.547716114208066e-08,None,None,None,None, , , , 
24533, ,0.6905513520162327,1.0234114021054528e-07,None,None,None,None, , , , 
24534, ,0.6905513520162327,1.0969857978923841e-07,None,None,None,None, , , , 
24535, ,0.6905513520162327,1.1758495540521555e-07,None,None,None,None, , , , 
24536, ,0.6905513520162327,1.2603829296797277e-07,None,None,None,None, , , , 
24537, ,0.6905513520162327,1.350993521198025e-07,None,None,None,None, , , , 
24538, ,0.6905513520162327,1.4481182276745328e-07,None,None,None,None, , , , 
24539, ,0.6905513520162327,1.552225357427048e-07,None,None,None,None, , , , 
24540, ,0.6905513520162327,1.6638168860761273e-07,None,None,None,None, , , , 
24541, ,0.6905513520162327,1.7834308769319093e-07,None,None,None,None, , , , 
24542, ,0.6905513520162327,1.9116440753857e-07,None,None,None,None, , , , 
24543, ,0.6905513520162327,2.049074689815846e-07,None,None,None,None, , , , 
24544, ,0.6905513520162327,2.1963853724165468e-07,None,None,None,None, , , , 
24545, ,0.6905513520162327,2.3542864143224158e-07,None,None,None,None, , , , 
24546, ,0.6905513520162327,2.523539170434766e-07,None,None,None,None, , , , 
24547, ,0.6905513520162327,2.7049597304631316e-07,None,None,None,None, , , , 
24548, ,0.6905513520162327,2.899422853882875e-07,None,None,None,None, , , , 
24549, ,0.6905513520162327,3.107866187782014e-07,None,None,None,None, , , , 
24550, ,0.6905513520162327,3.33129478793467e-07,None,None,None,None, , , , 
24551, ,0.6905513520162327,3.5707859649004626e-07,None,None,None,None, , , , 
24552, ,0.6905513520162327,3.827494478516307e-07,None,None,None,None, , , , 
24553, ,0.6905513520162327,4.1026581058271904e-07,None,None,None,None, , , , 
24554, ,0.6905513520162327,4.397603609302722e-07,None,None,None,None, , , , 
24555, ,0.6905513520162327,4.7137531341167185e-07,None,None,None,None, , , , 
24556, ,0.6905513520162327,5.052631065335679e-07,None,None,None,None, , , , 
24557, ,0.6905513520162327,5.415871378079465e-07,None,None,None,None, , , , 
24558, ,0.6905513520162327,5.805225516094896e-07,None,None,None,None, , , , 
24559, ,0.6905513520162327,6.222570836730232e-07,None,None,None,None, , , , 
24560, ,0.6905513520162327,6.669919663030115e-07,None,None,None,None, , , , 
24561, ,0.6905513520162327,7.149428986597576e-07,None,None,None,None, , , , 
24562, ,0.6905513520162327,7.663410868007445e-07,None,None,None,None, , , , 
24563, ,0.6905513520162327,8.214343584919422e-07,None,None,None,None, , , , 
24564, ,0.6905513520162327,8.804883581643463e-07,None,None,None,None, , , , 
24565, ,0.6905513520162327,9.437878277775371e-07,None,None,None,None, , , , 
24566, ,0.6905513520162327,1.0116379797662072e-06,None,None,None,None, , , , 
24567, ,0.6905513520162327,1.0843659686896086e-06,None,None,None,None, , , , 
24568, ,0.6905513520162327,1.1623224686798522e-06,None,None,None,None, , , , 
24569, ,0.6905513520162327,1.2458833642950078e-06,None,None,None,None, , , , 
24570, ,0.6905513520162327,1.3354515629298971e-06,None,None,None,None, , , , 
24571, ,0.6905513520162327,1.4314589375234786e-06,None,None,None,None, , , , 
24572, ,0.6905513520162327,1.53436840893001e-06,None,None,None,None, , , , 
24573, ,0.6905513520162327,1.6446761779946631e-06,None,None,None,None, , , , 
24574, ,0.6905513520162327,1.762914118095948e-06,None,None,None,None, , , , 
24575, ,0.6905513520162327,1.8896523396912082e-06,None,None,None,None, , , , 
24576, ,0.6905513520162327,2.0255019392306664e-06,None,None,None,None, , , , 
24577, ,0.6905513520162327,2.171117945694501e-06,None,None,None,None, , , , 
24578, ,0.6905513520162327,2.327202478960408e-06,None,None,None,None, , , , 
24579, ,0.6905513520162327,2.494508135230317e-06,None,None,None,None, , , , 
24580, ,0.6905513520162327,2.673841615839944e-06,None,None,None,None, , , , 
24581, ,0.6905513520162327,2.8660676169482507e-06,None,None,None,None, , , , 
24582, ,0.6905513520162327,3.0721129988617524e-06,None,None,None,None, , , , 
24583, ,0.6905513520162327,3.292971255097148e-06,None,None,None,None, , , , 
24584, ,0.6905513520162327,3.5297073027306505e-06,None,None,None,None, , , , 
24585, ,0.6905513520162327,3.783462617131925e-06,None,None,None,None, , , , 
24586, ,0.6905513520162327,4.0554607358408275e-06,None,None,None,None, , , , 
24587, ,0.6905513520162327,4.3470131581250175e-06,None,None,None,None, , , , 
24588, ,0.6905513520162327,4.6595256686646765e-06,None,None,None,None, , , , 
24589, ,0.6905513520162327,4.99450511585514e-06,None,None,None,None, , , , 
24590, ,0.6905513520162327,5.353566677410719e-06,None,None,None,None, , , , 
24591, ,0.6905513520162327,5.738441648302393e-06,None,None,None,None, , , , 
24592, ,0.6905513520162327,6.150985788580505e-06,None,None,None,None, , , , 
24593, ,0.6905513520162327,6.593188271333541e-06,None,None,None,None, , , , 
24594, ,0.6905513520162327,7.067181273927492e-06,None,None,None,None, , , , 
24595, ,0.6905513520162327,7.575250258771904e-06,None,None,None,None, , , , 
24596, ,0.6905513520162327,8.119844993184007e-06,None,None,None,None, , , , 
24597, ,0.6905513520162327,8.703591361485167e-06,None,None,None,None, , , , 
24598, ,0.6905513520162327,9.329304026284676e-06,None,None,None,None, , , , 
24599, ,0.6905513520162327,1e-05,None,None,None,None, , , , 
24600, ,0.7149428986597577,1e-11,None,None,None,None, , , , 
24601, ,0.7149428986597577,1.0718913192051263e-11,None,None,None,None, , , , 
24602, ,0.7149428986597577,1.1489510001873107e-11,None,None,None,None, , , , 
24603, ,0.7149428986597577,1.2315506032928262e-11,None,None,None,None, , , , 
24604, ,0.7149428986597577,1.3200884008314167e-11,None,None,None,None, , , , 
24605, ,0.7149428986597577,1.4149912974345786e-11,None,None,None,None, , , , 
24606, ,0.7149428986597577,1.5167168884709242e-11,None,None,None,None, , , , 
24607, ,0.7149428986597577,1.6257556664437934e-11,None,None,None,None, , , , 
24608, ,0.7149428986597577,1.7426333860096473e-11,None,None,None,None, , , , 
24609, ,0.7149428986597577,1.8679135990207848e-11,None,None,None,None, , , , 
24610, ,0.7149428986597577,2.0022003718155844e-11,None,None,None,None, , , , 
24611, ,0.7149428986597577,2.1461411978584013e-11,None,None,None,None, , , , 
24612, ,0.7149428986597577,2.300430119772921e-11,None,None,None,None, , , , 
24613, ,0.7149428986597577,2.465811075822604e-11,None,None,None,None, , , , 
24614, ,0.7149428986597577,2.643081486974103e-11,None,None,None,None, , , , 
24615, ,0.7149428986597577,2.8330961018393178e-11,None,None,None,None, , , , 
24616, ,0.7149428986597577,3.036771118035461e-11,None,None,None,None, , , , 
24617, ,0.7149428986597577,3.255088599835057e-11,None,None,None,None, , , , 
24618, ,0.7149428986597577,3.4891012134067674e-11,None,None,None,None, , , , 
24619, ,0.7149428986597577,3.739937302478801e-11,None,None,None,None, , , , 
24620, ,0.7149428986597577,4.0088063288984646e-11,None,None,None,None, , , , 
24621, ,0.7149428986597577,4.297004704320835e-11,None,None,None,None, , , , 
24622, ,0.7149428986597577,4.605922041145113e-11,None,None,None,None, , , , 
24623, ,0.7149428986597577,4.937047852839004e-11,None,None,None,None, , , , 
24624, ,0.7149428986597577,5.2919787359584366e-11,None,None,None,None, , , , 
24625, ,0.7149428986597577,5.672426068491989e-11,None,None,None,None, , , , 
24626, ,0.7149428986597577,6.080224261649427e-11,None,None,None,None, , , , 
24627, ,0.7149428986597577,6.517339604882421e-11,None,None,None,None, , , , 
24628, ,0.7149428986597577,6.985879746785235e-11,None,None,None,None, , , , 
24629, ,0.7149428986597577,7.48810385759003e-11,None,None,None,None, , , , 
24630, ,0.7149428986597577,8.026433522257174e-11,None,None,None,None, , , , 
24631, ,0.7149428986597577,8.603464416684492e-11,None,None,None,None, , , , 
24632, ,0.7149428986597577,9.221978823334341e-11,None,None,None,None, , , , 
24633, ,0.7149428986597577,9.884959046625586e-11,None,None,None,None, , , , 
24634, ,0.7149428986597577,1.0595601792776149e-10,None,None,None,None, , , , 
24635, ,0.7149428986597577,1.1357333583431027e-10,None,None,None,None, , , , 
24636, ,0.7149428986597577,1.217382727739662e-10,None,None,None,None, , , , 
24637, ,0.7149428986597577,1.3049019780144016e-10,None,None,None,None, , , , 
24638, ,0.7149428986597577,1.398713102647236e-10,None,None,None,None, , , , 
24639, ,0.7149428986597577,1.4992684327860468e-10,None,None,None,None, , , , 
24640, ,0.7149428986597577,1.6070528182616384e-10,None,None,None,None, , , , 
24641, ,0.7149428986597577,1.722585965398784e-10,None,None,None,None, , , , 
24642, ,0.7149428986597577,1.8464249428955463e-10,None,None,None,None, , , , 
24643, ,0.7149428986597577,1.9791668678535569e-10,None,None,None,None, , , , 
24644, ,0.7149428986597577,2.121451784910628e-10,None,None,None,None, , , , 
24645, ,0.7149428986597577,2.273965752357932e-10,None,None,None,None, , , , 
24646, ,0.7149428986597577,2.4374441501222216e-10,None,None,None,None, , , , 
24647, ,0.7149428986597577,2.6126752255633265e-10,None,None,None,None, , , , 
24648, ,0.7149428986597577,2.8005038941836253e-10,None,None,None,None, , , , 
24649, ,0.7149428986597577,3.0018358135755917e-10,None,None,None,None, , , , 
24650, ,0.7149428986597577,3.2176417502507347e-10,None,None,None,None, , , , 
24651, ,0.7149428986597577,3.4489622604057533e-10,None,None,None,None, , , , 
24652, ,0.7149428986597577,3.696912707195032e-10,None,None,None,None, , , , 
24653, ,0.7149428986597577,3.9626886387014783e-10,None,None,None,None, , , , 
24654, ,0.7149428986597577,4.2475715525368935e-10,None,None,None,None, , , , 
24655, ,0.7149428986597577,4.552935074866938e-10,None,None,None,None, , , , 
24656, ,0.7149428986597577,4.880251583654433e-10,None,None,None,None, , , , 
24657, ,0.7149428986597577,5.231099308056258e-10,None,None,None,None, , , , 
24658, ,0.7149428986597577,5.60716993820547e-10,None,None,None,None, , , , 
24659, ,0.7149428986597577,6.010276782070387e-10,None,None,None,None, , , , 
24660, ,0.7149428986597577,6.442363508721371e-10,None,None,None,None, , , , 
24661, ,0.7149428986597577,6.905513520162316e-10,None,None,None,None, , , , 
24662, ,0.7149428986597577,7.401959996915653e-10,None,None,None,None, , , , 
24663, ,0.7149428986597577,7.934096665797492e-10,None,None,None,None, , , , 
24664, ,0.7149428986597577,8.504489341802668e-10,None,None,None,None, , , , 
24665, ,0.7149428986597577,9.115888299750837e-10,None,None,None,None, , , , 
24666, ,0.7149428986597577,9.771241535346502e-10,None,None,None,None, , , , 
24667, ,0.7149428986597577,1.0473708979594486e-09,None,None,None,None, , , , 
24668, ,0.7149428986597577,1.1226677735108114e-09,None,None,None,None, , , , 
24669, ,0.7149428986597577,1.2033778407775904e-09,None,None,None,None, , , , 
24670, ,0.7149428986597577,1.289890261253308e-09,None,None,None,None, , , , 
24671, ,0.7149428986597577,1.3826221737646535e-09,None,None,None,None, , , , 
24672, ,0.7149428986597577,1.4820207057988602e-09,None,None,None,None, , , , 
24673, ,0.7149428986597577,1.5885651294280526e-09,None,None,None,None, , , , 
24674, ,0.7149428986597577,1.702769172225898e-09,None,None,None,None, , , , 
24675, ,0.7149428986597577,1.825183494319039e-09,None,None,None,None, , , , 
24676, ,0.7149428986597577,1.956398343517065e-09,None,None,None,None, , , , 
24677, ,0.7149428986597577,2.0970464013232305e-09,None,None,None,None, , , , 
24678, ,0.7149428986597577,2.2478058335487307e-09,None,None,None,None, , , , 
24679, ,0.7149428986597577,2.409403560239527e-09,None,None,None,None, , , , 
24680, ,0.7149428986597577,2.582618760682675e-09,None,None,None,None, , , , 
24681, ,0.7149428986597577,2.768286630392061e-09,None,None,None,None, , , , 
24682, ,0.7149428986597577,2.9673024081888724e-09,None,None,None,None, , , , 
24683, ,0.7149428986597577,3.180625692794119e-09,None,None,None,None, , , , 
24684, ,0.7149428986597577,3.409285069746807e-09,None,None,None,None, , , , 
24685, ,0.7149428986597577,3.654383070957262e-09,None,None,None,None, , , , 
24686, ,0.7149428986597577,3.917101490809261e-09,None,None,None,None, , , , 
24687, ,0.7149428986597577,4.198707084443906e-09,None,None,None,None, , , , 
24688, ,0.7149428986597577,4.500557675700488e-09,None,None,None,None, , , , 
24689, ,0.7149428986597577,4.824108704165374e-09,None,None,None,None, , , , 
24690, ,0.7149428986597577,5.170920242896755e-09,None,None,None,None, , , , 
24691, ,0.7149428986597577,5.542664520663096e-09,None,None,None,None, , , , 
24692, ,0.7149428986597577,5.941133984965041e-09,None,None,None,None, , , , 
24693, ,0.7149428986597577,6.3682499447185856e-09,None,None,None,None, , , , 
24694, ,0.7149428986597577,6.826071834272379e-09,None,None,None,None, , , , 
24695, ,0.7149428986597577,7.316807143427175e-09,None,None,None,None, , , , 
24696, ,0.7149428986597577,7.842822061337681e-09,None,None,None,None, , , , 
24697, ,0.7149428986597577,8.406652885618316e-09,None,None,None,None, , , , 
24698, ,0.7149428986597577,9.011018251665036e-09,None,None,None,None, , , , 
24699, ,0.7149428986597577,9.658832241158707e-09,None,None,None,None, , , , 
24700, ,0.7149428986597577,1.0353218432956616e-08,None,None,None,None, , , , 
24701, ,0.7149428986597577,1.1097524964120722e-08,None,None,None,None, , , , 
24702, ,0.7149428986597577,1.1895340673703208e-08,None,None,None,None, , , , 
24703, ,0.7149428986597577,1.2750512407130128e-08,None,None,None,None, , , , 
24704, ,0.7149428986597577,1.3667163564620044e-08,None,None,None,None, , , , 
24705, ,0.7149428986597577,1.4649713983072853e-08,None,None,None,None, , , , 
24706, ,0.7149428986597577,1.5702901247293774e-08,None,None,None,None, , , , 
24707, ,0.7149428986597577,1.683180353330955e-08,None,None,None,None, , , , 
24708, ,0.7149428986597577,1.8041864093920717e-08,None,None,None,None, , , , 
24709, ,0.7149428986597577,1.933891750455232e-08,None,None,None,None, , , , 
24710, ,0.7149428986597577,2.0729217795953697e-08,None,None,None,None, , , , 
24711, ,0.7149428986597577,2.221946860939524e-08,None,None,None,None, , , , 
24712, ,0.7149428986597577,2.3816855519761606e-08,None,None,None,None, , , , 
24713, ,0.7149428986597577,2.552908068239516e-08,None,None,None,None, , , , 
24714, ,0.7149428986597577,2.7364399970746666e-08,None,None,None,None, , , , 
24715, ,0.7149428986597577,2.933166278390042e-08,None,None,None,None, , , , 
24716, ,0.7149428986597577,3.1440354715915e-08,None,None,None,None, , , , 
24717, ,0.7149428986597577,3.370064329271925e-08,None,None,None,None, , , , 
24718, ,0.7149428986597577,3.612342699709431e-08,None,None,None,None, , , , 
24719, ,0.7149428986597577,3.872038781812557e-08,None,None,None,None, , , , 
24720, ,0.7149428986597577,4.1504047578504727e-08,None,None,None,None, , , , 
24721, ,0.7149428986597577,4.448782831127585e-08,None,None,None,None, , , , 
24722, ,0.7149428986597577,4.768611697714474e-08,None,None,None,None, , , , 
24723, ,0.7149428986597577,5.111433483440165e-08,None,None,None,None, , , , 
24724, ,0.7149428986597577,5.478901179593934e-08,None,None,None,None, , , , 
24725, ,0.7149428986597577,5.872786613189478e-08,None,None,None,None, , , , 
24726, ,0.7149428986597577,6.294988990221888e-08,None,None,None,None, , , , 
24727, ,0.7149428986597577,6.747544053110687e-08,None,None,None,None, , , , 
24728, ,0.7149428986597577,7.232633896483534e-08,None,None,None,None, , , , 
24729, ,0.7149428986597577,7.752597488629465e-08,None,None,None,None, , , , 
24730, ,0.7149428986597577,8.309941949353386e-08,None,None,None,None, , , , 
24731, ,0.7149428986597577,8.907354638610439e-08,None,None,None,None, , , , 
24732, ,0.7149428986597577,9.547716114208066e-08,None,None,None,None, , , , 
24733, ,0.7149428986597577,1.0234114021054528e-07,None,None,None,None, , , , 
24734, ,0.7149428986597577,1.0969857978923841e-07,None,None,None,None, , , , 
24735, ,0.7149428986597577,1.1758495540521555e-07,None,None,None,None, , , , 
24736, ,0.7149428986597577,1.2603829296797277e-07,None,None,None,None, , , , 
24737, ,0.7149428986597577,1.350993521198025e-07,None,None,None,None, , , , 
24738, ,0.7149428986597577,1.4481182276745328e-07,None,None,None,None, , , , 
24739, ,0.7149428986597577,1.552225357427048e-07,None,None,None,None, , , , 
24740, ,0.7149428986597577,1.6638168860761273e-07,None,None,None,None, , , , 
24741, ,0.7149428986597577,1.7834308769319093e-07,None,None,None,None, , , , 
24742, ,0.7149428986597577,1.9116440753857e-07,None,None,None,None, , , , 
24743, ,0.7149428986597577,2.049074689815846e-07,None,None,None,None, , , , 
24744, ,0.7149428986597577,2.1963853724165468e-07,None,None,None,None, , , , 
24745, ,0.7149428986597577,2.3542864143224158e-07,None,None,None,None, , , , 
24746, ,0.7149428986597577,2.523539170434766e-07,None,None,None,None, , , , 
24747, ,0.7149428986597577,2.7049597304631316e-07,None,None,None,None, , , , 
24748, ,0.7149428986597577,2.899422853882875e-07,None,None,None,None, , , , 
24749, ,0.7149428986597577,3.107866187782014e-07,None,None,None,None, , , , 
24750, ,0.7149428986597577,3.33129478793467e-07,None,None,None,None, , , , 
24751, ,0.7149428986597577,3.5707859649004626e-07,None,None,None,None, , , , 
24752, ,0.7149428986597577,3.827494478516307e-07,None,None,None,None, , , , 
24753, ,0.7149428986597577,4.1026581058271904e-07,None,None,None,None, , , , 
24754, ,0.7149428986597577,4.397603609302722e-07,None,None,None,None, , , , 
24755, ,0.7149428986597577,4.7137531341167185e-07,None,None,None,None, , , , 
24756, ,0.7149428986597577,5.052631065335679e-07,None,None,None,None, , , , 
24757, ,0.7149428986597577,5.415871378079465e-07,None,None,None,None, , , , 
24758, ,0.7149428986597577,5.805225516094896e-07,None,None,None,None, , , , 
24759, ,0.7149428986597577,6.222570836730232e-07,None,None,None,None, , , , 
24760, ,0.7149428986597577,6.669919663030115e-07,None,None,None,None, , , , 
24761, ,0.7149428986597577,7.149428986597576e-07,None,None,None,None, , , , 
24762, ,0.7149428986597577,7.663410868007445e-07,None,None,None,None, , , , 
24763, ,0.7149428986597577,8.214343584919422e-07,None,None,None,None, , , , 
24764, ,0.7149428986597577,8.804883581643463e-07,None,None,None,None, , , , 
24765, ,0.7149428986597577,9.437878277775371e-07,None,None,None,None, , , , 
24766, ,0.7149428986597577,1.0116379797662072e-06,None,None,None,None, , , , 
24767, ,0.7149428986597577,1.0843659686896086e-06,None,None,None,None, , , , 
24768, ,0.7149428986597577,1.1623224686798522e-06,None,None,None,None, , , , 
24769, ,0.7149428986597577,1.2458833642950078e-06,None,None,None,None, , , , 
24770, ,0.7149428986597577,1.3354515629298971e-06,None,None,None,None, , , , 
24771, ,0.7149428986597577,1.4314589375234786e-06,None,None,None,None, , , , 
24772, ,0.7149428986597577,1.53436840893001e-06,None,None,None,None, , , , 
24773, ,0.7149428986597577,1.6446761779946631e-06,None,None,None,None, , , , 
24774, ,0.7149428986597577,1.762914118095948e-06,None,None,None,None, , , , 
24775, ,0.7149428986597577,1.8896523396912082e-06,None,None,None,None, , , , 
24776, ,0.7149428986597577,2.0255019392306664e-06,None,None,None,None, , , , 
24777, ,0.7149428986597577,2.171117945694501e-06,None,None,None,None, , , , 
24778, ,0.7149428986597577,2.327202478960408e-06,None,None,None,None, , , , 
24779, ,0.7149428986597577,2.494508135230317e-06,None,None,None,None, , , , 
24780, ,0.7149428986597577,2.673841615839944e-06,None,None,None,None, , , , 
24781, ,0.7149428986597577,2.8660676169482507e-06,None,None,None,None, , , , 
24782, ,0.7149428986597577,3.0721129988617524e-06,None,None,None,None, , , , 
24783, ,0.7149428986597577,3.292971255097148e-06,None,None,None,None, , , , 
24784, ,0.7149428986597577,3.5297073027306505e-06,None,None,None,None, , , , 
24785, ,0.7149428986597577,3.783462617131925e-06,None,None,None,None, , , , 
24786, ,0.7149428986597577,4.0554607358408275e-06,None,None,None,None, , , , 
24787, ,0.7149428986597577,4.3470131581250175e-06,None,None,None,None, , , , 
24788, ,0.7149428986597577,4.6595256686646765e-06,None,None,None,None, , , , 
24789, ,0.7149428986597577,4.99450511585514e-06,None,None,None,None, , , , 
24790, ,0.7149428986597577,5.353566677410719e-06,None,None,None,None, , , , 
24791, ,0.7149428986597577,5.738441648302393e-06,None,None,None,None, , , , 
24792, ,0.7149428986597577,6.150985788580505e-06,None,None,None,None, , , , 
24793, ,0.7149428986597577,6.593188271333541e-06,None,None,None,None, , , , 
24794, ,0.7149428986597577,7.067181273927492e-06,None,None,None,None, , , , 
24795, ,0.7149428986597577,7.575250258771904e-06,None,None,None,None, , , , 
24796, ,0.7149428986597577,8.119844993184007e-06,None,None,None,None, , , , 
24797, ,0.7149428986597577,8.703591361485167e-06,None,None,None,None, , , , 
24798, ,0.7149428986597577,9.329304026284676e-06,None,None,None,None, , , , 
24799, ,0.7149428986597577,1e-05,None,None,None,None, , , , 
24800, ,0.7401959996915641,1e-11,None,None,None,None, , , , 
24801, ,0.7401959996915641,1.0718913192051263e-11,None,None,None,None, , , , 
24802, ,0.7401959996915641,1.1489510001873107e-11,None,None,None,None, , , , 
24803, ,0.7401959996915641,1.2315506032928262e-11,None,None,None,None, , , , 
24804, ,0.7401959996915641,1.3200884008314167e-11,None,None,None,None, , , , 
24805, ,0.7401959996915641,1.4149912974345786e-11,None,None,None,None, , , , 
24806, ,0.7401959996915641,1.5167168884709242e-11,None,None,None,None, , , , 
24807, ,0.7401959996915641,1.6257556664437934e-11,None,None,None,None, , , , 
24808, ,0.7401959996915641,1.7426333860096473e-11,None,None,None,None, , , , 
24809, ,0.7401959996915641,1.8679135990207848e-11,None,None,None,None, , , , 
24810, ,0.7401959996915641,2.0022003718155844e-11,None,None,None,None, , , , 
24811, ,0.7401959996915641,2.1461411978584013e-11,None,None,None,None, , , , 
24812, ,0.7401959996915641,2.300430119772921e-11,None,None,None,None, , , , 
24813, ,0.7401959996915641,2.465811075822604e-11,None,None,None,None, , , , 
24814, ,0.7401959996915641,2.643081486974103e-11,None,None,None,None, , , , 
24815, ,0.7401959996915641,2.8330961018393178e-11,None,None,None,None, , , , 
24816, ,0.7401959996915641,3.036771118035461e-11,None,None,None,None, , , , 
24817, ,0.7401959996915641,3.255088599835057e-11,None,None,None,None, , , , 
24818, ,0.7401959996915641,3.4891012134067674e-11,None,None,None,None, , , , 
24819, ,0.7401959996915641,3.739937302478801e-11,None,None,None,None, , , , 
24820, ,0.7401959996915641,4.0088063288984646e-11,None,None,None,None, , , , 
24821, ,0.7401959996915641,4.297004704320835e-11,None,None,None,None, , , , 
24822, ,0.7401959996915641,4.605922041145113e-11,None,None,None,None, , , , 
24823, ,0.7401959996915641,4.937047852839004e-11,None,None,None,None, , , , 
24824, ,0.7401959996915641,5.2919787359584366e-11,None,None,None,None, , , , 
24825, ,0.7401959996915641,5.672426068491989e-11,None,None,None,None, , , , 
24826, ,0.7401959996915641,6.080224261649427e-11,None,None,None,None, , , , 
24827, ,0.7401959996915641,6.517339604882421e-11,None,None,None,None, , , , 
24828, ,0.7401959996915641,6.985879746785235e-11,None,None,None,None, , , , 
24829, ,0.7401959996915641,7.48810385759003e-11,None,None,None,None, , , , 
24830, ,0.7401959996915641,8.026433522257174e-11,None,None,None,None, , , , 
24831, ,0.7401959996915641,8.603464416684492e-11,None,None,None,None, , , , 
24832, ,0.7401959996915641,9.221978823334341e-11,None,None,None,None, , , , 
24833, ,0.7401959996915641,9.884959046625586e-11,None,None,None,None, , , , 
24834, ,0.7401959996915641,1.0595601792776149e-10,None,None,None,None, , , , 
24835, ,0.7401959996915641,1.1357333583431027e-10,None,None,None,None, , , , 
24836, ,0.7401959996915641,1.217382727739662e-10,None,None,None,None, , , , 
24837, ,0.7401959996915641,1.3049019780144016e-10,None,None,None,None, , , , 
24838, ,0.7401959996915641,1.398713102647236e-10,None,None,None,None, , , , 
24839, ,0.7401959996915641,1.4992684327860468e-10,None,None,None,None, , , , 
24840, ,0.7401959996915641,1.6070528182616384e-10,None,None,None,None, , , , 
24841, ,0.7401959996915641,1.722585965398784e-10,None,None,None,None, , , , 
24842, ,0.7401959996915641,1.8464249428955463e-10,None,None,None,None, , , , 
24843, ,0.7401959996915641,1.9791668678535569e-10,None,None,None,None, , , , 
24844, ,0.7401959996915641,2.121451784910628e-10,None,None,None,None, , , , 
24845, ,0.7401959996915641,2.273965752357932e-10,None,None,None,None, , , , 
24846, ,0.7401959996915641,2.4374441501222216e-10,None,None,None,None, , , , 
24847, ,0.7401959996915641,2.6126752255633265e-10,None,None,None,None, , , , 
24848, ,0.7401959996915641,2.8005038941836253e-10,None,None,None,None, , , , 
24849, ,0.7401959996915641,3.0018358135755917e-10,None,None,None,None, , , , 
24850, ,0.7401959996915641,3.2176417502507347e-10,None,None,None,None, , , , 
24851, ,0.7401959996915641,3.4489622604057533e-10,None,None,None,None, , , , 
24852, ,0.7401959996915641,3.696912707195032e-10,None,None,None,None, , , , 
24853, ,0.7401959996915641,3.9626886387014783e-10,None,None,None,None, , , , 
24854, ,0.7401959996915641,4.2475715525368935e-10,None,None,None,None, , , , 
24855, ,0.7401959996915641,4.552935074866938e-10,None,None,None,None, , , , 
24856, ,0.7401959996915641,4.880251583654433e-10,None,None,None,None, , , , 
24857, ,0.7401959996915641,5.231099308056258e-10,None,None,None,None, , , , 
24858, ,0.7401959996915641,5.60716993820547e-10,None,None,None,None, , , , 
24859, ,0.7401959996915641,6.010276782070387e-10,None,None,None,None, , , , 
24860, ,0.7401959996915641,6.442363508721371e-10,None,None,None,None, , , , 
24861, ,0.7401959996915641,6.905513520162316e-10,None,None,None,None, , , , 
24862, ,0.7401959996915641,7.401959996915653e-10,None,None,None,None, , , , 
24863, ,0.7401959996915641,7.934096665797492e-10,None,None,None,None, , , , 
24864, ,0.7401959996915641,8.504489341802668e-10,None,None,None,None, , , , 
24865, ,0.7401959996915641,9.115888299750837e-10,None,None,None,None, , , , 
24866, ,0.7401959996915641,9.771241535346502e-10,None,None,None,None, , , , 
24867, ,0.7401959996915641,1.0473708979594486e-09,None,None,None,None, , , , 
24868, ,0.7401959996915641,1.1226677735108114e-09,None,None,None,None, , , , 
24869, ,0.7401959996915641,1.2033778407775904e-09,None,None,None,None, , , , 
24870, ,0.7401959996915641,1.289890261253308e-09,None,None,None,None, , , , 
24871, ,0.7401959996915641,1.3826221737646535e-09,None,None,None,None, , , , 
24872, ,0.7401959996915641,1.4820207057988602e-09,None,None,None,None, , , , 
24873, ,0.7401959996915641,1.5885651294280526e-09,None,None,None,None, , , , 
24874, ,0.7401959996915641,1.702769172225898e-09,None,None,None,None, , , , 
24875, ,0.7401959996915641,1.825183494319039e-09,None,None,None,None, , , , 
24876, ,0.7401959996915641,1.956398343517065e-09,None,None,None,None, , , , 
24877, ,0.7401959996915641,2.0970464013232305e-09,None,None,None,None, , , , 
24878, ,0.7401959996915641,2.2478058335487307e-09,None,None,None,None, , , , 
24879, ,0.7401959996915641,2.409403560239527e-09,None,None,None,None, , , , 
24880, ,0.7401959996915641,2.582618760682675e-09,None,None,None,None, , , , 
24881, ,0.7401959996915641,2.768286630392061e-09,None,None,None,None, , , , 
24882, ,0.7401959996915641,2.9673024081888724e-09,None,None,None,None, , , , 
24883, ,0.7401959996915641,3.180625692794119e-09,None,None,None,None, , , , 
24884, ,0.7401959996915641,3.409285069746807e-09,None,None,None,None, , , , 
24885, ,0.7401959996915641,3.654383070957262e-09,None,None,None,None, , , , 
24886, ,0.7401959996915641,3.917101490809261e-09,None,None,None,None, , , , 
24887, ,0.7401959996915641,4.198707084443906e-09,None,None,None,None, , , , 
24888, ,0.7401959996915641,4.500557675700488e-09,None,None,None,None, , , , 
24889, ,0.7401959996915641,4.824108704165374e-09,None,None,None,None, , , , 
24890, ,0.7401959996915641,5.170920242896755e-09,None,None,None,None, , , , 
24891, ,0.7401959996915641,5.542664520663096e-09,None,None,None,None, , , , 
24892, ,0.7401959996915641,5.941133984965041e-09,None,None,None,None, , , , 
24893, ,0.7401959996915641,6.3682499447185856e-09,None,None,None,None, , , , 
24894, ,0.7401959996915641,6.826071834272379e-09,None,None,None,None, , , , 
24895, ,0.7401959996915641,7.316807143427175e-09,None,None,None,None, , , , 
24896, ,0.7401959996915641,7.842822061337681e-09,None,None,None,None, , , , 
24897, ,0.7401959996915641,8.406652885618316e-09,None,None,None,None, , , , 
24898, ,0.7401959996915641,9.011018251665036e-09,None,None,None,None, , , , 
24899, ,0.7401959996915641,9.658832241158707e-09,None,None,None,None, , , , 
24900, ,0.7401959996915641,1.0353218432956616e-08,None,None,None,None, , , , 
24901, ,0.7401959996915641,1.1097524964120722e-08,None,None,None,None, , , , 
24902, ,0.7401959996915641,1.1895340673703208e-08,None,None,None,None, , , , 
24903, ,0.7401959996915641,1.2750512407130128e-08,None,None,None,None, , , , 
24904, ,0.7401959996915641,1.3667163564620044e-08,None,None,None,None, , , , 
24905, ,0.7401959996915641,1.4649713983072853e-08,None,None,None,None, , , , 
24906, ,0.7401959996915641,1.5702901247293774e-08,None,None,None,None, , , , 
24907, ,0.7401959996915641,1.683180353330955e-08,None,None,None,None, , , , 
24908, ,0.7401959996915641,1.8041864093920717e-08,None,None,None,None, , , , 
24909, ,0.7401959996915641,1.933891750455232e-08,None,None,None,None, , , , 
24910, ,0.7401959996915641,2.0729217795953697e-08,None,None,None,None, , , , 
24911, ,0.7401959996915641,2.221946860939524e-08,None,None,None,None, , , , 
24912, ,0.7401959996915641,2.3816855519761606e-08,None,None,None,None, , , , 
24913, ,0.7401959996915641,2.552908068239516e-08,None,None,None,None, , , , 
24914, ,0.7401959996915641,2.7364399970746666e-08,None,None,None,None, , , , 
24915, ,0.7401959996915641,2.933166278390042e-08,None,None,None,None, , , , 
24916, ,0.7401959996915641,3.1440354715915e-08,None,None,None,None, , , , 
24917, ,0.7401959996915641,3.370064329271925e-08,None,None,None,None, , , , 
24918, ,0.7401959996915641,3.612342699709431e-08,None,None,None,None, , , , 
24919, ,0.7401959996915641,3.872038781812557e-08,None,None,None,None, , , , 
24920, ,0.7401959996915641,4.1504047578504727e-08,None,None,None,None, , , , 
24921, ,0.7401959996915641,4.448782831127585e-08,None,None,None,None, , , , 
24922, ,0.7401959996915641,4.768611697714474e-08,None,None,None,None, , , , 
24923, ,0.7401959996915641,5.111433483440165e-08,None,None,None,None, , , , 
24924, ,0.7401959996915641,5.478901179593934e-08,None,None,None,None, , , , 
24925, ,0.7401959996915641,5.872786613189478e-08,None,None,None,None, , , , 
24926, ,0.7401959996915641,6.294988990221888e-08,None,None,None,None, , , , 
24927, ,0.7401959996915641,6.747544053110687e-08,None,None,None,None, , , , 
24928, ,0.7401959996915641,7.232633896483534e-08,None,None,None,None, , , , 
24929, ,0.7401959996915641,7.752597488629465e-08,None,None,None,None, , , , 
24930, ,0.7401959996915641,8.309941949353386e-08,None,None,None,None, , , , 
24931, ,0.7401959996915641,8.907354638610439e-08,None,None,None,None, , , , 
24932, ,0.7401959996915641,9.547716114208066e-08,None,None,None,None, , , , 
24933, ,0.7401959996915641,1.0234114021054528e-07,None,None,None,None, , , , 
24934, ,0.7401959996915641,1.0969857978923841e-07,None,None,None,None, , , , 
24935, ,0.7401959996915641,1.1758495540521555e-07,None,None,None,None, , , , 
24936, ,0.7401959996915641,1.2603829296797277e-07,None,None,None,None, , , , 
24937, ,0.7401959996915641,1.350993521198025e-07,None,None,None,None, , , , 
24938, ,0.7401959996915641,1.4481182276745328e-07,None,None,None,None, , , , 
24939, ,0.7401959996915641,1.552225357427048e-07,None,None,None,None, , , , 
24940, ,0.7401959996915641,1.6638168860761273e-07,None,None,None,None, , , , 
24941, ,0.7401959996915641,1.7834308769319093e-07,None,None,None,None, , , , 
24942, ,0.7401959996915641,1.9116440753857e-07,None,None,None,None, , , , 
24943, ,0.7401959996915641,2.049074689815846e-07,None,None,None,None, , , , 
24944, ,0.7401959996915641,2.1963853724165468e-07,None,None,None,None, , , , 
24945, ,0.7401959996915641,2.3542864143224158e-07,None,None,None,None, , , , 
24946, ,0.7401959996915641,2.523539170434766e-07,None,None,None,None, , , , 
24947, ,0.7401959996915641,2.7049597304631316e-07,None,None,None,None, , , , 
24948, ,0.7401959996915641,2.899422853882875e-07,None,None,None,None, , , , 
24949, ,0.7401959996915641,3.107866187782014e-07,None,None,None,None, , , , 
24950, ,0.7401959996915641,3.33129478793467e-07,None,None,None,None, , , , 
24951, ,0.7401959996915641,3.5707859649004626e-07,None,None,None,None, , , , 
24952, ,0.7401959996915641,3.827494478516307e-07,None,None,None,None, , , , 
24953, ,0.7401959996915641,4.1026581058271904e-07,None,None,None,None, , , , 
24954, ,0.7401959996915641,4.397603609302722e-07,None,None,None,None, , , , 
24955, ,0.7401959996915641,4.7137531341167185e-07,None,None,None,None, , , , 
24956, ,0.7401959996915641,5.052631065335679e-07,None,None,None,None, , , , 
24957, ,0.7401959996915641,5.415871378079465e-07,None,None,None,None, , , , 
24958, ,0.7401959996915641,5.805225516094896e-07,None,None,None,None, , , , 
24959, ,0.7401959996915641,6.222570836730232e-07,None,None,None,None, , , , 
24960, ,0.7401959996915641,6.669919663030115e-07,None,None,None,None, , , , 
24961, ,0.7401959996915641,7.149428986597576e-07,None,None,None,None, , , , 
24962, ,0.7401959996915641,7.663410868007445e-07,None,None,None,None, , , , 
24963, ,0.7401959996915641,8.214343584919422e-07,None,None,None,None, , , , 
24964, ,0.7401959996915641,8.804883581643463e-07,None,None,None,None, , , , 
24965, ,0.7401959996915641,9.437878277775371e-07,None,None,None,None, , , , 
24966, ,0.7401959996915641,1.0116379797662072e-06,None,None,None,None, , , , 
24967, ,0.7401959996915641,1.0843659686896086e-06,None,None,None,None, , , , 
24968, ,0.7401959996915641,1.1623224686798522e-06,None,None,None,None, , , , 
24969, ,0.7401959996915641,1.2458833642950078e-06,None,None,None,None, , , , 
24970, ,0.7401959996915641,1.3354515629298971e-06,None,None,None,None, , , , 
24971, ,0.7401959996915641,1.4314589375234786e-06,None,None,None,None, , , , 
24972, ,0.7401959996915641,1.53436840893001e-06,None,None,None,None, , , , 
24973, ,0.7401959996915641,1.6446761779946631e-06,None,None,None,None, , , , 
24974, ,0.7401959996915641,1.762914118095948e-06,None,None,None,None, , , , 
24975, ,0.7401959996915641,1.8896523396912082e-06,None,None,None,None, , , , 
24976, ,0.7401959996915641,2.0255019392306664e-06,None,None,None,None, , , , 
24977, ,0.7401959996915641,2.171117945694501e-06,None,None,None,None, , , , 
24978, ,0.7401959996915641,2.327202478960408e-06,None,None,None,None, , , , 
24979, ,0.7401959996915641,2.494508135230317e-06,None,None,None,None, , , , 
24980, ,0.7401959996915641,2.673841615839944e-06,None,None,None,None, , , , 
24981, ,0.7401959996915641,2.8660676169482507e-06,None,None,None,None, , , , 
24982, ,0.7401959996915641,3.0721129988617524e-06,None,None,None,None, , , , 
24983, ,0.7401959996915641,3.292971255097148e-06,None,None,None,None, , , , 
24984, ,0.7401959996915641,3.5297073027306505e-06,None,None,None,None, , , , 
24985, ,0.7401959996915641,3.783462617131925e-06,None,None,None,None, , , , 
24986, ,0.7401959996915641,4.0554607358408275e-06,None,None,None,None, , , , 
24987, ,0.7401959996915641,4.3470131581250175e-06,None,None,None,None, , , , 
24988, ,0.7401959996915641,4.6595256686646765e-06,None,None,None,None, , , , 
24989, ,0.7401959996915641,4.99450511585514e-06,None,None,None,None, , , , 
24990, ,0.7401959996915641,5.353566677410719e-06,None,None,None,None, , , , 
24991, ,0.7401959996915641,5.738441648302393e-06,None,None,None,None, , , , 
24992, ,0.7401959996915641,6.150985788580505e-06,None,None,None,None, , , , 
24993, ,0.7401959996915641,6.593188271333541e-06,None,None,None,None, , , , 
24994, ,0.7401959996915641,7.067181273927492e-06,None,None,None,None, , , , 
24995, ,0.7401959996915641,7.575250258771904e-06,None,None,None,None, , , , 
24996, ,0.7401959996915641,8.119844993184007e-06,None,None,None,None, , , , 
24997, ,0.7401959996915641,8.703591361485167e-06,None,None,None,None, , , , 
24998, ,0.7401959996915641,9.329304026284676e-06,None,None,None,None, , , , 
24999, ,0.7401959996915641,1e-05,None,None,None,None, , , , 
25000, ,0.7663410868007454,1e-11,None,None,None,None, , , , 
25001, ,0.7663410868007454,1.0718913192051263e-11,None,None,None,None, , , , 
25002, ,0.7663410868007454,1.1489510001873107e-11,None,None,None,None, , , , 
25003, ,0.7663410868007454,1.2315506032928262e-11,None,None,None,None, , , , 
25004, ,0.7663410868007454,1.3200884008314167e-11,None,None,None,None, , , , 
25005, ,0.7663410868007454,1.4149912974345786e-11,None,None,None,None, , , , 
25006, ,0.7663410868007454,1.5167168884709242e-11,None,None,None,None, , , , 
25007, ,0.7663410868007454,1.6257556664437934e-11,None,None,None,None, , , , 
25008, ,0.7663410868007454,1.7426333860096473e-11,None,None,None,None, , , , 
25009, ,0.7663410868007454,1.8679135990207848e-11,None,None,None,None, , , , 
25010, ,0.7663410868007454,2.0022003718155844e-11,None,None,None,None, , , , 
25011, ,0.7663410868007454,2.1461411978584013e-11,None,None,None,None, , , , 
25012, ,0.7663410868007454,2.300430119772921e-11,None,None,None,None, , , , 
25013, ,0.7663410868007454,2.465811075822604e-11,None,None,None,None, , , , 
25014, ,0.7663410868007454,2.643081486974103e-11,None,None,None,None, , , , 
25015, ,0.7663410868007454,2.8330961018393178e-11,None,None,None,None, , , , 
25016, ,0.7663410868007454,3.036771118035461e-11,None,None,None,None, , , , 
25017, ,0.7663410868007454,3.255088599835057e-11,None,None,None,None, , , , 
25018, ,0.7663410868007454,3.4891012134067674e-11,None,None,None,None, , , , 
25019, ,0.7663410868007454,3.739937302478801e-11,None,None,None,None, , , , 
25020, ,0.7663410868007454,4.0088063288984646e-11,None,None,None,None, , , , 
25021, ,0.7663410868007454,4.297004704320835e-11,None,None,None,None, , , , 
25022, ,0.7663410868007454,4.605922041145113e-11,None,None,None,None, , , , 
25023, ,0.7663410868007454,4.937047852839004e-11,None,None,None,None, , , , 
25024, ,0.7663410868007454,5.2919787359584366e-11,None,None,None,None, , , , 
25025, ,0.7663410868007454,5.672426068491989e-11,None,None,None,None, , , , 
25026, ,0.7663410868007454,6.080224261649427e-11,None,None,None,None, , , , 
25027, ,0.7663410868007454,6.517339604882421e-11,None,None,None,None, , , , 
25028, ,0.7663410868007454,6.985879746785235e-11,None,None,None,None, , , , 
25029, ,0.7663410868007454,7.48810385759003e-11,None,None,None,None, , , , 
25030, ,0.7663410868007454,8.026433522257174e-11,None,None,None,None, , , , 
25031, ,0.7663410868007454,8.603464416684492e-11,None,None,None,None, , , , 
25032, ,0.7663410868007454,9.221978823334341e-11,None,None,None,None, , , , 
25033, ,0.7663410868007454,9.884959046625586e-11,None,None,None,None, , , , 
25034, ,0.7663410868007454,1.0595601792776149e-10,None,None,None,None, , , , 
25035, ,0.7663410868007454,1.1357333583431027e-10,None,None,None,None, , , , 
25036, ,0.7663410868007454,1.217382727739662e-10,None,None,None,None, , , , 
25037, ,0.7663410868007454,1.3049019780144016e-10,None,None,None,None, , , , 
25038, ,0.7663410868007454,1.398713102647236e-10,None,None,None,None, , , , 
25039, ,0.7663410868007454,1.4992684327860468e-10,None,None,None,None, , , , 
25040, ,0.7663410868007454,1.6070528182616384e-10,None,None,None,None, , , , 
25041, ,0.7663410868007454,1.722585965398784e-10,None,None,None,None, , , , 
25042, ,0.7663410868007454,1.8464249428955463e-10,None,None,None,None, , , , 
25043, ,0.7663410868007454,1.9791668678535569e-10,None,None,None,None, , , , 
25044, ,0.7663410868007454,2.121451784910628e-10,None,None,None,None, , , , 
25045, ,0.7663410868007454,2.273965752357932e-10,None,None,None,None, , , , 
25046, ,0.7663410868007454,2.4374441501222216e-10,None,None,None,None, , , , 
25047, ,0.7663410868007454,2.6126752255633265e-10,None,None,None,None, , , , 
25048, ,0.7663410868007454,2.8005038941836253e-10,None,None,None,None, , , , 
25049, ,0.7663410868007454,3.0018358135755917e-10,None,None,None,None, , , , 
25050, ,0.7663410868007454,3.2176417502507347e-10,None,None,None,None, , , , 
25051, ,0.7663410868007454,3.4489622604057533e-10,None,None,None,None, , , , 
25052, ,0.7663410868007454,3.696912707195032e-10,None,None,None,None, , , , 
25053, ,0.7663410868007454,3.9626886387014783e-10,None,None,None,None, , , , 
25054, ,0.7663410868007454,4.2475715525368935e-10,None,None,None,None, , , , 
25055, ,0.7663410868007454,4.552935074866938e-10,None,None,None,None, , , , 
25056, ,0.7663410868007454,4.880251583654433e-10,None,None,None,None, , , , 
25057, ,0.7663410868007454,5.231099308056258e-10,None,None,None,None, , , , 
25058, ,0.7663410868007454,5.60716993820547e-10,None,None,None,None, , , , 
25059, ,0.7663410868007454,6.010276782070387e-10,None,None,None,None, , , , 
25060, ,0.7663410868007454,6.442363508721371e-10,None,None,None,None, , , , 
25061, ,0.7663410868007454,6.905513520162316e-10,None,None,None,None, , , , 
25062, ,0.7663410868007454,7.401959996915653e-10,None,None,None,None, , , , 
25063, ,0.7663410868007454,7.934096665797492e-10,None,None,None,None, , , , 
25064, ,0.7663410868007454,8.504489341802668e-10,None,None,None,None, , , , 
25065, ,0.7663410868007454,9.115888299750837e-10,None,None,None,None, , , , 
25066, ,0.7663410868007454,9.771241535346502e-10,None,None,None,None, , , , 
25067, ,0.7663410868007454,1.0473708979594486e-09,None,None,None,None, , , , 
25068, ,0.7663410868007454,1.1226677735108114e-09,None,None,None,None, , , , 
25069, ,0.7663410868007454,1.2033778407775904e-09,None,None,None,None, , , , 
25070, ,0.7663410868007454,1.289890261253308e-09,None,None,None,None, , , , 
25071, ,0.7663410868007454,1.3826221737646535e-09,None,None,None,None, , , , 
25072, ,0.7663410868007454,1.4820207057988602e-09,None,None,None,None, , , , 
25073, ,0.7663410868007454,1.5885651294280526e-09,None,None,None,None, , , , 
25074, ,0.7663410868007454,1.702769172225898e-09,None,None,None,None, , , , 
25075, ,0.7663410868007454,1.825183494319039e-09,None,None,None,None, , , , 
25076, ,0.7663410868007454,1.956398343517065e-09,None,None,None,None, , , , 
25077, ,0.7663410868007454,2.0970464013232305e-09,None,None,None,None, , , , 
25078, ,0.7663410868007454,2.2478058335487307e-09,None,None,None,None, , , , 
25079, ,0.7663410868007454,2.409403560239527e-09,None,None,None,None, , , , 
25080, ,0.7663410868007454,2.582618760682675e-09,None,None,None,None, , , , 
25081, ,0.7663410868007454,2.768286630392061e-09,None,None,None,None, , , , 
25082, ,0.7663410868007454,2.9673024081888724e-09,None,None,None,None, , , , 
25083, ,0.7663410868007454,3.180625692794119e-09,None,None,None,None, , , , 
25084, ,0.7663410868007454,3.409285069746807e-09,None,None,None,None, , , , 
25085, ,0.7663410868007454,3.654383070957262e-09,None,None,None,None, , , , 
25086, ,0.7663410868007454,3.917101490809261e-09,None,None,None,None, , , , 
25087, ,0.7663410868007454,4.198707084443906e-09,None,None,None,None, , , , 
25088, ,0.7663410868007454,4.500557675700488e-09,None,None,None,None, , , , 
25089, ,0.7663410868007454,4.824108704165374e-09,None,None,None,None, , , , 
25090, ,0.7663410868007454,5.170920242896755e-09,None,None,None,None, , , , 
25091, ,0.7663410868007454,5.542664520663096e-09,None,None,None,None, , , , 
25092, ,0.7663410868007454,5.941133984965041e-09,None,None,None,None, , , , 
25093, ,0.7663410868007454,6.3682499447185856e-09,None,None,None,None, , , , 
25094, ,0.7663410868007454,6.826071834272379e-09,None,None,None,None, , , , 
25095, ,0.7663410868007454,7.316807143427175e-09,None,None,None,None, , , , 
25096, ,0.7663410868007454,7.842822061337681e-09,None,None,None,None, , , , 
25097, ,0.7663410868007454,8.406652885618316e-09,None,None,None,None, , , , 
25098, ,0.7663410868007454,9.011018251665036e-09,None,None,None,None, , , , 
25099, ,0.7663410868007454,9.658832241158707e-09,None,None,None,None, , , , 
25100, ,0.7663410868007454,1.0353218432956616e-08,None,None,None,None, , , , 
25101, ,0.7663410868007454,1.1097524964120722e-08,None,None,None,None, , , , 
25102, ,0.7663410868007454,1.1895340673703208e-08,None,None,None,None, , , , 
25103, ,0.7663410868007454,1.2750512407130128e-08,None,None,None,None, , , , 
25104, ,0.7663410868007454,1.3667163564620044e-08,None,None,None,None, , , , 
25105, ,0.7663410868007454,1.4649713983072853e-08,None,None,None,None, , , , 
25106, ,0.7663410868007454,1.5702901247293774e-08,None,None,None,None, , , , 
25107, ,0.7663410868007454,1.683180353330955e-08,None,None,None,None, , , , 
25108, ,0.7663410868007454,1.8041864093920717e-08,None,None,None,None, , , , 
25109, ,0.7663410868007454,1.933891750455232e-08,None,None,None,None, , , , 
25110, ,0.7663410868007454,2.0729217795953697e-08,None,None,None,None, , , , 
25111, ,0.7663410868007454,2.221946860939524e-08,None,None,None,None, , , , 
25112, ,0.7663410868007454,2.3816855519761606e-08,None,None,None,None, , , , 
25113, ,0.7663410868007454,2.552908068239516e-08,None,None,None,None, , , , 
25114, ,0.7663410868007454,2.7364399970746666e-08,None,None,None,None, , , , 
25115, ,0.7663410868007454,2.933166278390042e-08,None,None,None,None, , , , 
25116, ,0.7663410868007454,3.1440354715915e-08,None,None,None,None, , , , 
25117, ,0.7663410868007454,3.370064329271925e-08,None,None,None,None, , , , 
25118, ,0.7663410868007454,3.612342699709431e-08,None,None,None,None, , , , 
25119, ,0.7663410868007454,3.872038781812557e-08,None,None,None,None, , , , 
25120, ,0.7663410868007454,4.1504047578504727e-08,None,None,None,None, , , , 
25121, ,0.7663410868007454,4.448782831127585e-08,None,None,None,None, , , , 
25122, ,0.7663410868007454,4.768611697714474e-08,None,None,None,None, , , , 
25123, ,0.7663410868007454,5.111433483440165e-08,None,None,None,None, , , , 
25124, ,0.7663410868007454,5.478901179593934e-08,None,None,None,None, , , , 
25125, ,0.7663410868007454,5.872786613189478e-08,None,None,None,None, , , , 
25126, ,0.7663410868007454,6.294988990221888e-08,None,None,None,None, , , , 
25127, ,0.7663410868007454,6.747544053110687e-08,None,None,None,None, , , , 
25128, ,0.7663410868007454,7.232633896483534e-08,None,None,None,None, , , , 
25129, ,0.7663410868007454,7.752597488629465e-08,None,None,None,None, , , , 
25130, ,0.7663410868007454,8.309941949353386e-08,None,None,None,None, , , , 
25131, ,0.7663410868007454,8.907354638610439e-08,None,None,None,None, , , , 
25132, ,0.7663410868007454,9.547716114208066e-08,None,None,None,None, , , , 
25133, ,0.7663410868007454,1.0234114021054528e-07,None,None,None,None, , , , 
25134, ,0.7663410868007454,1.0969857978923841e-07,None,None,None,None, , , , 
25135, ,0.7663410868007454,1.1758495540521555e-07,None,None,None,None, , , , 
25136, ,0.7663410868007454,1.2603829296797277e-07,None,None,None,None, , , , 
25137, ,0.7663410868007454,1.350993521198025e-07,None,None,None,None, , , , 
25138, ,0.7663410868007454,1.4481182276745328e-07,None,None,None,None, , , , 
25139, ,0.7663410868007454,1.552225357427048e-07,None,None,None,None, , , , 
25140, ,0.7663410868007454,1.6638168860761273e-07,None,None,None,None, , , , 
25141, ,0.7663410868007454,1.7834308769319093e-07,None,None,None,None, , , , 
25142, ,0.7663410868007454,1.9116440753857e-07,None,None,None,None, , , , 
25143, ,0.7663410868007454,2.049074689815846e-07,None,None,None,None, , , , 
25144, ,0.7663410868007454,2.1963853724165468e-07,None,None,None,None, , , , 
25145, ,0.7663410868007454,2.3542864143224158e-07,None,None,None,None, , , , 
25146, ,0.7663410868007454,2.523539170434766e-07,None,None,None,None, , , , 
25147, ,0.7663410868007454,2.7049597304631316e-07,None,None,None,None, , , , 
25148, ,0.7663410868007454,2.899422853882875e-07,None,None,None,None, , , , 
25149, ,0.7663410868007454,3.107866187782014e-07,None,None,None,None, , , , 
25150, ,0.7663410868007454,3.33129478793467e-07,None,None,None,None, , , , 
25151, ,0.7663410868007454,3.5707859649004626e-07,None,None,None,None, , , , 
25152, ,0.7663410868007454,3.827494478516307e-07,None,None,None,None, , , , 
25153, ,0.7663410868007454,4.1026581058271904e-07,None,None,None,None, , , , 
25154, ,0.7663410868007454,4.397603609302722e-07,None,None,None,None, , , , 
25155, ,0.7663410868007454,4.7137531341167185e-07,None,None,None,None, , , , 
25156, ,0.7663410868007454,5.052631065335679e-07,None,None,None,None, , , , 
25157, ,0.7663410868007454,5.415871378079465e-07,None,None,None,None, , , , 
25158, ,0.7663410868007454,5.805225516094896e-07,None,None,None,None, , , , 
25159, ,0.7663410868007454,6.222570836730232e-07,None,None,None,None, , , , 
25160, ,0.7663410868007454,6.669919663030115e-07,None,None,None,None, , , , 
25161, ,0.7663410868007454,7.149428986597576e-07,None,None,None,None, , , , 
25162, ,0.7663410868007454,7.663410868007445e-07,None,None,None,None, , , , 
25163, ,0.7663410868007454,8.214343584919422e-07,None,None,None,None, , , , 
25164, ,0.7663410868007454,8.804883581643463e-07,None,None,None,None, , , , 
25165, ,0.7663410868007454,9.437878277775371e-07,None,None,None,None, , , , 
25166, ,0.7663410868007454,1.0116379797662072e-06,None,None,None,None, , , , 
25167, ,0.7663410868007454,1.0843659686896086e-06,None,None,None,None, , , , 
25168, ,0.7663410868007454,1.1623224686798522e-06,None,None,None,None, , , , 
25169, ,0.7663410868007454,1.2458833642950078e-06,None,None,None,None, , , , 
25170, ,0.7663410868007454,1.3354515629298971e-06,None,None,None,None, , , , 
25171, ,0.7663410868007454,1.4314589375234786e-06,None,None,None,None, , , , 
25172, ,0.7663410868007454,1.53436840893001e-06,None,None,None,None, , , , 
25173, ,0.7663410868007454,1.6446761779946631e-06,None,None,None,None, , , , 
25174, ,0.7663410868007454,1.762914118095948e-06,None,None,None,None, , , , 
25175, ,0.7663410868007454,1.8896523396912082e-06,None,None,None,None, , , , 
25176, ,0.7663410868007454,2.0255019392306664e-06,None,None,None,None, , , , 
25177, ,0.7663410868007454,2.171117945694501e-06,None,None,None,None, , , , 
25178, ,0.7663410868007454,2.327202478960408e-06,None,None,None,None, , , , 
25179, ,0.7663410868007454,2.494508135230317e-06,None,None,None,None, , , , 
25180, ,0.7663410868007454,2.673841615839944e-06,None,None,None,None, , , , 
25181, ,0.7663410868007454,2.8660676169482507e-06,None,None,None,None, , , , 
25182, ,0.7663410868007454,3.0721129988617524e-06,None,None,None,None, , , , 
25183, ,0.7663410868007454,3.292971255097148e-06,None,None,None,None, , , , 
25184, ,0.7663410868007454,3.5297073027306505e-06,None,None,None,None, , , , 
25185, ,0.7663410868007454,3.783462617131925e-06,None,None,None,None, , , , 
25186, ,0.7663410868007454,4.0554607358408275e-06,None,None,None,None, , , , 
25187, ,0.7663410868007454,4.3470131581250175e-06,None,None,None,None, , , , 
25188, ,0.7663410868007454,4.6595256686646765e-06,None,None,None,None, , , , 
25189, ,0.7663410868007454,4.99450511585514e-06,None,None,None,None, , , , 
25190, ,0.7663410868007454,5.353566677410719e-06,None,None,None,None, , , , 
25191, ,0.7663410868007454,5.738441648302393e-06,None,None,None,None, , , , 
25192, ,0.7663410868007454,6.150985788580505e-06,None,None,None,None, , , , 
25193, ,0.7663410868007454,6.593188271333541e-06,None,None,None,None, , , , 
25194, ,0.7663410868007454,7.067181273927492e-06,None,None,None,None, , , , 
25195, ,0.7663410868007454,7.575250258771904e-06,None,None,None,None, , , , 
25196, ,0.7663410868007454,8.119844993184007e-06,None,None,None,None, , , , 
25197, ,0.7663410868007454,8.703591361485167e-06,None,None,None,None, , , , 
25198, ,0.7663410868007454,9.329304026284676e-06,None,None,None,None, , , , 
25199, ,0.7663410868007454,1e-05,None,None,None,None, , , , 
25200, ,0.7934096665797492,1e-11,None,None,None,None, , , , 
25201, ,0.7934096665797492,1.0718913192051263e-11,None,None,None,None, , , , 
25202, ,0.7934096665797492,1.1489510001873107e-11,None,None,None,None, , , , 
25203, ,0.7934096665797492,1.2315506032928262e-11,None,None,None,None, , , , 
25204, ,0.7934096665797492,1.3200884008314167e-11,None,None,None,None, , , , 
25205, ,0.7934096665797492,1.4149912974345786e-11,None,None,None,None, , , , 
25206, ,0.7934096665797492,1.5167168884709242e-11,None,None,None,None, , , , 
25207, ,0.7934096665797492,1.6257556664437934e-11,None,None,None,None, , , , 
25208, ,0.7934096665797492,1.7426333860096473e-11,None,None,None,None, , , , 
25209, ,0.7934096665797492,1.8679135990207848e-11,None,None,None,None, , , , 
25210, ,0.7934096665797492,2.0022003718155844e-11,None,None,None,None, , , , 
25211, ,0.7934096665797492,2.1461411978584013e-11,None,None,None,None, , , , 
25212, ,0.7934096665797492,2.300430119772921e-11,None,None,None,None, , , , 
25213, ,0.7934096665797492,2.465811075822604e-11,None,None,None,None, , , , 
25214, ,0.7934096665797492,2.643081486974103e-11,None,None,None,None, , , , 
25215, ,0.7934096665797492,2.8330961018393178e-11,None,None,None,None, , , , 
25216, ,0.7934096665797492,3.036771118035461e-11,None,None,None,None, , , , 
25217, ,0.7934096665797492,3.255088599835057e-11,None,None,None,None, , , , 
25218, ,0.7934096665797492,3.4891012134067674e-11,None,None,None,None, , , , 
25219, ,0.7934096665797492,3.739937302478801e-11,None,None,None,None, , , , 
25220, ,0.7934096665797492,4.0088063288984646e-11,None,None,None,None, , , , 
25221, ,0.7934096665797492,4.297004704320835e-11,None,None,None,None, , , , 
25222, ,0.7934096665797492,4.605922041145113e-11,None,None,None,None, , , , 
25223, ,0.7934096665797492,4.937047852839004e-11,None,None,None,None, , , , 
25224, ,0.7934096665797492,5.2919787359584366e-11,None,None,None,None, , , , 
25225, ,0.7934096665797492,5.672426068491989e-11,None,None,None,None, , , , 
25226, ,0.7934096665797492,6.080224261649427e-11,None,None,None,None, , , , 
25227, ,0.7934096665797492,6.517339604882421e-11,None,None,None,None, , , , 
25228, ,0.7934096665797492,6.985879746785235e-11,None,None,None,None, , , , 
25229, ,0.7934096665797492,7.48810385759003e-11,None,None,None,None, , , , 
25230, ,0.7934096665797492,8.026433522257174e-11,None,None,None,None, , , , 
25231, ,0.7934096665797492,8.603464416684492e-11,None,None,None,None, , , , 
25232, ,0.7934096665797492,9.221978823334341e-11,None,None,None,None, , , , 
25233, ,0.7934096665797492,9.884959046625586e-11,None,None,None,None, , , , 
25234, ,0.7934096665797492,1.0595601792776149e-10,None,None,None,None, , , , 
25235, ,0.7934096665797492,1.1357333583431027e-10,None,None,None,None, , , , 
25236, ,0.7934096665797492,1.217382727739662e-10,None,None,None,None, , , , 
25237, ,0.7934096665797492,1.3049019780144016e-10,None,None,None,None, , , , 
25238, ,0.7934096665797492,1.398713102647236e-10,None,None,None,None, , , , 
25239, ,0.7934096665797492,1.4992684327860468e-10,None,None,None,None, , , , 
25240, ,0.7934096665797492,1.6070528182616384e-10,None,None,None,None, , , , 
25241, ,0.7934096665797492,1.722585965398784e-10,None,None,None,None, , , , 
25242, ,0.7934096665797492,1.8464249428955463e-10,None,None,None,None, , , , 
25243, ,0.7934096665797492,1.9791668678535569e-10,None,None,None,None, , , , 
25244, ,0.7934096665797492,2.121451784910628e-10,None,None,None,None, , , , 
25245, ,0.7934096665797492,2.273965752357932e-10,None,None,None,None, , , , 
25246, ,0.7934096665797492,2.4374441501222216e-10,None,None,None,None, , , , 
25247, ,0.7934096665797492,2.6126752255633265e-10,None,None,None,None, , , , 
25248, ,0.7934096665797492,2.8005038941836253e-10,None,None,None,None, , , , 
25249, ,0.7934096665797492,3.0018358135755917e-10,None,None,None,None, , , , 
25250, ,0.7934096665797492,3.2176417502507347e-10,None,None,None,None, , , , 
25251, ,0.7934096665797492,3.4489622604057533e-10,None,None,None,None, , , , 
25252, ,0.7934096665797492,3.696912707195032e-10,None,None,None,None, , , , 
25253, ,0.7934096665797492,3.9626886387014783e-10,None,None,None,None, , , , 
25254, ,0.7934096665797492,4.2475715525368935e-10,None,None,None,None, , , , 
25255, ,0.7934096665797492,4.552935074866938e-10,None,None,None,None, , , , 
25256, ,0.7934096665797492,4.880251583654433e-10,None,None,None,None, , , , 
25257, ,0.7934096665797492,5.231099308056258e-10,None,None,None,None, , , , 
25258, ,0.7934096665797492,5.60716993820547e-10,None,None,None,None, , , , 
25259, ,0.7934096665797492,6.010276782070387e-10,None,None,None,None, , , , 
25260, ,0.7934096665797492,6.442363508721371e-10,None,None,None,None, , , , 
25261, ,0.7934096665797492,6.905513520162316e-10,None,None,None,None, , , , 
25262, ,0.7934096665797492,7.401959996915653e-10,None,None,None,None, , , , 
25263, ,0.7934096665797492,7.934096665797492e-10,None,None,None,None, , , , 
25264, ,0.7934096665797492,8.504489341802668e-10,None,None,None,None, , , , 
25265, ,0.7934096665797492,9.115888299750837e-10,None,None,None,None, , , , 
25266, ,0.7934096665797492,9.771241535346502e-10,None,None,None,None, , , , 
25267, ,0.7934096665797492,1.0473708979594486e-09,None,None,None,None, , , , 
25268, ,0.7934096665797492,1.1226677735108114e-09,None,None,None,None, , , , 
25269, ,0.7934096665797492,1.2033778407775904e-09,None,None,None,None, , , , 
25270, ,0.7934096665797492,1.289890261253308e-09,None,None,None,None, , , , 
25271, ,0.7934096665797492,1.3826221737646535e-09,None,None,None,None, , , , 
25272, ,0.7934096665797492,1.4820207057988602e-09,None,None,None,None, , , , 
25273, ,0.7934096665797492,1.5885651294280526e-09,None,None,None,None, , , , 
25274, ,0.7934096665797492,1.702769172225898e-09,None,None,None,None, , , , 
25275, ,0.7934096665797492,1.825183494319039e-09,None,None,None,None, , , , 
25276, ,0.7934096665797492,1.956398343517065e-09,None,None,None,None, , , , 
25277, ,0.7934096665797492,2.0970464013232305e-09,None,None,None,None, , , , 
25278, ,0.7934096665797492,2.2478058335487307e-09,None,None,None,None, , , , 
25279, ,0.7934096665797492,2.409403560239527e-09,None,None,None,None, , , , 
25280, ,0.7934096665797492,2.582618760682675e-09,None,None,None,None, , , , 
25281, ,0.7934096665797492,2.768286630392061e-09,None,None,None,None, , , , 
25282, ,0.7934096665797492,2.9673024081888724e-09,None,None,None,None, , , , 
25283, ,0.7934096665797492,3.180625692794119e-09,None,None,None,None, , , , 
25284, ,0.7934096665797492,3.409285069746807e-09,None,None,None,None, , , , 
25285, ,0.7934096665797492,3.654383070957262e-09,None,None,None,None, , , , 
25286, ,0.7934096665797492,3.917101490809261e-09,None,None,None,None, , , , 
25287, ,0.7934096665797492,4.198707084443906e-09,None,None,None,None, , , , 
25288, ,0.7934096665797492,4.500557675700488e-09,None,None,None,None, , , , 
25289, ,0.7934096665797492,4.824108704165374e-09,None,None,None,None, , , , 
25290, ,0.7934096665797492,5.170920242896755e-09,None,None,None,None, , , , 
25291, ,0.7934096665797492,5.542664520663096e-09,None,None,None,None, , , , 
25292, ,0.7934096665797492,5.941133984965041e-09,None,None,None,None, , , , 
25293, ,0.7934096665797492,6.3682499447185856e-09,None,None,None,None, , , , 
25294, ,0.7934096665797492,6.826071834272379e-09,None,None,None,None, , , , 
25295, ,0.7934096665797492,7.316807143427175e-09,None,None,None,None, , , , 
25296, ,0.7934096665797492,7.842822061337681e-09,None,None,None,None, , , , 
25297, ,0.7934096665797492,8.406652885618316e-09,None,None,None,None, , , , 
25298, ,0.7934096665797492,9.011018251665036e-09,None,None,None,None, , , , 
25299, ,0.7934096665797492,9.658832241158707e-09,None,None,None,None, , , , 
25300, ,0.7934096665797492,1.0353218432956616e-08,None,None,None,None, , , , 
25301, ,0.7934096665797492,1.1097524964120722e-08,None,None,None,None, , , , 
25302, ,0.7934096665797492,1.1895340673703208e-08,None,None,None,None, , , , 
25303, ,0.7934096665797492,1.2750512407130128e-08,None,None,None,None, , , , 
25304, ,0.7934096665797492,1.3667163564620044e-08,None,None,None,None, , , , 
25305, ,0.7934096665797492,1.4649713983072853e-08,None,None,None,None, , , , 
25306, ,0.7934096665797492,1.5702901247293774e-08,None,None,None,None, , , , 
25307, ,0.7934096665797492,1.683180353330955e-08,None,None,None,None, , , , 
25308, ,0.7934096665797492,1.8041864093920717e-08,None,None,None,None, , , , 
25309, ,0.7934096665797492,1.933891750455232e-08,None,None,None,None, , , , 
25310, ,0.7934096665797492,2.0729217795953697e-08,None,None,None,None, , , , 
25311, ,0.7934096665797492,2.221946860939524e-08,None,None,None,None, , , , 
25312, ,0.7934096665797492,2.3816855519761606e-08,None,None,None,None, , , , 
25313, ,0.7934096665797492,2.552908068239516e-08,None,None,None,None, , , , 
25314, ,0.7934096665797492,2.7364399970746666e-08,None,None,None,None, , , , 
25315, ,0.7934096665797492,2.933166278390042e-08,None,None,None,None, , , , 
25316, ,0.7934096665797492,3.1440354715915e-08,None,None,None,None, , , , 
25317, ,0.7934096665797492,3.370064329271925e-08,None,None,None,None, , , , 
25318, ,0.7934096665797492,3.612342699709431e-08,None,None,None,None, , , , 
25319, ,0.7934096665797492,3.872038781812557e-08,None,None,None,None, , , , 
25320, ,0.7934096665797492,4.1504047578504727e-08,None,None,None,None, , , , 
25321, ,0.7934096665797492,4.448782831127585e-08,None,None,None,None, , , , 
25322, ,0.7934096665797492,4.768611697714474e-08,None,None,None,None, , , , 
25323, ,0.7934096665797492,5.111433483440165e-08,None,None,None,None, , , , 
25324, ,0.7934096665797492,5.478901179593934e-08,None,None,None,None, , , , 
25325, ,0.7934096665797492,5.872786613189478e-08,None,None,None,None, , , , 
25326, ,0.7934096665797492,6.294988990221888e-08,None,None,None,None, , , , 
25327, ,0.7934096665797492,6.747544053110687e-08,None,None,None,None, , , , 
25328, ,0.7934096665797492,7.232633896483534e-08,None,None,None,None, , , , 
25329, ,0.7934096665797492,7.752597488629465e-08,None,None,None,None, , , , 
25330, ,0.7934096665797492,8.309941949353386e-08,None,None,None,None, , , , 
25331, ,0.7934096665797492,8.907354638610439e-08,None,None,None,None, , , , 
25332, ,0.7934096665797492,9.547716114208066e-08,None,None,None,None, , , , 
25333, ,0.7934096665797492,1.0234114021054528e-07,None,None,None,None, , , , 
25334, ,0.7934096665797492,1.0969857978923841e-07,None,None,None,None, , , , 
25335, ,0.7934096665797492,1.1758495540521555e-07,None,None,None,None, , , , 
25336, ,0.7934096665797492,1.2603829296797277e-07,None,None,None,None, , , , 
25337, ,0.7934096665797492,1.350993521198025e-07,None,None,None,None, , , , 
25338, ,0.7934096665797492,1.4481182276745328e-07,None,None,None,None, , , , 
25339, ,0.7934096665797492,1.552225357427048e-07,None,None,None,None, , , , 
25340, ,0.7934096665797492,1.6638168860761273e-07,None,None,None,None, , , , 
25341, ,0.7934096665797492,1.7834308769319093e-07,None,None,None,None, , , , 
25342, ,0.7934096665797492,1.9116440753857e-07,None,None,None,None, , , , 
25343, ,0.7934096665797492,2.049074689815846e-07,None,None,None,None, , , , 
25344, ,0.7934096665797492,2.1963853724165468e-07,None,None,None,None, , , , 
25345, ,0.7934096665797492,2.3542864143224158e-07,None,None,None,None, , , , 
25346, ,0.7934096665797492,2.523539170434766e-07,None,None,None,None, , , , 
25347, ,0.7934096665797492,2.7049597304631316e-07,None,None,None,None, , , , 
25348, ,0.7934096665797492,2.899422853882875e-07,None,None,None,None, , , , 
25349, ,0.7934096665797492,3.107866187782014e-07,None,None,None,None, , , , 
25350, ,0.7934096665797492,3.33129478793467e-07,None,None,None,None, , , , 
25351, ,0.7934096665797492,3.5707859649004626e-07,None,None,None,None, , , , 
25352, ,0.7934096665797492,3.827494478516307e-07,None,None,None,None, , , , 
25353, ,0.7934096665797492,4.1026581058271904e-07,None,None,None,None, , , , 
25354, ,0.7934096665797492,4.397603609302722e-07,None,None,None,None, , , , 
25355, ,0.7934096665797492,4.7137531341167185e-07,None,None,None,None, , , , 
25356, ,0.7934096665797492,5.052631065335679e-07,None,None,None,None, , , , 
25357, ,0.7934096665797492,5.415871378079465e-07,None,None,None,None, , , , 
25358, ,0.7934096665797492,5.805225516094896e-07,None,None,None,None, , , , 
25359, ,0.7934096665797492,6.222570836730232e-07,None,None,None,None, , , , 
25360, ,0.7934096665797492,6.669919663030115e-07,None,None,None,None, , , , 
25361, ,0.7934096665797492,7.149428986597576e-07,None,None,None,None, , , , 
25362, ,0.7934096665797492,7.663410868007445e-07,None,None,None,None, , , , 
25363, ,0.7934096665797492,8.214343584919422e-07,None,None,None,None, , , , 
25364, ,0.7934096665797492,8.804883581643463e-07,None,None,None,None, , , , 
25365, ,0.7934096665797492,9.437878277775371e-07,None,None,None,None, , , , 
25366, ,0.7934096665797492,1.0116379797662072e-06,None,None,None,None, , , , 
25367, ,0.7934096665797492,1.0843659686896086e-06,None,None,None,None, , , , 
25368, ,0.7934096665797492,1.1623224686798522e-06,None,None,None,None, , , , 
25369, ,0.7934096665797492,1.2458833642950078e-06,None,None,None,None, , , , 
25370, ,0.7934096665797492,1.3354515629298971e-06,None,None,None,None, , , , 
25371, ,0.7934096665797492,1.4314589375234786e-06,None,None,None,None, , , , 
25372, ,0.7934096665797492,1.53436840893001e-06,None,None,None,None, , , , 
25373, ,0.7934096665797492,1.6446761779946631e-06,None,None,None,None, , , , 
25374, ,0.7934096665797492,1.762914118095948e-06,None,None,None,None, , , , 
25375, ,0.7934096665797492,1.8896523396912082e-06,None,None,None,None, , , , 
25376, ,0.7934096665797492,2.0255019392306664e-06,None,None,None,None, , , , 
25377, ,0.7934096665797492,2.171117945694501e-06,None,None,None,None, , , , 
25378, ,0.7934096665797492,2.327202478960408e-06,None,None,None,None, , , , 
25379, ,0.7934096665797492,2.494508135230317e-06,None,None,None,None, , , , 
25380, ,0.7934096665797492,2.673841615839944e-06,None,None,None,None, , , , 
25381, ,0.7934096665797492,2.8660676169482507e-06,None,None,None,None, , , , 
25382, ,0.7934096665797492,3.0721129988617524e-06,None,None,None,None, , , , 
25383, ,0.7934096665797492,3.292971255097148e-06,None,None,None,None, , , , 
25384, ,0.7934096665797492,3.5297073027306505e-06,None,None,None,None, , , , 
25385, ,0.7934096665797492,3.783462617131925e-06,None,None,None,None, , , , 
25386, ,0.7934096665797492,4.0554607358408275e-06,None,None,None,None, , , , 
25387, ,0.7934096665797492,4.3470131581250175e-06,None,None,None,None, , , , 
25388, ,0.7934096665797492,4.6595256686646765e-06,None,None,None,None, , , , 
25389, ,0.7934096665797492,4.99450511585514e-06,None,None,None,None, , , , 
25390, ,0.7934096665797492,5.353566677410719e-06,None,None,None,None, , , , 
25391, ,0.7934096665797492,5.738441648302393e-06,None,None,None,None, , , , 
25392, ,0.7934096665797492,6.150985788580505e-06,None,None,None,None, , , , 
25393, ,0.7934096665797492,6.593188271333541e-06,None,None,None,None, , , , 
25394, ,0.7934096665797492,7.067181273927492e-06,None,None,None,None, , , , 
25395, ,0.7934096665797492,7.575250258771904e-06,None,None,None,None, , , , 
25396, ,0.7934096665797492,8.119844993184007e-06,None,None,None,None, , , , 
25397, ,0.7934096665797492,8.703591361485167e-06,None,None,None,None, , , , 
25398, ,0.7934096665797492,9.329304026284676e-06,None,None,None,None, , , , 
25399, ,0.7934096665797492,1e-05,None,None,None,None, , , , 
25400, ,0.8214343584919426,1e-11,None,None,None,None, , , , 
25401, ,0.8214343584919426,1.0718913192051263e-11,None,None,None,None, , , , 
25402, ,0.8214343584919426,1.1489510001873107e-11,None,None,None,None, , , , 
25403, ,0.8214343584919426,1.2315506032928262e-11,None,None,None,None, , , , 
25404, ,0.8214343584919426,1.3200884008314167e-11,None,None,None,None, , , , 
25405, ,0.8214343584919426,1.4149912974345786e-11,None,None,None,None, , , , 
25406, ,0.8214343584919426,1.5167168884709242e-11,None,None,None,None, , , , 
25407, ,0.8214343584919426,1.6257556664437934e-11,None,None,None,None, , , , 
25408, ,0.8214343584919426,1.7426333860096473e-11,None,None,None,None, , , , 
25409, ,0.8214343584919426,1.8679135990207848e-11,None,None,None,None, , , , 
25410, ,0.8214343584919426,2.0022003718155844e-11,None,None,None,None, , , , 
25411, ,0.8214343584919426,2.1461411978584013e-11,None,None,None,None, , , , 
25412, ,0.8214343584919426,2.300430119772921e-11,None,None,None,None, , , , 
25413, ,0.8214343584919426,2.465811075822604e-11,None,None,None,None, , , , 
25414, ,0.8214343584919426,2.643081486974103e-11,None,None,None,None, , , , 
25415, ,0.8214343584919426,2.8330961018393178e-11,None,None,None,None, , , , 
25416, ,0.8214343584919426,3.036771118035461e-11,None,None,None,None, , , , 
25417, ,0.8214343584919426,3.255088599835057e-11,None,None,None,None, , , , 
25418, ,0.8214343584919426,3.4891012134067674e-11,None,None,None,None, , , , 
25419, ,0.8214343584919426,3.739937302478801e-11,None,None,None,None, , , , 
25420, ,0.8214343584919426,4.0088063288984646e-11,None,None,None,None, , , , 
25421, ,0.8214343584919426,4.297004704320835e-11,None,None,None,None, , , , 
25422, ,0.8214343584919426,4.605922041145113e-11,None,None,None,None, , , , 
25423, ,0.8214343584919426,4.937047852839004e-11,None,None,None,None, , , , 
25424, ,0.8214343584919426,5.2919787359584366e-11,None,None,None,None, , , , 
25425, ,0.8214343584919426,5.672426068491989e-11,None,None,None,None, , , , 
25426, ,0.8214343584919426,6.080224261649427e-11,None,None,None,None, , , , 
25427, ,0.8214343584919426,6.517339604882421e-11,None,None,None,None, , , , 
25428, ,0.8214343584919426,6.985879746785235e-11,None,None,None,None, , , , 
25429, ,0.8214343584919426,7.48810385759003e-11,None,None,None,None, , , , 
25430, ,0.8214343584919426,8.026433522257174e-11,None,None,None,None, , , , 
25431, ,0.8214343584919426,8.603464416684492e-11,None,None,None,None, , , , 
25432, ,0.8214343584919426,9.221978823334341e-11,None,None,None,None, , , , 
25433, ,0.8214343584919426,9.884959046625586e-11,None,None,None,None, , , , 
25434, ,0.8214343584919426,1.0595601792776149e-10,None,None,None,None, , , , 
25435, ,0.8214343584919426,1.1357333583431027e-10,None,None,None,None, , , , 
25436, ,0.8214343584919426,1.217382727739662e-10,None,None,None,None, , , , 
25437, ,0.8214343584919426,1.3049019780144016e-10,None,None,None,None, , , , 
25438, ,0.8214343584919426,1.398713102647236e-10,None,None,None,None, , , , 
25439, ,0.8214343584919426,1.4992684327860468e-10,None,None,None,None, , , , 
25440, ,0.8214343584919426,1.6070528182616384e-10,None,None,None,None, , , , 
25441, ,0.8214343584919426,1.722585965398784e-10,None,None,None,None, , , , 
25442, ,0.8214343584919426,1.8464249428955463e-10,None,None,None,None, , , , 
25443, ,0.8214343584919426,1.9791668678535569e-10,None,None,None,None, , , , 
25444, ,0.8214343584919426,2.121451784910628e-10,None,None,None,None, , , , 
25445, ,0.8214343584919426,2.273965752357932e-10,None,None,None,None, , , , 
25446, ,0.8214343584919426,2.4374441501222216e-10,None,None,None,None, , , , 
25447, ,0.8214343584919426,2.6126752255633265e-10,None,None,None,None, , , , 
25448, ,0.8214343584919426,2.8005038941836253e-10,None,None,None,None, , , , 
25449, ,0.8214343584919426,3.0018358135755917e-10,None,None,None,None, , , , 
25450, ,0.8214343584919426,3.2176417502507347e-10,None,None,None,None, , , , 
25451, ,0.8214343584919426,3.4489622604057533e-10,None,None,None,None, , , , 
25452, ,0.8214343584919426,3.696912707195032e-10,None,None,None,None, , , , 
25453, ,0.8214343584919426,3.9626886387014783e-10,None,None,None,None, , , , 
25454, ,0.8214343584919426,4.2475715525368935e-10,None,None,None,None, , , , 
25455, ,0.8214343584919426,4.552935074866938e-10,None,None,None,None, , , , 
25456, ,0.8214343584919426,4.880251583654433e-10,None,None,None,None, , , , 
25457, ,0.8214343584919426,5.231099308056258e-10,None,None,None,None, , , , 
25458, ,0.8214343584919426,5.60716993820547e-10,None,None,None,None, , , , 
25459, ,0.8214343584919426,6.010276782070387e-10,None,None,None,None, , , , 
25460, ,0.8214343584919426,6.442363508721371e-10,None,None,None,None, , , , 
25461, ,0.8214343584919426,6.905513520162316e-10,None,None,None,None, , , , 
25462, ,0.8214343584919426,7.401959996915653e-10,None,None,None,None, , , , 
25463, ,0.8214343584919426,7.934096665797492e-10,None,None,None,None, , , , 
25464, ,0.8214343584919426,8.504489341802668e-10,None,None,None,None, , , , 
25465, ,0.8214343584919426,9.115888299750837e-10,None,None,None,None, , , , 
25466, ,0.8214343584919426,9.771241535346502e-10,None,None,None,None, , , , 
25467, ,0.8214343584919426,1.0473708979594486e-09,None,None,None,None, , , , 
25468, ,0.8214343584919426,1.1226677735108114e-09,None,None,None,None, , , , 
25469, ,0.8214343584919426,1.2033778407775904e-09,None,None,None,None, , , , 
25470, ,0.8214343584919426,1.289890261253308e-09,None,None,None,None, , , , 
25471, ,0.8214343584919426,1.3826221737646535e-09,None,None,None,None, , , , 
25472, ,0.8214343584919426,1.4820207057988602e-09,None,None,None,None, , , , 
25473, ,0.8214343584919426,1.5885651294280526e-09,None,None,None,None, , , , 
25474, ,0.8214343584919426,1.702769172225898e-09,None,None,None,None, , , , 
25475, ,0.8214343584919426,1.825183494319039e-09,None,None,None,None, , , , 
25476, ,0.8214343584919426,1.956398343517065e-09,None,None,None,None, , , , 
25477, ,0.8214343584919426,2.0970464013232305e-09,None,None,None,None, , , , 
25478, ,0.8214343584919426,2.2478058335487307e-09,None,None,None,None, , , , 
25479, ,0.8214343584919426,2.409403560239527e-09,None,None,None,None, , , , 
25480, ,0.8214343584919426,2.582618760682675e-09,None,None,None,None, , , , 
25481, ,0.8214343584919426,2.768286630392061e-09,None,None,None,None, , , , 
25482, ,0.8214343584919426,2.9673024081888724e-09,None,None,None,None, , , , 
25483, ,0.8214343584919426,3.180625692794119e-09,None,None,None,None, , , , 
25484, ,0.8214343584919426,3.409285069746807e-09,None,None,None,None, , , , 
25485, ,0.8214343584919426,3.654383070957262e-09,None,None,None,None, , , , 
25486, ,0.8214343584919426,3.917101490809261e-09,None,None,None,None, , , , 
25487, ,0.8214343584919426,4.198707084443906e-09,None,None,None,None, , , , 
25488, ,0.8214343584919426,4.500557675700488e-09,None,None,None,None, , , , 
25489, ,0.8214343584919426,4.824108704165374e-09,None,None,None,None, , , , 
25490, ,0.8214343584919426,5.170920242896755e-09,None,None,None,None, , , , 
25491, ,0.8214343584919426,5.542664520663096e-09,None,None,None,None, , , , 
25492, ,0.8214343584919426,5.941133984965041e-09,None,None,None,None, , , , 
25493, ,0.8214343584919426,6.3682499447185856e-09,None,None,None,None, , , , 
25494, ,0.8214343584919426,6.826071834272379e-09,None,None,None,None, , , , 
25495, ,0.8214343584919426,7.316807143427175e-09,None,None,None,None, , , , 
25496, ,0.8214343584919426,7.842822061337681e-09,None,None,None,None, , , , 
25497, ,0.8214343584919426,8.406652885618316e-09,None,None,None,None, , , , 
25498, ,0.8214343584919426,9.011018251665036e-09,None,None,None,None, , , , 
25499, ,0.8214343584919426,9.658832241158707e-09,None,None,None,None, , , , 
25500, ,0.8214343584919426,1.0353218432956616e-08,None,None,None,None, , , , 
25501, ,0.8214343584919426,1.1097524964120722e-08,None,None,None,None, , , , 
25502, ,0.8214343584919426,1.1895340673703208e-08,None,None,None,None, , , , 
25503, ,0.8214343584919426,1.2750512407130128e-08,None,None,None,None, , , , 
25504, ,0.8214343584919426,1.3667163564620044e-08,None,None,None,None, , , , 
25505, ,0.8214343584919426,1.4649713983072853e-08,None,None,None,None, , , , 
25506, ,0.8214343584919426,1.5702901247293774e-08,None,None,None,None, , , , 
25507, ,0.8214343584919426,1.683180353330955e-08,None,None,None,None, , , , 
25508, ,0.8214343584919426,1.8041864093920717e-08,None,None,None,None, , , , 
25509, ,0.8214343584919426,1.933891750455232e-08,None,None,None,None, , , , 
25510, ,0.8214343584919426,2.0729217795953697e-08,None,None,None,None, , , , 
25511, ,0.8214343584919426,2.221946860939524e-08,None,None,None,None, , , , 
25512, ,0.8214343584919426,2.3816855519761606e-08,None,None,None,None, , , , 
25513, ,0.8214343584919426,2.552908068239516e-08,None,None,None,None, , , , 
25514, ,0.8214343584919426,2.7364399970746666e-08,None,None,None,None, , , , 
25515, ,0.8214343584919426,2.933166278390042e-08,None,None,None,None, , , , 
25516, ,0.8214343584919426,3.1440354715915e-08,None,None,None,None, , , , 
25517, ,0.8214343584919426,3.370064329271925e-08,None,None,None,None, , , , 
25518, ,0.8214343584919426,3.612342699709431e-08,None,None,None,None, , , , 
25519, ,0.8214343584919426,3.872038781812557e-08,None,None,None,None, , , , 
25520, ,0.8214343584919426,4.1504047578504727e-08,None,None,None,None, , , , 
25521, ,0.8214343584919426,4.448782831127585e-08,None,None,None,None, , , , 
25522, ,0.8214343584919426,4.768611697714474e-08,None,None,None,None, , , , 
25523, ,0.8214343584919426,5.111433483440165e-08,None,None,None,None, , , , 
25524, ,0.8214343584919426,5.478901179593934e-08,None,None,None,None, , , , 
25525, ,0.8214343584919426,5.872786613189478e-08,None,None,None,None, , , , 
25526, ,0.8214343584919426,6.294988990221888e-08,None,None,None,None, , , , 
25527, ,0.8214343584919426,6.747544053110687e-08,None,None,None,None, , , , 
25528, ,0.8214343584919426,7.232633896483534e-08,None,None,None,None, , , , 
25529, ,0.8214343584919426,7.752597488629465e-08,None,None,None,None, , , , 
25530, ,0.8214343584919426,8.309941949353386e-08,None,None,None,None, , , , 
25531, ,0.8214343584919426,8.907354638610439e-08,None,None,None,None, , , , 
25532, ,0.8214343584919426,9.547716114208066e-08,None,None,None,None, , , , 
25533, ,0.8214343584919426,1.0234114021054528e-07,None,None,None,None, , , , 
25534, ,0.8214343584919426,1.0969857978923841e-07,None,None,None,None, , , , 
25535, ,0.8214343584919426,1.1758495540521555e-07,None,None,None,None, , , , 
25536, ,0.8214343584919426,1.2603829296797277e-07,None,None,None,None, , , , 
25537, ,0.8214343584919426,1.350993521198025e-07,None,None,None,None, , , , 
25538, ,0.8214343584919426,1.4481182276745328e-07,None,None,None,None, , , , 
25539, ,0.8214343584919426,1.552225357427048e-07,None,None,None,None, , , , 
25540, ,0.8214343584919426,1.6638168860761273e-07,None,None,None,None, , , , 
25541, ,0.8214343584919426,1.7834308769319093e-07,None,None,None,None, , , , 
25542, ,0.8214343584919426,1.9116440753857e-07,None,None,None,None, , , , 
25543, ,0.8214343584919426,2.049074689815846e-07,None,None,None,None, , , , 
25544, ,0.8214343584919426,2.1963853724165468e-07,None,None,None,None, , , , 
25545, ,0.8214343584919426,2.3542864143224158e-07,None,None,None,None, , , , 
25546, ,0.8214343584919426,2.523539170434766e-07,None,None,None,None, , , , 
25547, ,0.8214343584919426,2.7049597304631316e-07,None,None,None,None, , , , 
25548, ,0.8214343584919426,2.899422853882875e-07,None,None,None,None, , , , 
25549, ,0.8214343584919426,3.107866187782014e-07,None,None,None,None, , , , 
25550, ,0.8214343584919426,3.33129478793467e-07,None,None,None,None, , , , 
25551, ,0.8214343584919426,3.5707859649004626e-07,None,None,None,None, , , , 
25552, ,0.8214343584919426,3.827494478516307e-07,None,None,None,None, , , , 
25553, ,0.8214343584919426,4.1026581058271904e-07,None,None,None,None, , , , 
25554, ,0.8214343584919426,4.397603609302722e-07,None,None,None,None, , , , 
25555, ,0.8214343584919426,4.7137531341167185e-07,None,None,None,None, , , , 
25556, ,0.8214343584919426,5.052631065335679e-07,None,None,None,None, , , , 
25557, ,0.8214343584919426,5.415871378079465e-07,None,None,None,None, , , , 
25558, ,0.8214343584919426,5.805225516094896e-07,None,None,None,None, , , , 
25559, ,0.8214343584919426,6.222570836730232e-07,None,None,None,None, , , , 
25560, ,0.8214343584919426,6.669919663030115e-07,None,None,None,None, , , , 
25561, ,0.8214343584919426,7.149428986597576e-07,None,None,None,None, , , , 
25562, ,0.8214343584919426,7.663410868007445e-07,None,None,None,None, , , , 
25563, ,0.8214343584919426,8.214343584919422e-07,None,None,None,None, , , , 
25564, ,0.8214343584919426,8.804883581643463e-07,None,None,None,None, , , , 
25565, ,0.8214343584919426,9.437878277775371e-07,None,None,None,None, , , , 
25566, ,0.8214343584919426,1.0116379797662072e-06,None,None,None,None, , , , 
25567, ,0.8214343584919426,1.0843659686896086e-06,None,None,None,None, , , , 
25568, ,0.8214343584919426,1.1623224686798522e-06,None,None,None,None, , , , 
25569, ,0.8214343584919426,1.2458833642950078e-06,None,None,None,None, , , , 
25570, ,0.8214343584919426,1.3354515629298971e-06,None,None,None,None, , , , 
25571, ,0.8214343584919426,1.4314589375234786e-06,None,None,None,None, , , , 
25572, ,0.8214343584919426,1.53436840893001e-06,None,None,None,None, , , , 
25573, ,0.8214343584919426,1.6446761779946631e-06,None,None,None,None, , , , 
25574, ,0.8214343584919426,1.762914118095948e-06,None,None,None,None, , , , 
25575, ,0.8214343584919426,1.8896523396912082e-06,None,None,None,None, , , , 
25576, ,0.8214343584919426,2.0255019392306664e-06,None,None,None,None, , , , 
25577, ,0.8214343584919426,2.171117945694501e-06,None,None,None,None, , , , 
25578, ,0.8214343584919426,2.327202478960408e-06,None,None,None,None, , , , 
25579, ,0.8214343584919426,2.494508135230317e-06,None,None,None,None, , , , 
25580, ,0.8214343584919426,2.673841615839944e-06,None,None,None,None, , , , 
25581, ,0.8214343584919426,2.8660676169482507e-06,None,None,None,None, , , , 
25582, ,0.8214343584919426,3.0721129988617524e-06,None,None,None,None, , , , 
25583, ,0.8214343584919426,3.292971255097148e-06,None,None,None,None, , , , 
25584, ,0.8214343584919426,3.5297073027306505e-06,None,None,None,None, , , , 
25585, ,0.8214343584919426,3.783462617131925e-06,None,None,None,None, , , , 
25586, ,0.8214343584919426,4.0554607358408275e-06,None,None,None,None, , , , 
25587, ,0.8214343584919426,4.3470131581250175e-06,None,None,None,None, , , , 
25588, ,0.8214343584919426,4.6595256686646765e-06,None,None,None,None, , , , 
25589, ,0.8214343584919426,4.99450511585514e-06,None,None,None,None, , , , 
25590, ,0.8214343584919426,5.353566677410719e-06,None,None,None,None, , , , 
25591, ,0.8214343584919426,5.738441648302393e-06,None,None,None,None, , , , 
25592, ,0.8214343584919426,6.150985788580505e-06,None,None,None,None, , , , 
25593, ,0.8214343584919426,6.593188271333541e-06,None,None,None,None, , , , 
25594, ,0.8214343584919426,7.067181273927492e-06,None,None,None,None, , , , 
25595, ,0.8214343584919426,7.575250258771904e-06,None,None,None,None, , , , 
25596, ,0.8214343584919426,8.119844993184007e-06,None,None,None,None, , , , 
25597, ,0.8214343584919426,8.703591361485167e-06,None,None,None,None, , , , 
25598, ,0.8214343584919426,9.329304026284676e-06,None,None,None,None, , , , 
25599, ,0.8214343584919426,1e-05,None,None,None,None, , , , 
25600, ,0.8504489341802677,1e-11,None,None,None,None, , , , 
25601, ,0.8504489341802677,1.0718913192051263e-11,None,None,None,None, , , , 
25602, ,0.8504489341802677,1.1489510001873107e-11,None,None,None,None, , , , 
25603, ,0.8504489341802677,1.2315506032928262e-11,None,None,None,None, , , , 
25604, ,0.8504489341802677,1.3200884008314167e-11,None,None,None,None, , , , 
25605, ,0.8504489341802677,1.4149912974345786e-11,None,None,None,None, , , , 
25606, ,0.8504489341802677,1.5167168884709242e-11,None,None,None,None, , , , 
25607, ,0.8504489341802677,1.6257556664437934e-11,None,None,None,None, , , , 
25608, ,0.8504489341802677,1.7426333860096473e-11,None,None,None,None, , , , 
25609, ,0.8504489341802677,1.8679135990207848e-11,None,None,None,None, , , , 
25610, ,0.8504489341802677,2.0022003718155844e-11,None,None,None,None, , , , 
25611, ,0.8504489341802677,2.1461411978584013e-11,None,None,None,None, , , , 
25612, ,0.8504489341802677,2.300430119772921e-11,None,None,None,None, , , , 
25613, ,0.8504489341802677,2.465811075822604e-11,None,None,None,None, , , , 
25614, ,0.8504489341802677,2.643081486974103e-11,None,None,None,None, , , , 
25615, ,0.8504489341802677,2.8330961018393178e-11,None,None,None,None, , , , 
25616, ,0.8504489341802677,3.036771118035461e-11,None,None,None,None, , , , 
25617, ,0.8504489341802677,3.255088599835057e-11,None,None,None,None, , , , 
25618, ,0.8504489341802677,3.4891012134067674e-11,None,None,None,None, , , , 
25619, ,0.8504489341802677,3.739937302478801e-11,None,None,None,None, , , , 
25620, ,0.8504489341802677,4.0088063288984646e-11,None,None,None,None, , , , 
25621, ,0.8504489341802677,4.297004704320835e-11,None,None,None,None, , , , 
25622, ,0.8504489341802677,4.605922041145113e-11,None,None,None,None, , , , 
25623, ,0.8504489341802677,4.937047852839004e-11,None,None,None,None, , , , 
25624, ,0.8504489341802677,5.2919787359584366e-11,None,None,None,None, , , , 
25625, ,0.8504489341802677,5.672426068491989e-11,None,None,None,None, , , , 
25626, ,0.8504489341802677,6.080224261649427e-11,None,None,None,None, , , , 
25627, ,0.8504489341802677,6.517339604882421e-11,None,None,None,None, , , , 
25628, ,0.8504489341802677,6.985879746785235e-11,None,None,None,None, , , , 
25629, ,0.8504489341802677,7.48810385759003e-11,None,None,None,None, , , , 
25630, ,0.8504489341802677,8.026433522257174e-11,None,None,None,None, , , , 
25631, ,0.8504489341802677,8.603464416684492e-11,None,None,None,None, , , , 
25632, ,0.8504489341802677,9.221978823334341e-11,None,None,None,None, , , , 
25633, ,0.8504489341802677,9.884959046625586e-11,None,None,None,None, , , , 
25634, ,0.8504489341802677,1.0595601792776149e-10,None,None,None,None, , , , 
25635, ,0.8504489341802677,1.1357333583431027e-10,None,None,None,None, , , , 
25636, ,0.8504489341802677,1.217382727739662e-10,None,None,None,None, , , , 
25637, ,0.8504489341802677,1.3049019780144016e-10,None,None,None,None, , , , 
25638, ,0.8504489341802677,1.398713102647236e-10,None,None,None,None, , , , 
25639, ,0.8504489341802677,1.4992684327860468e-10,None,None,None,None, , , , 
25640, ,0.8504489341802677,1.6070528182616384e-10,None,None,None,None, , , , 
25641, ,0.8504489341802677,1.722585965398784e-10,None,None,None,None, , , , 
25642, ,0.8504489341802677,1.8464249428955463e-10,None,None,None,None, , , , 
25643, ,0.8504489341802677,1.9791668678535569e-10,None,None,None,None, , , , 
25644, ,0.8504489341802677,2.121451784910628e-10,None,None,None,None, , , , 
25645, ,0.8504489341802677,2.273965752357932e-10,None,None,None,None, , , , 
25646, ,0.8504489341802677,2.4374441501222216e-10,None,None,None,None, , , , 
25647, ,0.8504489341802677,2.6126752255633265e-10,None,None,None,None, , , , 
25648, ,0.8504489341802677,2.8005038941836253e-10,None,None,None,None, , , , 
25649, ,0.8504489341802677,3.0018358135755917e-10,None,None,None,None, , , , 
25650, ,0.8504489341802677,3.2176417502507347e-10,None,None,None,None, , , , 
25651, ,0.8504489341802677,3.4489622604057533e-10,None,None,None,None, , , , 
25652, ,0.8504489341802677,3.696912707195032e-10,None,None,None,None, , , , 
25653, ,0.8504489341802677,3.9626886387014783e-10,None,None,None,None, , , , 
25654, ,0.8504489341802677,4.2475715525368935e-10,None,None,None,None, , , , 
25655, ,0.8504489341802677,4.552935074866938e-10,None,None,None,None, , , , 
25656, ,0.8504489341802677,4.880251583654433e-10,None,None,None,None, , , , 
25657, ,0.8504489341802677,5.231099308056258e-10,None,None,None,None, , , , 
25658, ,0.8504489341802677,5.60716993820547e-10,None,None,None,None, , , , 
25659, ,0.8504489341802677,6.010276782070387e-10,None,None,None,None, , , , 
25660, ,0.8504489341802677,6.442363508721371e-10,None,None,None,None, , , , 
25661, ,0.8504489341802677,6.905513520162316e-10,None,None,None,None, , , , 
25662, ,0.8504489341802677,7.401959996915653e-10,None,None,None,None, , , , 
25663, ,0.8504489341802677,7.934096665797492e-10,None,None,None,None, , , , 
25664, ,0.8504489341802677,8.504489341802668e-10,None,None,None,None, , , , 
25665, ,0.8504489341802677,9.115888299750837e-10,None,None,None,None, , , , 
25666, ,0.8504489341802677,9.771241535346502e-10,None,None,None,None, , , , 
25667, ,0.8504489341802677,1.0473708979594486e-09,None,None,None,None, , , , 
25668, ,0.8504489341802677,1.1226677735108114e-09,None,None,None,None, , , , 
25669, ,0.8504489341802677,1.2033778407775904e-09,None,None,None,None, , , , 
25670, ,0.8504489341802677,1.289890261253308e-09,None,None,None,None, , , , 
25671, ,0.8504489341802677,1.3826221737646535e-09,None,None,None,None, , , , 
25672, ,0.8504489341802677,1.4820207057988602e-09,None,None,None,None, , , , 
25673, ,0.8504489341802677,1.5885651294280526e-09,None,None,None,None, , , , 
25674, ,0.8504489341802677,1.702769172225898e-09,None,None,None,None, , , , 
25675, ,0.8504489341802677,1.825183494319039e-09,None,None,None,None, , , , 
25676, ,0.8504489341802677,1.956398343517065e-09,None,None,None,None, , , , 
25677, ,0.8504489341802677,2.0970464013232305e-09,None,None,None,None, , , , 
25678, ,0.8504489341802677,2.2478058335487307e-09,None,None,None,None, , , , 
25679, ,0.8504489341802677,2.409403560239527e-09,None,None,None,None, , , , 
25680, ,0.8504489341802677,2.582618760682675e-09,None,None,None,None, , , , 
25681, ,0.8504489341802677,2.768286630392061e-09,None,None,None,None, , , , 
25682, ,0.8504489341802677,2.9673024081888724e-09,None,None,None,None, , , , 
25683, ,0.8504489341802677,3.180625692794119e-09,None,None,None,None, , , , 
25684, ,0.8504489341802677,3.409285069746807e-09,None,None,None,None, , , , 
25685, ,0.8504489341802677,3.654383070957262e-09,None,None,None,None, , , , 
25686, ,0.8504489341802677,3.917101490809261e-09,None,None,None,None, , , , 
25687, ,0.8504489341802677,4.198707084443906e-09,None,None,None,None, , , , 
25688, ,0.8504489341802677,4.500557675700488e-09,None,None,None,None, , , , 
25689, ,0.8504489341802677,4.824108704165374e-09,None,None,None,None, , , , 
25690, ,0.8504489341802677,5.170920242896755e-09,None,None,None,None, , , , 
25691, ,0.8504489341802677,5.542664520663096e-09,None,None,None,None, , , , 
25692, ,0.8504489341802677,5.941133984965041e-09,None,None,None,None, , , , 
25693, ,0.8504489341802677,6.3682499447185856e-09,None,None,None,None, , , , 
25694, ,0.8504489341802677,6.826071834272379e-09,None,None,None,None, , , , 
25695, ,0.8504489341802677,7.316807143427175e-09,None,None,None,None, , , , 
25696, ,0.8504489341802677,7.842822061337681e-09,None,None,None,None, , , , 
25697, ,0.8504489341802677,8.406652885618316e-09,None,None,None,None, , , , 
25698, ,0.8504489341802677,9.011018251665036e-09,None,None,None,None, , , , 
25699, ,0.8504489341802677,9.658832241158707e-09,None,None,None,None, , , , 
25700, ,0.8504489341802677,1.0353218432956616e-08,None,None,None,None, , , , 
25701, ,0.8504489341802677,1.1097524964120722e-08,None,None,None,None, , , , 
25702, ,0.8504489341802677,1.1895340673703208e-08,None,None,None,None, , , , 
25703, ,0.8504489341802677,1.2750512407130128e-08,None,None,None,None, , , , 
25704, ,0.8504489341802677,1.3667163564620044e-08,None,None,None,None, , , , 
25705, ,0.8504489341802677,1.4649713983072853e-08,None,None,None,None, , , , 
25706, ,0.8504489341802677,1.5702901247293774e-08,None,None,None,None, , , , 
25707, ,0.8504489341802677,1.683180353330955e-08,None,None,None,None, , , , 
25708, ,0.8504489341802677,1.8041864093920717e-08,None,None,None,None, , , , 
25709, ,0.8504489341802677,1.933891750455232e-08,None,None,None,None, , , , 
25710, ,0.8504489341802677,2.0729217795953697e-08,None,None,None,None, , , , 
25711, ,0.8504489341802677,2.221946860939524e-08,None,None,None,None, , , , 
25712, ,0.8504489341802677,2.3816855519761606e-08,None,None,None,None, , , , 
25713, ,0.8504489341802677,2.552908068239516e-08,None,None,None,None, , , , 
25714, ,0.8504489341802677,2.7364399970746666e-08,None,None,None,None, , , , 
25715, ,0.8504489341802677,2.933166278390042e-08,None,None,None,None, , , , 
25716, ,0.8504489341802677,3.1440354715915e-08,None,None,None,None, , , , 
25717, ,0.8504489341802677,3.370064329271925e-08,None,None,None,None, , , , 
25718, ,0.8504489341802677,3.612342699709431e-08,None,None,None,None, , , , 
25719, ,0.8504489341802677,3.872038781812557e-08,None,None,None,None, , , , 
25720, ,0.8504489341802677,4.1504047578504727e-08,None,None,None,None, , , , 
25721, ,0.8504489341802677,4.448782831127585e-08,None,None,None,None, , , , 
25722, ,0.8504489341802677,4.768611697714474e-08,None,None,None,None, , , , 
25723, ,0.8504489341802677,5.111433483440165e-08,None,None,None,None, , , , 
25724, ,0.8504489341802677,5.478901179593934e-08,None,None,None,None, , , , 
25725, ,0.8504489341802677,5.872786613189478e-08,None,None,None,None, , , , 
25726, ,0.8504489341802677,6.294988990221888e-08,None,None,None,None, , , , 
25727, ,0.8504489341802677,6.747544053110687e-08,None,None,None,None, , , , 
25728, ,0.8504489341802677,7.232633896483534e-08,None,None,None,None, , , , 
25729, ,0.8504489341802677,7.752597488629465e-08,None,None,None,None, , , , 
25730, ,0.8504489341802677,8.309941949353386e-08,None,None,None,None, , , , 
25731, ,0.8504489341802677,8.907354638610439e-08,None,None,None,None, , , , 
25732, ,0.8504489341802677,9.547716114208066e-08,None,None,None,None, , , , 
25733, ,0.8504489341802677,1.0234114021054528e-07,None,None,None,None, , , , 
25734, ,0.8504489341802677,1.0969857978923841e-07,None,None,None,None, , , , 
25735, ,0.8504489341802677,1.1758495540521555e-07,None,None,None,None, , , , 
25736, ,0.8504489341802677,1.2603829296797277e-07,None,None,None,None, , , , 
25737, ,0.8504489341802677,1.350993521198025e-07,None,None,None,None, , , , 
25738, ,0.8504489341802677,1.4481182276745328e-07,None,None,None,None, , , , 
25739, ,0.8504489341802677,1.552225357427048e-07,None,None,None,None, , , , 
25740, ,0.8504489341802677,1.6638168860761273e-07,None,None,None,None, , , , 
25741, ,0.8504489341802677,1.7834308769319093e-07,None,None,None,None, , , , 
25742, ,0.8504489341802677,1.9116440753857e-07,None,None,None,None, , , , 
25743, ,0.8504489341802677,2.049074689815846e-07,None,None,None,None, , , , 
25744, ,0.8504489341802677,2.1963853724165468e-07,None,None,None,None, , , , 
25745, ,0.8504489341802677,2.3542864143224158e-07,None,None,None,None, , , , 
25746, ,0.8504489341802677,2.523539170434766e-07,None,None,None,None, , , , 
25747, ,0.8504489341802677,2.7049597304631316e-07,None,None,None,None, , , , 
25748, ,0.8504489341802677,2.899422853882875e-07,None,None,None,None, , , , 
25749, ,0.8504489341802677,3.107866187782014e-07,None,None,None,None, , , , 
25750, ,0.8504489341802677,3.33129478793467e-07,None,None,None,None, , , , 
25751, ,0.8504489341802677,3.5707859649004626e-07,None,None,None,None, , , , 
25752, ,0.8504489341802677,3.827494478516307e-07,None,None,None,None, , , , 
25753, ,0.8504489341802677,4.1026581058271904e-07,None,None,None,None, , , , 
25754, ,0.8504489341802677,4.397603609302722e-07,None,None,None,None, , , , 
25755, ,0.8504489341802677,4.7137531341167185e-07,None,None,None,None, , , , 
25756, ,0.8504489341802677,5.052631065335679e-07,None,None,None,None, , , , 
25757, ,0.8504489341802677,5.415871378079465e-07,None,None,None,None, , , , 
25758, ,0.8504489341802677,5.805225516094896e-07,None,None,None,None, , , , 
25759, ,0.8504489341802677,6.222570836730232e-07,None,None,None,None, , , , 
25760, ,0.8504489341802677,6.669919663030115e-07,None,None,None,None, , , , 
25761, ,0.8504489341802677,7.149428986597576e-07,None,None,None,None, , , , 
25762, ,0.8504489341802677,7.663410868007445e-07,None,None,None,None, , , , 
25763, ,0.8504489341802677,8.214343584919422e-07,None,None,None,None, , , , 
25764, ,0.8504489341802677,8.804883581643463e-07,None,None,None,None, , , , 
25765, ,0.8504489341802677,9.437878277775371e-07,None,None,None,None, , , , 
25766, ,0.8504489341802677,1.0116379797662072e-06,None,None,None,None, , , , 
25767, ,0.8504489341802677,1.0843659686896086e-06,None,None,None,None, , , , 
25768, ,0.8504489341802677,1.1623224686798522e-06,None,None,None,None, , , , 
25769, ,0.8504489341802677,1.2458833642950078e-06,None,None,None,None, , , , 
25770, ,0.8504489341802677,1.3354515629298971e-06,None,None,None,None, , , , 
25771, ,0.8504489341802677,1.4314589375234786e-06,None,None,None,None, , , , 
25772, ,0.8504489341802677,1.53436840893001e-06,None,None,None,None, , , , 
25773, ,0.8504489341802677,1.6446761779946631e-06,None,None,None,None, , , , 
25774, ,0.8504489341802677,1.762914118095948e-06,None,None,None,None, , , , 
25775, ,0.8504489341802677,1.8896523396912082e-06,None,None,None,None, , , , 
25776, ,0.8504489341802677,2.0255019392306664e-06,None,None,None,None, , , , 
25777, ,0.8504489341802677,2.171117945694501e-06,None,None,None,None, , , , 
25778, ,0.8504489341802677,2.327202478960408e-06,None,None,None,None, , , , 
25779, ,0.8504489341802677,2.494508135230317e-06,None,None,None,None, , , , 
25780, ,0.8504489341802677,2.673841615839944e-06,None,None,None,None, , , , 
25781, ,0.8504489341802677,2.8660676169482507e-06,None,None,None,None, , , , 
25782, ,0.8504489341802677,3.0721129988617524e-06,None,None,None,None, , , , 
25783, ,0.8504489341802677,3.292971255097148e-06,None,None,None,None, , , , 
25784, ,0.8504489341802677,3.5297073027306505e-06,None,None,None,None, , , , 
25785, ,0.8504489341802677,3.783462617131925e-06,None,None,None,None, , , , 
25786, ,0.8504489341802677,4.0554607358408275e-06,None,None,None,None, , , , 
25787, ,0.8504489341802677,4.3470131581250175e-06,None,None,None,None, , , , 
25788, ,0.8504489341802677,4.6595256686646765e-06,None,None,None,None, , , , 
25789, ,0.8504489341802677,4.99450511585514e-06,None,None,None,None, , , , 
25790, ,0.8504489341802677,5.353566677410719e-06,None,None,None,None, , , , 
25791, ,0.8504489341802677,5.738441648302393e-06,None,None,None,None, , , , 
25792, ,0.8504489341802677,6.150985788580505e-06,None,None,None,None, , , , 
25793, ,0.8504489341802677,6.593188271333541e-06,None,None,None,None, , , , 
25794, ,0.8504489341802677,7.067181273927492e-06,None,None,None,None, , , , 
25795, ,0.8504489341802677,7.575250258771904e-06,None,None,None,None, , , , 
25796, ,0.8504489341802677,8.119844993184007e-06,None,None,None,None, , , , 
25797, ,0.8504489341802677,8.703591361485167e-06,None,None,None,None, , , , 
25798, ,0.8504489341802677,9.329304026284676e-06,None,None,None,None, , , , 
25799, ,0.8504489341802677,1e-05,None,None,None,None, , , , 
25800, ,0.8804883581643459,1e-11,None,None,None,None, , , , 
25801, ,0.8804883581643459,1.0718913192051263e-11,None,None,None,None, , , , 
25802, ,0.8804883581643459,1.1489510001873107e-11,None,None,None,None, , , , 
25803, ,0.8804883581643459,1.2315506032928262e-11,None,None,None,None, , , , 
25804, ,0.8804883581643459,1.3200884008314167e-11,None,None,None,None, , , , 
25805, ,0.8804883581643459,1.4149912974345786e-11,None,None,None,None, , , , 
25806, ,0.8804883581643459,1.5167168884709242e-11,None,None,None,None, , , , 
25807, ,0.8804883581643459,1.6257556664437934e-11,None,None,None,None, , , , 
25808, ,0.8804883581643459,1.7426333860096473e-11,None,None,None,None, , , , 
25809, ,0.8804883581643459,1.8679135990207848e-11,None,None,None,None, , , , 
25810, ,0.8804883581643459,2.0022003718155844e-11,None,None,None,None, , , , 
25811, ,0.8804883581643459,2.1461411978584013e-11,None,None,None,None, , , , 
25812, ,0.8804883581643459,2.300430119772921e-11,None,None,None,None, , , , 
25813, ,0.8804883581643459,2.465811075822604e-11,None,None,None,None, , , , 
25814, ,0.8804883581643459,2.643081486974103e-11,None,None,None,None, , , , 
25815, ,0.8804883581643459,2.8330961018393178e-11,None,None,None,None, , , , 
25816, ,0.8804883581643459,3.036771118035461e-11,None,None,None,None, , , , 
25817, ,0.8804883581643459,3.255088599835057e-11,None,None,None,None, , , , 
25818, ,0.8804883581643459,3.4891012134067674e-11,None,None,None,None, , , , 
25819, ,0.8804883581643459,3.739937302478801e-11,None,None,None,None, , , , 
25820, ,0.8804883581643459,4.0088063288984646e-11,None,None,None,None, , , , 
25821, ,0.8804883581643459,4.297004704320835e-11,None,None,None,None, , , , 
25822, ,0.8804883581643459,4.605922041145113e-11,None,None,None,None, , , , 
25823, ,0.8804883581643459,4.937047852839004e-11,None,None,None,None, , , , 
25824, ,0.8804883581643459,5.2919787359584366e-11,None,None,None,None, , , , 
25825, ,0.8804883581643459,5.672426068491989e-11,None,None,None,None, , , , 
25826, ,0.8804883581643459,6.080224261649427e-11,None,None,None,None, , , , 
25827, ,0.8804883581643459,6.517339604882421e-11,None,None,None,None, , , , 
25828, ,0.8804883581643459,6.985879746785235e-11,None,None,None,None, , , , 
25829, ,0.8804883581643459,7.48810385759003e-11,None,None,None,None, , , , 
25830, ,0.8804883581643459,8.026433522257174e-11,None,None,None,None, , , , 
25831, ,0.8804883581643459,8.603464416684492e-11,None,None,None,None, , , , 
25832, ,0.8804883581643459,9.221978823334341e-11,None,None,None,None, , , , 
25833, ,0.8804883581643459,9.884959046625586e-11,None,None,None,None, , , , 
25834, ,0.8804883581643459,1.0595601792776149e-10,None,None,None,None, , , , 
25835, ,0.8804883581643459,1.1357333583431027e-10,None,None,None,None, , , , 
25836, ,0.8804883581643459,1.217382727739662e-10,None,None,None,None, , , , 
25837, ,0.8804883581643459,1.3049019780144016e-10,None,None,None,None, , , , 
25838, ,0.8804883581643459,1.398713102647236e-10,None,None,None,None, , , , 
25839, ,0.8804883581643459,1.4992684327860468e-10,None,None,None,None, , , , 
25840, ,0.8804883581643459,1.6070528182616384e-10,None,None,None,None, , , , 
25841, ,0.8804883581643459,1.722585965398784e-10,None,None,None,None, , , , 
25842, ,0.8804883581643459,1.8464249428955463e-10,None,None,None,None, , , , 
25843, ,0.8804883581643459,1.9791668678535569e-10,None,None,None,None, , , , 
25844, ,0.8804883581643459,2.121451784910628e-10,None,None,None,None, , , , 
25845, ,0.8804883581643459,2.273965752357932e-10,None,None,None,None, , , , 
25846, ,0.8804883581643459,2.4374441501222216e-10,None,None,None,None, , , , 
25847, ,0.8804883581643459,2.6126752255633265e-10,None,None,None,None, , , , 
25848, ,0.8804883581643459,2.8005038941836253e-10,None,None,None,None, , , , 
25849, ,0.8804883581643459,3.0018358135755917e-10,None,None,None,None, , , , 
25850, ,0.8804883581643459,3.2176417502507347e-10,None,None,None,None, , , , 
25851, ,0.8804883581643459,3.4489622604057533e-10,None,None,None,None, , , , 
25852, ,0.8804883581643459,3.696912707195032e-10,None,None,None,None, , , , 
25853, ,0.8804883581643459,3.9626886387014783e-10,None,None,None,None, , , , 
25854, ,0.8804883581643459,4.2475715525368935e-10,None,None,None,None, , , , 
25855, ,0.8804883581643459,4.552935074866938e-10,None,None,None,None, , , , 
25856, ,0.8804883581643459,4.880251583654433e-10,None,None,None,None, , , , 
25857, ,0.8804883581643459,5.231099308056258e-10,None,None,None,None, , , , 
25858, ,0.8804883581643459,5.60716993820547e-10,None,None,None,None, , , , 
25859, ,0.8804883581643459,6.010276782070387e-10,None,None,None,None, , , , 
25860, ,0.8804883581643459,6.442363508721371e-10,None,None,None,None, , , , 
25861, ,0.8804883581643459,6.905513520162316e-10,None,None,None,None, , , , 
25862, ,0.8804883581643459,7.401959996915653e-10,None,None,None,None, , , , 
25863, ,0.8804883581643459,7.934096665797492e-10,None,None,None,None, , , , 
25864, ,0.8804883581643459,8.504489341802668e-10,None,None,None,None, , , , 
25865, ,0.8804883581643459,9.115888299750837e-10,None,None,None,None, , , , 
25866, ,0.8804883581643459,9.771241535346502e-10,None,None,None,None, , , , 
25867, ,0.8804883581643459,1.0473708979594486e-09,None,None,None,None, , , , 
25868, ,0.8804883581643459,1.1226677735108114e-09,None,None,None,None, , , , 
25869, ,0.8804883581643459,1.2033778407775904e-09,None,None,None,None, , , , 
25870, ,0.8804883581643459,1.289890261253308e-09,None,None,None,None, , , , 
25871, ,0.8804883581643459,1.3826221737646535e-09,None,None,None,None, , , , 
25872, ,0.8804883581643459,1.4820207057988602e-09,None,None,None,None, , , , 
25873, ,0.8804883581643459,1.5885651294280526e-09,None,None,None,None, , , , 
25874, ,0.8804883581643459,1.702769172225898e-09,None,None,None,None, , , , 
25875, ,0.8804883581643459,1.825183494319039e-09,None,None,None,None, , , , 
25876, ,0.8804883581643459,1.956398343517065e-09,None,None,None,None, , , , 
25877, ,0.8804883581643459,2.0970464013232305e-09,None,None,None,None, , , , 
25878, ,0.8804883581643459,2.2478058335487307e-09,None,None,None,None, , , , 
25879, ,0.8804883581643459,2.409403560239527e-09,None,None,None,None, , , , 
25880, ,0.8804883581643459,2.582618760682675e-09,None,None,None,None, , , , 
25881, ,0.8804883581643459,2.768286630392061e-09,None,None,None,None, , , , 
25882, ,0.8804883581643459,2.9673024081888724e-09,None,None,None,None, , , , 
25883, ,0.8804883581643459,3.180625692794119e-09,None,None,None,None, , , , 
25884, ,0.8804883581643459,3.409285069746807e-09,None,None,None,None, , , , 
25885, ,0.8804883581643459,3.654383070957262e-09,None,None,None,None, , , , 
25886, ,0.8804883581643459,3.917101490809261e-09,None,None,None,None, , , , 
25887, ,0.8804883581643459,4.198707084443906e-09,None,None,None,None, , , , 
25888, ,0.8804883581643459,4.500557675700488e-09,None,None,None,None, , , , 
25889, ,0.8804883581643459,4.824108704165374e-09,None,None,None,None, , , , 
25890, ,0.8804883581643459,5.170920242896755e-09,None,None,None,None, , , , 
25891, ,0.8804883581643459,5.542664520663096e-09,None,None,None,None, , , , 
25892, ,0.8804883581643459,5.941133984965041e-09,None,None,None,None, , , , 
25893, ,0.8804883581643459,6.3682499447185856e-09,None,None,None,None, , , , 
25894, ,0.8804883581643459,6.826071834272379e-09,None,None,None,None, , , , 
25895, ,0.8804883581643459,7.316807143427175e-09,None,None,None,None, , , , 
25896, ,0.8804883581643459,7.842822061337681e-09,None,None,None,None, , , , 
25897, ,0.8804883581643459,8.406652885618316e-09,None,None,None,None, , , , 
25898, ,0.8804883581643459,9.011018251665036e-09,None,None,None,None, , , , 
25899, ,0.8804883581643459,9.658832241158707e-09,None,None,None,None, , , , 
25900, ,0.8804883581643459,1.0353218432956616e-08,None,None,None,None, , , , 
25901, ,0.8804883581643459,1.1097524964120722e-08,None,None,None,None, , , , 
25902, ,0.8804883581643459,1.1895340673703208e-08,None,None,None,None, , , , 
25903, ,0.8804883581643459,1.2750512407130128e-08,None,None,None,None, , , , 
25904, ,0.8804883581643459,1.3667163564620044e-08,None,None,None,None, , , , 
25905, ,0.8804883581643459,1.4649713983072853e-08,None,None,None,None, , , , 
25906, ,0.8804883581643459,1.5702901247293774e-08,None,None,None,None, , , , 
25907, ,0.8804883581643459,1.683180353330955e-08,None,None,None,None, , , , 
25908, ,0.8804883581643459,1.8041864093920717e-08,None,None,None,None, , , , 
25909, ,0.8804883581643459,1.933891750455232e-08,None,None,None,None, , , , 
25910, ,0.8804883581643459,2.0729217795953697e-08,None,None,None,None, , , , 
25911, ,0.8804883581643459,2.221946860939524e-08,None,None,None,None, , , , 
25912, ,0.8804883581643459,2.3816855519761606e-08,None,None,None,None, , , , 
25913, ,0.8804883581643459,2.552908068239516e-08,None,None,None,None, , , , 
25914, ,0.8804883581643459,2.7364399970746666e-08,None,None,None,None, , , , 
25915, ,0.8804883581643459,2.933166278390042e-08,None,None,None,None, , , , 
25916, ,0.8804883581643459,3.1440354715915e-08,None,None,None,None, , , , 
25917, ,0.8804883581643459,3.370064329271925e-08,None,None,None,None, , , , 
25918, ,0.8804883581643459,3.612342699709431e-08,None,None,None,None, , , , 
25919, ,0.8804883581643459,3.872038781812557e-08,None,None,None,None, , , , 
25920, ,0.8804883581643459,4.1504047578504727e-08,None,None,None,None, , , , 
25921, ,0.8804883581643459,4.448782831127585e-08,None,None,None,None, , , , 
25922, ,0.8804883581643459,4.768611697714474e-08,None,None,None,None, , , , 
25923, ,0.8804883581643459,5.111433483440165e-08,None,None,None,None, , , , 
25924, ,0.8804883581643459,5.478901179593934e-08,None,None,None,None, , , , 
25925, ,0.8804883581643459,5.872786613189478e-08,None,None,None,None, , , , 
25926, ,0.8804883581643459,6.294988990221888e-08,None,None,None,None, , , , 
25927, ,0.8804883581643459,6.747544053110687e-08,None,None,None,None, , , , 
25928, ,0.8804883581643459,7.232633896483534e-08,None,None,None,None, , , , 
25929, ,0.8804883581643459,7.752597488629465e-08,None,None,None,None, , , , 
25930, ,0.8804883581643459,8.309941949353386e-08,None,None,None,None, , , , 
25931, ,0.8804883581643459,8.907354638610439e-08,None,None,None,None, , , , 
25932, ,0.8804883581643459,9.547716114208066e-08,None,None,None,None, , , , 
25933, ,0.8804883581643459,1.0234114021054528e-07,None,None,None,None, , , , 
25934, ,0.8804883581643459,1.0969857978923841e-07,None,None,None,None, , , , 
25935, ,0.8804883581643459,1.1758495540521555e-07,None,None,None,None, , , , 
25936, ,0.8804883581643459,1.2603829296797277e-07,None,None,None,None, , , , 
25937, ,0.8804883581643459,1.350993521198025e-07,None,None,None,None, , , , 
25938, ,0.8804883581643459,1.4481182276745328e-07,None,None,None,None, , , , 
25939, ,0.8804883581643459,1.552225357427048e-07,None,None,None,None, , , , 
25940, ,0.8804883581643459,1.6638168860761273e-07,None,None,None,None, , , , 
25941, ,0.8804883581643459,1.7834308769319093e-07,None,None,None,None, , , , 
25942, ,0.8804883581643459,1.9116440753857e-07,None,None,None,None, , , , 
25943, ,0.8804883581643459,2.049074689815846e-07,None,None,None,None, , , , 
25944, ,0.8804883581643459,2.1963853724165468e-07,None,None,None,None, , , , 
25945, ,0.8804883581643459,2.3542864143224158e-07,None,None,None,None, , , , 
25946, ,0.8804883581643459,2.523539170434766e-07,None,None,None,None, , , , 
25947, ,0.8804883581643459,2.7049597304631316e-07,None,None,None,None, , , , 
25948, ,0.8804883581643459,2.899422853882875e-07,None,None,None,None, , , , 
25949, ,0.8804883581643459,3.107866187782014e-07,None,None,None,None, , , , 
25950, ,0.8804883581643459,3.33129478793467e-07,None,None,None,None, , , , 
25951, ,0.8804883581643459,3.5707859649004626e-07,None,None,None,None, , , , 
25952, ,0.8804883581643459,3.827494478516307e-07,None,None,None,None, , , , 
25953, ,0.8804883581643459,4.1026581058271904e-07,None,None,None,None, , , , 
25954, ,0.8804883581643459,4.397603609302722e-07,None,None,None,None, , , , 
25955, ,0.8804883581643459,4.7137531341167185e-07,None,None,None,None, , , , 
25956, ,0.8804883581643459,5.052631065335679e-07,None,None,None,None, , , , 
25957, ,0.8804883581643459,5.415871378079465e-07,None,None,None,None, , , , 
25958, ,0.8804883581643459,5.805225516094896e-07,None,None,None,None, , , , 
25959, ,0.8804883581643459,6.222570836730232e-07,None,None,None,None, , , , 
25960, ,0.8804883581643459,6.669919663030115e-07,None,None,None,None, , , , 
25961, ,0.8804883581643459,7.149428986597576e-07,None,None,None,None, , , , 
25962, ,0.8804883581643459,7.663410868007445e-07,None,None,None,None, , , , 
25963, ,0.8804883581643459,8.214343584919422e-07,None,None,None,None, , , , 
25964, ,0.8804883581643459,8.804883581643463e-07,None,None,None,None, , , , 
25965, ,0.8804883581643459,9.437878277775371e-07,None,None,None,None, , , , 
25966, ,0.8804883581643459,1.0116379797662072e-06,None,None,None,None, , , , 
25967, ,0.8804883581643459,1.0843659686896086e-06,None,None,None,None, , , , 
25968, ,0.8804883581643459,1.1623224686798522e-06,None,None,None,None, , , , 
25969, ,0.8804883581643459,1.2458833642950078e-06,None,None,None,None, , , , 
25970, ,0.8804883581643459,1.3354515629298971e-06,None,None,None,None, , , , 
25971, ,0.8804883581643459,1.4314589375234786e-06,None,None,None,None, , , , 
25972, ,0.8804883581643459,1.53436840893001e-06,None,None,None,None, , , , 
25973, ,0.8804883581643459,1.6446761779946631e-06,None,None,None,None, , , , 
25974, ,0.8804883581643459,1.762914118095948e-06,None,None,None,None, , , , 
25975, ,0.8804883581643459,1.8896523396912082e-06,None,None,None,None, , , , 
25976, ,0.8804883581643459,2.0255019392306664e-06,None,None,None,None, , , , 
25977, ,0.8804883581643459,2.171117945694501e-06,None,None,None,None, , , , 
25978, ,0.8804883581643459,2.327202478960408e-06,None,None,None,None, , , , 
25979, ,0.8804883581643459,2.494508135230317e-06,None,None,None,None, , , , 
25980, ,0.8804883581643459,2.673841615839944e-06,None,None,None,None, , , , 
25981, ,0.8804883581643459,2.8660676169482507e-06,None,None,None,None, , , , 
25982, ,0.8804883581643459,3.0721129988617524e-06,None,None,None,None, , , , 
25983, ,0.8804883581643459,3.292971255097148e-06,None,None,None,None, , , , 
25984, ,0.8804883581643459,3.5297073027306505e-06,None,None,None,None, , , , 
25985, ,0.8804883581643459,3.783462617131925e-06,None,None,None,None, , , , 
25986, ,0.8804883581643459,4.0554607358408275e-06,None,None,None,None, , , , 
25987, ,0.8804883581643459,4.3470131581250175e-06,None,None,None,None, , , , 
25988, ,0.8804883581643459,4.6595256686646765e-06,None,None,None,None, , , , 
25989, ,0.8804883581643459,4.99450511585514e-06,None,None,None,None, , , , 
25990, ,0.8804883581643459,5.353566677410719e-06,None,None,None,None, , , , 
25991, ,0.8804883581643459,5.738441648302393e-06,None,None,None,None, , , , 
25992, ,0.8804883581643459,6.150985788580505e-06,None,None,None,None, , , , 
25993, ,0.8804883581643459,6.593188271333541e-06,None,None,None,None, , , , 
25994, ,0.8804883581643459,7.067181273927492e-06,None,None,None,None, , , , 
25995, ,0.8804883581643459,7.575250258771904e-06,None,None,None,None, , , , 
25996, ,0.8804883581643459,8.119844993184007e-06,None,None,None,None, , , , 
25997, ,0.8804883581643459,8.703591361485167e-06,None,None,None,None, , , , 
25998, ,0.8804883581643459,9.329304026284676e-06,None,None,None,None, , , , 
25999, ,0.8804883581643459,1e-05,None,None,None,None, , , , 
26000, ,0.9115888299750818,1e-11,None,None,None,None, , , , 
26001, ,0.9115888299750818,1.0718913192051263e-11,None,None,None,None, , , , 
26002, ,0.9115888299750818,1.1489510001873107e-11,None,None,None,None, , , , 
26003, ,0.9115888299750818,1.2315506032928262e-11,None,None,None,None, , , , 
26004, ,0.9115888299750818,1.3200884008314167e-11,None,None,None,None, , , , 
26005, ,0.9115888299750818,1.4149912974345786e-11,None,None,None,None, , , , 
26006, ,0.9115888299750818,1.5167168884709242e-11,None,None,None,None, , , , 
26007, ,0.9115888299750818,1.6257556664437934e-11,None,None,None,None, , , , 
26008, ,0.9115888299750818,1.7426333860096473e-11,None,None,None,None, , , , 
26009, ,0.9115888299750818,1.8679135990207848e-11,None,None,None,None, , , , 
26010, ,0.9115888299750818,2.0022003718155844e-11,None,None,None,None, , , , 
26011, ,0.9115888299750818,2.1461411978584013e-11,None,None,None,None, , , , 
26012, ,0.9115888299750818,2.300430119772921e-11,None,None,None,None, , , , 
26013, ,0.9115888299750818,2.465811075822604e-11,None,None,None,None, , , , 
26014, ,0.9115888299750818,2.643081486974103e-11,None,None,None,None, , , , 
26015, ,0.9115888299750818,2.8330961018393178e-11,None,None,None,None, , , , 
26016, ,0.9115888299750818,3.036771118035461e-11,None,None,None,None, , , , 
26017, ,0.9115888299750818,3.255088599835057e-11,None,None,None,None, , , , 
26018, ,0.9115888299750818,3.4891012134067674e-11,None,None,None,None, , , , 
26019, ,0.9115888299750818,3.739937302478801e-11,None,None,None,None, , , , 
26020, ,0.9115888299750818,4.0088063288984646e-11,None,None,None,None, , , , 
26021, ,0.9115888299750818,4.297004704320835e-11,None,None,None,None, , , , 
26022, ,0.9115888299750818,4.605922041145113e-11,None,None,None,None, , , , 
26023, ,0.9115888299750818,4.937047852839004e-11,None,None,None,None, , , , 
26024, ,0.9115888299750818,5.2919787359584366e-11,None,None,None,None, , , , 
26025, ,0.9115888299750818,5.672426068491989e-11,None,None,None,None, , , , 
26026, ,0.9115888299750818,6.080224261649427e-11,None,None,None,None, , , , 
26027, ,0.9115888299750818,6.517339604882421e-11,None,None,None,None, , , , 
26028, ,0.9115888299750818,6.985879746785235e-11,None,None,None,None, , , , 
26029, ,0.9115888299750818,7.48810385759003e-11,None,None,None,None, , , , 
26030, ,0.9115888299750818,8.026433522257174e-11,None,None,None,None, , , , 
26031, ,0.9115888299750818,8.603464416684492e-11,None,None,None,None, , , , 
26032, ,0.9115888299750818,9.221978823334341e-11,None,None,None,None, , , , 
26033, ,0.9115888299750818,9.884959046625586e-11,None,None,None,None, , , , 
26034, ,0.9115888299750818,1.0595601792776149e-10,None,None,None,None, , , , 
26035, ,0.9115888299750818,1.1357333583431027e-10,None,None,None,None, , , , 
26036, ,0.9115888299750818,1.217382727739662e-10,None,None,None,None, , , , 
26037, ,0.9115888299750818,1.3049019780144016e-10,None,None,None,None, , , , 
26038, ,0.9115888299750818,1.398713102647236e-10,None,None,None,None, , , , 
26039, ,0.9115888299750818,1.4992684327860468e-10,None,None,None,None, , , , 
26040, ,0.9115888299750818,1.6070528182616384e-10,None,None,None,None, , , , 
26041, ,0.9115888299750818,1.722585965398784e-10,None,None,None,None, , , , 
26042, ,0.9115888299750818,1.8464249428955463e-10,None,None,None,None, , , , 
26043, ,0.9115888299750818,1.9791668678535569e-10,None,None,None,None, , , , 
26044, ,0.9115888299750818,2.121451784910628e-10,None,None,None,None, , , , 
26045, ,0.9115888299750818,2.273965752357932e-10,None,None,None,None, , , , 
26046, ,0.9115888299750818,2.4374441501222216e-10,None,None,None,None, , , , 
26047, ,0.9115888299750818,2.6126752255633265e-10,None,None,None,None, , , , 
26048, ,0.9115888299750818,2.8005038941836253e-10,None,None,None,None, , , , 
26049, ,0.9115888299750818,3.0018358135755917e-10,None,None,None,None, , , , 
26050, ,0.9115888299750818,3.2176417502507347e-10,None,None,None,None, , , , 
26051, ,0.9115888299750818,3.4489622604057533e-10,None,None,None,None, , , , 
26052, ,0.9115888299750818,3.696912707195032e-10,None,None,None,None, , , , 
26053, ,0.9115888299750818,3.9626886387014783e-10,None,None,None,None, , , , 
26054, ,0.9115888299750818,4.2475715525368935e-10,None,None,None,None, , , , 
26055, ,0.9115888299750818,4.552935074866938e-10,None,None,None,None, , , , 
26056, ,0.9115888299750818,4.880251583654433e-10,None,None,None,None, , , , 
26057, ,0.9115888299750818,5.231099308056258e-10,None,None,None,None, , , , 
26058, ,0.9115888299750818,5.60716993820547e-10,None,None,None,None, , , , 
26059, ,0.9115888299750818,6.010276782070387e-10,None,None,None,None, , , , 
26060, ,0.9115888299750818,6.442363508721371e-10,None,None,None,None, , , , 
26061, ,0.9115888299750818,6.905513520162316e-10,None,None,None,None, , , , 
26062, ,0.9115888299750818,7.401959996915653e-10,None,None,None,None, , , , 
26063, ,0.9115888299750818,7.934096665797492e-10,None,None,None,None, , , , 
26064, ,0.9115888299750818,8.504489341802668e-10,None,None,None,None, , , , 
26065, ,0.9115888299750818,9.115888299750837e-10,None,None,None,None, , , , 
26066, ,0.9115888299750818,9.771241535346502e-10,None,None,None,None, , , , 
26067, ,0.9115888299750818,1.0473708979594486e-09,None,None,None,None, , , , 
26068, ,0.9115888299750818,1.1226677735108114e-09,None,None,None,None, , , , 
26069, ,0.9115888299750818,1.2033778407775904e-09,None,None,None,None, , , , 
26070, ,0.9115888299750818,1.289890261253308e-09,None,None,None,None, , , , 
26071, ,0.9115888299750818,1.3826221737646535e-09,None,None,None,None, , , , 
26072, ,0.9115888299750818,1.4820207057988602e-09,None,None,None,None, , , , 
26073, ,0.9115888299750818,1.5885651294280526e-09,None,None,None,None, , , , 
26074, ,0.9115888299750818,1.702769172225898e-09,None,None,None,None, , , , 
26075, ,0.9115888299750818,1.825183494319039e-09,None,None,None,None, , , , 
26076, ,0.9115888299750818,1.956398343517065e-09,None,None,None,None, , , , 
26077, ,0.9115888299750818,2.0970464013232305e-09,None,None,None,None, , , , 
26078, ,0.9115888299750818,2.2478058335487307e-09,None,None,None,None, , , , 
26079, ,0.9115888299750818,2.409403560239527e-09,None,None,None,None, , , , 
26080, ,0.9115888299750818,2.582618760682675e-09,None,None,None,None, , , , 
26081, ,0.9115888299750818,2.768286630392061e-09,None,None,None,None, , , , 
26082, ,0.9115888299750818,2.9673024081888724e-09,None,None,None,None, , , , 
26083, ,0.9115888299750818,3.180625692794119e-09,None,None,None,None, , , , 
26084, ,0.9115888299750818,3.409285069746807e-09,None,None,None,None, , , , 
26085, ,0.9115888299750818,3.654383070957262e-09,None,None,None,None, , , , 
26086, ,0.9115888299750818,3.917101490809261e-09,None,None,None,None, , , , 
26087, ,0.9115888299750818,4.198707084443906e-09,None,None,None,None, , , , 
26088, ,0.9115888299750818,4.500557675700488e-09,None,None,None,None, , , , 
26089, ,0.9115888299750818,4.824108704165374e-09,None,None,None,None, , , , 
26090, ,0.9115888299750818,5.170920242896755e-09,None,None,None,None, , , , 
26091, ,0.9115888299750818,5.542664520663096e-09,None,None,None,None, , , , 
26092, ,0.9115888299750818,5.941133984965041e-09,None,None,None,None, , , , 
26093, ,0.9115888299750818,6.3682499447185856e-09,None,None,None,None, , , , 
26094, ,0.9115888299750818,6.826071834272379e-09,None,None,None,None, , , , 
26095, ,0.9115888299750818,7.316807143427175e-09,None,None,None,None, , , , 
26096, ,0.9115888299750818,7.842822061337681e-09,None,None,None,None, , , , 
26097, ,0.9115888299750818,8.406652885618316e-09,None,None,None,None, , , , 
26098, ,0.9115888299750818,9.011018251665036e-09,None,None,None,None, , , , 
26099, ,0.9115888299750818,9.658832241158707e-09,None,None,None,None, , , , 
26100, ,0.9115888299750818,1.0353218432956616e-08,None,None,None,None, , , , 
26101, ,0.9115888299750818,1.1097524964120722e-08,None,None,None,None, , , , 
26102, ,0.9115888299750818,1.1895340673703208e-08,None,None,None,None, , , , 
26103, ,0.9115888299750818,1.2750512407130128e-08,None,None,None,None, , , , 
26104, ,0.9115888299750818,1.3667163564620044e-08,None,None,None,None, , , , 
26105, ,0.9115888299750818,1.4649713983072853e-08,None,None,None,None, , , , 
26106, ,0.9115888299750818,1.5702901247293774e-08,None,None,None,None, , , , 
26107, ,0.9115888299750818,1.683180353330955e-08,None,None,None,None, , , , 
26108, ,0.9115888299750818,1.8041864093920717e-08,None,None,None,None, , , , 
26109, ,0.9115888299750818,1.933891750455232e-08,None,None,None,None, , , , 
26110, ,0.9115888299750818,2.0729217795953697e-08,None,None,None,None, , , , 
26111, ,0.9115888299750818,2.221946860939524e-08,None,None,None,None, , , , 
26112, ,0.9115888299750818,2.3816855519761606e-08,None,None,None,None, , , , 
26113, ,0.9115888299750818,2.552908068239516e-08,None,None,None,None, , , , 
26114, ,0.9115888299750818,2.7364399970746666e-08,None,None,None,None, , , , 
26115, ,0.9115888299750818,2.933166278390042e-08,None,None,None,None, , , , 
26116, ,0.9115888299750818,3.1440354715915e-08,None,None,None,None, , , , 
26117, ,0.9115888299750818,3.370064329271925e-08,None,None,None,None, , , , 
26118, ,0.9115888299750818,3.612342699709431e-08,None,None,None,None, , , , 
26119, ,0.9115888299750818,3.872038781812557e-08,None,None,None,None, , , , 
26120, ,0.9115888299750818,4.1504047578504727e-08,None,None,None,None, , , , 
26121, ,0.9115888299750818,4.448782831127585e-08,None,None,None,None, , , , 
26122, ,0.9115888299750818,4.768611697714474e-08,None,None,None,None, , , , 
26123, ,0.9115888299750818,5.111433483440165e-08,None,None,None,None, , , , 
26124, ,0.9115888299750818,5.478901179593934e-08,None,None,None,None, , , , 
26125, ,0.9115888299750818,5.872786613189478e-08,None,None,None,None, , , , 
26126, ,0.9115888299750818,6.294988990221888e-08,None,None,None,None, , , , 
26127, ,0.9115888299750818,6.747544053110687e-08,None,None,None,None, , , , 
26128, ,0.9115888299750818,7.232633896483534e-08,None,None,None,None, , , , 
26129, ,0.9115888299750818,7.752597488629465e-08,None,None,None,None, , , , 
26130, ,0.9115888299750818,8.309941949353386e-08,None,None,None,None, , , , 
26131, ,0.9115888299750818,8.907354638610439e-08,None,None,None,None, , , , 
26132, ,0.9115888299750818,9.547716114208066e-08,None,None,None,None, , , , 
26133, ,0.9115888299750818,1.0234114021054528e-07,None,None,None,None, , , , 
26134, ,0.9115888299750818,1.0969857978923841e-07,None,None,None,None, , , , 
26135, ,0.9115888299750818,1.1758495540521555e-07,None,None,None,None, , , , 
26136, ,0.9115888299750818,1.2603829296797277e-07,None,None,None,None, , , , 
26137, ,0.9115888299750818,1.350993521198025e-07,None,None,None,None, , , , 
26138, ,0.9115888299750818,1.4481182276745328e-07,None,None,None,None, , , , 
26139, ,0.9115888299750818,1.552225357427048e-07,None,None,None,None, , , , 
26140, ,0.9115888299750818,1.6638168860761273e-07,None,None,None,None, , , , 
26141, ,0.9115888299750818,1.7834308769319093e-07,None,None,None,None, , , , 
26142, ,0.9115888299750818,1.9116440753857e-07,None,None,None,None, , , , 
26143, ,0.9115888299750818,2.049074689815846e-07,None,None,None,None, , , , 
26144, ,0.9115888299750818,2.1963853724165468e-07,None,None,None,None, , , , 
26145, ,0.9115888299750818,2.3542864143224158e-07,None,None,None,None, , , , 
26146, ,0.9115888299750818,2.523539170434766e-07,None,None,None,None, , , , 
26147, ,0.9115888299750818,2.7049597304631316e-07,None,None,None,None, , , , 
26148, ,0.9115888299750818,2.899422853882875e-07,None,None,None,None, , , , 
26149, ,0.9115888299750818,3.107866187782014e-07,None,None,None,None, , , , 
26150, ,0.9115888299750818,3.33129478793467e-07,None,None,None,None, , , , 
26151, ,0.9115888299750818,3.5707859649004626e-07,None,None,None,None, , , , 
26152, ,0.9115888299750818,3.827494478516307e-07,None,None,None,None, , , , 
26153, ,0.9115888299750818,4.1026581058271904e-07,None,None,None,None, , , , 
26154, ,0.9115888299750818,4.397603609302722e-07,None,None,None,None, , , , 
26155, ,0.9115888299750818,4.7137531341167185e-07,None,None,None,None, , , , 
26156, ,0.9115888299750818,5.052631065335679e-07,None,None,None,None, , , , 
26157, ,0.9115888299750818,5.415871378079465e-07,None,None,None,None, , , , 
26158, ,0.9115888299750818,5.805225516094896e-07,None,None,None,None, , , , 
26159, ,0.9115888299750818,6.222570836730232e-07,None,None,None,None, , , , 
26160, ,0.9115888299750818,6.669919663030115e-07,None,None,None,None, , , , 
26161, ,0.9115888299750818,7.149428986597576e-07,None,None,None,None, , , , 
26162, ,0.9115888299750818,7.663410868007445e-07,None,None,None,None, , , , 
26163, ,0.9115888299750818,8.214343584919422e-07,None,None,None,None, , , , 
26164, ,0.9115888299750818,8.804883581643463e-07,None,None,None,None, , , , 
26165, ,0.9115888299750818,9.437878277775371e-07,None,None,None,None, , , , 
26166, ,0.9115888299750818,1.0116379797662072e-06,None,None,None,None, , , , 
26167, ,0.9115888299750818,1.0843659686896086e-06,None,None,None,None, , , , 
26168, ,0.9115888299750818,1.1623224686798522e-06,None,None,None,None, , , , 
26169, ,0.9115888299750818,1.2458833642950078e-06,None,None,None,None, , , , 
26170, ,0.9115888299750818,1.3354515629298971e-06,None,None,None,None, , , , 
26171, ,0.9115888299750818,1.4314589375234786e-06,None,None,None,None, , , , 
26172, ,0.9115888299750818,1.53436840893001e-06,None,None,None,None, , , , 
26173, ,0.9115888299750818,1.6446761779946631e-06,None,None,None,None, , , , 
26174, ,0.9115888299750818,1.762914118095948e-06,None,None,None,None, , , , 
26175, ,0.9115888299750818,1.8896523396912082e-06,None,None,None,None, , , , 
26176, ,0.9115888299750818,2.0255019392306664e-06,None,None,None,None, , , , 
26177, ,0.9115888299750818,2.171117945694501e-06,None,None,None,None, , , , 
26178, ,0.9115888299750818,2.327202478960408e-06,None,None,None,None, , , , 
26179, ,0.9115888299750818,2.494508135230317e-06,None,None,None,None, , , , 
26180, ,0.9115888299750818,2.673841615839944e-06,None,None,None,None, , , , 
26181, ,0.9115888299750818,2.8660676169482507e-06,None,None,None,None, , , , 
26182, ,0.9115888299750818,3.0721129988617524e-06,None,None,None,None, , , , 
26183, ,0.9115888299750818,3.292971255097148e-06,None,None,None,None, , , , 
26184, ,0.9115888299750818,3.5297073027306505e-06,None,None,None,None, , , , 
26185, ,0.9115888299750818,3.783462617131925e-06,None,None,None,None, , , , 
26186, ,0.9115888299750818,4.0554607358408275e-06,None,None,None,None, , , , 
26187, ,0.9115888299750818,4.3470131581250175e-06,None,None,None,None, , , , 
26188, ,0.9115888299750818,4.6595256686646765e-06,None,None,None,None, , , , 
26189, ,0.9115888299750818,4.99450511585514e-06,None,None,None,None, , , , 
26190, ,0.9115888299750818,5.353566677410719e-06,None,None,None,None, , , , 
26191, ,0.9115888299750818,5.738441648302393e-06,None,None,None,None, , , , 
26192, ,0.9115888299750818,6.150985788580505e-06,None,None,None,None, , , , 
26193, ,0.9115888299750818,6.593188271333541e-06,None,None,None,None, , , , 
26194, ,0.9115888299750818,7.067181273927492e-06,None,None,None,None, , , , 
26195, ,0.9115888299750818,7.575250258771904e-06,None,None,None,None, , , , 
26196, ,0.9115888299750818,8.119844993184007e-06,None,None,None,None, , , , 
26197, ,0.9115888299750818,8.703591361485167e-06,None,None,None,None, , , , 
26198, ,0.9115888299750818,9.329304026284676e-06,None,None,None,None, , , , 
26199, ,0.9115888299750818,1e-05,None,None,None,None, , , , 
26200, ,0.943787827777538,1e-11,None,None,None,None, , , , 
26201, ,0.943787827777538,1.0718913192051263e-11,None,None,None,None, , , , 
26202, ,0.943787827777538,1.1489510001873107e-11,None,None,None,None, , , , 
26203, ,0.943787827777538,1.2315506032928262e-11,None,None,None,None, , , , 
26204, ,0.943787827777538,1.3200884008314167e-11,None,None,None,None, , , , 
26205, ,0.943787827777538,1.4149912974345786e-11,None,None,None,None, , , , 
26206, ,0.943787827777538,1.5167168884709242e-11,None,None,None,None, , , , 
26207, ,0.943787827777538,1.6257556664437934e-11,None,None,None,None, , , , 
26208, ,0.943787827777538,1.7426333860096473e-11,None,None,None,None, , , , 
26209, ,0.943787827777538,1.8679135990207848e-11,None,None,None,None, , , , 
26210, ,0.943787827777538,2.0022003718155844e-11,None,None,None,None, , , , 
26211, ,0.943787827777538,2.1461411978584013e-11,None,None,None,None, , , , 
26212, ,0.943787827777538,2.300430119772921e-11,None,None,None,None, , , , 
26213, ,0.943787827777538,2.465811075822604e-11,None,None,None,None, , , , 
26214, ,0.943787827777538,2.643081486974103e-11,None,None,None,None, , , , 
26215, ,0.943787827777538,2.8330961018393178e-11,None,None,None,None, , , , 
26216, ,0.943787827777538,3.036771118035461e-11,None,None,None,None, , , , 
26217, ,0.943787827777538,3.255088599835057e-11,None,None,None,None, , , , 
26218, ,0.943787827777538,3.4891012134067674e-11,None,None,None,None, , , , 
26219, ,0.943787827777538,3.739937302478801e-11,None,None,None,None, , , , 
26220, ,0.943787827777538,4.0088063288984646e-11,None,None,None,None, , , , 
26221, ,0.943787827777538,4.297004704320835e-11,None,None,None,None, , , , 
26222, ,0.943787827777538,4.605922041145113e-11,None,None,None,None, , , , 
26223, ,0.943787827777538,4.937047852839004e-11,None,None,None,None, , , , 
26224, ,0.943787827777538,5.2919787359584366e-11,None,None,None,None, , , , 
26225, ,0.943787827777538,5.672426068491989e-11,None,None,None,None, , , , 
26226, ,0.943787827777538,6.080224261649427e-11,None,None,None,None, , , , 
26227, ,0.943787827777538,6.517339604882421e-11,None,None,None,None, , , , 
26228, ,0.943787827777538,6.985879746785235e-11,None,None,None,None, , , , 
26229, ,0.943787827777538,7.48810385759003e-11,None,None,None,None, , , , 
26230, ,0.943787827777538,8.026433522257174e-11,None,None,None,None, , , , 
26231, ,0.943787827777538,8.603464416684492e-11,None,None,None,None, , , , 
26232, ,0.943787827777538,9.221978823334341e-11,None,None,None,None, , , , 
26233, ,0.943787827777538,9.884959046625586e-11,None,None,None,None, , , , 
26234, ,0.943787827777538,1.0595601792776149e-10,None,None,None,None, , , , 
26235, ,0.943787827777538,1.1357333583431027e-10,None,None,None,None, , , , 
26236, ,0.943787827777538,1.217382727739662e-10,None,None,None,None, , , , 
26237, ,0.943787827777538,1.3049019780144016e-10,None,None,None,None, , , , 
26238, ,0.943787827777538,1.398713102647236e-10,None,None,None,None, , , , 
26239, ,0.943787827777538,1.4992684327860468e-10,None,None,None,None, , , , 
26240, ,0.943787827777538,1.6070528182616384e-10,None,None,None,None, , , , 
26241, ,0.943787827777538,1.722585965398784e-10,None,None,None,None, , , , 
26242, ,0.943787827777538,1.8464249428955463e-10,None,None,None,None, , , , 
26243, ,0.943787827777538,1.9791668678535569e-10,None,None,None,None, , , , 
26244, ,0.943787827777538,2.121451784910628e-10,None,None,None,None, , , , 
26245, ,0.943787827777538,2.273965752357932e-10,None,None,None,None, , , , 
26246, ,0.943787827777538,2.4374441501222216e-10,None,None,None,None, , , , 
26247, ,0.943787827777538,2.6126752255633265e-10,None,None,None,None, , , , 
26248, ,0.943787827777538,2.8005038941836253e-10,None,None,None,None, , , , 
26249, ,0.943787827777538,3.0018358135755917e-10,None,None,None,None, , , , 
26250, ,0.943787827777538,3.2176417502507347e-10,None,None,None,None, , , , 
26251, ,0.943787827777538,3.4489622604057533e-10,None,None,None,None, , , , 
26252, ,0.943787827777538,3.696912707195032e-10,None,None,None,None, , , , 
26253, ,0.943787827777538,3.9626886387014783e-10,None,None,None,None, , , , 
26254, ,0.943787827777538,4.2475715525368935e-10,None,None,None,None, , , , 
26255, ,0.943787827777538,4.552935074866938e-10,None,None,None,None, , , , 
26256, ,0.943787827777538,4.880251583654433e-10,None,None,None,None, , , , 
26257, ,0.943787827777538,5.231099308056258e-10,None,None,None,None, , , , 
26258, ,0.943787827777538,5.60716993820547e-10,None,None,None,None, , , , 
26259, ,0.943787827777538,6.010276782070387e-10,None,None,None,None, , , , 
26260, ,0.943787827777538,6.442363508721371e-10,None,None,None,None, , , , 
26261, ,0.943787827777538,6.905513520162316e-10,None,None,None,None, , , , 
26262, ,0.943787827777538,7.401959996915653e-10,None,None,None,None, , , , 
26263, ,0.943787827777538,7.934096665797492e-10,None,None,None,None, , , , 
26264, ,0.943787827777538,8.504489341802668e-10,None,None,None,None, , , , 
26265, ,0.943787827777538,9.115888299750837e-10,None,None,None,None, , , , 
26266, ,0.943787827777538,9.771241535346502e-10,None,None,None,None, , , , 
26267, ,0.943787827777538,1.0473708979594486e-09,None,None,None,None, , , , 
26268, ,0.943787827777538,1.1226677735108114e-09,None,None,None,None, , , , 
26269, ,0.943787827777538,1.2033778407775904e-09,None,None,None,None, , , , 
26270, ,0.943787827777538,1.289890261253308e-09,None,None,None,None, , , , 
26271, ,0.943787827777538,1.3826221737646535e-09,None,None,None,None, , , , 
26272, ,0.943787827777538,1.4820207057988602e-09,None,None,None,None, , , , 
26273, ,0.943787827777538,1.5885651294280526e-09,None,None,None,None, , , , 
26274, ,0.943787827777538,1.702769172225898e-09,None,None,None,None, , , , 
26275, ,0.943787827777538,1.825183494319039e-09,None,None,None,None, , , , 
26276, ,0.943787827777538,1.956398343517065e-09,None,None,None,None, , , , 
26277, ,0.943787827777538,2.0970464013232305e-09,None,None,None,None, , , , 
26278, ,0.943787827777538,2.2478058335487307e-09,None,None,None,None, , , , 
26279, ,0.943787827777538,2.409403560239527e-09,None,None,None,None, , , , 
26280, ,0.943787827777538,2.582618760682675e-09,None,None,None,None, , , , 
26281, ,0.943787827777538,2.768286630392061e-09,None,None,None,None, , , , 
26282, ,0.943787827777538,2.9673024081888724e-09,None,None,None,None, , , , 
26283, ,0.943787827777538,3.180625692794119e-09,None,None,None,None, , , , 
26284, ,0.943787827777538,3.409285069746807e-09,None,None,None,None, , , , 
26285, ,0.943787827777538,3.654383070957262e-09,None,None,None,None, , , , 
26286, ,0.943787827777538,3.917101490809261e-09,None,None,None,None, , , , 
26287, ,0.943787827777538,4.198707084443906e-09,None,None,None,None, , , , 
26288, ,0.943787827777538,4.500557675700488e-09,None,None,None,None, , , , 
26289, ,0.943787827777538,4.824108704165374e-09,None,None,None,None, , , , 
26290, ,0.943787827777538,5.170920242896755e-09,None,None,None,None, , , , 
26291, ,0.943787827777538,5.542664520663096e-09,None,None,None,None, , , , 
26292, ,0.943787827777538,5.941133984965041e-09,None,None,None,None, , , , 
26293, ,0.943787827777538,6.3682499447185856e-09,None,None,None,None, , , , 
26294, ,0.943787827777538,6.826071834272379e-09,None,None,None,None, , , , 
26295, ,0.943787827777538,7.316807143427175e-09,None,None,None,None, , , , 
26296, ,0.943787827777538,7.842822061337681e-09,None,None,None,None, , , , 
26297, ,0.943787827777538,8.406652885618316e-09,None,None,None,None, , , , 
26298, ,0.943787827777538,9.011018251665036e-09,None,None,None,None, , , , 
26299, ,0.943787827777538,9.658832241158707e-09,None,None,None,None, , , , 
26300, ,0.943787827777538,1.0353218432956616e-08,None,None,None,None, , , , 
26301, ,0.943787827777538,1.1097524964120722e-08,None,None,None,None, , , , 
26302, ,0.943787827777538,1.1895340673703208e-08,None,None,None,None, , , , 
26303, ,0.943787827777538,1.2750512407130128e-08,None,None,None,None, , , , 
26304, ,0.943787827777538,1.3667163564620044e-08,None,None,None,None, , , , 
26305, ,0.943787827777538,1.4649713983072853e-08,None,None,None,None, , , , 
26306, ,0.943787827777538,1.5702901247293774e-08,None,None,None,None, , , , 
26307, ,0.943787827777538,1.683180353330955e-08,None,None,None,None, , , , 
26308, ,0.943787827777538,1.8041864093920717e-08,None,None,None,None, , , , 
26309, ,0.943787827777538,1.933891750455232e-08,None,None,None,None, , , , 
26310, ,0.943787827777538,2.0729217795953697e-08,None,None,None,None, , , , 
26311, ,0.943787827777538,2.221946860939524e-08,None,None,None,None, , , , 
26312, ,0.943787827777538,2.3816855519761606e-08,None,None,None,None, , , , 
26313, ,0.943787827777538,2.552908068239516e-08,None,None,None,None, , , , 
26314, ,0.943787827777538,2.7364399970746666e-08,None,None,None,None, , , , 
26315, ,0.943787827777538,2.933166278390042e-08,None,None,None,None, , , , 
26316, ,0.943787827777538,3.1440354715915e-08,None,None,None,None, , , , 
26317, ,0.943787827777538,3.370064329271925e-08,None,None,None,None, , , , 
26318, ,0.943787827777538,3.612342699709431e-08,None,None,None,None, , , , 
26319, ,0.943787827777538,3.872038781812557e-08,None,None,None,None, , , , 
26320, ,0.943787827777538,4.1504047578504727e-08,None,None,None,None, , , , 
26321, ,0.943787827777538,4.448782831127585e-08,None,None,None,None, , , , 
26322, ,0.943787827777538,4.768611697714474e-08,None,None,None,None, , , , 
26323, ,0.943787827777538,5.111433483440165e-08,None,None,None,None, , , , 
26324, ,0.943787827777538,5.478901179593934e-08,None,None,None,None, , , , 
26325, ,0.943787827777538,5.872786613189478e-08,None,None,None,None, , , , 
26326, ,0.943787827777538,6.294988990221888e-08,None,None,None,None, , , , 
26327, ,0.943787827777538,6.747544053110687e-08,None,None,None,None, , , , 
26328, ,0.943787827777538,7.232633896483534e-08,None,None,None,None, , , , 
26329, ,0.943787827777538,7.752597488629465e-08,None,None,None,None, , , , 
26330, ,0.943787827777538,8.309941949353386e-08,None,None,None,None, , , , 
26331, ,0.943787827777538,8.907354638610439e-08,None,None,None,None, , , , 
26332, ,0.943787827777538,9.547716114208066e-08,None,None,None,None, , , , 
26333, ,0.943787827777538,1.0234114021054528e-07,None,None,None,None, , , , 
26334, ,0.943787827777538,1.0969857978923841e-07,None,None,None,None, , , , 
26335, ,0.943787827777538,1.1758495540521555e-07,None,None,None,None, , , , 
26336, ,0.943787827777538,1.2603829296797277e-07,None,None,None,None, , , , 
26337, ,0.943787827777538,1.350993521198025e-07,None,None,None,None, , , , 
26338, ,0.943787827777538,1.4481182276745328e-07,None,None,None,None, , , , 
26339, ,0.943787827777538,1.552225357427048e-07,None,None,None,None, , , , 
26340, ,0.943787827777538,1.6638168860761273e-07,None,None,None,None, , , , 
26341, ,0.943787827777538,1.7834308769319093e-07,None,None,None,None, , , , 
26342, ,0.943787827777538,1.9116440753857e-07,None,None,None,None, , , , 
26343, ,0.943787827777538,2.049074689815846e-07,None,None,None,None, , , , 
26344, ,0.943787827777538,2.1963853724165468e-07,None,None,None,None, , , , 
26345, ,0.943787827777538,2.3542864143224158e-07,None,None,None,None, , , , 
26346, ,0.943787827777538,2.523539170434766e-07,None,None,None,None, , , , 
26347, ,0.943787827777538,2.7049597304631316e-07,None,None,None,None, , , , 
26348, ,0.943787827777538,2.899422853882875e-07,None,None,None,None, , , , 
26349, ,0.943787827777538,3.107866187782014e-07,None,None,None,None, , , , 
26350, ,0.943787827777538,3.33129478793467e-07,None,None,None,None, , , , 
26351, ,0.943787827777538,3.5707859649004626e-07,None,None,None,None, , , , 
26352, ,0.943787827777538,3.827494478516307e-07,None,None,None,None, , , , 
26353, ,0.943787827777538,4.1026581058271904e-07,None,None,None,None, , , , 
26354, ,0.943787827777538,4.397603609302722e-07,None,None,None,None, , , , 
26355, ,0.943787827777538,4.7137531341167185e-07,None,None,None,None, , , , 
26356, ,0.943787827777538,5.052631065335679e-07,None,None,None,None, , , , 
26357, ,0.943787827777538,5.415871378079465e-07,None,None,None,None, , , , 
26358, ,0.943787827777538,5.805225516094896e-07,None,None,None,None, , , , 
26359, ,0.943787827777538,6.222570836730232e-07,None,None,None,None, , , , 
26360, ,0.943787827777538,6.669919663030115e-07,None,None,None,None, , , , 
26361, ,0.943787827777538,7.149428986597576e-07,None,None,None,None, , , , 
26362, ,0.943787827777538,7.663410868007445e-07,None,None,None,None, , , , 
26363, ,0.943787827777538,8.214343584919422e-07,None,None,None,None, , , , 
26364, ,0.943787827777538,8.804883581643463e-07,None,None,None,None, , , , 
26365, ,0.943787827777538,9.437878277775371e-07,None,None,None,None, , , , 
26366, ,0.943787827777538,1.0116379797662072e-06,None,None,None,None, , , , 
26367, ,0.943787827777538,1.0843659686896086e-06,None,None,None,None, , , , 
26368, ,0.943787827777538,1.1623224686798522e-06,None,None,None,None, , , , 
26369, ,0.943787827777538,1.2458833642950078e-06,None,None,None,None, , , , 
26370, ,0.943787827777538,1.3354515629298971e-06,None,None,None,None, , , , 
26371, ,0.943787827777538,1.4314589375234786e-06,None,None,None,None, , , , 
26372, ,0.943787827777538,1.53436840893001e-06,None,None,None,None, , , , 
26373, ,0.943787827777538,1.6446761779946631e-06,None,None,None,None, , , , 
26374, ,0.943787827777538,1.762914118095948e-06,None,None,None,None, , , , 
26375, ,0.943787827777538,1.8896523396912082e-06,None,None,None,None, , , , 
26376, ,0.943787827777538,2.0255019392306664e-06,None,None,None,None, , , , 
26377, ,0.943787827777538,2.171117945694501e-06,None,None,None,None, , , , 
26378, ,0.943787827777538,2.327202478960408e-06,None,None,None,None, , , , 
26379, ,0.943787827777538,2.494508135230317e-06,None,None,None,None, , , , 
26380, ,0.943787827777538,2.673841615839944e-06,None,None,None,None, , , , 
26381, ,0.943787827777538,2.8660676169482507e-06,None,None,None,None, , , , 
26382, ,0.943787827777538,3.0721129988617524e-06,None,None,None,None, , , , 
26383, ,0.943787827777538,3.292971255097148e-06,None,None,None,None, , , , 
26384, ,0.943787827777538,3.5297073027306505e-06,None,None,None,None, , , , 
26385, ,0.943787827777538,3.783462617131925e-06,None,None,None,None, , , , 
26386, ,0.943787827777538,4.0554607358408275e-06,None,None,None,None, , , , 
26387, ,0.943787827777538,4.3470131581250175e-06,None,None,None,None, , , , 
26388, ,0.943787827777538,4.6595256686646765e-06,None,None,None,None, , , , 
26389, ,0.943787827777538,4.99450511585514e-06,None,None,None,None, , , , 
26390, ,0.943787827777538,5.353566677410719e-06,None,None,None,None, , , , 
26391, ,0.943787827777538,5.738441648302393e-06,None,None,None,None, , , , 
26392, ,0.943787827777538,6.150985788580505e-06,None,None,None,None, , , , 
26393, ,0.943787827777538,6.593188271333541e-06,None,None,None,None, , , , 
26394, ,0.943787827777538,7.067181273927492e-06,None,None,None,None, , , , 
26395, ,0.943787827777538,7.575250258771904e-06,None,None,None,None, , , , 
26396, ,0.943787827777538,8.119844993184007e-06,None,None,None,None, , , , 
26397, ,0.943787827777538,8.703591361485167e-06,None,None,None,None, , , , 
26398, ,0.943787827777538,9.329304026284676e-06,None,None,None,None, , , , 
26399, ,0.943787827777538,1e-05,None,None,None,None, , , , 
26400, ,0.9771241535346497,1e-11,None,None,None,None, , , , 
26401, ,0.9771241535346497,1.0718913192051263e-11,None,None,None,None, , , , 
26402, ,0.9771241535346497,1.1489510001873107e-11,None,None,None,None, , , , 
26403, ,0.9771241535346497,1.2315506032928262e-11,None,None,None,None, , , , 
26404, ,0.9771241535346497,1.3200884008314167e-11,None,None,None,None, , , , 
26405, ,0.9771241535346497,1.4149912974345786e-11,None,None,None,None, , , , 
26406, ,0.9771241535346497,1.5167168884709242e-11,None,None,None,None, , , , 
26407, ,0.9771241535346497,1.6257556664437934e-11,None,None,None,None, , , , 
26408, ,0.9771241535346497,1.7426333860096473e-11,None,None,None,None, , , , 
26409, ,0.9771241535346497,1.8679135990207848e-11,None,None,None,None, , , , 
26410, ,0.9771241535346497,2.0022003718155844e-11,None,None,None,None, , , , 
26411, ,0.9771241535346497,2.1461411978584013e-11,None,None,None,None, , , , 
26412, ,0.9771241535346497,2.300430119772921e-11,None,None,None,None, , , , 
26413, ,0.9771241535346497,2.465811075822604e-11,None,None,None,None, , , , 
26414, ,0.9771241535346497,2.643081486974103e-11,None,None,None,None, , , , 
26415, ,0.9771241535346497,2.8330961018393178e-11,None,None,None,None, , , , 
26416, ,0.9771241535346497,3.036771118035461e-11,None,None,None,None, , , , 
26417, ,0.9771241535346497,3.255088599835057e-11,None,None,None,None, , , , 
26418, ,0.9771241535346497,3.4891012134067674e-11,None,None,None,None, , , , 
26419, ,0.9771241535346497,3.739937302478801e-11,None,None,None,None, , , , 
26420, ,0.9771241535346497,4.0088063288984646e-11,None,None,None,None, , , , 
26421, ,0.9771241535346497,4.297004704320835e-11,None,None,None,None, , , , 
26422, ,0.9771241535346497,4.605922041145113e-11,None,None,None,None, , , , 
26423, ,0.9771241535346497,4.937047852839004e-11,None,None,None,None, , , , 
26424, ,0.9771241535346497,5.2919787359584366e-11,None,None,None,None, , , , 
26425, ,0.9771241535346497,5.672426068491989e-11,None,None,None,None, , , , 
26426, ,0.9771241535346497,6.080224261649427e-11,None,None,None,None, , , , 
26427, ,0.9771241535346497,6.517339604882421e-11,None,None,None,None, , , , 
26428, ,0.9771241535346497,6.985879746785235e-11,None,None,None,None, , , , 
26429, ,0.9771241535346497,7.48810385759003e-11,None,None,None,None, , , , 
26430, ,0.9771241535346497,8.026433522257174e-11,None,None,None,None, , , , 
26431, ,0.9771241535346497,8.603464416684492e-11,None,None,None,None, , , , 
26432, ,0.9771241535346497,9.221978823334341e-11,None,None,None,None, , , , 
26433, ,0.9771241535346497,9.884959046625586e-11,None,None,None,None, , , , 
26434, ,0.9771241535346497,1.0595601792776149e-10,None,None,None,None, , , , 
26435, ,0.9771241535346497,1.1357333583431027e-10,None,None,None,None, , , , 
26436, ,0.9771241535346497,1.217382727739662e-10,None,None,None,None, , , , 
26437, ,0.9771241535346497,1.3049019780144016e-10,None,None,None,None, , , , 
26438, ,0.9771241535346497,1.398713102647236e-10,None,None,None,None, , , , 
26439, ,0.9771241535346497,1.4992684327860468e-10,None,None,None,None, , , , 
26440, ,0.9771241535346497,1.6070528182616384e-10,None,None,None,None, , , , 
26441, ,0.9771241535346497,1.722585965398784e-10,None,None,None,None, , , , 
26442, ,0.9771241535346497,1.8464249428955463e-10,None,None,None,None, , , , 
26443, ,0.9771241535346497,1.9791668678535569e-10,None,None,None,None, , , , 
26444, ,0.9771241535346497,2.121451784910628e-10,None,None,None,None, , , , 
26445, ,0.9771241535346497,2.273965752357932e-10,None,None,None,None, , , , 
26446, ,0.9771241535346497,2.4374441501222216e-10,None,None,None,None, , , , 
26447, ,0.9771241535346497,2.6126752255633265e-10,None,None,None,None, , , , 
26448, ,0.9771241535346497,2.8005038941836253e-10,None,None,None,None, , , , 
26449, ,0.9771241535346497,3.0018358135755917e-10,None,None,None,None, , , , 
26450, ,0.9771241535346497,3.2176417502507347e-10,None,None,None,None, , , , 
26451, ,0.9771241535346497,3.4489622604057533e-10,None,None,None,None, , , , 
26452, ,0.9771241535346497,3.696912707195032e-10,None,None,None,None, , , , 
26453, ,0.9771241535346497,3.9626886387014783e-10,None,None,None,None, , , , 
26454, ,0.9771241535346497,4.2475715525368935e-10,None,None,None,None, , , , 
26455, ,0.9771241535346497,4.552935074866938e-10,None,None,None,None, , , , 
26456, ,0.9771241535346497,4.880251583654433e-10,None,None,None,None, , , , 
26457, ,0.9771241535346497,5.231099308056258e-10,None,None,None,None, , , , 
26458, ,0.9771241535346497,5.60716993820547e-10,None,None,None,None, , , , 
26459, ,0.9771241535346497,6.010276782070387e-10,None,None,None,None, , , , 
26460, ,0.9771241535346497,6.442363508721371e-10,None,None,None,None, , , , 
26461, ,0.9771241535346497,6.905513520162316e-10,None,None,None,None, , , , 
26462, ,0.9771241535346497,7.401959996915653e-10,None,None,None,None, , , , 
26463, ,0.9771241535346497,7.934096665797492e-10,None,None,None,None, , , , 
26464, ,0.9771241535346497,8.504489341802668e-10,None,None,None,None, , , , 
26465, ,0.9771241535346497,9.115888299750837e-10,None,None,None,None, , , , 
26466, ,0.9771241535346497,9.771241535346502e-10,None,None,None,None, , , , 
26467, ,0.9771241535346497,1.0473708979594486e-09,None,None,None,None, , , , 
26468, ,0.9771241535346497,1.1226677735108114e-09,None,None,None,None, , , , 
26469, ,0.9771241535346497,1.2033778407775904e-09,None,None,None,None, , , , 
26470, ,0.9771241535346497,1.289890261253308e-09,None,None,None,None, , , , 
26471, ,0.9771241535346497,1.3826221737646535e-09,None,None,None,None, , , , 
26472, ,0.9771241535346497,1.4820207057988602e-09,None,None,None,None, , , , 
26473, ,0.9771241535346497,1.5885651294280526e-09,None,None,None,None, , , , 
26474, ,0.9771241535346497,1.702769172225898e-09,None,None,None,None, , , , 
26475, ,0.9771241535346497,1.825183494319039e-09,None,None,None,None, , , , 
26476, ,0.9771241535346497,1.956398343517065e-09,None,None,None,None, , , , 
26477, ,0.9771241535346497,2.0970464013232305e-09,None,None,None,None, , , , 
26478, ,0.9771241535346497,2.2478058335487307e-09,None,None,None,None, , , , 
26479, ,0.9771241535346497,2.409403560239527e-09,None,None,None,None, , , , 
26480, ,0.9771241535346497,2.582618760682675e-09,None,None,None,None, , , , 
26481, ,0.9771241535346497,2.768286630392061e-09,None,None,None,None, , , , 
26482, ,0.9771241535346497,2.9673024081888724e-09,None,None,None,None, , , , 
26483, ,0.9771241535346497,3.180625692794119e-09,None,None,None,None, , , , 
26484, ,0.9771241535346497,3.409285069746807e-09,None,None,None,None, , , , 
26485, ,0.9771241535346497,3.654383070957262e-09,None,None,None,None, , , , 
26486, ,0.9771241535346497,3.917101490809261e-09,None,None,None,None, , , , 
26487, ,0.9771241535346497,4.198707084443906e-09,None,None,None,None, , , , 
26488, ,0.9771241535346497,4.500557675700488e-09,None,None,None,None, , , , 
26489, ,0.9771241535346497,4.824108704165374e-09,None,None,None,None, , , , 
26490, ,0.9771241535346497,5.170920242896755e-09,None,None,None,None, , , , 
26491, ,0.9771241535346497,5.542664520663096e-09,None,None,None,None, , , , 
26492, ,0.9771241535346497,5.941133984965041e-09,None,None,None,None, , , , 
26493, ,0.9771241535346497,6.3682499447185856e-09,None,None,None,None, , , , 
26494, ,0.9771241535346497,6.826071834272379e-09,None,None,None,None, , , , 
26495, ,0.9771241535346497,7.316807143427175e-09,None,None,None,None, , , , 
26496, ,0.9771241535346497,7.842822061337681e-09,None,None,None,None, , , , 
26497, ,0.9771241535346497,8.406652885618316e-09,None,None,None,None, , , , 
26498, ,0.9771241535346497,9.011018251665036e-09,None,None,None,None, , , , 
26499, ,0.9771241535346497,9.658832241158707e-09,None,None,None,None, , , , 
26500, ,0.9771241535346497,1.0353218432956616e-08,None,None,None,None, , , , 
26501, ,0.9771241535346497,1.1097524964120722e-08,None,None,None,None, , , , 
26502, ,0.9771241535346497,1.1895340673703208e-08,None,None,None,None, , , , 
26503, ,0.9771241535346497,1.2750512407130128e-08,None,None,None,None, , , , 
26504, ,0.9771241535346497,1.3667163564620044e-08,None,None,None,None, , , , 
26505, ,0.9771241535346497,1.4649713983072853e-08,None,None,None,None, , , , 
26506, ,0.9771241535346497,1.5702901247293774e-08,None,None,None,None, , , , 
26507, ,0.9771241535346497,1.683180353330955e-08,None,None,None,None, , , , 
26508, ,0.9771241535346497,1.8041864093920717e-08,None,None,None,None, , , , 
26509, ,0.9771241535346497,1.933891750455232e-08,None,None,None,None, , , , 
26510, ,0.9771241535346497,2.0729217795953697e-08,None,None,None,None, , , , 
26511, ,0.9771241535346497,2.221946860939524e-08,None,None,None,None, , , , 
26512, ,0.9771241535346497,2.3816855519761606e-08,None,None,None,None, , , , 
26513, ,0.9771241535346497,2.552908068239516e-08,None,None,None,None, , , , 
26514, ,0.9771241535346497,2.7364399970746666e-08,None,None,None,None, , , , 
26515, ,0.9771241535346497,2.933166278390042e-08,None,None,None,None, , , , 
26516, ,0.9771241535346497,3.1440354715915e-08,None,None,None,None, , , , 
26517, ,0.9771241535346497,3.370064329271925e-08,None,None,None,None, , , , 
26518, ,0.9771241535346497,3.612342699709431e-08,None,None,None,None, , , , 
26519, ,0.9771241535346497,3.872038781812557e-08,None,None,None,None, , , , 
26520, ,0.9771241535346497,4.1504047578504727e-08,None,None,None,None, , , , 
26521, ,0.9771241535346497,4.448782831127585e-08,None,None,None,None, , , , 
26522, ,0.9771241535346497,4.768611697714474e-08,None,None,None,None, , , , 
26523, ,0.9771241535346497,5.111433483440165e-08,None,None,None,None, , , , 
26524, ,0.9771241535346497,5.478901179593934e-08,None,None,None,None, , , , 
26525, ,0.9771241535346497,5.872786613189478e-08,None,None,None,None, , , , 
26526, ,0.9771241535346497,6.294988990221888e-08,None,None,None,None, , , , 
26527, ,0.9771241535346497,6.747544053110687e-08,None,None,None,None, , , , 
26528, ,0.9771241535346497,7.232633896483534e-08,None,None,None,None, , , , 
26529, ,0.9771241535346497,7.752597488629465e-08,None,None,None,None, , , , 
26530, ,0.9771241535346497,8.309941949353386e-08,None,None,None,None, , , , 
26531, ,0.9771241535346497,8.907354638610439e-08,None,None,None,None, , , , 
26532, ,0.9771241535346497,9.547716114208066e-08,None,None,None,None, , , , 
26533, ,0.9771241535346497,1.0234114021054528e-07,None,None,None,None, , , , 
26534, ,0.9771241535346497,1.0969857978923841e-07,None,None,None,None, , , , 
26535, ,0.9771241535346497,1.1758495540521555e-07,None,None,None,None, , , , 
26536, ,0.9771241535346497,1.2603829296797277e-07,None,None,None,None, , , , 
26537, ,0.9771241535346497,1.350993521198025e-07,None,None,None,None, , , , 
26538, ,0.9771241535346497,1.4481182276745328e-07,None,None,None,None, , , , 
26539, ,0.9771241535346497,1.552225357427048e-07,None,None,None,None, , , , 
26540, ,0.9771241535346497,1.6638168860761273e-07,None,None,None,None, , , , 
26541, ,0.9771241535346497,1.7834308769319093e-07,None,None,None,None, , , , 
26542, ,0.9771241535346497,1.9116440753857e-07,None,None,None,None, , , , 
26543, ,0.9771241535346497,2.049074689815846e-07,None,None,None,None, , , , 
26544, ,0.9771241535346497,2.1963853724165468e-07,None,None,None,None, , , , 
26545, ,0.9771241535346497,2.3542864143224158e-07,None,None,None,None, , , , 
26546, ,0.9771241535346497,2.523539170434766e-07,None,None,None,None, , , , 
26547, ,0.9771241535346497,2.7049597304631316e-07,None,None,None,None, , , , 
26548, ,0.9771241535346497,2.899422853882875e-07,None,None,None,None, , , , 
26549, ,0.9771241535346497,3.107866187782014e-07,None,None,None,None, , , , 
26550, ,0.9771241535346497,3.33129478793467e-07,None,None,None,None, , , , 
26551, ,0.9771241535346497,3.5707859649004626e-07,None,None,None,None, , , , 
26552, ,0.9771241535346497,3.827494478516307e-07,None,None,None,None, , , , 
26553, ,0.9771241535346497,4.1026581058271904e-07,None,None,None,None, , , , 
26554, ,0.9771241535346497,4.397603609302722e-07,None,None,None,None, , , , 
26555, ,0.9771241535346497,4.7137531341167185e-07,None,None,None,None, , , , 
26556, ,0.9771241535346497,5.052631065335679e-07,None,None,None,None, , , , 
26557, ,0.9771241535346497,5.415871378079465e-07,None,None,None,None, , , , 
26558, ,0.9771241535346497,5.805225516094896e-07,None,None,None,None, , , , 
26559, ,0.9771241535346497,6.222570836730232e-07,None,None,None,None, , , , 
26560, ,0.9771241535346497,6.669919663030115e-07,None,None,None,None, , , , 
26561, ,0.9771241535346497,7.149428986597576e-07,None,None,None,None, , , , 
26562, ,0.9771241535346497,7.663410868007445e-07,None,None,None,None, , , , 
26563, ,0.9771241535346497,8.214343584919422e-07,None,None,None,None, , , , 
26564, ,0.9771241535346497,8.804883581643463e-07,None,None,None,None, , , , 
26565, ,0.9771241535346497,9.437878277775371e-07,None,None,None,None, , , , 
26566, ,0.9771241535346497,1.0116379797662072e-06,None,None,None,None, , , , 
26567, ,0.9771241535346497,1.0843659686896086e-06,None,None,None,None, , , , 
26568, ,0.9771241535346497,1.1623224686798522e-06,None,None,None,None, , , , 
26569, ,0.9771241535346497,1.2458833642950078e-06,None,None,None,None, , , , 
26570, ,0.9771241535346497,1.3354515629298971e-06,None,None,None,None, , , , 
26571, ,0.9771241535346497,1.4314589375234786e-06,None,None,None,None, , , , 
26572, ,0.9771241535346497,1.53436840893001e-06,None,None,None,None, , , , 
26573, ,0.9771241535346497,1.6446761779946631e-06,None,None,None,None, , , , 
26574, ,0.9771241535346497,1.762914118095948e-06,None,None,None,None, , , , 
26575, ,0.9771241535346497,1.8896523396912082e-06,None,None,None,None, , , , 
26576, ,0.9771241535346497,2.0255019392306664e-06,None,None,None,None, , , , 
26577, ,0.9771241535346497,2.171117945694501e-06,None,None,None,None, , , , 
26578, ,0.9771241535346497,2.327202478960408e-06,None,None,None,None, , , , 
26579, ,0.9771241535346497,2.494508135230317e-06,None,None,None,None, , , , 
26580, ,0.9771241535346497,2.673841615839944e-06,None,None,None,None, , , , 
26581, ,0.9771241535346497,2.8660676169482507e-06,None,None,None,None, , , , 
26582, ,0.9771241535346497,3.0721129988617524e-06,None,None,None,None, , , , 
26583, ,0.9771241535346497,3.292971255097148e-06,None,None,None,None, , , , 
26584, ,0.9771241535346497,3.5297073027306505e-06,None,None,None,None, , , , 
26585, ,0.9771241535346497,3.783462617131925e-06,None,None,None,None, , , , 
26586, ,0.9771241535346497,4.0554607358408275e-06,None,None,None,None, , , , 
26587, ,0.9771241535346497,4.3470131581250175e-06,None,None,None,None, , , , 
26588, ,0.9771241535346497,4.6595256686646765e-06,None,None,None,None, , , , 
26589, ,0.9771241535346497,4.99450511585514e-06,None,None,None,None, , , , 
26590, ,0.9771241535346497,5.353566677410719e-06,None,None,None,None, , , , 
26591, ,0.9771241535346497,5.738441648302393e-06,None,None,None,None, , , , 
26592, ,0.9771241535346497,6.150985788580505e-06,None,None,None,None, , , , 
26593, ,0.9771241535346497,6.593188271333541e-06,None,None,None,None, , , , 
26594, ,0.9771241535346497,7.067181273927492e-06,None,None,None,None, , , , 
26595, ,0.9771241535346497,7.575250258771904e-06,None,None,None,None, , , , 
26596, ,0.9771241535346497,8.119844993184007e-06,None,None,None,None, , , , 
26597, ,0.9771241535346497,8.703591361485167e-06,None,None,None,None, , , , 
26598, ,0.9771241535346497,9.329304026284676e-06,None,None,None,None, , , , 
26599, ,0.9771241535346497,1e-05,None,None,None,None, , , , 
26600, ,1.011637979766207,1e-11,None,None,None,None, , , , 
26601, ,1.011637979766207,1.0718913192051263e-11,None,None,None,None, , , , 
26602, ,1.011637979766207,1.1489510001873107e-11,None,None,None,None, , , , 
26603, ,1.011637979766207,1.2315506032928262e-11,None,None,None,None, , , , 
26604, ,1.011637979766207,1.3200884008314167e-11,None,None,None,None, , , , 
26605, ,1.011637979766207,1.4149912974345786e-11,None,None,None,None, , , , 
26606, ,1.011637979766207,1.5167168884709242e-11,None,None,None,None, , , , 
26607, ,1.011637979766207,1.6257556664437934e-11,None,None,None,None, , , , 
26608, ,1.011637979766207,1.7426333860096473e-11,None,None,None,None, , , , 
26609, ,1.011637979766207,1.8679135990207848e-11,None,None,None,None, , , , 
26610, ,1.011637979766207,2.0022003718155844e-11,None,None,None,None, , , , 
26611, ,1.011637979766207,2.1461411978584013e-11,None,None,None,None, , , , 
26612, ,1.011637979766207,2.300430119772921e-11,None,None,None,None, , , , 
26613, ,1.011637979766207,2.465811075822604e-11,None,None,None,None, , , , 
26614, ,1.011637979766207,2.643081486974103e-11,None,None,None,None, , , , 
26615, ,1.011637979766207,2.8330961018393178e-11,None,None,None,None, , , , 
26616, ,1.011637979766207,3.036771118035461e-11,None,None,None,None, , , , 
26617, ,1.011637979766207,3.255088599835057e-11,None,None,None,None, , , , 
26618, ,1.011637979766207,3.4891012134067674e-11,None,None,None,None, , , , 
26619, ,1.011637979766207,3.739937302478801e-11,None,None,None,None, , , , 
26620, ,1.011637979766207,4.0088063288984646e-11,None,None,None,None, , , , 
26621, ,1.011637979766207,4.297004704320835e-11,None,None,None,None, , , , 
26622, ,1.011637979766207,4.605922041145113e-11,None,None,None,None, , , , 
26623, ,1.011637979766207,4.937047852839004e-11,None,None,None,None, , , , 
26624, ,1.011637979766207,5.2919787359584366e-11,None,None,None,None, , , , 
26625, ,1.011637979766207,5.672426068491989e-11,None,None,None,None, , , , 
26626, ,1.011637979766207,6.080224261649427e-11,None,None,None,None, , , , 
26627, ,1.011637979766207,6.517339604882421e-11,None,None,None,None, , , , 
26628, ,1.011637979766207,6.985879746785235e-11,None,None,None,None, , , , 
26629, ,1.011637979766207,7.48810385759003e-11,None,None,None,None, , , , 
26630, ,1.011637979766207,8.026433522257174e-11,None,None,None,None, , , , 
26631, ,1.011637979766207,8.603464416684492e-11,None,None,None,None, , , , 
26632, ,1.011637979766207,9.221978823334341e-11,None,None,None,None, , , , 
26633, ,1.011637979766207,9.884959046625586e-11,None,None,None,None, , , , 
26634, ,1.011637979766207,1.0595601792776149e-10,None,None,None,None, , , , 
26635, ,1.011637979766207,1.1357333583431027e-10,None,None,None,None, , , , 
26636, ,1.011637979766207,1.217382727739662e-10,None,None,None,None, , , , 
26637, ,1.011637979766207,1.3049019780144016e-10,None,None,None,None, , , , 
26638, ,1.011637979766207,1.398713102647236e-10,None,None,None,None, , , , 
26639, ,1.011637979766207,1.4992684327860468e-10,None,None,None,None, , , , 
26640, ,1.011637979766207,1.6070528182616384e-10,None,None,None,None, , , , 
26641, ,1.011637979766207,1.722585965398784e-10,None,None,None,None, , , , 
26642, ,1.011637979766207,1.8464249428955463e-10,None,None,None,None, , , , 
26643, ,1.011637979766207,1.9791668678535569e-10,None,None,None,None, , , , 
26644, ,1.011637979766207,2.121451784910628e-10,None,None,None,None, , , , 
26645, ,1.011637979766207,2.273965752357932e-10,None,None,None,None, , , , 
26646, ,1.011637979766207,2.4374441501222216e-10,None,None,None,None, , , , 
26647, ,1.011637979766207,2.6126752255633265e-10,None,None,None,None, , , , 
26648, ,1.011637979766207,2.8005038941836253e-10,None,None,None,None, , , , 
26649, ,1.011637979766207,3.0018358135755917e-10,None,None,None,None, , , , 
26650, ,1.011637979766207,3.2176417502507347e-10,None,None,None,None, , , , 
26651, ,1.011637979766207,3.4489622604057533e-10,None,None,None,None, , , , 
26652, ,1.011637979766207,3.696912707195032e-10,None,None,None,None, , , , 
26653, ,1.011637979766207,3.9626886387014783e-10,None,None,None,None, , , , 
26654, ,1.011637979766207,4.2475715525368935e-10,None,None,None,None, , , , 
26655, ,1.011637979766207,4.552935074866938e-10,None,None,None,None, , , , 
26656, ,1.011637979766207,4.880251583654433e-10,None,None,None,None, , , , 
26657, ,1.011637979766207,5.231099308056258e-10,None,None,None,None, , , , 
26658, ,1.011637979766207,5.60716993820547e-10,None,None,None,None, , , , 
26659, ,1.011637979766207,6.010276782070387e-10,None,None,None,None, , , , 
26660, ,1.011637979766207,6.442363508721371e-10,None,None,None,None, , , , 
26661, ,1.011637979766207,6.905513520162316e-10,None,None,None,None, , , , 
26662, ,1.011637979766207,7.401959996915653e-10,None,None,None,None, , , , 
26663, ,1.011637979766207,7.934096665797492e-10,None,None,None,None, , , , 
26664, ,1.011637979766207,8.504489341802668e-10,None,None,None,None, , , , 
26665, ,1.011637979766207,9.115888299750837e-10,None,None,None,None, , , , 
26666, ,1.011637979766207,9.771241535346502e-10,None,None,None,None, , , , 
26667, ,1.011637979766207,1.0473708979594486e-09,None,None,None,None, , , , 
26668, ,1.011637979766207,1.1226677735108114e-09,None,None,None,None, , , , 
26669, ,1.011637979766207,1.2033778407775904e-09,None,None,None,None, , , , 
26670, ,1.011637979766207,1.289890261253308e-09,None,None,None,None, , , , 
26671, ,1.011637979766207,1.3826221737646535e-09,None,None,None,None, , , , 
26672, ,1.011637979766207,1.4820207057988602e-09,None,None,None,None, , , , 
26673, ,1.011637979766207,1.5885651294280526e-09,None,None,None,None, , , , 
26674, ,1.011637979766207,1.702769172225898e-09,None,None,None,None, , , , 
26675, ,1.011637979766207,1.825183494319039e-09,None,None,None,None, , , , 
26676, ,1.011637979766207,1.956398343517065e-09,None,None,None,None, , , , 
26677, ,1.011637979766207,2.0970464013232305e-09,None,None,None,None, , , , 
26678, ,1.011637979766207,2.2478058335487307e-09,None,None,None,None, , , , 
26679, ,1.011637979766207,2.409403560239527e-09,None,None,None,None, , , , 
26680, ,1.011637979766207,2.582618760682675e-09,None,None,None,None, , , , 
26681, ,1.011637979766207,2.768286630392061e-09,None,None,None,None, , , , 
26682, ,1.011637979766207,2.9673024081888724e-09,None,None,None,None, , , , 
26683, ,1.011637979766207,3.180625692794119e-09,None,None,None,None, , , , 
26684, ,1.011637979766207,3.409285069746807e-09,None,None,None,None, , , , 
26685, ,1.011637979766207,3.654383070957262e-09,None,None,None,None, , , , 
26686, ,1.011637979766207,3.917101490809261e-09,None,None,None,None, , , , 
26687, ,1.011637979766207,4.198707084443906e-09,None,None,None,None, , , , 
26688, ,1.011637979766207,4.500557675700488e-09,None,None,None,None, , , , 
26689, ,1.011637979766207,4.824108704165374e-09,None,None,None,None, , , , 
26690, ,1.011637979766207,5.170920242896755e-09,None,None,None,None, , , , 
26691, ,1.011637979766207,5.542664520663096e-09,None,None,None,None, , , , 
26692, ,1.011637979766207,5.941133984965041e-09,None,None,None,None, , , , 
26693, ,1.011637979766207,6.3682499447185856e-09,None,None,None,None, , , , 
26694, ,1.011637979766207,6.826071834272379e-09,None,None,None,None, , , , 
26695, ,1.011637979766207,7.316807143427175e-09,None,None,None,None, , , , 
26696, ,1.011637979766207,7.842822061337681e-09,None,None,None,None, , , , 
26697, ,1.011637979766207,8.406652885618316e-09,None,None,None,None, , , , 
26698, ,1.011637979766207,9.011018251665036e-09,None,None,None,None, , , , 
26699, ,1.011637979766207,9.658832241158707e-09,None,None,None,None, , , , 
26700, ,1.011637979766207,1.0353218432956616e-08,None,None,None,None, , , , 
26701, ,1.011637979766207,1.1097524964120722e-08,None,None,None,None, , , , 
26702, ,1.011637979766207,1.1895340673703208e-08,None,None,None,None, , , , 
26703, ,1.011637979766207,1.2750512407130128e-08,None,None,None,None, , , , 
26704, ,1.011637979766207,1.3667163564620044e-08,None,None,None,None, , , , 
26705, ,1.011637979766207,1.4649713983072853e-08,None,None,None,None, , , , 
26706, ,1.011637979766207,1.5702901247293774e-08,None,None,None,None, , , , 
26707, ,1.011637979766207,1.683180353330955e-08,None,None,None,None, , , , 
26708, ,1.011637979766207,1.8041864093920717e-08,None,None,None,None, , , , 
26709, ,1.011637979766207,1.933891750455232e-08,None,None,None,None, , , , 
26710, ,1.011637979766207,2.0729217795953697e-08,None,None,None,None, , , , 
26711, ,1.011637979766207,2.221946860939524e-08,None,None,None,None, , , , 
26712, ,1.011637979766207,2.3816855519761606e-08,None,None,None,None, , , , 
26713, ,1.011637979766207,2.552908068239516e-08,None,None,None,None, , , , 
26714, ,1.011637979766207,2.7364399970746666e-08,None,None,None,None, , , , 
26715, ,1.011637979766207,2.933166278390042e-08,None,None,None,None, , , , 
26716, ,1.011637979766207,3.1440354715915e-08,None,None,None,None, , , , 
26717, ,1.011637979766207,3.370064329271925e-08,None,None,None,None, , , , 
26718, ,1.011637979766207,3.612342699709431e-08,None,None,None,None, , , , 
26719, ,1.011637979766207,3.872038781812557e-08,None,None,None,None, , , , 
26720, ,1.011637979766207,4.1504047578504727e-08,None,None,None,None, , , , 
26721, ,1.011637979766207,4.448782831127585e-08,None,None,None,None, , , , 
26722, ,1.011637979766207,4.768611697714474e-08,None,None,None,None, , , , 
26723, ,1.011637979766207,5.111433483440165e-08,None,None,None,None, , , , 
26724, ,1.011637979766207,5.478901179593934e-08,None,None,None,None, , , , 
26725, ,1.011637979766207,5.872786613189478e-08,None,None,None,None, , , , 
26726, ,1.011637979766207,6.294988990221888e-08,None,None,None,None, , , , 
26727, ,1.011637979766207,6.747544053110687e-08,None,None,None,None, , , , 
26728, ,1.011637979766207,7.232633896483534e-08,None,None,None,None, , , , 
26729, ,1.011637979766207,7.752597488629465e-08,None,None,None,None, , , , 
26730, ,1.011637979766207,8.309941949353386e-08,None,None,None,None, , , , 
26731, ,1.011637979766207,8.907354638610439e-08,None,None,None,None, , , , 
26732, ,1.011637979766207,9.547716114208066e-08,None,None,None,None, , , , 
26733, ,1.011637979766207,1.0234114021054528e-07,None,None,None,None, , , , 
26734, ,1.011637979766207,1.0969857978923841e-07,None,None,None,None, , , , 
26735, ,1.011637979766207,1.1758495540521555e-07,None,None,None,None, , , , 
26736, ,1.011637979766207,1.2603829296797277e-07,None,None,None,None, , , , 
26737, ,1.011637979766207,1.350993521198025e-07,None,None,None,None, , , , 
26738, ,1.011637979766207,1.4481182276745328e-07,None,None,None,None, , , , 
26739, ,1.011637979766207,1.552225357427048e-07,None,None,None,None, , , , 
26740, ,1.011637979766207,1.6638168860761273e-07,None,None,None,None, , , , 
26741, ,1.011637979766207,1.7834308769319093e-07,None,None,None,None, , , , 
26742, ,1.011637979766207,1.9116440753857e-07,None,None,None,None, , , , 
26743, ,1.011637979766207,2.049074689815846e-07,None,None,None,None, , , , 
26744, ,1.011637979766207,2.1963853724165468e-07,None,None,None,None, , , , 
26745, ,1.011637979766207,2.3542864143224158e-07,None,None,None,None, , , , 
26746, ,1.011637979766207,2.523539170434766e-07,None,None,None,None, , , , 
26747, ,1.011637979766207,2.7049597304631316e-07,None,None,None,None, , , , 
26748, ,1.011637979766207,2.899422853882875e-07,None,None,None,None, , , , 
26749, ,1.011637979766207,3.107866187782014e-07,None,None,None,None, , , , 
26750, ,1.011637979766207,3.33129478793467e-07,None,None,None,None, , , , 
26751, ,1.011637979766207,3.5707859649004626e-07,None,None,None,None, , , , 
26752, ,1.011637979766207,3.827494478516307e-07,None,None,None,None, , , , 
26753, ,1.011637979766207,4.1026581058271904e-07,None,None,None,None, , , , 
26754, ,1.011637979766207,4.397603609302722e-07,None,None,None,None, , , , 
26755, ,1.011637979766207,4.7137531341167185e-07,None,None,None,None, , , , 
26756, ,1.011637979766207,5.052631065335679e-07,None,None,None,None, , , , 
26757, ,1.011637979766207,5.415871378079465e-07,None,None,None,None, , , , 
26758, ,1.011637979766207,5.805225516094896e-07,None,None,None,None, , , , 
26759, ,1.011637979766207,6.222570836730232e-07,None,None,None,None, , , , 
26760, ,1.011637979766207,6.669919663030115e-07,None,None,None,None, , , , 
26761, ,1.011637979766207,7.149428986597576e-07,None,None,None,None, , , , 
26762, ,1.011637979766207,7.663410868007445e-07,None,None,None,None, , , , 
26763, ,1.011637979766207,8.214343584919422e-07,None,None,None,None, , , , 
26764, ,1.011637979766207,8.804883581643463e-07,None,None,None,None, , , , 
26765, ,1.011637979766207,9.437878277775371e-07,None,None,None,None, , , , 
26766, ,1.011637979766207,1.0116379797662072e-06,None,None,None,None, , , , 
26767, ,1.011637979766207,1.0843659686896086e-06,None,None,None,None, , , , 
26768, ,1.011637979766207,1.1623224686798522e-06,None,None,None,None, , , , 
26769, ,1.011637979766207,1.2458833642950078e-06,None,None,None,None, , , , 
26770, ,1.011637979766207,1.3354515629298971e-06,None,None,None,None, , , , 
26771, ,1.011637979766207,1.4314589375234786e-06,None,None,None,None, , , , 
26772, ,1.011637979766207,1.53436840893001e-06,None,None,None,None, , , , 
26773, ,1.011637979766207,1.6446761779946631e-06,None,None,None,None, , , , 
26774, ,1.011637979766207,1.762914118095948e-06,None,None,None,None, , , , 
26775, ,1.011637979766207,1.8896523396912082e-06,None,None,None,None, , , , 
26776, ,1.011637979766207,2.0255019392306664e-06,None,None,None,None, , , , 
26777, ,1.011637979766207,2.171117945694501e-06,None,None,None,None, , , , 
26778, ,1.011637979766207,2.327202478960408e-06,None,None,None,None, , , , 
26779, ,1.011637979766207,2.494508135230317e-06,None,None,None,None, , , , 
26780, ,1.011637979766207,2.673841615839944e-06,None,None,None,None, , , , 
26781, ,1.011637979766207,2.8660676169482507e-06,None,None,None,None, , , , 
26782, ,1.011637979766207,3.0721129988617524e-06,None,None,None,None, , , , 
26783, ,1.011637979766207,3.292971255097148e-06,None,None,None,None, , , , 
26784, ,1.011637979766207,3.5297073027306505e-06,None,None,None,None, , , , 
26785, ,1.011637979766207,3.783462617131925e-06,None,None,None,None, , , , 
26786, ,1.011637979766207,4.0554607358408275e-06,None,None,None,None, , , , 
26787, ,1.011637979766207,4.3470131581250175e-06,None,None,None,None, , , , 
26788, ,1.011637979766207,4.6595256686646765e-06,None,None,None,None, , , , 
26789, ,1.011637979766207,4.99450511585514e-06,None,None,None,None, , , , 
26790, ,1.011637979766207,5.353566677410719e-06,None,None,None,None, , , , 
26791, ,1.011637979766207,5.738441648302393e-06,None,None,None,None, , , , 
26792, ,1.011637979766207,6.150985788580505e-06,None,None,None,None, , , , 
26793, ,1.011637979766207,6.593188271333541e-06,None,None,None,None, , , , 
26794, ,1.011637979766207,7.067181273927492e-06,None,None,None,None, , , , 
26795, ,1.011637979766207,7.575250258771904e-06,None,None,None,None, , , , 
26796, ,1.011637979766207,8.119844993184007e-06,None,None,None,None, , , , 
26797, ,1.011637979766207,8.703591361485167e-06,None,None,None,None, , , , 
26798, ,1.011637979766207,9.329304026284676e-06,None,None,None,None, , , , 
26799, ,1.011637979766207,1e-05,None,None,None,None, , , , 
26800, ,1.0473708979594498,1e-11,None,None,None,None, , , , 
26801, ,1.0473708979594498,1.0718913192051263e-11,None,None,None,None, , , , 
26802, ,1.0473708979594498,1.1489510001873107e-11,None,None,None,None, , , , 
26803, ,1.0473708979594498,1.2315506032928262e-11,None,None,None,None, , , , 
26804, ,1.0473708979594498,1.3200884008314167e-11,None,None,None,None, , , , 
26805, ,1.0473708979594498,1.4149912974345786e-11,None,None,None,None, , , , 
26806, ,1.0473708979594498,1.5167168884709242e-11,None,None,None,None, , , , 
26807, ,1.0473708979594498,1.6257556664437934e-11,None,None,None,None, , , , 
26808, ,1.0473708979594498,1.7426333860096473e-11,None,None,None,None, , , , 
26809, ,1.0473708979594498,1.8679135990207848e-11,None,None,None,None, , , , 
26810, ,1.0473708979594498,2.0022003718155844e-11,None,None,None,None, , , , 
26811, ,1.0473708979594498,2.1461411978584013e-11,None,None,None,None, , , , 
26812, ,1.0473708979594498,2.300430119772921e-11,None,None,None,None, , , , 
26813, ,1.0473708979594498,2.465811075822604e-11,None,None,None,None, , , , 
26814, ,1.0473708979594498,2.643081486974103e-11,None,None,None,None, , , , 
26815, ,1.0473708979594498,2.8330961018393178e-11,None,None,None,None, , , , 
26816, ,1.0473708979594498,3.036771118035461e-11,None,None,None,None, , , , 
26817, ,1.0473708979594498,3.255088599835057e-11,None,None,None,None, , , , 
26818, ,1.0473708979594498,3.4891012134067674e-11,None,None,None,None, , , , 
26819, ,1.0473708979594498,3.739937302478801e-11,None,None,None,None, , , , 
26820, ,1.0473708979594498,4.0088063288984646e-11,None,None,None,None, , , , 
26821, ,1.0473708979594498,4.297004704320835e-11,None,None,None,None, , , , 
26822, ,1.0473708979594498,4.605922041145113e-11,None,None,None,None, , , , 
26823, ,1.0473708979594498,4.937047852839004e-11,None,None,None,None, , , , 
26824, ,1.0473708979594498,5.2919787359584366e-11,None,None,None,None, , , , 
26825, ,1.0473708979594498,5.672426068491989e-11,None,None,None,None, , , , 
26826, ,1.0473708979594498,6.080224261649427e-11,None,None,None,None, , , , 
26827, ,1.0473708979594498,6.517339604882421e-11,None,None,None,None, , , , 
26828, ,1.0473708979594498,6.985879746785235e-11,None,None,None,None, , , , 
26829, ,1.0473708979594498,7.48810385759003e-11,None,None,None,None, , , , 
26830, ,1.0473708979594498,8.026433522257174e-11,None,None,None,None, , , , 
26831, ,1.0473708979594498,8.603464416684492e-11,None,None,None,None, , , , 
26832, ,1.0473708979594498,9.221978823334341e-11,None,None,None,None, , , , 
26833, ,1.0473708979594498,9.884959046625586e-11,None,None,None,None, , , , 
26834, ,1.0473708979594498,1.0595601792776149e-10,None,None,None,None, , , , 
26835, ,1.0473708979594498,1.1357333583431027e-10,None,None,None,None, , , , 
26836, ,1.0473708979594498,1.217382727739662e-10,None,None,None,None, , , , 
26837, ,1.0473708979594498,1.3049019780144016e-10,None,None,None,None, , , , 
26838, ,1.0473708979594498,1.398713102647236e-10,None,None,None,None, , , , 
26839, ,1.0473708979594498,1.4992684327860468e-10,None,None,None,None, , , , 
26840, ,1.0473708979594498,1.6070528182616384e-10,None,None,None,None, , , , 
26841, ,1.0473708979594498,1.722585965398784e-10,None,None,None,None, , , , 
26842, ,1.0473708979594498,1.8464249428955463e-10,None,None,None,None, , , , 
26843, ,1.0473708979594498,1.9791668678535569e-10,None,None,None,None, , , , 
26844, ,1.0473708979594498,2.121451784910628e-10,None,None,None,None, , , , 
26845, ,1.0473708979594498,2.273965752357932e-10,None,None,None,None, , , , 
26846, ,1.0473708979594498,2.4374441501222216e-10,None,None,None,None, , , , 
26847, ,1.0473708979594498,2.6126752255633265e-10,None,None,None,None, , , , 
26848, ,1.0473708979594498,2.8005038941836253e-10,None,None,None,None, , , , 
26849, ,1.0473708979594498,3.0018358135755917e-10,None,None,None,None, , , , 
26850, ,1.0473708979594498,3.2176417502507347e-10,None,None,None,None, , , , 
26851, ,1.0473708979594498,3.4489622604057533e-10,None,None,None,None, , , , 
26852, ,1.0473708979594498,3.696912707195032e-10,None,None,None,None, , , , 
26853, ,1.0473708979594498,3.9626886387014783e-10,None,None,None,None, , , , 
26854, ,1.0473708979594498,4.2475715525368935e-10,None,None,None,None, , , , 
26855, ,1.0473708979594498,4.552935074866938e-10,None,None,None,None, , , , 
26856, ,1.0473708979594498,4.880251583654433e-10,None,None,None,None, , , , 
26857, ,1.0473708979594498,5.231099308056258e-10,None,None,None,None, , , , 
26858, ,1.0473708979594498,5.60716993820547e-10,None,None,None,None, , , , 
26859, ,1.0473708979594498,6.010276782070387e-10,None,None,None,None, , , , 
26860, ,1.0473708979594498,6.442363508721371e-10,None,None,None,None, , , , 
26861, ,1.0473708979594498,6.905513520162316e-10,None,None,None,None, , , , 
26862, ,1.0473708979594498,7.401959996915653e-10,None,None,None,None, , , , 
26863, ,1.0473708979594498,7.934096665797492e-10,None,None,None,None, , , , 
26864, ,1.0473708979594498,8.504489341802668e-10,None,None,None,None, , , , 
26865, ,1.0473708979594498,9.115888299750837e-10,None,None,None,None, , , , 
26866, ,1.0473708979594498,9.771241535346502e-10,None,None,None,None, , , , 
26867, ,1.0473708979594498,1.0473708979594486e-09,None,None,None,None, , , , 
26868, ,1.0473708979594498,1.1226677735108114e-09,None,None,None,None, , , , 
26869, ,1.0473708979594498,1.2033778407775904e-09,None,None,None,None, , , , 
26870, ,1.0473708979594498,1.289890261253308e-09,None,None,None,None, , , , 
26871, ,1.0473708979594498,1.3826221737646535e-09,None,None,None,None, , , , 
26872, ,1.0473708979594498,1.4820207057988602e-09,None,None,None,None, , , , 
26873, ,1.0473708979594498,1.5885651294280526e-09,None,None,None,None, , , , 
26874, ,1.0473708979594498,1.702769172225898e-09,None,None,None,None, , , , 
26875, ,1.0473708979594498,1.825183494319039e-09,None,None,None,None, , , , 
26876, ,1.0473708979594498,1.956398343517065e-09,None,None,None,None, , , , 
26877, ,1.0473708979594498,2.0970464013232305e-09,None,None,None,None, , , , 
26878, ,1.0473708979594498,2.2478058335487307e-09,None,None,None,None, , , , 
26879, ,1.0473708979594498,2.409403560239527e-09,None,None,None,None, , , , 
26880, ,1.0473708979594498,2.582618760682675e-09,None,None,None,None, , , , 
26881, ,1.0473708979594498,2.768286630392061e-09,None,None,None,None, , , , 
26882, ,1.0473708979594498,2.9673024081888724e-09,None,None,None,None, , , , 
26883, ,1.0473708979594498,3.180625692794119e-09,None,None,None,None, , , , 
26884, ,1.0473708979594498,3.409285069746807e-09,None,None,None,None, , , , 
26885, ,1.0473708979594498,3.654383070957262e-09,None,None,None,None, , , , 
26886, ,1.0473708979594498,3.917101490809261e-09,None,None,None,None, , , , 
26887, ,1.0473708979594498,4.198707084443906e-09,None,None,None,None, , , , 
26888, ,1.0473708979594498,4.500557675700488e-09,None,None,None,None, , , , 
26889, ,1.0473708979594498,4.824108704165374e-09,None,None,None,None, , , , 
26890, ,1.0473708979594498,5.170920242896755e-09,None,None,None,None, , , , 
26891, ,1.0473708979594498,5.542664520663096e-09,None,None,None,None, , , , 
26892, ,1.0473708979594498,5.941133984965041e-09,None,None,None,None, , , , 
26893, ,1.0473708979594498,6.3682499447185856e-09,None,None,None,None, , , , 
26894, ,1.0473708979594498,6.826071834272379e-09,None,None,None,None, , , , 
26895, ,1.0473708979594498,7.316807143427175e-09,None,None,None,None, , , , 
26896, ,1.0473708979594498,7.842822061337681e-09,None,None,None,None, , , , 
26897, ,1.0473708979594498,8.406652885618316e-09,None,None,None,None, , , , 
26898, ,1.0473708979594498,9.011018251665036e-09,None,None,None,None, , , , 
26899, ,1.0473708979594498,9.658832241158707e-09,None,None,None,None, , , , 
26900, ,1.0473708979594498,1.0353218432956616e-08,None,None,None,None, , , , 
26901, ,1.0473708979594498,1.1097524964120722e-08,None,None,None,None, , , , 
26902, ,1.0473708979594498,1.1895340673703208e-08,None,None,None,None, , , , 
26903, ,1.0473708979594498,1.2750512407130128e-08,None,None,None,None, , , , 
26904, ,1.0473708979594498,1.3667163564620044e-08,None,None,None,None, , , , 
26905, ,1.0473708979594498,1.4649713983072853e-08,None,None,None,None, , , , 
26906, ,1.0473708979594498,1.5702901247293774e-08,None,None,None,None, , , , 
26907, ,1.0473708979594498,1.683180353330955e-08,None,None,None,None, , , , 
26908, ,1.0473708979594498,1.8041864093920717e-08,None,None,None,None, , , , 
26909, ,1.0473708979594498,1.933891750455232e-08,None,None,None,None, , , , 
26910, ,1.0473708979594498,2.0729217795953697e-08,None,None,None,None, , , , 
26911, ,1.0473708979594498,2.221946860939524e-08,None,None,None,None, , , , 
26912, ,1.0473708979594498,2.3816855519761606e-08,None,None,None,None, , , , 
26913, ,1.0473708979594498,2.552908068239516e-08,None,None,None,None, , , , 
26914, ,1.0473708979594498,2.7364399970746666e-08,None,None,None,None, , , , 
26915, ,1.0473708979594498,2.933166278390042e-08,None,None,None,None, , , , 
26916, ,1.0473708979594498,3.1440354715915e-08,None,None,None,None, , , , 
26917, ,1.0473708979594498,3.370064329271925e-08,None,None,None,None, , , , 
26918, ,1.0473708979594498,3.612342699709431e-08,None,None,None,None, , , , 
26919, ,1.0473708979594498,3.872038781812557e-08,None,None,None,None, , , , 
26920, ,1.0473708979594498,4.1504047578504727e-08,None,None,None,None, , , , 
26921, ,1.0473708979594498,4.448782831127585e-08,None,None,None,None, , , , 
26922, ,1.0473708979594498,4.768611697714474e-08,None,None,None,None, , , , 
26923, ,1.0473708979594498,5.111433483440165e-08,None,None,None,None, , , , 
26924, ,1.0473708979594498,5.478901179593934e-08,None,None,None,None, , , , 
26925, ,1.0473708979594498,5.872786613189478e-08,None,None,None,None, , , , 
26926, ,1.0473708979594498,6.294988990221888e-08,None,None,None,None, , , , 
26927, ,1.0473708979594498,6.747544053110687e-08,None,None,None,None, , , , 
26928, ,1.0473708979594498,7.232633896483534e-08,None,None,None,None, , , , 
26929, ,1.0473708979594498,7.752597488629465e-08,None,None,None,None, , , , 
26930, ,1.0473708979594498,8.309941949353386e-08,None,None,None,None, , , , 
26931, ,1.0473708979594498,8.907354638610439e-08,None,None,None,None, , , , 
26932, ,1.0473708979594498,9.547716114208066e-08,None,None,None,None, , , , 
26933, ,1.0473708979594498,1.0234114021054528e-07,None,None,None,None, , , , 
26934, ,1.0473708979594498,1.0969857978923841e-07,None,None,None,None, , , , 
26935, ,1.0473708979594498,1.1758495540521555e-07,None,None,None,None, , , , 
26936, ,1.0473708979594498,1.2603829296797277e-07,None,None,None,None, , , , 
26937, ,1.0473708979594498,1.350993521198025e-07,None,None,None,None, , , , 
26938, ,1.0473708979594498,1.4481182276745328e-07,None,None,None,None, , , , 
26939, ,1.0473708979594498,1.552225357427048e-07,None,None,None,None, , , , 
26940, ,1.0473708979594498,1.6638168860761273e-07,None,None,None,None, , , , 
26941, ,1.0473708979594498,1.7834308769319093e-07,None,None,None,None, , , , 
26942, ,1.0473708979594498,1.9116440753857e-07,None,None,None,None, , , , 
26943, ,1.0473708979594498,2.049074689815846e-07,None,None,None,None, , , , 
26944, ,1.0473708979594498,2.1963853724165468e-07,None,None,None,None, , , , 
26945, ,1.0473708979594498,2.3542864143224158e-07,None,None,None,None, , , , 
26946, ,1.0473708979594498,2.523539170434766e-07,None,None,None,None, , , , 
26947, ,1.0473708979594498,2.7049597304631316e-07,None,None,None,None, , , , 
26948, ,1.0473708979594498,2.899422853882875e-07,None,None,None,None, , , , 
26949, ,1.0473708979594498,3.107866187782014e-07,None,None,None,None, , , , 
26950, ,1.0473708979594498,3.33129478793467e-07,None,None,None,None, , , , 
26951, ,1.0473708979594498,3.5707859649004626e-07,None,None,None,None, , , , 
26952, ,1.0473708979594498,3.827494478516307e-07,None,None,None,None, , , , 
26953, ,1.0473708979594498,4.1026581058271904e-07,None,None,None,None, , , , 
26954, ,1.0473708979594498,4.397603609302722e-07,None,None,None,None, , , , 
26955, ,1.0473708979594498,4.7137531341167185e-07,None,None,None,None, , , , 
26956, ,1.0473708979594498,5.052631065335679e-07,None,None,None,None, , , , 
26957, ,1.0473708979594498,5.415871378079465e-07,None,None,None,None, , , , 
26958, ,1.0473708979594498,5.805225516094896e-07,None,None,None,None, , , , 
26959, ,1.0473708979594498,6.222570836730232e-07,None,None,None,None, , , , 
26960, ,1.0473708979594498,6.669919663030115e-07,None,None,None,None, , , , 
26961, ,1.0473708979594498,7.149428986597576e-07,None,None,None,None, , , , 
26962, ,1.0473708979594498,7.663410868007445e-07,None,None,None,None, , , , 
26963, ,1.0473708979594498,8.214343584919422e-07,None,None,None,None, , , , 
26964, ,1.0473708979594498,8.804883581643463e-07,None,None,None,None, , , , 
26965, ,1.0473708979594498,9.437878277775371e-07,None,None,None,None, , , , 
26966, ,1.0473708979594498,1.0116379797662072e-06,None,None,None,None, , , , 
26967, ,1.0473708979594498,1.0843659686896086e-06,None,None,None,None, , , , 
26968, ,1.0473708979594498,1.1623224686798522e-06,None,None,None,None, , , , 
26969, ,1.0473708979594498,1.2458833642950078e-06,None,None,None,None, , , , 
26970, ,1.0473708979594498,1.3354515629298971e-06,None,None,None,None, , , , 
26971, ,1.0473708979594498,1.4314589375234786e-06,None,None,None,None, , , , 
26972, ,1.0473708979594498,1.53436840893001e-06,None,None,None,None, , , , 
26973, ,1.0473708979594498,1.6446761779946631e-06,None,None,None,None, , , , 
26974, ,1.0473708979594498,1.762914118095948e-06,None,None,None,None, , , , 
26975, ,1.0473708979594498,1.8896523396912082e-06,None,None,None,None, , , , 
26976, ,1.0473708979594498,2.0255019392306664e-06,None,None,None,None, , , , 
26977, ,1.0473708979594498,2.171117945694501e-06,None,None,None,None, , , , 
26978, ,1.0473708979594498,2.327202478960408e-06,None,None,None,None, , , , 
26979, ,1.0473708979594498,2.494508135230317e-06,None,None,None,None, , , , 
26980, ,1.0473708979594498,2.673841615839944e-06,None,None,None,None, , , , 
26981, ,1.0473708979594498,2.8660676169482507e-06,None,None,None,None, , , , 
26982, ,1.0473708979594498,3.0721129988617524e-06,None,None,None,None, , , , 
26983, ,1.0473708979594498,3.292971255097148e-06,None,None,None,None, , , , 
26984, ,1.0473708979594498,3.5297073027306505e-06,None,None,None,None, , , , 
26985, ,1.0473708979594498,3.783462617131925e-06,None,None,None,None, , , , 
26986, ,1.0473708979594498,4.0554607358408275e-06,None,None,None,None, , , , 
26987, ,1.0473708979594498,4.3470131581250175e-06,None,None,None,None, , , , 
26988, ,1.0473708979594498,4.6595256686646765e-06,None,None,None,None, , , , 
26989, ,1.0473708979594498,4.99450511585514e-06,None,None,None,None, , , , 
26990, ,1.0473708979594498,5.353566677410719e-06,None,None,None,None, , , , 
26991, ,1.0473708979594498,5.738441648302393e-06,None,None,None,None, , , , 
26992, ,1.0473708979594498,6.150985788580505e-06,None,None,None,None, , , , 
26993, ,1.0473708979594498,6.593188271333541e-06,None,None,None,None, , , , 
26994, ,1.0473708979594498,7.067181273927492e-06,None,None,None,None, , , , 
26995, ,1.0473708979594498,7.575250258771904e-06,None,None,None,None, , , , 
26996, ,1.0473708979594498,8.119844993184007e-06,None,None,None,None, , , , 
26997, ,1.0473708979594498,8.703591361485167e-06,None,None,None,None, , , , 
26998, ,1.0473708979594498,9.329304026284676e-06,None,None,None,None, , , , 
26999, ,1.0473708979594498,1e-05,None,None,None,None, , , , 
27000, ,1.0843659686896097,1e-11,None,None,None,None, , , , 
27001, ,1.0843659686896097,1.0718913192051263e-11,None,None,None,None, , , , 
27002, ,1.0843659686896097,1.1489510001873107e-11,None,None,None,None, , , , 
27003, ,1.0843659686896097,1.2315506032928262e-11,None,None,None,None, , , , 
27004, ,1.0843659686896097,1.3200884008314167e-11,None,None,None,None, , , , 
27005, ,1.0843659686896097,1.4149912974345786e-11,None,None,None,None, , , , 
27006, ,1.0843659686896097,1.5167168884709242e-11,None,None,None,None, , , , 
27007, ,1.0843659686896097,1.6257556664437934e-11,None,None,None,None, , , , 
27008, ,1.0843659686896097,1.7426333860096473e-11,None,None,None,None, , , , 
27009, ,1.0843659686896097,1.8679135990207848e-11,None,None,None,None, , , , 
27010, ,1.0843659686896097,2.0022003718155844e-11,None,None,None,None, , , , 
27011, ,1.0843659686896097,2.1461411978584013e-11,None,None,None,None, , , , 
27012, ,1.0843659686896097,2.300430119772921e-11,None,None,None,None, , , , 
27013, ,1.0843659686896097,2.465811075822604e-11,None,None,None,None, , , , 
27014, ,1.0843659686896097,2.643081486974103e-11,None,None,None,None, , , , 
27015, ,1.0843659686896097,2.8330961018393178e-11,None,None,None,None, , , , 
27016, ,1.0843659686896097,3.036771118035461e-11,None,None,None,None, , , , 
27017, ,1.0843659686896097,3.255088599835057e-11,None,None,None,None, , , , 
27018, ,1.0843659686896097,3.4891012134067674e-11,None,None,None,None, , , , 
27019, ,1.0843659686896097,3.739937302478801e-11,None,None,None,None, , , , 
27020, ,1.0843659686896097,4.0088063288984646e-11,None,None,None,None, , , , 
27021, ,1.0843659686896097,4.297004704320835e-11,None,None,None,None, , , , 
27022, ,1.0843659686896097,4.605922041145113e-11,None,None,None,None, , , , 
27023, ,1.0843659686896097,4.937047852839004e-11,None,None,None,None, , , , 
27024, ,1.0843659686896097,5.2919787359584366e-11,None,None,None,None, , , , 
27025, ,1.0843659686896097,5.672426068491989e-11,None,None,None,None, , , , 
27026, ,1.0843659686896097,6.080224261649427e-11,None,None,None,None, , , , 
27027, ,1.0843659686896097,6.517339604882421e-11,None,None,None,None, , , , 
27028, ,1.0843659686896097,6.985879746785235e-11,None,None,None,None, , , , 
27029, ,1.0843659686896097,7.48810385759003e-11,None,None,None,None, , , , 
27030, ,1.0843659686896097,8.026433522257174e-11,None,None,None,None, , , , 
27031, ,1.0843659686896097,8.603464416684492e-11,None,None,None,None, , , , 
27032, ,1.0843659686896097,9.221978823334341e-11,None,None,None,None, , , , 
27033, ,1.0843659686896097,9.884959046625586e-11,None,None,None,None, , , , 
27034, ,1.0843659686896097,1.0595601792776149e-10,None,None,None,None, , , , 
27035, ,1.0843659686896097,1.1357333583431027e-10,None,None,None,None, , , , 
27036, ,1.0843659686896097,1.217382727739662e-10,None,None,None,None, , , , 
27037, ,1.0843659686896097,1.3049019780144016e-10,None,None,None,None, , , , 
27038, ,1.0843659686896097,1.398713102647236e-10,None,None,None,None, , , , 
27039, ,1.0843659686896097,1.4992684327860468e-10,None,None,None,None, , , , 
27040, ,1.0843659686896097,1.6070528182616384e-10,None,None,None,None, , , , 
27041, ,1.0843659686896097,1.722585965398784e-10,None,None,None,None, , , , 
27042, ,1.0843659686896097,1.8464249428955463e-10,None,None,None,None, , , , 
27043, ,1.0843659686896097,1.9791668678535569e-10,None,None,None,None, , , , 
27044, ,1.0843659686896097,2.121451784910628e-10,None,None,None,None, , , , 
27045, ,1.0843659686896097,2.273965752357932e-10,None,None,None,None, , , , 
27046, ,1.0843659686896097,2.4374441501222216e-10,None,None,None,None, , , , 
27047, ,1.0843659686896097,2.6126752255633265e-10,None,None,None,None, , , , 
27048, ,1.0843659686896097,2.8005038941836253e-10,None,None,None,None, , , , 
27049, ,1.0843659686896097,3.0018358135755917e-10,None,None,None,None, , , , 
27050, ,1.0843659686896097,3.2176417502507347e-10,None,None,None,None, , , , 
27051, ,1.0843659686896097,3.4489622604057533e-10,None,None,None,None, , , , 
27052, ,1.0843659686896097,3.696912707195032e-10,None,None,None,None, , , , 
27053, ,1.0843659686896097,3.9626886387014783e-10,None,None,None,None, , , , 
27054, ,1.0843659686896097,4.2475715525368935e-10,None,None,None,None, , , , 
27055, ,1.0843659686896097,4.552935074866938e-10,None,None,None,None, , , , 
27056, ,1.0843659686896097,4.880251583654433e-10,None,None,None,None, , , , 
27057, ,1.0843659686896097,5.231099308056258e-10,None,None,None,None, , , , 
27058, ,1.0843659686896097,5.60716993820547e-10,None,None,None,None, , , , 
27059, ,1.0843659686896097,6.010276782070387e-10,None,None,None,None, , , , 
27060, ,1.0843659686896097,6.442363508721371e-10,None,None,None,None, , , , 
27061, ,1.0843659686896097,6.905513520162316e-10,None,None,None,None, , , , 
27062, ,1.0843659686896097,7.401959996915653e-10,None,None,None,None, , , , 
27063, ,1.0843659686896097,7.934096665797492e-10,None,None,None,None, , , , 
27064, ,1.0843659686896097,8.504489341802668e-10,None,None,None,None, , , , 
27065, ,1.0843659686896097,9.115888299750837e-10,None,None,None,None, , , , 
27066, ,1.0843659686896097,9.771241535346502e-10,None,None,None,None, , , , 
27067, ,1.0843659686896097,1.0473708979594486e-09,None,None,None,None, , , , 
27068, ,1.0843659686896097,1.1226677735108114e-09,None,None,None,None, , , , 
27069, ,1.0843659686896097,1.2033778407775904e-09,None,None,None,None, , , , 
27070, ,1.0843659686896097,1.289890261253308e-09,None,None,None,None, , , , 
27071, ,1.0843659686896097,1.3826221737646535e-09,None,None,None,None, , , , 
27072, ,1.0843659686896097,1.4820207057988602e-09,None,None,None,None, , , , 
27073, ,1.0843659686896097,1.5885651294280526e-09,None,None,None,None, , , , 
27074, ,1.0843659686896097,1.702769172225898e-09,None,None,None,None, , , , 
27075, ,1.0843659686896097,1.825183494319039e-09,None,None,None,None, , , , 
27076, ,1.0843659686896097,1.956398343517065e-09,None,None,None,None, , , , 
27077, ,1.0843659686896097,2.0970464013232305e-09,None,None,None,None, , , , 
27078, ,1.0843659686896097,2.2478058335487307e-09,None,None,None,None, , , , 
27079, ,1.0843659686896097,2.409403560239527e-09,None,None,None,None, , , , 
27080, ,1.0843659686896097,2.582618760682675e-09,None,None,None,None, , , , 
27081, ,1.0843659686896097,2.768286630392061e-09,None,None,None,None, , , , 
27082, ,1.0843659686896097,2.9673024081888724e-09,None,None,None,None, , , , 
27083, ,1.0843659686896097,3.180625692794119e-09,None,None,None,None, , , , 
27084, ,1.0843659686896097,3.409285069746807e-09,None,None,None,None, , , , 
27085, ,1.0843659686896097,3.654383070957262e-09,None,None,None,None, , , , 
27086, ,1.0843659686896097,3.917101490809261e-09,None,None,None,None, , , , 
27087, ,1.0843659686896097,4.198707084443906e-09,None,None,None,None, , , , 
27088, ,1.0843659686896097,4.500557675700488e-09,None,None,None,None, , , , 
27089, ,1.0843659686896097,4.824108704165374e-09,None,None,None,None, , , , 
27090, ,1.0843659686896097,5.170920242896755e-09,None,None,None,None, , , , 
27091, ,1.0843659686896097,5.542664520663096e-09,None,None,None,None, , , , 
27092, ,1.0843659686896097,5.941133984965041e-09,None,None,None,None, , , , 
27093, ,1.0843659686896097,6.3682499447185856e-09,None,None,None,None, , , , 
27094, ,1.0843659686896097,6.826071834272379e-09,None,None,None,None, , , , 
27095, ,1.0843659686896097,7.316807143427175e-09,None,None,None,None, , , , 
27096, ,1.0843659686896097,7.842822061337681e-09,None,None,None,None, , , , 
27097, ,1.0843659686896097,8.406652885618316e-09,None,None,None,None, , , , 
27098, ,1.0843659686896097,9.011018251665036e-09,None,None,None,None, , , , 
27099, ,1.0843659686896097,9.658832241158707e-09,None,None,None,None, , , , 
27100, ,1.0843659686896097,1.0353218432956616e-08,None,None,None,None, , , , 
27101, ,1.0843659686896097,1.1097524964120722e-08,None,None,None,None, , , , 
27102, ,1.0843659686896097,1.1895340673703208e-08,None,None,None,None, , , , 
27103, ,1.0843659686896097,1.2750512407130128e-08,None,None,None,None, , , , 
27104, ,1.0843659686896097,1.3667163564620044e-08,None,None,None,None, , , , 
27105, ,1.0843659686896097,1.4649713983072853e-08,None,None,None,None, , , , 
27106, ,1.0843659686896097,1.5702901247293774e-08,None,None,None,None, , , , 
27107, ,1.0843659686896097,1.683180353330955e-08,None,None,None,None, , , , 
27108, ,1.0843659686896097,1.8041864093920717e-08,None,None,None,None, , , , 
27109, ,1.0843659686896097,1.933891750455232e-08,None,None,None,None, , , , 
27110, ,1.0843659686896097,2.0729217795953697e-08,None,None,None,None, , , , 
27111, ,1.0843659686896097,2.221946860939524e-08,None,None,None,None, , , , 
27112, ,1.0843659686896097,2.3816855519761606e-08,None,None,None,None, , , , 
27113, ,1.0843659686896097,2.552908068239516e-08,None,None,None,None, , , , 
27114, ,1.0843659686896097,2.7364399970746666e-08,None,None,None,None, , , , 
27115, ,1.0843659686896097,2.933166278390042e-08,None,None,None,None, , , , 
27116, ,1.0843659686896097,3.1440354715915e-08,None,None,None,None, , , , 
27117, ,1.0843659686896097,3.370064329271925e-08,None,None,None,None, , , , 
27118, ,1.0843659686896097,3.612342699709431e-08,None,None,None,None, , , , 
27119, ,1.0843659686896097,3.872038781812557e-08,None,None,None,None, , , , 
27120, ,1.0843659686896097,4.1504047578504727e-08,None,None,None,None, , , , 
27121, ,1.0843659686896097,4.448782831127585e-08,None,None,None,None, , , , 
27122, ,1.0843659686896097,4.768611697714474e-08,None,None,None,None, , , , 
27123, ,1.0843659686896097,5.111433483440165e-08,None,None,None,None, , , , 
27124, ,1.0843659686896097,5.478901179593934e-08,None,None,None,None, , , , 
27125, ,1.0843659686896097,5.872786613189478e-08,None,None,None,None, , , , 
27126, ,1.0843659686896097,6.294988990221888e-08,None,None,None,None, , , , 
27127, ,1.0843659686896097,6.747544053110687e-08,None,None,None,None, , , , 
27128, ,1.0843659686896097,7.232633896483534e-08,None,None,None,None, , , , 
27129, ,1.0843659686896097,7.752597488629465e-08,None,None,None,None, , , , 
27130, ,1.0843659686896097,8.309941949353386e-08,None,None,None,None, , , , 
27131, ,1.0843659686896097,8.907354638610439e-08,None,None,None,None, , , , 
27132, ,1.0843659686896097,9.547716114208066e-08,None,None,None,None, , , , 
27133, ,1.0843659686896097,1.0234114021054528e-07,None,None,None,None, , , , 
27134, ,1.0843659686896097,1.0969857978923841e-07,None,None,None,None, , , , 
27135, ,1.0843659686896097,1.1758495540521555e-07,None,None,None,None, , , , 
27136, ,1.0843659686896097,1.2603829296797277e-07,None,None,None,None, , , , 
27137, ,1.0843659686896097,1.350993521198025e-07,None,None,None,None, , , , 
27138, ,1.0843659686896097,1.4481182276745328e-07,None,None,None,None, , , , 
27139, ,1.0843659686896097,1.552225357427048e-07,None,None,None,None, , , , 
27140, ,1.0843659686896097,1.6638168860761273e-07,None,None,None,None, , , , 
27141, ,1.0843659686896097,1.7834308769319093e-07,None,None,None,None, , , , 
27142, ,1.0843659686896097,1.9116440753857e-07,None,None,None,None, , , , 
27143, ,1.0843659686896097,2.049074689815846e-07,None,None,None,None, , , , 
27144, ,1.0843659686896097,2.1963853724165468e-07,None,None,None,None, , , , 
27145, ,1.0843659686896097,2.3542864143224158e-07,None,None,None,None, , , , 
27146, ,1.0843659686896097,2.523539170434766e-07,None,None,None,None, , , , 
27147, ,1.0843659686896097,2.7049597304631316e-07,None,None,None,None, , , , 
27148, ,1.0843659686896097,2.899422853882875e-07,None,None,None,None, , , , 
27149, ,1.0843659686896097,3.107866187782014e-07,None,None,None,None, , , , 
27150, ,1.0843659686896097,3.33129478793467e-07,None,None,None,None, , , , 
27151, ,1.0843659686896097,3.5707859649004626e-07,None,None,None,None, , , , 
27152, ,1.0843659686896097,3.827494478516307e-07,None,None,None,None, , , , 
27153, ,1.0843659686896097,4.1026581058271904e-07,None,None,None,None, , , , 
27154, ,1.0843659686896097,4.397603609302722e-07,None,None,None,None, , , , 
27155, ,1.0843659686896097,4.7137531341167185e-07,None,None,None,None, , , , 
27156, ,1.0843659686896097,5.052631065335679e-07,None,None,None,None, , , , 
27157, ,1.0843659686896097,5.415871378079465e-07,None,None,None,None, , , , 
27158, ,1.0843659686896097,5.805225516094896e-07,None,None,None,None, , , , 
27159, ,1.0843659686896097,6.222570836730232e-07,None,None,None,None, , , , 
27160, ,1.0843659686896097,6.669919663030115e-07,None,None,None,None, , , , 
27161, ,1.0843659686896097,7.149428986597576e-07,None,None,None,None, , , , 
27162, ,1.0843659686896097,7.663410868007445e-07,None,None,None,None, , , , 
27163, ,1.0843659686896097,8.214343584919422e-07,None,None,None,None, , , , 
27164, ,1.0843659686896097,8.804883581643463e-07,None,None,None,None, , , , 
27165, ,1.0843659686896097,9.437878277775371e-07,None,None,None,None, , , , 
27166, ,1.0843659686896097,1.0116379797662072e-06,None,None,None,None, , , , 
27167, ,1.0843659686896097,1.0843659686896086e-06,None,None,None,None, , , , 
27168, ,1.0843659686896097,1.1623224686798522e-06,None,None,None,None, , , , 
27169, ,1.0843659686896097,1.2458833642950078e-06,None,None,None,None, , , , 
27170, ,1.0843659686896097,1.3354515629298971e-06,None,None,None,None, , , , 
27171, ,1.0843659686896097,1.4314589375234786e-06,None,None,None,None, , , , 
27172, ,1.0843659686896097,1.53436840893001e-06,None,None,None,None, , , , 
27173, ,1.0843659686896097,1.6446761779946631e-06,None,None,None,None, , , , 
27174, ,1.0843659686896097,1.762914118095948e-06,None,None,None,None, , , , 
27175, ,1.0843659686896097,1.8896523396912082e-06,None,None,None,None, , , , 
27176, ,1.0843659686896097,2.0255019392306664e-06,None,None,None,None, , , , 
27177, ,1.0843659686896097,2.171117945694501e-06,None,None,None,None, , , , 
27178, ,1.0843659686896097,2.327202478960408e-06,None,None,None,None, , , , 
27179, ,1.0843659686896097,2.494508135230317e-06,None,None,None,None, , , , 
27180, ,1.0843659686896097,2.673841615839944e-06,None,None,None,None, , , , 
27181, ,1.0843659686896097,2.8660676169482507e-06,None,None,None,None, , , , 
27182, ,1.0843659686896097,3.0721129988617524e-06,None,None,None,None, , , , 
27183, ,1.0843659686896097,3.292971255097148e-06,None,None,None,None, , , , 
27184, ,1.0843659686896097,3.5297073027306505e-06,None,None,None,None, , , , 
27185, ,1.0843659686896097,3.783462617131925e-06,None,None,None,None, , , , 
27186, ,1.0843659686896097,4.0554607358408275e-06,None,None,None,None, , , , 
27187, ,1.0843659686896097,4.3470131581250175e-06,None,None,None,None, , , , 
27188, ,1.0843659686896097,4.6595256686646765e-06,None,None,None,None, , , , 
27189, ,1.0843659686896097,4.99450511585514e-06,None,None,None,None, , , , 
27190, ,1.0843659686896097,5.353566677410719e-06,None,None,None,None, , , , 
27191, ,1.0843659686896097,5.738441648302393e-06,None,None,None,None, , , , 
27192, ,1.0843659686896097,6.150985788580505e-06,None,None,None,None, , , , 
27193, ,1.0843659686896097,6.593188271333541e-06,None,None,None,None, , , , 
27194, ,1.0843659686896097,7.067181273927492e-06,None,None,None,None, , , , 
27195, ,1.0843659686896097,7.575250258771904e-06,None,None,None,None, , , , 
27196, ,1.0843659686896097,8.119844993184007e-06,None,None,None,None, , , , 
27197, ,1.0843659686896097,8.703591361485167e-06,None,None,None,None, , , , 
27198, ,1.0843659686896097,9.329304026284676e-06,None,None,None,None, , , , 
27199, ,1.0843659686896097,1e-05,None,None,None,None, , , , 
27200, ,1.1226677735108137,1e-11,None,None,None,None, , , , 
27201, ,1.1226677735108137,1.0718913192051263e-11,None,None,None,None, , , , 
27202, ,1.1226677735108137,1.1489510001873107e-11,None,None,None,None, , , , 
27203, ,1.1226677735108137,1.2315506032928262e-11,None,None,None,None, , , , 
27204, ,1.1226677735108137,1.3200884008314167e-11,None,None,None,None, , , , 
27205, ,1.1226677735108137,1.4149912974345786e-11,None,None,None,None, , , , 
27206, ,1.1226677735108137,1.5167168884709242e-11,None,None,None,None, , , , 
27207, ,1.1226677735108137,1.6257556664437934e-11,None,None,None,None, , , , 
27208, ,1.1226677735108137,1.7426333860096473e-11,None,None,None,None, , , , 
27209, ,1.1226677735108137,1.8679135990207848e-11,None,None,None,None, , , , 
27210, ,1.1226677735108137,2.0022003718155844e-11,None,None,None,None, , , , 
27211, ,1.1226677735108137,2.1461411978584013e-11,None,None,None,None, , , , 
27212, ,1.1226677735108137,2.300430119772921e-11,None,None,None,None, , , , 
27213, ,1.1226677735108137,2.465811075822604e-11,None,None,None,None, , , , 
27214, ,1.1226677735108137,2.643081486974103e-11,None,None,None,None, , , , 
27215, ,1.1226677735108137,2.8330961018393178e-11,None,None,None,None, , , , 
27216, ,1.1226677735108137,3.036771118035461e-11,None,None,None,None, , , , 
27217, ,1.1226677735108137,3.255088599835057e-11,None,None,None,None, , , , 
27218, ,1.1226677735108137,3.4891012134067674e-11,None,None,None,None, , , , 
27219, ,1.1226677735108137,3.739937302478801e-11,None,None,None,None, , , , 
27220, ,1.1226677735108137,4.0088063288984646e-11,None,None,None,None, , , , 
27221, ,1.1226677735108137,4.297004704320835e-11,None,None,None,None, , , , 
27222, ,1.1226677735108137,4.605922041145113e-11,None,None,None,None, , , , 
27223, ,1.1226677735108137,4.937047852839004e-11,None,None,None,None, , , , 
27224, ,1.1226677735108137,5.2919787359584366e-11,None,None,None,None, , , , 
27225, ,1.1226677735108137,5.672426068491989e-11,None,None,None,None, , , , 
27226, ,1.1226677735108137,6.080224261649427e-11,None,None,None,None, , , , 
27227, ,1.1226677735108137,6.517339604882421e-11,None,None,None,None, , , , 
27228, ,1.1226677735108137,6.985879746785235e-11,None,None,None,None, , , , 
27229, ,1.1226677735108137,7.48810385759003e-11,None,None,None,None, , , , 
27230, ,1.1226677735108137,8.026433522257174e-11,None,None,None,None, , , , 
27231, ,1.1226677735108137,8.603464416684492e-11,None,None,None,None, , , , 
27232, ,1.1226677735108137,9.221978823334341e-11,None,None,None,None, , , , 
27233, ,1.1226677735108137,9.884959046625586e-11,None,None,None,None, , , , 
27234, ,1.1226677735108137,1.0595601792776149e-10,None,None,None,None, , , , 
27235, ,1.1226677735108137,1.1357333583431027e-10,None,None,None,None, , , , 
27236, ,1.1226677735108137,1.217382727739662e-10,None,None,None,None, , , , 
27237, ,1.1226677735108137,1.3049019780144016e-10,None,None,None,None, , , , 
27238, ,1.1226677735108137,1.398713102647236e-10,None,None,None,None, , , , 
27239, ,1.1226677735108137,1.4992684327860468e-10,None,None,None,None, , , , 
27240, ,1.1226677735108137,1.6070528182616384e-10,None,None,None,None, , , , 
27241, ,1.1226677735108137,1.722585965398784e-10,None,None,None,None, , , , 
27242, ,1.1226677735108137,1.8464249428955463e-10,None,None,None,None, , , , 
27243, ,1.1226677735108137,1.9791668678535569e-10,None,None,None,None, , , , 
27244, ,1.1226677735108137,2.121451784910628e-10,None,None,None,None, , , , 
27245, ,1.1226677735108137,2.273965752357932e-10,None,None,None,None, , , , 
27246, ,1.1226677735108137,2.4374441501222216e-10,None,None,None,None, , , , 
27247, ,1.1226677735108137,2.6126752255633265e-10,None,None,None,None, , , , 
27248, ,1.1226677735108137,2.8005038941836253e-10,None,None,None,None, , , , 
27249, ,1.1226677735108137,3.0018358135755917e-10,None,None,None,None, , , , 
27250, ,1.1226677735108137,3.2176417502507347e-10,None,None,None,None, , , , 
27251, ,1.1226677735108137,3.4489622604057533e-10,None,None,None,None, , , , 
27252, ,1.1226677735108137,3.696912707195032e-10,None,None,None,None, , , , 
27253, ,1.1226677735108137,3.9626886387014783e-10,None,None,None,None, , , , 
27254, ,1.1226677735108137,4.2475715525368935e-10,None,None,None,None, , , , 
27255, ,1.1226677735108137,4.552935074866938e-10,None,None,None,None, , , , 
27256, ,1.1226677735108137,4.880251583654433e-10,None,None,None,None, , , , 
27257, ,1.1226677735108137,5.231099308056258e-10,None,None,None,None, , , , 
27258, ,1.1226677735108137,5.60716993820547e-10,None,None,None,None, , , , 
27259, ,1.1226677735108137,6.010276782070387e-10,None,None,None,None, , , , 
27260, ,1.1226677735108137,6.442363508721371e-10,None,None,None,None, , , , 
27261, ,1.1226677735108137,6.905513520162316e-10,None,None,None,None, , , , 
27262, ,1.1226677735108137,7.401959996915653e-10,None,None,None,None, , , , 
27263, ,1.1226677735108137,7.934096665797492e-10,None,None,None,None, , , , 
27264, ,1.1226677735108137,8.504489341802668e-10,None,None,None,None, , , , 
27265, ,1.1226677735108137,9.115888299750837e-10,None,None,None,None, , , , 
27266, ,1.1226677735108137,9.771241535346502e-10,None,None,None,None, , , , 
27267, ,1.1226677735108137,1.0473708979594486e-09,None,None,None,None, , , , 
27268, ,1.1226677735108137,1.1226677735108114e-09,None,None,None,None, , , , 
27269, ,1.1226677735108137,1.2033778407775904e-09,None,None,None,None, , , , 
27270, ,1.1226677735108137,1.289890261253308e-09,None,None,None,None, , , , 
27271, ,1.1226677735108137,1.3826221737646535e-09,None,None,None,None, , , , 
27272, ,1.1226677735108137,1.4820207057988602e-09,None,None,None,None, , , , 
27273, ,1.1226677735108137,1.5885651294280526e-09,None,None,None,None, , , , 
27274, ,1.1226677735108137,1.702769172225898e-09,None,None,None,None, , , , 
27275, ,1.1226677735108137,1.825183494319039e-09,None,None,None,None, , , , 
27276, ,1.1226677735108137,1.956398343517065e-09,None,None,None,None, , , , 
27277, ,1.1226677735108137,2.0970464013232305e-09,None,None,None,None, , , , 
27278, ,1.1226677735108137,2.2478058335487307e-09,None,None,None,None, , , , 
27279, ,1.1226677735108137,2.409403560239527e-09,None,None,None,None, , , , 
27280, ,1.1226677735108137,2.582618760682675e-09,None,None,None,None, , , , 
27281, ,1.1226677735108137,2.768286630392061e-09,None,None,None,None, , , , 
27282, ,1.1226677735108137,2.9673024081888724e-09,None,None,None,None, , , , 
27283, ,1.1226677735108137,3.180625692794119e-09,None,None,None,None, , , , 
27284, ,1.1226677735108137,3.409285069746807e-09,None,None,None,None, , , , 
27285, ,1.1226677735108137,3.654383070957262e-09,None,None,None,None, , , , 
27286, ,1.1226677735108137,3.917101490809261e-09,None,None,None,None, , , , 
27287, ,1.1226677735108137,4.198707084443906e-09,None,None,None,None, , , , 
27288, ,1.1226677735108137,4.500557675700488e-09,None,None,None,None, , , , 
27289, ,1.1226677735108137,4.824108704165374e-09,None,None,None,None, , , , 
27290, ,1.1226677735108137,5.170920242896755e-09,None,None,None,None, , , , 
27291, ,1.1226677735108137,5.542664520663096e-09,None,None,None,None, , , , 
27292, ,1.1226677735108137,5.941133984965041e-09,None,None,None,None, , , , 
27293, ,1.1226677735108137,6.3682499447185856e-09,None,None,None,None, , , , 
27294, ,1.1226677735108137,6.826071834272379e-09,None,None,None,None, , , , 
27295, ,1.1226677735108137,7.316807143427175e-09,None,None,None,None, , , , 
27296, ,1.1226677735108137,7.842822061337681e-09,None,None,None,None, , , , 
27297, ,1.1226677735108137,8.406652885618316e-09,None,None,None,None, , , , 
27298, ,1.1226677735108137,9.011018251665036e-09,None,None,None,None, , , , 
27299, ,1.1226677735108137,9.658832241158707e-09,None,None,None,None, , , , 
27300, ,1.1226677735108137,1.0353218432956616e-08,None,None,None,None, , , , 
27301, ,1.1226677735108137,1.1097524964120722e-08,None,None,None,None, , , , 
27302, ,1.1226677735108137,1.1895340673703208e-08,None,None,None,None, , , , 
27303, ,1.1226677735108137,1.2750512407130128e-08,None,None,None,None, , , , 
27304, ,1.1226677735108137,1.3667163564620044e-08,None,None,None,None, , , , 
27305, ,1.1226677735108137,1.4649713983072853e-08,None,None,None,None, , , , 
27306, ,1.1226677735108137,1.5702901247293774e-08,None,None,None,None, , , , 
27307, ,1.1226677735108137,1.683180353330955e-08,None,None,None,None, , , , 
27308, ,1.1226677735108137,1.8041864093920717e-08,None,None,None,None, , , , 
27309, ,1.1226677735108137,1.933891750455232e-08,None,None,None,None, , , , 
27310, ,1.1226677735108137,2.0729217795953697e-08,None,None,None,None, , , , 
27311, ,1.1226677735108137,2.221946860939524e-08,None,None,None,None, , , , 
27312, ,1.1226677735108137,2.3816855519761606e-08,None,None,None,None, , , , 
27313, ,1.1226677735108137,2.552908068239516e-08,None,None,None,None, , , , 
27314, ,1.1226677735108137,2.7364399970746666e-08,None,None,None,None, , , , 
27315, ,1.1226677735108137,2.933166278390042e-08,None,None,None,None, , , , 
27316, ,1.1226677735108137,3.1440354715915e-08,None,None,None,None, , , , 
27317, ,1.1226677735108137,3.370064329271925e-08,None,None,None,None, , , , 
27318, ,1.1226677735108137,3.612342699709431e-08,None,None,None,None, , , , 
27319, ,1.1226677735108137,3.872038781812557e-08,None,None,None,None, , , , 
27320, ,1.1226677735108137,4.1504047578504727e-08,None,None,None,None, , , , 
27321, ,1.1226677735108137,4.448782831127585e-08,None,None,None,None, , , , 
27322, ,1.1226677735108137,4.768611697714474e-08,None,None,None,None, , , , 
27323, ,1.1226677735108137,5.111433483440165e-08,None,None,None,None, , , , 
27324, ,1.1226677735108137,5.478901179593934e-08,None,None,None,None, , , , 
27325, ,1.1226677735108137,5.872786613189478e-08,None,None,None,None, , , , 
27326, ,1.1226677735108137,6.294988990221888e-08,None,None,None,None, , , , 
27327, ,1.1226677735108137,6.747544053110687e-08,None,None,None,None, , , , 
27328, ,1.1226677735108137,7.232633896483534e-08,None,None,None,None, , , , 
27329, ,1.1226677735108137,7.752597488629465e-08,None,None,None,None, , , , 
27330, ,1.1226677735108137,8.309941949353386e-08,None,None,None,None, , , , 
27331, ,1.1226677735108137,8.907354638610439e-08,None,None,None,None, , , , 
27332, ,1.1226677735108137,9.547716114208066e-08,None,None,None,None, , , , 
27333, ,1.1226677735108137,1.0234114021054528e-07,None,None,None,None, , , , 
27334, ,1.1226677735108137,1.0969857978923841e-07,None,None,None,None, , , , 
27335, ,1.1226677735108137,1.1758495540521555e-07,None,None,None,None, , , , 
27336, ,1.1226677735108137,1.2603829296797277e-07,None,None,None,None, , , , 
27337, ,1.1226677735108137,1.350993521198025e-07,None,None,None,None, , , , 
27338, ,1.1226677735108137,1.4481182276745328e-07,None,None,None,None, , , , 
27339, ,1.1226677735108137,1.552225357427048e-07,None,None,None,None, , , , 
27340, ,1.1226677735108137,1.6638168860761273e-07,None,None,None,None, , , , 
27341, ,1.1226677735108137,1.7834308769319093e-07,None,None,None,None, , , , 
27342, ,1.1226677735108137,1.9116440753857e-07,None,None,None,None, , , , 
27343, ,1.1226677735108137,2.049074689815846e-07,None,None,None,None, , , , 
27344, ,1.1226677735108137,2.1963853724165468e-07,None,None,None,None, , , , 
27345, ,1.1226677735108137,2.3542864143224158e-07,None,None,None,None, , , , 
27346, ,1.1226677735108137,2.523539170434766e-07,None,None,None,None, , , , 
27347, ,1.1226677735108137,2.7049597304631316e-07,None,None,None,None, , , , 
27348, ,1.1226677735108137,2.899422853882875e-07,None,None,None,None, , , , 
27349, ,1.1226677735108137,3.107866187782014e-07,None,None,None,None, , , , 
27350, ,1.1226677735108137,3.33129478793467e-07,None,None,None,None, , , , 
27351, ,1.1226677735108137,3.5707859649004626e-07,None,None,None,None, , , , 
27352, ,1.1226677735108137,3.827494478516307e-07,None,None,None,None, , , , 
27353, ,1.1226677735108137,4.1026581058271904e-07,None,None,None,None, , , , 
27354, ,1.1226677735108137,4.397603609302722e-07,None,None,None,None, , , , 
27355, ,1.1226677735108137,4.7137531341167185e-07,None,None,None,None, , , , 
27356, ,1.1226677735108137,5.052631065335679e-07,None,None,None,None, , , , 
27357, ,1.1226677735108137,5.415871378079465e-07,None,None,None,None, , , , 
27358, ,1.1226677735108137,5.805225516094896e-07,None,None,None,None, , , , 
27359, ,1.1226677735108137,6.222570836730232e-07,None,None,None,None, , , , 
27360, ,1.1226677735108137,6.669919663030115e-07,None,None,None,None, , , , 
27361, ,1.1226677735108137,7.149428986597576e-07,None,None,None,None, , , , 
27362, ,1.1226677735108137,7.663410868007445e-07,None,None,None,None, , , , 
27363, ,1.1226677735108137,8.214343584919422e-07,None,None,None,None, , , , 
27364, ,1.1226677735108137,8.804883581643463e-07,None,None,None,None, , , , 
27365, ,1.1226677735108137,9.437878277775371e-07,None,None,None,None, , , , 
27366, ,1.1226677735108137,1.0116379797662072e-06,None,None,None,None, , , , 
27367, ,1.1226677735108137,1.0843659686896086e-06,None,None,None,None, , , , 
27368, ,1.1226677735108137,1.1623224686798522e-06,None,None,None,None, , , , 
27369, ,1.1226677735108137,1.2458833642950078e-06,None,None,None,None, , , , 
27370, ,1.1226677735108137,1.3354515629298971e-06,None,None,None,None, , , , 
27371, ,1.1226677735108137,1.4314589375234786e-06,None,None,None,None, , , , 
27372, ,1.1226677735108137,1.53436840893001e-06,None,None,None,None, , , , 
27373, ,1.1226677735108137,1.6446761779946631e-06,None,None,None,None, , , , 
27374, ,1.1226677735108137,1.762914118095948e-06,None,None,None,None, , , , 
27375, ,1.1226677735108137,1.8896523396912082e-06,None,None,None,None, , , , 
27376, ,1.1226677735108137,2.0255019392306664e-06,None,None,None,None, , , , 
27377, ,1.1226677735108137,2.171117945694501e-06,None,None,None,None, , , , 
27378, ,1.1226677735108137,2.327202478960408e-06,None,None,None,None, , , , 
27379, ,1.1226677735108137,2.494508135230317e-06,None,None,None,None, , , , 
27380, ,1.1226677735108137,2.673841615839944e-06,None,None,None,None, , , , 
27381, ,1.1226677735108137,2.8660676169482507e-06,None,None,None,None, , , , 
27382, ,1.1226677735108137,3.0721129988617524e-06,None,None,None,None, , , , 
27383, ,1.1226677735108137,3.292971255097148e-06,None,None,None,None, , , , 
27384, ,1.1226677735108137,3.5297073027306505e-06,None,None,None,None, , , , 
27385, ,1.1226677735108137,3.783462617131925e-06,None,None,None,None, , , , 
27386, ,1.1226677735108137,4.0554607358408275e-06,None,None,None,None, , , , 
27387, ,1.1226677735108137,4.3470131581250175e-06,None,None,None,None, , , , 
27388, ,1.1226677735108137,4.6595256686646765e-06,None,None,None,None, , , , 
27389, ,1.1226677735108137,4.99450511585514e-06,None,None,None,None, , , , 
27390, ,1.1226677735108137,5.353566677410719e-06,None,None,None,None, , , , 
27391, ,1.1226677735108137,5.738441648302393e-06,None,None,None,None, , , , 
27392, ,1.1226677735108137,6.150985788580505e-06,None,None,None,None, , , , 
27393, ,1.1226677735108137,6.593188271333541e-06,None,None,None,None, , , , 
27394, ,1.1226677735108137,7.067181273927492e-06,None,None,None,None, , , , 
27395, ,1.1226677735108137,7.575250258771904e-06,None,None,None,None, , , , 
27396, ,1.1226677735108137,8.119844993184007e-06,None,None,None,None, , , , 
27397, ,1.1226677735108137,8.703591361485167e-06,None,None,None,None, , , , 
27398, ,1.1226677735108137,9.329304026284676e-06,None,None,None,None, , , , 
27399, ,1.1226677735108137,1e-05,None,None,None,None, , , , 
27400, ,1.162322468679852,1e-11,None,None,None,None, , , , 
27401, ,1.162322468679852,1.0718913192051263e-11,None,None,None,None, , , , 
27402, ,1.162322468679852,1.1489510001873107e-11,None,None,None,None, , , , 
27403, ,1.162322468679852,1.2315506032928262e-11,None,None,None,None, , , , 
27404, ,1.162322468679852,1.3200884008314167e-11,None,None,None,None, , , , 
27405, ,1.162322468679852,1.4149912974345786e-11,None,None,None,None, , , , 
27406, ,1.162322468679852,1.5167168884709242e-11,None,None,None,None, , , , 
27407, ,1.162322468679852,1.6257556664437934e-11,None,None,None,None, , , , 
27408, ,1.162322468679852,1.7426333860096473e-11,None,None,None,None, , , , 
27409, ,1.162322468679852,1.8679135990207848e-11,None,None,None,None, , , , 
27410, ,1.162322468679852,2.0022003718155844e-11,None,None,None,None, , , , 
27411, ,1.162322468679852,2.1461411978584013e-11,None,None,None,None, , , , 
27412, ,1.162322468679852,2.300430119772921e-11,None,None,None,None, , , , 
27413, ,1.162322468679852,2.465811075822604e-11,None,None,None,None, , , , 
27414, ,1.162322468679852,2.643081486974103e-11,None,None,None,None, , , , 
27415, ,1.162322468679852,2.8330961018393178e-11,None,None,None,None, , , , 
27416, ,1.162322468679852,3.036771118035461e-11,None,None,None,None, , , , 
27417, ,1.162322468679852,3.255088599835057e-11,None,None,None,None, , , , 
27418, ,1.162322468679852,3.4891012134067674e-11,None,None,None,None, , , , 
27419, ,1.162322468679852,3.739937302478801e-11,None,None,None,None, , , , 
27420, ,1.162322468679852,4.0088063288984646e-11,None,None,None,None, , , , 
27421, ,1.162322468679852,4.297004704320835e-11,None,None,None,None, , , , 
27422, ,1.162322468679852,4.605922041145113e-11,None,None,None,None, , , , 
27423, ,1.162322468679852,4.937047852839004e-11,None,None,None,None, , , , 
27424, ,1.162322468679852,5.2919787359584366e-11,None,None,None,None, , , , 
27425, ,1.162322468679852,5.672426068491989e-11,None,None,None,None, , , , 
27426, ,1.162322468679852,6.080224261649427e-11,None,None,None,None, , , , 
27427, ,1.162322468679852,6.517339604882421e-11,None,None,None,None, , , , 
27428, ,1.162322468679852,6.985879746785235e-11,None,None,None,None, , , , 
27429, ,1.162322468679852,7.48810385759003e-11,None,None,None,None, , , , 
27430, ,1.162322468679852,8.026433522257174e-11,None,None,None,None, , , , 
27431, ,1.162322468679852,8.603464416684492e-11,None,None,None,None, , , , 
27432, ,1.162322468679852,9.221978823334341e-11,None,None,None,None, , , , 
27433, ,1.162322468679852,9.884959046625586e-11,None,None,None,None, , , , 
27434, ,1.162322468679852,1.0595601792776149e-10,None,None,None,None, , , , 
27435, ,1.162322468679852,1.1357333583431027e-10,None,None,None,None, , , , 
27436, ,1.162322468679852,1.217382727739662e-10,None,None,None,None, , , , 
27437, ,1.162322468679852,1.3049019780144016e-10,None,None,None,None, , , , 
27438, ,1.162322468679852,1.398713102647236e-10,None,None,None,None, , , , 
27439, ,1.162322468679852,1.4992684327860468e-10,None,None,None,None, , , , 
27440, ,1.162322468679852,1.6070528182616384e-10,None,None,None,None, , , , 
27441, ,1.162322468679852,1.722585965398784e-10,None,None,None,None, , , , 
27442, ,1.162322468679852,1.8464249428955463e-10,None,None,None,None, , , , 
27443, ,1.162322468679852,1.9791668678535569e-10,None,None,None,None, , , , 
27444, ,1.162322468679852,2.121451784910628e-10,None,None,None,None, , , , 
27445, ,1.162322468679852,2.273965752357932e-10,None,None,None,None, , , , 
27446, ,1.162322468679852,2.4374441501222216e-10,None,None,None,None, , , , 
27447, ,1.162322468679852,2.6126752255633265e-10,None,None,None,None, , , , 
27448, ,1.162322468679852,2.8005038941836253e-10,None,None,None,None, , , , 
27449, ,1.162322468679852,3.0018358135755917e-10,None,None,None,None, , , , 
27450, ,1.162322468679852,3.2176417502507347e-10,None,None,None,None, , , , 
27451, ,1.162322468679852,3.4489622604057533e-10,None,None,None,None, , , , 
27452, ,1.162322468679852,3.696912707195032e-10,None,None,None,None, , , , 
27453, ,1.162322468679852,3.9626886387014783e-10,None,None,None,None, , , , 
27454, ,1.162322468679852,4.2475715525368935e-10,None,None,None,None, , , , 
27455, ,1.162322468679852,4.552935074866938e-10,None,None,None,None, , , , 
27456, ,1.162322468679852,4.880251583654433e-10,None,None,None,None, , , , 
27457, ,1.162322468679852,5.231099308056258e-10,None,None,None,None, , , , 
27458, ,1.162322468679852,5.60716993820547e-10,None,None,None,None, , , , 
27459, ,1.162322468679852,6.010276782070387e-10,None,None,None,None, , , , 
27460, ,1.162322468679852,6.442363508721371e-10,None,None,None,None, , , , 
27461, ,1.162322468679852,6.905513520162316e-10,None,None,None,None, , , , 
27462, ,1.162322468679852,7.401959996915653e-10,None,None,None,None, , , , 
27463, ,1.162322468679852,7.934096665797492e-10,None,None,None,None, , , , 
27464, ,1.162322468679852,8.504489341802668e-10,None,None,None,None, , , , 
27465, ,1.162322468679852,9.115888299750837e-10,None,None,None,None, , , , 
27466, ,1.162322468679852,9.771241535346502e-10,None,None,None,None, , , , 
27467, ,1.162322468679852,1.0473708979594486e-09,None,None,None,None, , , , 
27468, ,1.162322468679852,1.1226677735108114e-09,None,None,None,None, , , , 
27469, ,1.162322468679852,1.2033778407775904e-09,None,None,None,None, , , , 
27470, ,1.162322468679852,1.289890261253308e-09,None,None,None,None, , , , 
27471, ,1.162322468679852,1.3826221737646535e-09,None,None,None,None, , , , 
27472, ,1.162322468679852,1.4820207057988602e-09,None,None,None,None, , , , 
27473, ,1.162322468679852,1.5885651294280526e-09,None,None,None,None, , , , 
27474, ,1.162322468679852,1.702769172225898e-09,None,None,None,None, , , , 
27475, ,1.162322468679852,1.825183494319039e-09,None,None,None,None, , , , 
27476, ,1.162322468679852,1.956398343517065e-09,None,None,None,None, , , , 
27477, ,1.162322468679852,2.0970464013232305e-09,None,None,None,None, , , , 
27478, ,1.162322468679852,2.2478058335487307e-09,None,None,None,None, , , , 
27479, ,1.162322468679852,2.409403560239527e-09,None,None,None,None, , , , 
27480, ,1.162322468679852,2.582618760682675e-09,None,None,None,None, , , , 
27481, ,1.162322468679852,2.768286630392061e-09,None,None,None,None, , , , 
27482, ,1.162322468679852,2.9673024081888724e-09,None,None,None,None, , , , 
27483, ,1.162322468679852,3.180625692794119e-09,None,None,None,None, , , , 
27484, ,1.162322468679852,3.409285069746807e-09,None,None,None,None, , , , 
27485, ,1.162322468679852,3.654383070957262e-09,None,None,None,None, , , , 
27486, ,1.162322468679852,3.917101490809261e-09,None,None,None,None, , , , 
27487, ,1.162322468679852,4.198707084443906e-09,None,None,None,None, , , , 
27488, ,1.162322468679852,4.500557675700488e-09,None,None,None,None, , , , 
27489, ,1.162322468679852,4.824108704165374e-09,None,None,None,None, , , , 
27490, ,1.162322468679852,5.170920242896755e-09,None,None,None,None, , , , 
27491, ,1.162322468679852,5.542664520663096e-09,None,None,None,None, , , , 
27492, ,1.162322468679852,5.941133984965041e-09,None,None,None,None, , , , 
27493, ,1.162322468679852,6.3682499447185856e-09,None,None,None,None, , , , 
27494, ,1.162322468679852,6.826071834272379e-09,None,None,None,None, , , , 
27495, ,1.162322468679852,7.316807143427175e-09,None,None,None,None, , , , 
27496, ,1.162322468679852,7.842822061337681e-09,None,None,None,None, , , , 
27497, ,1.162322468679852,8.406652885618316e-09,None,None,None,None, , , , 
27498, ,1.162322468679852,9.011018251665036e-09,None,None,None,None, , , , 
27499, ,1.162322468679852,9.658832241158707e-09,None,None,None,None, , , , 
27500, ,1.162322468679852,1.0353218432956616e-08,None,None,None,None, , , , 
27501, ,1.162322468679852,1.1097524964120722e-08,None,None,None,None, , , , 
27502, ,1.162322468679852,1.1895340673703208e-08,None,None,None,None, , , , 
27503, ,1.162322468679852,1.2750512407130128e-08,None,None,None,None, , , , 
27504, ,1.162322468679852,1.3667163564620044e-08,None,None,None,None, , , , 
27505, ,1.162322468679852,1.4649713983072853e-08,None,None,None,None, , , , 
27506, ,1.162322468679852,1.5702901247293774e-08,None,None,None,None, , , , 
27507, ,1.162322468679852,1.683180353330955e-08,None,None,None,None, , , , 
27508, ,1.162322468679852,1.8041864093920717e-08,None,None,None,None, , , , 
27509, ,1.162322468679852,1.933891750455232e-08,None,None,None,None, , , , 
27510, ,1.162322468679852,2.0729217795953697e-08,None,None,None,None, , , , 
27511, ,1.162322468679852,2.221946860939524e-08,None,None,None,None, , , , 
27512, ,1.162322468679852,2.3816855519761606e-08,None,None,None,None, , , , 
27513, ,1.162322468679852,2.552908068239516e-08,None,None,None,None, , , , 
27514, ,1.162322468679852,2.7364399970746666e-08,None,None,None,None, , , , 
27515, ,1.162322468679852,2.933166278390042e-08,None,None,None,None, , , , 
27516, ,1.162322468679852,3.1440354715915e-08,None,None,None,None, , , , 
27517, ,1.162322468679852,3.370064329271925e-08,None,None,None,None, , , , 
27518, ,1.162322468679852,3.612342699709431e-08,None,None,None,None, , , , 
27519, ,1.162322468679852,3.872038781812557e-08,None,None,None,None, , , , 
27520, ,1.162322468679852,4.1504047578504727e-08,None,None,None,None, , , , 
27521, ,1.162322468679852,4.448782831127585e-08,None,None,None,None, , , , 
27522, ,1.162322468679852,4.768611697714474e-08,None,None,None,None, , , , 
27523, ,1.162322468679852,5.111433483440165e-08,None,None,None,None, , , , 
27524, ,1.162322468679852,5.478901179593934e-08,None,None,None,None, , , , 
27525, ,1.162322468679852,5.872786613189478e-08,None,None,None,None, , , , 
27526, ,1.162322468679852,6.294988990221888e-08,None,None,None,None, , , , 
27527, ,1.162322468679852,6.747544053110687e-08,None,None,None,None, , , , 
27528, ,1.162322468679852,7.232633896483534e-08,None,None,None,None, , , , 
27529, ,1.162322468679852,7.752597488629465e-08,None,None,None,None, , , , 
27530, ,1.162322468679852,8.309941949353386e-08,None,None,None,None, , , , 
27531, ,1.162322468679852,8.907354638610439e-08,None,None,None,None, , , , 
27532, ,1.162322468679852,9.547716114208066e-08,None,None,None,None, , , , 
27533, ,1.162322468679852,1.0234114021054528e-07,None,None,None,None, , , , 
27534, ,1.162322468679852,1.0969857978923841e-07,None,None,None,None, , , , 
27535, ,1.162322468679852,1.1758495540521555e-07,None,None,None,None, , , , 
27536, ,1.162322468679852,1.2603829296797277e-07,None,None,None,None, , , , 
27537, ,1.162322468679852,1.350993521198025e-07,None,None,None,None, , , , 
27538, ,1.162322468679852,1.4481182276745328e-07,None,None,None,None, , , , 
27539, ,1.162322468679852,1.552225357427048e-07,None,None,None,None, , , , 
27540, ,1.162322468679852,1.6638168860761273e-07,None,None,None,None, , , , 
27541, ,1.162322468679852,1.7834308769319093e-07,None,None,None,None, , , , 
27542, ,1.162322468679852,1.9116440753857e-07,None,None,None,None, , , , 
27543, ,1.162322468679852,2.049074689815846e-07,None,None,None,None, , , , 
27544, ,1.162322468679852,2.1963853724165468e-07,None,None,None,None, , , , 
27545, ,1.162322468679852,2.3542864143224158e-07,None,None,None,None, , , , 
27546, ,1.162322468679852,2.523539170434766e-07,None,None,None,None, , , , 
27547, ,1.162322468679852,2.7049597304631316e-07,None,None,None,None, , , , 
27548, ,1.162322468679852,2.899422853882875e-07,None,None,None,None, , , , 
27549, ,1.162322468679852,3.107866187782014e-07,None,None,None,None, , , , 
27550, ,1.162322468679852,3.33129478793467e-07,None,None,None,None, , , , 
27551, ,1.162322468679852,3.5707859649004626e-07,None,None,None,None, , , , 
27552, ,1.162322468679852,3.827494478516307e-07,None,None,None,None, , , , 
27553, ,1.162322468679852,4.1026581058271904e-07,None,None,None,None, , , , 
27554, ,1.162322468679852,4.397603609302722e-07,None,None,None,None, , , , 
27555, ,1.162322468679852,4.7137531341167185e-07,None,None,None,None, , , , 
27556, ,1.162322468679852,5.052631065335679e-07,None,None,None,None, , , , 
27557, ,1.162322468679852,5.415871378079465e-07,None,None,None,None, , , , 
27558, ,1.162322468679852,5.805225516094896e-07,None,None,None,None, , , , 
27559, ,1.162322468679852,6.222570836730232e-07,None,None,None,None, , , , 
27560, ,1.162322468679852,6.669919663030115e-07,None,None,None,None, , , , 
27561, ,1.162322468679852,7.149428986597576e-07,None,None,None,None, , , , 
27562, ,1.162322468679852,7.663410868007445e-07,None,None,None,None, , , , 
27563, ,1.162322468679852,8.214343584919422e-07,None,None,None,None, , , , 
27564, ,1.162322468679852,8.804883581643463e-07,None,None,None,None, , , , 
27565, ,1.162322468679852,9.437878277775371e-07,None,None,None,None, , , , 
27566, ,1.162322468679852,1.0116379797662072e-06,None,None,None,None, , , , 
27567, ,1.162322468679852,1.0843659686896086e-06,None,None,None,None, , , , 
27568, ,1.162322468679852,1.1623224686798522e-06,None,None,None,None, , , , 
27569, ,1.162322468679852,1.2458833642950078e-06,None,None,None,None, , , , 
27570, ,1.162322468679852,1.3354515629298971e-06,None,None,None,None, , , , 
27571, ,1.162322468679852,1.4314589375234786e-06,None,None,None,None, , , , 
27572, ,1.162322468679852,1.53436840893001e-06,None,None,None,None, , , , 
27573, ,1.162322468679852,1.6446761779946631e-06,None,None,None,None, , , , 
27574, ,1.162322468679852,1.762914118095948e-06,None,None,None,None, , , , 
27575, ,1.162322468679852,1.8896523396912082e-06,None,None,None,None, , , , 
27576, ,1.162322468679852,2.0255019392306664e-06,None,None,None,None, , , , 
27577, ,1.162322468679852,2.171117945694501e-06,None,None,None,None, , , , 
27578, ,1.162322468679852,2.327202478960408e-06,None,None,None,None, , , , 
27579, ,1.162322468679852,2.494508135230317e-06,None,None,None,None, , , , 
27580, ,1.162322468679852,2.673841615839944e-06,None,None,None,None, , , , 
27581, ,1.162322468679852,2.8660676169482507e-06,None,None,None,None, , , , 
27582, ,1.162322468679852,3.0721129988617524e-06,None,None,None,None, , , , 
27583, ,1.162322468679852,3.292971255097148e-06,None,None,None,None, , , , 
27584, ,1.162322468679852,3.5297073027306505e-06,None,None,None,None, , , , 
27585, ,1.162322468679852,3.783462617131925e-06,None,None,None,None, , , , 
27586, ,1.162322468679852,4.0554607358408275e-06,None,None,None,None, , , , 
27587, ,1.162322468679852,4.3470131581250175e-06,None,None,None,None, , , , 
27588, ,1.162322468679852,4.6595256686646765e-06,None,None,None,None, , , , 
27589, ,1.162322468679852,4.99450511585514e-06,None,None,None,None, , , , 
27590, ,1.162322468679852,5.353566677410719e-06,None,None,None,None, , , , 
27591, ,1.162322468679852,5.738441648302393e-06,None,None,None,None, , , , 
27592, ,1.162322468679852,6.150985788580505e-06,None,None,None,None, , , , 
27593, ,1.162322468679852,6.593188271333541e-06,None,None,None,None, , , , 
27594, ,1.162322468679852,7.067181273927492e-06,None,None,None,None, , , , 
27595, ,1.162322468679852,7.575250258771904e-06,None,None,None,None, , , , 
27596, ,1.162322468679852,8.119844993184007e-06,None,None,None,None, , , , 
27597, ,1.162322468679852,8.703591361485167e-06,None,None,None,None, , , , 
27598, ,1.162322468679852,9.329304026284676e-06,None,None,None,None, , , , 
27599, ,1.162322468679852,1e-05,None,None,None,None, , , , 
27600, ,1.2033778407775892,1e-11,None,None,None,None, , , , 
27601, ,1.2033778407775892,1.0718913192051263e-11,None,None,None,None, , , , 
27602, ,1.2033778407775892,1.1489510001873107e-11,None,None,None,None, , , , 
27603, ,1.2033778407775892,1.2315506032928262e-11,None,None,None,None, , , , 
27604, ,1.2033778407775892,1.3200884008314167e-11,None,None,None,None, , , , 
27605, ,1.2033778407775892,1.4149912974345786e-11,None,None,None,None, , , , 
27606, ,1.2033778407775892,1.5167168884709242e-11,None,None,None,None, , , , 
27607, ,1.2033778407775892,1.6257556664437934e-11,None,None,None,None, , , , 
27608, ,1.2033778407775892,1.7426333860096473e-11,None,None,None,None, , , , 
27609, ,1.2033778407775892,1.8679135990207848e-11,None,None,None,None, , , , 
27610, ,1.2033778407775892,2.0022003718155844e-11,None,None,None,None, , , , 
27611, ,1.2033778407775892,2.1461411978584013e-11,None,None,None,None, , , , 
27612, ,1.2033778407775892,2.300430119772921e-11,None,None,None,None, , , , 
27613, ,1.2033778407775892,2.465811075822604e-11,None,None,None,None, , , , 
27614, ,1.2033778407775892,2.643081486974103e-11,None,None,None,None, , , , 
27615, ,1.2033778407775892,2.8330961018393178e-11,None,None,None,None, , , , 
27616, ,1.2033778407775892,3.036771118035461e-11,None,None,None,None, , , , 
27617, ,1.2033778407775892,3.255088599835057e-11,None,None,None,None, , , , 
27618, ,1.2033778407775892,3.4891012134067674e-11,None,None,None,None, , , , 
27619, ,1.2033778407775892,3.739937302478801e-11,None,None,None,None, , , , 
27620, ,1.2033778407775892,4.0088063288984646e-11,None,None,None,None, , , , 
27621, ,1.2033778407775892,4.297004704320835e-11,None,None,None,None, , , , 
27622, ,1.2033778407775892,4.605922041145113e-11,None,None,None,None, , , , 
27623, ,1.2033778407775892,4.937047852839004e-11,None,None,None,None, , , , 
27624, ,1.2033778407775892,5.2919787359584366e-11,None,None,None,None, , , , 
27625, ,1.2033778407775892,5.672426068491989e-11,None,None,None,None, , , , 
27626, ,1.2033778407775892,6.080224261649427e-11,None,None,None,None, , , , 
27627, ,1.2033778407775892,6.517339604882421e-11,None,None,None,None, , , , 
27628, ,1.2033778407775892,6.985879746785235e-11,None,None,None,None, , , , 
27629, ,1.2033778407775892,7.48810385759003e-11,None,None,None,None, , , , 
27630, ,1.2033778407775892,8.026433522257174e-11,None,None,None,None, , , , 
27631, ,1.2033778407775892,8.603464416684492e-11,None,None,None,None, , , , 
27632, ,1.2033778407775892,9.221978823334341e-11,None,None,None,None, , , , 
27633, ,1.2033778407775892,9.884959046625586e-11,None,None,None,None, , , , 
27634, ,1.2033778407775892,1.0595601792776149e-10,None,None,None,None, , , , 
27635, ,1.2033778407775892,1.1357333583431027e-10,None,None,None,None, , , , 
27636, ,1.2033778407775892,1.217382727739662e-10,None,None,None,None, , , , 
27637, ,1.2033778407775892,1.3049019780144016e-10,None,None,None,None, , , , 
27638, ,1.2033778407775892,1.398713102647236e-10,None,None,None,None, , , , 
27639, ,1.2033778407775892,1.4992684327860468e-10,None,None,None,None, , , , 
27640, ,1.2033778407775892,1.6070528182616384e-10,None,None,None,None, , , , 
27641, ,1.2033778407775892,1.722585965398784e-10,None,None,None,None, , , , 
27642, ,1.2033778407775892,1.8464249428955463e-10,None,None,None,None, , , , 
27643, ,1.2033778407775892,1.9791668678535569e-10,None,None,None,None, , , , 
27644, ,1.2033778407775892,2.121451784910628e-10,None,None,None,None, , , , 
27645, ,1.2033778407775892,2.273965752357932e-10,None,None,None,None, , , , 
27646, ,1.2033778407775892,2.4374441501222216e-10,None,None,None,None, , , , 
27647, ,1.2033778407775892,2.6126752255633265e-10,None,None,None,None, , , , 
27648, ,1.2033778407775892,2.8005038941836253e-10,None,None,None,None, , , , 
27649, ,1.2033778407775892,3.0018358135755917e-10,None,None,None,None, , , , 
27650, ,1.2033778407775892,3.2176417502507347e-10,None,None,None,None, , , , 
27651, ,1.2033778407775892,3.4489622604057533e-10,None,None,None,None, , , , 
27652, ,1.2033778407775892,3.696912707195032e-10,None,None,None,None, , , , 
27653, ,1.2033778407775892,3.9626886387014783e-10,None,None,None,None, , , , 
27654, ,1.2033778407775892,4.2475715525368935e-10,None,None,None,None, , , , 
27655, ,1.2033778407775892,4.552935074866938e-10,None,None,None,None, , , , 
27656, ,1.2033778407775892,4.880251583654433e-10,None,None,None,None, , , , 
27657, ,1.2033778407775892,5.231099308056258e-10,None,None,None,None, , , , 
27658, ,1.2033778407775892,5.60716993820547e-10,None,None,None,None, , , , 
27659, ,1.2033778407775892,6.010276782070387e-10,None,None,None,None, , , , 
27660, ,1.2033778407775892,6.442363508721371e-10,None,None,None,None, , , , 
27661, ,1.2033778407775892,6.905513520162316e-10,None,None,None,None, , , , 
27662, ,1.2033778407775892,7.401959996915653e-10,None,None,None,None, , , , 
27663, ,1.2033778407775892,7.934096665797492e-10,None,None,None,None, , , , 
27664, ,1.2033778407775892,8.504489341802668e-10,None,None,None,None, , , , 
27665, ,1.2033778407775892,9.115888299750837e-10,None,None,None,None, , , , 
27666, ,1.2033778407775892,9.771241535346502e-10,None,None,None,None, , , , 
27667, ,1.2033778407775892,1.0473708979594486e-09,None,None,None,None, , , , 
27668, ,1.2033778407775892,1.1226677735108114e-09,None,None,None,None, , , , 
27669, ,1.2033778407775892,1.2033778407775904e-09,None,None,None,None, , , , 
27670, ,1.2033778407775892,1.289890261253308e-09,None,None,None,None, , , , 
27671, ,1.2033778407775892,1.3826221737646535e-09,None,None,None,None, , , , 
27672, ,1.2033778407775892,1.4820207057988602e-09,None,None,None,None, , , , 
27673, ,1.2033778407775892,1.5885651294280526e-09,None,None,None,None, , , , 
27674, ,1.2033778407775892,1.702769172225898e-09,None,None,None,None, , , , 
27675, ,1.2033778407775892,1.825183494319039e-09,None,None,None,None, , , , 
27676, ,1.2033778407775892,1.956398343517065e-09,None,None,None,None, , , , 
27677, ,1.2033778407775892,2.0970464013232305e-09,None,None,None,None, , , , 
27678, ,1.2033778407775892,2.2478058335487307e-09,None,None,None,None, , , , 
27679, ,1.2033778407775892,2.409403560239527e-09,None,None,None,None, , , , 
27680, ,1.2033778407775892,2.582618760682675e-09,None,None,None,None, , , , 
27681, ,1.2033778407775892,2.768286630392061e-09,None,None,None,None, , , , 
27682, ,1.2033778407775892,2.9673024081888724e-09,None,None,None,None, , , , 
27683, ,1.2033778407775892,3.180625692794119e-09,None,None,None,None, , , , 
27684, ,1.2033778407775892,3.409285069746807e-09,None,None,None,None, , , , 
27685, ,1.2033778407775892,3.654383070957262e-09,None,None,None,None, , , , 
27686, ,1.2033778407775892,3.917101490809261e-09,None,None,None,None, , , , 
27687, ,1.2033778407775892,4.198707084443906e-09,None,None,None,None, , , , 
27688, ,1.2033778407775892,4.500557675700488e-09,None,None,None,None, , , , 
27689, ,1.2033778407775892,4.824108704165374e-09,None,None,None,None, , , , 
27690, ,1.2033778407775892,5.170920242896755e-09,None,None,None,None, , , , 
27691, ,1.2033778407775892,5.542664520663096e-09,None,None,None,None, , , , 
27692, ,1.2033778407775892,5.941133984965041e-09,None,None,None,None, , , , 
27693, ,1.2033778407775892,6.3682499447185856e-09,None,None,None,None, , , , 
27694, ,1.2033778407775892,6.826071834272379e-09,None,None,None,None, , , , 
27695, ,1.2033778407775892,7.316807143427175e-09,None,None,None,None, , , , 
27696, ,1.2033778407775892,7.842822061337681e-09,None,None,None,None, , , , 
27697, ,1.2033778407775892,8.406652885618316e-09,None,None,None,None, , , , 
27698, ,1.2033778407775892,9.011018251665036e-09,None,None,None,None, , , , 
27699, ,1.2033778407775892,9.658832241158707e-09,None,None,None,None, , , , 
27700, ,1.2033778407775892,1.0353218432956616e-08,None,None,None,None, , , , 
27701, ,1.2033778407775892,1.1097524964120722e-08,None,None,None,None, , , , 
27702, ,1.2033778407775892,1.1895340673703208e-08,None,None,None,None, , , , 
27703, ,1.2033778407775892,1.2750512407130128e-08,None,None,None,None, , , , 
27704, ,1.2033778407775892,1.3667163564620044e-08,None,None,None,None, , , , 
27705, ,1.2033778407775892,1.4649713983072853e-08,None,None,None,None, , , , 
27706, ,1.2033778407775892,1.5702901247293774e-08,None,None,None,None, , , , 
27707, ,1.2033778407775892,1.683180353330955e-08,None,None,None,None, , , , 
27708, ,1.2033778407775892,1.8041864093920717e-08,None,None,None,None, , , , 
27709, ,1.2033778407775892,1.933891750455232e-08,None,None,None,None, , , , 
27710, ,1.2033778407775892,2.0729217795953697e-08,None,None,None,None, , , , 
27711, ,1.2033778407775892,2.221946860939524e-08,None,None,None,None, , , , 
27712, ,1.2033778407775892,2.3816855519761606e-08,None,None,None,None, , , , 
27713, ,1.2033778407775892,2.552908068239516e-08,None,None,None,None, , , , 
27714, ,1.2033778407775892,2.7364399970746666e-08,None,None,None,None, , , , 
27715, ,1.2033778407775892,2.933166278390042e-08,None,None,None,None, , , , 
27716, ,1.2033778407775892,3.1440354715915e-08,None,None,None,None, , , , 
27717, ,1.2033778407775892,3.370064329271925e-08,None,None,None,None, , , , 
27718, ,1.2033778407775892,3.612342699709431e-08,None,None,None,None, , , , 
27719, ,1.2033778407775892,3.872038781812557e-08,None,None,None,None, , , , 
27720, ,1.2033778407775892,4.1504047578504727e-08,None,None,None,None, , , , 
27721, ,1.2033778407775892,4.448782831127585e-08,None,None,None,None, , , , 
27722, ,1.2033778407775892,4.768611697714474e-08,None,None,None,None, , , , 
27723, ,1.2033778407775892,5.111433483440165e-08,None,None,None,None, , , , 
27724, ,1.2033778407775892,5.478901179593934e-08,None,None,None,None, , , , 
27725, ,1.2033778407775892,5.872786613189478e-08,None,None,None,None, , , , 
27726, ,1.2033778407775892,6.294988990221888e-08,None,None,None,None, , , , 
27727, ,1.2033778407775892,6.747544053110687e-08,None,None,None,None, , , , 
27728, ,1.2033778407775892,7.232633896483534e-08,None,None,None,None, , , , 
27729, ,1.2033778407775892,7.752597488629465e-08,None,None,None,None, , , , 
27730, ,1.2033778407775892,8.309941949353386e-08,None,None,None,None, , , , 
27731, ,1.2033778407775892,8.907354638610439e-08,None,None,None,None, , , , 
27732, ,1.2033778407775892,9.547716114208066e-08,None,None,None,None, , , , 
27733, ,1.2033778407775892,1.0234114021054528e-07,None,None,None,None, , , , 
27734, ,1.2033778407775892,1.0969857978923841e-07,None,None,None,None, , , , 
27735, ,1.2033778407775892,1.1758495540521555e-07,None,None,None,None, , , , 
27736, ,1.2033778407775892,1.2603829296797277e-07,None,None,None,None, , , , 
27737, ,1.2033778407775892,1.350993521198025e-07,None,None,None,None, , , , 
27738, ,1.2033778407775892,1.4481182276745328e-07,None,None,None,None, , , , 
27739, ,1.2033778407775892,1.552225357427048e-07,None,None,None,None, , , , 
27740, ,1.2033778407775892,1.6638168860761273e-07,None,None,None,None, , , , 
27741, ,1.2033778407775892,1.7834308769319093e-07,None,None,None,None, , , , 
27742, ,1.2033778407775892,1.9116440753857e-07,None,None,None,None, , , , 
27743, ,1.2033778407775892,2.049074689815846e-07,None,None,None,None, , , , 
27744, ,1.2033778407775892,2.1963853724165468e-07,None,None,None,None, , , , 
27745, ,1.2033778407775892,2.3542864143224158e-07,None,None,None,None, , , , 
27746, ,1.2033778407775892,2.523539170434766e-07,None,None,None,None, , , , 
27747, ,1.2033778407775892,2.7049597304631316e-07,None,None,None,None, , , , 
27748, ,1.2033778407775892,2.899422853882875e-07,None,None,None,None, , , , 
27749, ,1.2033778407775892,3.107866187782014e-07,None,None,None,None, , , , 
27750, ,1.2033778407775892,3.33129478793467e-07,None,None,None,None, , , , 
27751, ,1.2033778407775892,3.5707859649004626e-07,None,None,None,None, , , , 
27752, ,1.2033778407775892,3.827494478516307e-07,None,None,None,None, , , , 
27753, ,1.2033778407775892,4.1026581058271904e-07,None,None,None,None, , , , 
27754, ,1.2033778407775892,4.397603609302722e-07,None,None,None,None, , , , 
27755, ,1.2033778407775892,4.7137531341167185e-07,None,None,None,None, , , , 
27756, ,1.2033778407775892,5.052631065335679e-07,None,None,None,None, , , , 
27757, ,1.2033778407775892,5.415871378079465e-07,None,None,None,None, , , , 
27758, ,1.2033778407775892,5.805225516094896e-07,None,None,None,None, , , , 
27759, ,1.2033778407775892,6.222570836730232e-07,None,None,None,None, , , , 
27760, ,1.2033778407775892,6.669919663030115e-07,None,None,None,None, , , , 
27761, ,1.2033778407775892,7.149428986597576e-07,None,None,None,None, , , , 
27762, ,1.2033778407775892,7.663410868007445e-07,None,None,None,None, , , , 
27763, ,1.2033778407775892,8.214343584919422e-07,None,None,None,None, , , , 
27764, ,1.2033778407775892,8.804883581643463e-07,None,None,None,None, , , , 
27765, ,1.2033778407775892,9.437878277775371e-07,None,None,None,None, , , , 
27766, ,1.2033778407775892,1.0116379797662072e-06,None,None,None,None, , , , 
27767, ,1.2033778407775892,1.0843659686896086e-06,None,None,None,None, , , , 
27768, ,1.2033778407775892,1.1623224686798522e-06,None,None,None,None, , , , 
27769, ,1.2033778407775892,1.2458833642950078e-06,None,None,None,None, , , , 
27770, ,1.2033778407775892,1.3354515629298971e-06,None,None,None,None, , , , 
27771, ,1.2033778407775892,1.4314589375234786e-06,None,None,None,None, , , , 
27772, ,1.2033778407775892,1.53436840893001e-06,None,None,None,None, , , , 
27773, ,1.2033778407775892,1.6446761779946631e-06,None,None,None,None, , , , 
27774, ,1.2033778407775892,1.762914118095948e-06,None,None,None,None, , , , 
27775, ,1.2033778407775892,1.8896523396912082e-06,None,None,None,None, , , , 
27776, ,1.2033778407775892,2.0255019392306664e-06,None,None,None,None, , , , 
27777, ,1.2033778407775892,2.171117945694501e-06,None,None,None,None, , , , 
27778, ,1.2033778407775892,2.327202478960408e-06,None,None,None,None, , , , 
27779, ,1.2033778407775892,2.494508135230317e-06,None,None,None,None, , , , 
27780, ,1.2033778407775892,2.673841615839944e-06,None,None,None,None, , , , 
27781, ,1.2033778407775892,2.8660676169482507e-06,None,None,None,None, , , , 
27782, ,1.2033778407775892,3.0721129988617524e-06,None,None,None,None, , , , 
27783, ,1.2033778407775892,3.292971255097148e-06,None,None,None,None, , , , 
27784, ,1.2033778407775892,3.5297073027306505e-06,None,None,None,None, , , , 
27785, ,1.2033778407775892,3.783462617131925e-06,None,None,None,None, , , , 
27786, ,1.2033778407775892,4.0554607358408275e-06,None,None,None,None, , , , 
27787, ,1.2033778407775892,4.3470131581250175e-06,None,None,None,None, , , , 
27788, ,1.2033778407775892,4.6595256686646765e-06,None,None,None,None, , , , 
27789, ,1.2033778407775892,4.99450511585514e-06,None,None,None,None, , , , 
27790, ,1.2033778407775892,5.353566677410719e-06,None,None,None,None, , , , 
27791, ,1.2033778407775892,5.738441648302393e-06,None,None,None,None, , , , 
27792, ,1.2033778407775892,6.150985788580505e-06,None,None,None,None, , , , 
27793, ,1.2033778407775892,6.593188271333541e-06,None,None,None,None, , , , 
27794, ,1.2033778407775892,7.067181273927492e-06,None,None,None,None, , , , 
27795, ,1.2033778407775892,7.575250258771904e-06,None,None,None,None, , , , 
27796, ,1.2033778407775892,8.119844993184007e-06,None,None,None,None, , , , 
27797, ,1.2033778407775892,8.703591361485167e-06,None,None,None,None, , , , 
27798, ,1.2033778407775892,9.329304026284676e-06,None,None,None,None, , , , 
27799, ,1.2033778407775892,1e-05,None,None,None,None, , , , 
27800, ,1.2458833642950082,1e-11,None,None,None,None, , , , 
27801, ,1.2458833642950082,1.0718913192051263e-11,None,None,None,None, , , , 
27802, ,1.2458833642950082,1.1489510001873107e-11,None,None,None,None, , , , 
27803, ,1.2458833642950082,1.2315506032928262e-11,None,None,None,None, , , , 
27804, ,1.2458833642950082,1.3200884008314167e-11,None,None,None,None, , , , 
27805, ,1.2458833642950082,1.4149912974345786e-11,None,None,None,None, , , , 
27806, ,1.2458833642950082,1.5167168884709242e-11,None,None,None,None, , , , 
27807, ,1.2458833642950082,1.6257556664437934e-11,None,None,None,None, , , , 
27808, ,1.2458833642950082,1.7426333860096473e-11,None,None,None,None, , , , 
27809, ,1.2458833642950082,1.8679135990207848e-11,None,None,None,None, , , , 
27810, ,1.2458833642950082,2.0022003718155844e-11,None,None,None,None, , , , 
27811, ,1.2458833642950082,2.1461411978584013e-11,None,None,None,None, , , , 
27812, ,1.2458833642950082,2.300430119772921e-11,None,None,None,None, , , , 
27813, ,1.2458833642950082,2.465811075822604e-11,None,None,None,None, , , , 
27814, ,1.2458833642950082,2.643081486974103e-11,None,None,None,None, , , , 
27815, ,1.2458833642950082,2.8330961018393178e-11,None,None,None,None, , , , 
27816, ,1.2458833642950082,3.036771118035461e-11,None,None,None,None, , , , 
27817, ,1.2458833642950082,3.255088599835057e-11,None,None,None,None, , , , 
27818, ,1.2458833642950082,3.4891012134067674e-11,None,None,None,None, , , , 
27819, ,1.2458833642950082,3.739937302478801e-11,None,None,None,None, , , , 
27820, ,1.2458833642950082,4.0088063288984646e-11,None,None,None,None, , , , 
27821, ,1.2458833642950082,4.297004704320835e-11,None,None,None,None, , , , 
27822, ,1.2458833642950082,4.605922041145113e-11,None,None,None,None, , , , 
27823, ,1.2458833642950082,4.937047852839004e-11,None,None,None,None, , , , 
27824, ,1.2458833642950082,5.2919787359584366e-11,None,None,None,None, , , , 
27825, ,1.2458833642950082,5.672426068491989e-11,None,None,None,None, , , , 
27826, ,1.2458833642950082,6.080224261649427e-11,None,None,None,None, , , , 
27827, ,1.2458833642950082,6.517339604882421e-11,None,None,None,None, , , , 
27828, ,1.2458833642950082,6.985879746785235e-11,None,None,None,None, , , , 
27829, ,1.2458833642950082,7.48810385759003e-11,None,None,None,None, , , , 
27830, ,1.2458833642950082,8.026433522257174e-11,None,None,None,None, , , , 
27831, ,1.2458833642950082,8.603464416684492e-11,None,None,None,None, , , , 
27832, ,1.2458833642950082,9.221978823334341e-11,None,None,None,None, , , , 
27833, ,1.2458833642950082,9.884959046625586e-11,None,None,None,None, , , , 
27834, ,1.2458833642950082,1.0595601792776149e-10,None,None,None,None, , , , 
27835, ,1.2458833642950082,1.1357333583431027e-10,None,None,None,None, , , , 
27836, ,1.2458833642950082,1.217382727739662e-10,None,None,None,None, , , , 
27837, ,1.2458833642950082,1.3049019780144016e-10,None,None,None,None, , , , 
27838, ,1.2458833642950082,1.398713102647236e-10,None,None,None,None, , , , 
27839, ,1.2458833642950082,1.4992684327860468e-10,None,None,None,None, , , , 
27840, ,1.2458833642950082,1.6070528182616384e-10,None,None,None,None, , , , 
27841, ,1.2458833642950082,1.722585965398784e-10,None,None,None,None, , , , 
27842, ,1.2458833642950082,1.8464249428955463e-10,None,None,None,None, , , , 
27843, ,1.2458833642950082,1.9791668678535569e-10,None,None,None,None, , , , 
27844, ,1.2458833642950082,2.121451784910628e-10,None,None,None,None, , , , 
27845, ,1.2458833642950082,2.273965752357932e-10,None,None,None,None, , , , 
27846, ,1.2458833642950082,2.4374441501222216e-10,None,None,None,None, , , , 
27847, ,1.2458833642950082,2.6126752255633265e-10,None,None,None,None, , , , 
27848, ,1.2458833642950082,2.8005038941836253e-10,None,None,None,None, , , , 
27849, ,1.2458833642950082,3.0018358135755917e-10,None,None,None,None, , , , 
27850, ,1.2458833642950082,3.2176417502507347e-10,None,None,None,None, , , , 
27851, ,1.2458833642950082,3.4489622604057533e-10,None,None,None,None, , , , 
27852, ,1.2458833642950082,3.696912707195032e-10,None,None,None,None, , , , 
27853, ,1.2458833642950082,3.9626886387014783e-10,None,None,None,None, , , , 
27854, ,1.2458833642950082,4.2475715525368935e-10,None,None,None,None, , , , 
27855, ,1.2458833642950082,4.552935074866938e-10,None,None,None,None, , , , 
27856, ,1.2458833642950082,4.880251583654433e-10,None,None,None,None, , , , 
27857, ,1.2458833642950082,5.231099308056258e-10,None,None,None,None, , , , 
27858, ,1.2458833642950082,5.60716993820547e-10,None,None,None,None, , , , 
27859, ,1.2458833642950082,6.010276782070387e-10,None,None,None,None, , , , 
27860, ,1.2458833642950082,6.442363508721371e-10,None,None,None,None, , , , 
27861, ,1.2458833642950082,6.905513520162316e-10,None,None,None,None, , , , 
27862, ,1.2458833642950082,7.401959996915653e-10,None,None,None,None, , , , 
27863, ,1.2458833642950082,7.934096665797492e-10,None,None,None,None, , , , 
27864, ,1.2458833642950082,8.504489341802668e-10,None,None,None,None, , , , 
27865, ,1.2458833642950082,9.115888299750837e-10,None,None,None,None, , , , 
27866, ,1.2458833642950082,9.771241535346502e-10,None,None,None,None, , , , 
27867, ,1.2458833642950082,1.0473708979594486e-09,None,None,None,None, , , , 
27868, ,1.2458833642950082,1.1226677735108114e-09,None,None,None,None, , , , 
27869, ,1.2458833642950082,1.2033778407775904e-09,None,None,None,None, , , , 
27870, ,1.2458833642950082,1.289890261253308e-09,None,None,None,None, , , , 
27871, ,1.2458833642950082,1.3826221737646535e-09,None,None,None,None, , , , 
27872, ,1.2458833642950082,1.4820207057988602e-09,None,None,None,None, , , , 
27873, ,1.2458833642950082,1.5885651294280526e-09,None,None,None,None, , , , 
27874, ,1.2458833642950082,1.702769172225898e-09,None,None,None,None, , , , 
27875, ,1.2458833642950082,1.825183494319039e-09,None,None,None,None, , , , 
27876, ,1.2458833642950082,1.956398343517065e-09,None,None,None,None, , , , 
27877, ,1.2458833642950082,2.0970464013232305e-09,None,None,None,None, , , , 
27878, ,1.2458833642950082,2.2478058335487307e-09,None,None,None,None, , , , 
27879, ,1.2458833642950082,2.409403560239527e-09,None,None,None,None, , , , 
27880, ,1.2458833642950082,2.582618760682675e-09,None,None,None,None, , , , 
27881, ,1.2458833642950082,2.768286630392061e-09,None,None,None,None, , , , 
27882, ,1.2458833642950082,2.9673024081888724e-09,None,None,None,None, , , , 
27883, ,1.2458833642950082,3.180625692794119e-09,None,None,None,None, , , , 
27884, ,1.2458833642950082,3.409285069746807e-09,None,None,None,None, , , , 
27885, ,1.2458833642950082,3.654383070957262e-09,None,None,None,None, , , , 
27886, ,1.2458833642950082,3.917101490809261e-09,None,None,None,None, , , , 
27887, ,1.2458833642950082,4.198707084443906e-09,None,None,None,None, , , , 
27888, ,1.2458833642950082,4.500557675700488e-09,None,None,None,None, , , , 
27889, ,1.2458833642950082,4.824108704165374e-09,None,None,None,None, , , , 
27890, ,1.2458833642950082,5.170920242896755e-09,None,None,None,None, , , , 
27891, ,1.2458833642950082,5.542664520663096e-09,None,None,None,None, , , , 
27892, ,1.2458833642950082,5.941133984965041e-09,None,None,None,None, , , , 
27893, ,1.2458833642950082,6.3682499447185856e-09,None,None,None,None, , , , 
27894, ,1.2458833642950082,6.826071834272379e-09,None,None,None,None, , , , 
27895, ,1.2458833642950082,7.316807143427175e-09,None,None,None,None, , , , 
27896, ,1.2458833642950082,7.842822061337681e-09,None,None,None,None, , , , 
27897, ,1.2458833642950082,8.406652885618316e-09,None,None,None,None, , , , 
27898, ,1.2458833642950082,9.011018251665036e-09,None,None,None,None, , , , 
27899, ,1.2458833642950082,9.658832241158707e-09,None,None,None,None, , , , 
27900, ,1.2458833642950082,1.0353218432956616e-08,None,None,None,None, , , , 
27901, ,1.2458833642950082,1.1097524964120722e-08,None,None,None,None, , , , 
27902, ,1.2458833642950082,1.1895340673703208e-08,None,None,None,None, , , , 
27903, ,1.2458833642950082,1.2750512407130128e-08,None,None,None,None, , , , 
27904, ,1.2458833642950082,1.3667163564620044e-08,None,None,None,None, , , , 
27905, ,1.2458833642950082,1.4649713983072853e-08,None,None,None,None, , , , 
27906, ,1.2458833642950082,1.5702901247293774e-08,None,None,None,None, , , , 
27907, ,1.2458833642950082,1.683180353330955e-08,None,None,None,None, , , , 
27908, ,1.2458833642950082,1.8041864093920717e-08,None,None,None,None, , , , 
27909, ,1.2458833642950082,1.933891750455232e-08,None,None,None,None, , , , 
27910, ,1.2458833642950082,2.0729217795953697e-08,None,None,None,None, , , , 
27911, ,1.2458833642950082,2.221946860939524e-08,None,None,None,None, , , , 
27912, ,1.2458833642950082,2.3816855519761606e-08,None,None,None,None, , , , 
27913, ,1.2458833642950082,2.552908068239516e-08,None,None,None,None, , , , 
27914, ,1.2458833642950082,2.7364399970746666e-08,None,None,None,None, , , , 
27915, ,1.2458833642950082,2.933166278390042e-08,None,None,None,None, , , , 
27916, ,1.2458833642950082,3.1440354715915e-08,None,None,None,None, , , , 
27917, ,1.2458833642950082,3.370064329271925e-08,None,None,None,None, , , , 
27918, ,1.2458833642950082,3.612342699709431e-08,None,None,None,None, , , , 
27919, ,1.2458833642950082,3.872038781812557e-08,None,None,None,None, , , , 
27920, ,1.2458833642950082,4.1504047578504727e-08,None,None,None,None, , , , 
27921, ,1.2458833642950082,4.448782831127585e-08,None,None,None,None, , , , 
27922, ,1.2458833642950082,4.768611697714474e-08,None,None,None,None, , , , 
27923, ,1.2458833642950082,5.111433483440165e-08,None,None,None,None, , , , 
27924, ,1.2458833642950082,5.478901179593934e-08,None,None,None,None, , , , 
27925, ,1.2458833642950082,5.872786613189478e-08,None,None,None,None, , , , 
27926, ,1.2458833642950082,6.294988990221888e-08,None,None,None,None, , , , 
27927, ,1.2458833642950082,6.747544053110687e-08,None,None,None,None, , , , 
27928, ,1.2458833642950082,7.232633896483534e-08,None,None,None,None, , , , 
27929, ,1.2458833642950082,7.752597488629465e-08,None,None,None,None, , , , 
27930, ,1.2458833642950082,8.309941949353386e-08,None,None,None,None, , , , 
27931, ,1.2458833642950082,8.907354638610439e-08,None,None,None,None, , , , 
27932, ,1.2458833642950082,9.547716114208066e-08,None,None,None,None, , , , 
27933, ,1.2458833642950082,1.0234114021054528e-07,None,None,None,None, , , , 
27934, ,1.2458833642950082,1.0969857978923841e-07,None,None,None,None, , , , 
27935, ,1.2458833642950082,1.1758495540521555e-07,None,None,None,None, , , , 
27936, ,1.2458833642950082,1.2603829296797277e-07,None,None,None,None, , , , 
27937, ,1.2458833642950082,1.350993521198025e-07,None,None,None,None, , , , 
27938, ,1.2458833642950082,1.4481182276745328e-07,None,None,None,None, , , , 
27939, ,1.2458833642950082,1.552225357427048e-07,None,None,None,None, , , , 
27940, ,1.2458833642950082,1.6638168860761273e-07,None,None,None,None, , , , 
27941, ,1.2458833642950082,1.7834308769319093e-07,None,None,None,None, , , , 
27942, ,1.2458833642950082,1.9116440753857e-07,None,None,None,None, , , , 
27943, ,1.2458833642950082,2.049074689815846e-07,None,None,None,None, , , , 
27944, ,1.2458833642950082,2.1963853724165468e-07,None,None,None,None, , , , 
27945, ,1.2458833642950082,2.3542864143224158e-07,None,None,None,None, , , , 
27946, ,1.2458833642950082,2.523539170434766e-07,None,None,None,None, , , , 
27947, ,1.2458833642950082,2.7049597304631316e-07,None,None,None,None, , , , 
27948, ,1.2458833642950082,2.899422853882875e-07,None,None,None,None, , , , 
27949, ,1.2458833642950082,3.107866187782014e-07,None,None,None,None, , , , 
27950, ,1.2458833642950082,3.33129478793467e-07,None,None,None,None, , , , 
27951, ,1.2458833642950082,3.5707859649004626e-07,None,None,None,None, , , , 
27952, ,1.2458833642950082,3.827494478516307e-07,None,None,None,None, , , , 
27953, ,1.2458833642950082,4.1026581058271904e-07,None,None,None,None, , , , 
27954, ,1.2458833642950082,4.397603609302722e-07,None,None,None,None, , , , 
27955, ,1.2458833642950082,4.7137531341167185e-07,None,None,None,None, , , , 
27956, ,1.2458833642950082,5.052631065335679e-07,None,None,None,None, , , , 
27957, ,1.2458833642950082,5.415871378079465e-07,None,None,None,None, , , , 
27958, ,1.2458833642950082,5.805225516094896e-07,None,None,None,None, , , , 
27959, ,1.2458833642950082,6.222570836730232e-07,None,None,None,None, , , , 
27960, ,1.2458833642950082,6.669919663030115e-07,None,None,None,None, , , , 
27961, ,1.2458833642950082,7.149428986597576e-07,None,None,None,None, , , , 
27962, ,1.2458833642950082,7.663410868007445e-07,None,None,None,None, , , , 
27963, ,1.2458833642950082,8.214343584919422e-07,None,None,None,None, , , , 
27964, ,1.2458833642950082,8.804883581643463e-07,None,None,None,None, , , , 
27965, ,1.2458833642950082,9.437878277775371e-07,None,None,None,None, , , , 
27966, ,1.2458833642950082,1.0116379797662072e-06,None,None,None,None, , , , 
27967, ,1.2458833642950082,1.0843659686896086e-06,None,None,None,None, , , , 
27968, ,1.2458833642950082,1.1623224686798522e-06,None,None,None,None, , , , 
27969, ,1.2458833642950082,1.2458833642950078e-06,None,None,None,None, , , , 
27970, ,1.2458833642950082,1.3354515629298971e-06,None,None,None,None, , , , 
27971, ,1.2458833642950082,1.4314589375234786e-06,None,None,None,None, , , , 
27972, ,1.2458833642950082,1.53436840893001e-06,None,None,None,None, , , , 
27973, ,1.2458833642950082,1.6446761779946631e-06,None,None,None,None, , , , 
27974, ,1.2458833642950082,1.762914118095948e-06,None,None,None,None, , , , 
27975, ,1.2458833642950082,1.8896523396912082e-06,None,None,None,None, , , , 
27976, ,1.2458833642950082,2.0255019392306664e-06,None,None,None,None, , , , 
27977, ,1.2458833642950082,2.171117945694501e-06,None,None,None,None, , , , 
27978, ,1.2458833642950082,2.327202478960408e-06,None,None,None,None, , , , 
27979, ,1.2458833642950082,2.494508135230317e-06,None,None,None,None, , , , 
27980, ,1.2458833642950082,2.673841615839944e-06,None,None,None,None, , , , 
27981, ,1.2458833642950082,2.8660676169482507e-06,None,None,None,None, , , , 
27982, ,1.2458833642950082,3.0721129988617524e-06,None,None,None,None, , , , 
27983, ,1.2458833642950082,3.292971255097148e-06,None,None,None,None, , , , 
27984, ,1.2458833642950082,3.5297073027306505e-06,None,None,None,None, , , , 
27985, ,1.2458833642950082,3.783462617131925e-06,None,None,None,None, , , , 
27986, ,1.2458833642950082,4.0554607358408275e-06,None,None,None,None, , , , 
27987, ,1.2458833642950082,4.3470131581250175e-06,None,None,None,None, , , , 
27988, ,1.2458833642950082,4.6595256686646765e-06,None,None,None,None, , , , 
27989, ,1.2458833642950082,4.99450511585514e-06,None,None,None,None, , , , 
27990, ,1.2458833642950082,5.353566677410719e-06,None,None,None,None, , , , 
27991, ,1.2458833642950082,5.738441648302393e-06,None,None,None,None, , , , 
27992, ,1.2458833642950082,6.150985788580505e-06,None,None,None,None, , , , 
27993, ,1.2458833642950082,6.593188271333541e-06,None,None,None,None, , , , 
27994, ,1.2458833642950082,7.067181273927492e-06,None,None,None,None, , , , 
27995, ,1.2458833642950082,7.575250258771904e-06,None,None,None,None, , , , 
27996, ,1.2458833642950082,8.119844993184007e-06,None,None,None,None, , , , 
27997, ,1.2458833642950082,8.703591361485167e-06,None,None,None,None, , , , 
27998, ,1.2458833642950082,9.329304026284676e-06,None,None,None,None, , , , 
27999, ,1.2458833642950082,1e-05,None,None,None,None, , , , 
28000, ,1.289890261253308,1e-11,None,None,None,None, , , , 
28001, ,1.289890261253308,1.0718913192051263e-11,None,None,None,None, , , , 
28002, ,1.289890261253308,1.1489510001873107e-11,None,None,None,None, , , , 
28003, ,1.289890261253308,1.2315506032928262e-11,None,None,None,None, , , , 
28004, ,1.289890261253308,1.3200884008314167e-11,None,None,None,None, , , , 
28005, ,1.289890261253308,1.4149912974345786e-11,None,None,None,None, , , , 
28006, ,1.289890261253308,1.5167168884709242e-11,None,None,None,None, , , , 
28007, ,1.289890261253308,1.6257556664437934e-11,None,None,None,None, , , , 
28008, ,1.289890261253308,1.7426333860096473e-11,None,None,None,None, , , , 
28009, ,1.289890261253308,1.8679135990207848e-11,None,None,None,None, , , , 
28010, ,1.289890261253308,2.0022003718155844e-11,None,None,None,None, , , , 
28011, ,1.289890261253308,2.1461411978584013e-11,None,None,None,None, , , , 
28012, ,1.289890261253308,2.300430119772921e-11,None,None,None,None, , , , 
28013, ,1.289890261253308,2.465811075822604e-11,None,None,None,None, , , , 
28014, ,1.289890261253308,2.643081486974103e-11,None,None,None,None, , , , 
28015, ,1.289890261253308,2.8330961018393178e-11,None,None,None,None, , , , 
28016, ,1.289890261253308,3.036771118035461e-11,None,None,None,None, , , , 
28017, ,1.289890261253308,3.255088599835057e-11,None,None,None,None, , , , 
28018, ,1.289890261253308,3.4891012134067674e-11,None,None,None,None, , , , 
28019, ,1.289890261253308,3.739937302478801e-11,None,None,None,None, , , , 
28020, ,1.289890261253308,4.0088063288984646e-11,None,None,None,None, , , , 
28021, ,1.289890261253308,4.297004704320835e-11,None,None,None,None, , , , 
28022, ,1.289890261253308,4.605922041145113e-11,None,None,None,None, , , , 
28023, ,1.289890261253308,4.937047852839004e-11,None,None,None,None, , , , 
28024, ,1.289890261253308,5.2919787359584366e-11,None,None,None,None, , , , 
28025, ,1.289890261253308,5.672426068491989e-11,None,None,None,None, , , , 
28026, ,1.289890261253308,6.080224261649427e-11,None,None,None,None, , , , 
28027, ,1.289890261253308,6.517339604882421e-11,None,None,None,None, , , , 
28028, ,1.289890261253308,6.985879746785235e-11,None,None,None,None, , , , 
28029, ,1.289890261253308,7.48810385759003e-11,None,None,None,None, , , , 
28030, ,1.289890261253308,8.026433522257174e-11,None,None,None,None, , , , 
28031, ,1.289890261253308,8.603464416684492e-11,None,None,None,None, , , , 
28032, ,1.289890261253308,9.221978823334341e-11,None,None,None,None, , , , 
28033, ,1.289890261253308,9.884959046625586e-11,None,None,None,None, , , , 
28034, ,1.289890261253308,1.0595601792776149e-10,None,None,None,None, , , , 
28035, ,1.289890261253308,1.1357333583431027e-10,None,None,None,None, , , , 
28036, ,1.289890261253308,1.217382727739662e-10,None,None,None,None, , , , 
28037, ,1.289890261253308,1.3049019780144016e-10,None,None,None,None, , , , 
28038, ,1.289890261253308,1.398713102647236e-10,None,None,None,None, , , , 
28039, ,1.289890261253308,1.4992684327860468e-10,None,None,None,None, , , , 
28040, ,1.289890261253308,1.6070528182616384e-10,None,None,None,None, , , , 
28041, ,1.289890261253308,1.722585965398784e-10,None,None,None,None, , , , 
28042, ,1.289890261253308,1.8464249428955463e-10,None,None,None,None, , , , 
28043, ,1.289890261253308,1.9791668678535569e-10,None,None,None,None, , , , 
28044, ,1.289890261253308,2.121451784910628e-10,None,None,None,None, , , , 
28045, ,1.289890261253308,2.273965752357932e-10,None,None,None,None, , , , 
28046, ,1.289890261253308,2.4374441501222216e-10,None,None,None,None, , , , 
28047, ,1.289890261253308,2.6126752255633265e-10,None,None,None,None, , , , 
28048, ,1.289890261253308,2.8005038941836253e-10,None,None,None,None, , , , 
28049, ,1.289890261253308,3.0018358135755917e-10,None,None,None,None, , , , 
28050, ,1.289890261253308,3.2176417502507347e-10,None,None,None,None, , , , 
28051, ,1.289890261253308,3.4489622604057533e-10,None,None,None,None, , , , 
28052, ,1.289890261253308,3.696912707195032e-10,None,None,None,None, , , , 
28053, ,1.289890261253308,3.9626886387014783e-10,None,None,None,None, , , , 
28054, ,1.289890261253308,4.2475715525368935e-10,None,None,None,None, , , , 
28055, ,1.289890261253308,4.552935074866938e-10,None,None,None,None, , , , 
28056, ,1.289890261253308,4.880251583654433e-10,None,None,None,None, , , , 
28057, ,1.289890261253308,5.231099308056258e-10,None,None,None,None, , , , 
28058, ,1.289890261253308,5.60716993820547e-10,None,None,None,None, , , , 
28059, ,1.289890261253308,6.010276782070387e-10,None,None,None,None, , , , 
28060, ,1.289890261253308,6.442363508721371e-10,None,None,None,None, , , , 
28061, ,1.289890261253308,6.905513520162316e-10,None,None,None,None, , , , 
28062, ,1.289890261253308,7.401959996915653e-10,None,None,None,None, , , , 
28063, ,1.289890261253308,7.934096665797492e-10,None,None,None,None, , , , 
28064, ,1.289890261253308,8.504489341802668e-10,None,None,None,None, , , , 
28065, ,1.289890261253308,9.115888299750837e-10,None,None,None,None, , , , 
28066, ,1.289890261253308,9.771241535346502e-10,None,None,None,None, , , , 
28067, ,1.289890261253308,1.0473708979594486e-09,None,None,None,None, , , , 
28068, ,1.289890261253308,1.1226677735108114e-09,None,None,None,None, , , , 
28069, ,1.289890261253308,1.2033778407775904e-09,None,None,None,None, , , , 
28070, ,1.289890261253308,1.289890261253308e-09,None,None,None,None, , , , 
28071, ,1.289890261253308,1.3826221737646535e-09,None,None,None,None, , , , 
28072, ,1.289890261253308,1.4820207057988602e-09,None,None,None,None, , , , 
28073, ,1.289890261253308,1.5885651294280526e-09,None,None,None,None, , , , 
28074, ,1.289890261253308,1.702769172225898e-09,None,None,None,None, , , , 
28075, ,1.289890261253308,1.825183494319039e-09,None,None,None,None, , , , 
28076, ,1.289890261253308,1.956398343517065e-09,None,None,None,None, , , , 
28077, ,1.289890261253308,2.0970464013232305e-09,None,None,None,None, , , , 
28078, ,1.289890261253308,2.2478058335487307e-09,None,None,None,None, , , , 
28079, ,1.289890261253308,2.409403560239527e-09,None,None,None,None, , , , 
28080, ,1.289890261253308,2.582618760682675e-09,None,None,None,None, , , , 
28081, ,1.289890261253308,2.768286630392061e-09,None,None,None,None, , , , 
28082, ,1.289890261253308,2.9673024081888724e-09,None,None,None,None, , , , 
28083, ,1.289890261253308,3.180625692794119e-09,None,None,None,None, , , , 
28084, ,1.289890261253308,3.409285069746807e-09,None,None,None,None, , , , 
28085, ,1.289890261253308,3.654383070957262e-09,None,None,None,None, , , , 
28086, ,1.289890261253308,3.917101490809261e-09,None,None,None,None, , , , 
28087, ,1.289890261253308,4.198707084443906e-09,None,None,None,None, , , , 
28088, ,1.289890261253308,4.500557675700488e-09,None,None,None,None, , , , 
28089, ,1.289890261253308,4.824108704165374e-09,None,None,None,None, , , , 
28090, ,1.289890261253308,5.170920242896755e-09,None,None,None,None, , , , 
28091, ,1.289890261253308,5.542664520663096e-09,None,None,None,None, , , , 
28092, ,1.289890261253308,5.941133984965041e-09,None,None,None,None, , , , 
28093, ,1.289890261253308,6.3682499447185856e-09,None,None,None,None, , , , 
28094, ,1.289890261253308,6.826071834272379e-09,None,None,None,None, , , , 
28095, ,1.289890261253308,7.316807143427175e-09,None,None,None,None, , , , 
28096, ,1.289890261253308,7.842822061337681e-09,None,None,None,None, , , , 
28097, ,1.289890261253308,8.406652885618316e-09,None,None,None,None, , , , 
28098, ,1.289890261253308,9.011018251665036e-09,None,None,None,None, , , , 
28099, ,1.289890261253308,9.658832241158707e-09,None,None,None,None, , , , 
28100, ,1.289890261253308,1.0353218432956616e-08,None,None,None,None, , , , 
28101, ,1.289890261253308,1.1097524964120722e-08,None,None,None,None, , , , 
28102, ,1.289890261253308,1.1895340673703208e-08,None,None,None,None, , , , 
28103, ,1.289890261253308,1.2750512407130128e-08,None,None,None,None, , , , 
28104, ,1.289890261253308,1.3667163564620044e-08,None,None,None,None, , , , 
28105, ,1.289890261253308,1.4649713983072853e-08,None,None,None,None, , , , 
28106, ,1.289890261253308,1.5702901247293774e-08,None,None,None,None, , , , 
28107, ,1.289890261253308,1.683180353330955e-08,None,None,None,None, , , , 
28108, ,1.289890261253308,1.8041864093920717e-08,None,None,None,None, , , , 
28109, ,1.289890261253308,1.933891750455232e-08,None,None,None,None, , , , 
28110, ,1.289890261253308,2.0729217795953697e-08,None,None,None,None, , , , 
28111, ,1.289890261253308,2.221946860939524e-08,None,None,None,None, , , , 
28112, ,1.289890261253308,2.3816855519761606e-08,None,None,None,None, , , , 
28113, ,1.289890261253308,2.552908068239516e-08,None,None,None,None, , , , 
28114, ,1.289890261253308,2.7364399970746666e-08,None,None,None,None, , , , 
28115, ,1.289890261253308,2.933166278390042e-08,None,None,None,None, , , , 
28116, ,1.289890261253308,3.1440354715915e-08,None,None,None,None, , , , 
28117, ,1.289890261253308,3.370064329271925e-08,None,None,None,None, , , , 
28118, ,1.289890261253308,3.612342699709431e-08,None,None,None,None, , , , 
28119, ,1.289890261253308,3.872038781812557e-08,None,None,None,None, , , , 
28120, ,1.289890261253308,4.1504047578504727e-08,None,None,None,None, , , , 
28121, ,1.289890261253308,4.448782831127585e-08,None,None,None,None, , , , 
28122, ,1.289890261253308,4.768611697714474e-08,None,None,None,None, , , , 
28123, ,1.289890261253308,5.111433483440165e-08,None,None,None,None, , , , 
28124, ,1.289890261253308,5.478901179593934e-08,None,None,None,None, , , , 
28125, ,1.289890261253308,5.872786613189478e-08,None,None,None,None, , , , 
28126, ,1.289890261253308,6.294988990221888e-08,None,None,None,None, , , , 
28127, ,1.289890261253308,6.747544053110687e-08,None,None,None,None, , , , 
28128, ,1.289890261253308,7.232633896483534e-08,None,None,None,None, , , , 
28129, ,1.289890261253308,7.752597488629465e-08,None,None,None,None, , , , 
28130, ,1.289890261253308,8.309941949353386e-08,None,None,None,None, , , , 
28131, ,1.289890261253308,8.907354638610439e-08,None,None,None,None, , , , 
28132, ,1.289890261253308,9.547716114208066e-08,None,None,None,None, , , , 
28133, ,1.289890261253308,1.0234114021054528e-07,None,None,None,None, , , , 
28134, ,1.289890261253308,1.0969857978923841e-07,None,None,None,None, , , , 
28135, ,1.289890261253308,1.1758495540521555e-07,None,None,None,None, , , , 
28136, ,1.289890261253308,1.2603829296797277e-07,None,None,None,None, , , , 
28137, ,1.289890261253308,1.350993521198025e-07,None,None,None,None, , , , 
28138, ,1.289890261253308,1.4481182276745328e-07,None,None,None,None, , , , 
28139, ,1.289890261253308,1.552225357427048e-07,None,None,None,None, , , , 
28140, ,1.289890261253308,1.6638168860761273e-07,None,None,None,None, , , , 
28141, ,1.289890261253308,1.7834308769319093e-07,None,None,None,None, , , , 
28142, ,1.289890261253308,1.9116440753857e-07,None,None,None,None, , , , 
28143, ,1.289890261253308,2.049074689815846e-07,None,None,None,None, , , , 
28144, ,1.289890261253308,2.1963853724165468e-07,None,None,None,None, , , , 
28145, ,1.289890261253308,2.3542864143224158e-07,None,None,None,None, , , , 
28146, ,1.289890261253308,2.523539170434766e-07,None,None,None,None, , , , 
28147, ,1.289890261253308,2.7049597304631316e-07,None,None,None,None, , , , 
28148, ,1.289890261253308,2.899422853882875e-07,None,None,None,None, , , , 
28149, ,1.289890261253308,3.107866187782014e-07,None,None,None,None, , , , 
28150, ,1.289890261253308,3.33129478793467e-07,None,None,None,None, , , , 
28151, ,1.289890261253308,3.5707859649004626e-07,None,None,None,None, , , , 
28152, ,1.289890261253308,3.827494478516307e-07,None,None,None,None, , , , 
28153, ,1.289890261253308,4.1026581058271904e-07,None,None,None,None, , , , 
28154, ,1.289890261253308,4.397603609302722e-07,None,None,None,None, , , , 
28155, ,1.289890261253308,4.7137531341167185e-07,None,None,None,None, , , , 
28156, ,1.289890261253308,5.052631065335679e-07,None,None,None,None, , , , 
28157, ,1.289890261253308,5.415871378079465e-07,None,None,None,None, , , , 
28158, ,1.289890261253308,5.805225516094896e-07,None,None,None,None, , , , 
28159, ,1.289890261253308,6.222570836730232e-07,None,None,None,None, , , , 
28160, ,1.289890261253308,6.669919663030115e-07,None,None,None,None, , , , 
28161, ,1.289890261253308,7.149428986597576e-07,None,None,None,None, , , , 
28162, ,1.289890261253308,7.663410868007445e-07,None,None,None,None, , , , 
28163, ,1.289890261253308,8.214343584919422e-07,None,None,None,None, , , , 
28164, ,1.289890261253308,8.804883581643463e-07,None,None,None,None, , , , 
28165, ,1.289890261253308,9.437878277775371e-07,None,None,None,None, , , , 
28166, ,1.289890261253308,1.0116379797662072e-06,None,None,None,None, , , , 
28167, ,1.289890261253308,1.0843659686896086e-06,None,None,None,None, , , , 
28168, ,1.289890261253308,1.1623224686798522e-06,None,None,None,None, , , , 
28169, ,1.289890261253308,1.2458833642950078e-06,None,None,None,None, , , , 
28170, ,1.289890261253308,1.3354515629298971e-06,None,None,None,None, , , , 
28171, ,1.289890261253308,1.4314589375234786e-06,None,None,None,None, , , , 
28172, ,1.289890261253308,1.53436840893001e-06,None,None,None,None, , , , 
28173, ,1.289890261253308,1.6446761779946631e-06,None,None,None,None, , , , 
28174, ,1.289890261253308,1.762914118095948e-06,None,None,None,None, , , , 
28175, ,1.289890261253308,1.8896523396912082e-06,None,None,None,None, , , , 
28176, ,1.289890261253308,2.0255019392306664e-06,None,None,None,None, , , , 
28177, ,1.289890261253308,2.171117945694501e-06,None,None,None,None, , , , 
28178, ,1.289890261253308,2.327202478960408e-06,None,None,None,None, , , , 
28179, ,1.289890261253308,2.494508135230317e-06,None,None,None,None, , , , 
28180, ,1.289890261253308,2.673841615839944e-06,None,None,None,None, , , , 
28181, ,1.289890261253308,2.8660676169482507e-06,None,None,None,None, , , , 
28182, ,1.289890261253308,3.0721129988617524e-06,None,None,None,None, , , , 
28183, ,1.289890261253308,3.292971255097148e-06,None,None,None,None, , , , 
28184, ,1.289890261253308,3.5297073027306505e-06,None,None,None,None, , , , 
28185, ,1.289890261253308,3.783462617131925e-06,None,None,None,None, , , , 
28186, ,1.289890261253308,4.0554607358408275e-06,None,None,None,None, , , , 
28187, ,1.289890261253308,4.3470131581250175e-06,None,None,None,None, , , , 
28188, ,1.289890261253308,4.6595256686646765e-06,None,None,None,None, , , , 
28189, ,1.289890261253308,4.99450511585514e-06,None,None,None,None, , , , 
28190, ,1.289890261253308,5.353566677410719e-06,None,None,None,None, , , , 
28191, ,1.289890261253308,5.738441648302393e-06,None,None,None,None, , , , 
28192, ,1.289890261253308,6.150985788580505e-06,None,None,None,None, , , , 
28193, ,1.289890261253308,6.593188271333541e-06,None,None,None,None, , , , 
28194, ,1.289890261253308,7.067181273927492e-06,None,None,None,None, , , , 
28195, ,1.289890261253308,7.575250258771904e-06,None,None,None,None, , , , 
28196, ,1.289890261253308,8.119844993184007e-06,None,None,None,None, , , , 
28197, ,1.289890261253308,8.703591361485167e-06,None,None,None,None, , , , 
28198, ,1.289890261253308,9.329304026284676e-06,None,None,None,None, , , , 
28199, ,1.289890261253308,1e-05,None,None,None,None, , , , 
28200, ,1.3354515629298989,1e-11,None,None,None,None, , , , 
28201, ,1.3354515629298989,1.0718913192051263e-11,None,None,None,None, , , , 
28202, ,1.3354515629298989,1.1489510001873107e-11,None,None,None,None, , , , 
28203, ,1.3354515629298989,1.2315506032928262e-11,None,None,None,None, , , , 
28204, ,1.3354515629298989,1.3200884008314167e-11,None,None,None,None, , , , 
28205, ,1.3354515629298989,1.4149912974345786e-11,None,None,None,None, , , , 
28206, ,1.3354515629298989,1.5167168884709242e-11,None,None,None,None, , , , 
28207, ,1.3354515629298989,1.6257556664437934e-11,None,None,None,None, , , , 
28208, ,1.3354515629298989,1.7426333860096473e-11,None,None,None,None, , , , 
28209, ,1.3354515629298989,1.8679135990207848e-11,None,None,None,None, , , , 
28210, ,1.3354515629298989,2.0022003718155844e-11,None,None,None,None, , , , 
28211, ,1.3354515629298989,2.1461411978584013e-11,None,None,None,None, , , , 
28212, ,1.3354515629298989,2.300430119772921e-11,None,None,None,None, , , , 
28213, ,1.3354515629298989,2.465811075822604e-11,None,None,None,None, , , , 
28214, ,1.3354515629298989,2.643081486974103e-11,None,None,None,None, , , , 
28215, ,1.3354515629298989,2.8330961018393178e-11,None,None,None,None, , , , 
28216, ,1.3354515629298989,3.036771118035461e-11,None,None,None,None, , , , 
28217, ,1.3354515629298989,3.255088599835057e-11,None,None,None,None, , , , 
28218, ,1.3354515629298989,3.4891012134067674e-11,None,None,None,None, , , , 
28219, ,1.3354515629298989,3.739937302478801e-11,None,None,None,None, , , , 
28220, ,1.3354515629298989,4.0088063288984646e-11,None,None,None,None, , , , 
28221, ,1.3354515629298989,4.297004704320835e-11,None,None,None,None, , , , 
28222, ,1.3354515629298989,4.605922041145113e-11,None,None,None,None, , , , 
28223, ,1.3354515629298989,4.937047852839004e-11,None,None,None,None, , , , 
28224, ,1.3354515629298989,5.2919787359584366e-11,None,None,None,None, , , , 
28225, ,1.3354515629298989,5.672426068491989e-11,None,None,None,None, , , , 
28226, ,1.3354515629298989,6.080224261649427e-11,None,None,None,None, , , , 
28227, ,1.3354515629298989,6.517339604882421e-11,None,None,None,None, , , , 
28228, ,1.3354515629298989,6.985879746785235e-11,None,None,None,None, , , , 
28229, ,1.3354515629298989,7.48810385759003e-11,None,None,None,None, , , , 
28230, ,1.3354515629298989,8.026433522257174e-11,None,None,None,None, , , , 
28231, ,1.3354515629298989,8.603464416684492e-11,None,None,None,None, , , , 
28232, ,1.3354515629298989,9.221978823334341e-11,None,None,None,None, , , , 
28233, ,1.3354515629298989,9.884959046625586e-11,None,None,None,None, , , , 
28234, ,1.3354515629298989,1.0595601792776149e-10,None,None,None,None, , , , 
28235, ,1.3354515629298989,1.1357333583431027e-10,None,None,None,None, , , , 
28236, ,1.3354515629298989,1.217382727739662e-10,None,None,None,None, , , , 
28237, ,1.3354515629298989,1.3049019780144016e-10,None,None,None,None, , , , 
28238, ,1.3354515629298989,1.398713102647236e-10,None,None,None,None, , , , 
28239, ,1.3354515629298989,1.4992684327860468e-10,None,None,None,None, , , , 
28240, ,1.3354515629298989,1.6070528182616384e-10,None,None,None,None, , , , 
28241, ,1.3354515629298989,1.722585965398784e-10,None,None,None,None, , , , 
28242, ,1.3354515629298989,1.8464249428955463e-10,None,None,None,None, , , , 
28243, ,1.3354515629298989,1.9791668678535569e-10,None,None,None,None, , , , 
28244, ,1.3354515629298989,2.121451784910628e-10,None,None,None,None, , , , 
28245, ,1.3354515629298989,2.273965752357932e-10,None,None,None,None, , , , 
28246, ,1.3354515629298989,2.4374441501222216e-10,None,None,None,None, , , , 
28247, ,1.3354515629298989,2.6126752255633265e-10,None,None,None,None, , , , 
28248, ,1.3354515629298989,2.8005038941836253e-10,None,None,None,None, , , , 
28249, ,1.3354515629298989,3.0018358135755917e-10,None,None,None,None, , , , 
28250, ,1.3354515629298989,3.2176417502507347e-10,None,None,None,None, , , , 
28251, ,1.3354515629298989,3.4489622604057533e-10,None,None,None,None, , , , 
28252, ,1.3354515629298989,3.696912707195032e-10,None,None,None,None, , , , 
28253, ,1.3354515629298989,3.9626886387014783e-10,None,None,None,None, , , , 
28254, ,1.3354515629298989,4.2475715525368935e-10,None,None,None,None, , , , 
28255, ,1.3354515629298989,4.552935074866938e-10,None,None,None,None, , , , 
28256, ,1.3354515629298989,4.880251583654433e-10,None,None,None,None, , , , 
28257, ,1.3354515629298989,5.231099308056258e-10,None,None,None,None, , , , 
28258, ,1.3354515629298989,5.60716993820547e-10,None,None,None,None, , , , 
28259, ,1.3354515629298989,6.010276782070387e-10,None,None,None,None, , , , 
28260, ,1.3354515629298989,6.442363508721371e-10,None,None,None,None, , , , 
28261, ,1.3354515629298989,6.905513520162316e-10,None,None,None,None, , , , 
28262, ,1.3354515629298989,7.401959996915653e-10,None,None,None,None, , , , 
28263, ,1.3354515629298989,7.934096665797492e-10,None,None,None,None, , , , 
28264, ,1.3354515629298989,8.504489341802668e-10,None,None,None,None, , , , 
28265, ,1.3354515629298989,9.115888299750837e-10,None,None,None,None, , , , 
28266, ,1.3354515629298989,9.771241535346502e-10,None,None,None,None, , , , 
28267, ,1.3354515629298989,1.0473708979594486e-09,None,None,None,None, , , , 
28268, ,1.3354515629298989,1.1226677735108114e-09,None,None,None,None, , , , 
28269, ,1.3354515629298989,1.2033778407775904e-09,None,None,None,None, , , , 
28270, ,1.3354515629298989,1.289890261253308e-09,None,None,None,None, , , , 
28271, ,1.3354515629298989,1.3826221737646535e-09,None,None,None,None, , , , 
28272, ,1.3354515629298989,1.4820207057988602e-09,None,None,None,None, , , , 
28273, ,1.3354515629298989,1.5885651294280526e-09,None,None,None,None, , , , 
28274, ,1.3354515629298989,1.702769172225898e-09,None,None,None,None, , , , 
28275, ,1.3354515629298989,1.825183494319039e-09,None,None,None,None, , , , 
28276, ,1.3354515629298989,1.956398343517065e-09,None,None,None,None, , , , 
28277, ,1.3354515629298989,2.0970464013232305e-09,None,None,None,None, , , , 
28278, ,1.3354515629298989,2.2478058335487307e-09,None,None,None,None, , , , 
28279, ,1.3354515629298989,2.409403560239527e-09,None,None,None,None, , , , 
28280, ,1.3354515629298989,2.582618760682675e-09,None,None,None,None, , , , 
28281, ,1.3354515629298989,2.768286630392061e-09,None,None,None,None, , , , 
28282, ,1.3354515629298989,2.9673024081888724e-09,None,None,None,None, , , , 
28283, ,1.3354515629298989,3.180625692794119e-09,None,None,None,None, , , , 
28284, ,1.3354515629298989,3.409285069746807e-09,None,None,None,None, , , , 
28285, ,1.3354515629298989,3.654383070957262e-09,None,None,None,None, , , , 
28286, ,1.3354515629298989,3.917101490809261e-09,None,None,None,None, , , , 
28287, ,1.3354515629298989,4.198707084443906e-09,None,None,None,None, , , , 
28288, ,1.3354515629298989,4.500557675700488e-09,None,None,None,None, , , , 
28289, ,1.3354515629298989,4.824108704165374e-09,None,None,None,None, , , , 
28290, ,1.3354515629298989,5.170920242896755e-09,None,None,None,None, , , , 
28291, ,1.3354515629298989,5.542664520663096e-09,None,None,None,None, , , , 
28292, ,1.3354515629298989,5.941133984965041e-09,None,None,None,None, , , , 
28293, ,1.3354515629298989,6.3682499447185856e-09,None,None,None,None, , , , 
28294, ,1.3354515629298989,6.826071834272379e-09,None,None,None,None, , , , 
28295, ,1.3354515629298989,7.316807143427175e-09,None,None,None,None, , , , 
28296, ,1.3354515629298989,7.842822061337681e-09,None,None,None,None, , , , 
28297, ,1.3354515629298989,8.406652885618316e-09,None,None,None,None, , , , 
28298, ,1.3354515629298989,9.011018251665036e-09,None,None,None,None, , , , 
28299, ,1.3354515629298989,9.658832241158707e-09,None,None,None,None, , , , 
28300, ,1.3354515629298989,1.0353218432956616e-08,None,None,None,None, , , , 
28301, ,1.3354515629298989,1.1097524964120722e-08,None,None,None,None, , , , 
28302, ,1.3354515629298989,1.1895340673703208e-08,None,None,None,None, , , , 
28303, ,1.3354515629298989,1.2750512407130128e-08,None,None,None,None, , , , 
28304, ,1.3354515629298989,1.3667163564620044e-08,None,None,None,None, , , , 
28305, ,1.3354515629298989,1.4649713983072853e-08,None,None,None,None, , , , 
28306, ,1.3354515629298989,1.5702901247293774e-08,None,None,None,None, , , , 
28307, ,1.3354515629298989,1.683180353330955e-08,None,None,None,None, , , , 
28308, ,1.3354515629298989,1.8041864093920717e-08,None,None,None,None, , , , 
28309, ,1.3354515629298989,1.933891750455232e-08,None,None,None,None, , , , 
28310, ,1.3354515629298989,2.0729217795953697e-08,None,None,None,None, , , , 
28311, ,1.3354515629298989,2.221946860939524e-08,None,None,None,None, , , , 
28312, ,1.3354515629298989,2.3816855519761606e-08,None,None,None,None, , , , 
28313, ,1.3354515629298989,2.552908068239516e-08,None,None,None,None, , , , 
28314, ,1.3354515629298989,2.7364399970746666e-08,None,None,None,None, , , , 
28315, ,1.3354515629298989,2.933166278390042e-08,None,None,None,None, , , , 
28316, ,1.3354515629298989,3.1440354715915e-08,None,None,None,None, , , , 
28317, ,1.3354515629298989,3.370064329271925e-08,None,None,None,None, , , , 
28318, ,1.3354515629298989,3.612342699709431e-08,None,None,None,None, , , , 
28319, ,1.3354515629298989,3.872038781812557e-08,None,None,None,None, , , , 
28320, ,1.3354515629298989,4.1504047578504727e-08,None,None,None,None, , , , 
28321, ,1.3354515629298989,4.448782831127585e-08,None,None,None,None, , , , 
28322, ,1.3354515629298989,4.768611697714474e-08,None,None,None,None, , , , 
28323, ,1.3354515629298989,5.111433483440165e-08,None,None,None,None, , , , 
28324, ,1.3354515629298989,5.478901179593934e-08,None,None,None,None, , , , 
28325, ,1.3354515629298989,5.872786613189478e-08,None,None,None,None, , , , 
28326, ,1.3354515629298989,6.294988990221888e-08,None,None,None,None, , , , 
28327, ,1.3354515629298989,6.747544053110687e-08,None,None,None,None, , , , 
28328, ,1.3354515629298989,7.232633896483534e-08,None,None,None,None, , , , 
28329, ,1.3354515629298989,7.752597488629465e-08,None,None,None,None, , , , 
28330, ,1.3354515629298989,8.309941949353386e-08,None,None,None,None, , , , 
28331, ,1.3354515629298989,8.907354638610439e-08,None,None,None,None, , , , 
28332, ,1.3354515629298989,9.547716114208066e-08,None,None,None,None, , , , 
28333, ,1.3354515629298989,1.0234114021054528e-07,None,None,None,None, , , , 
28334, ,1.3354515629298989,1.0969857978923841e-07,None,None,None,None, , , , 
28335, ,1.3354515629298989,1.1758495540521555e-07,None,None,None,None, , , , 
28336, ,1.3354515629298989,1.2603829296797277e-07,None,None,None,None, , , , 
28337, ,1.3354515629298989,1.350993521198025e-07,None,None,None,None, , , , 
28338, ,1.3354515629298989,1.4481182276745328e-07,None,None,None,None, , , , 
28339, ,1.3354515629298989,1.552225357427048e-07,None,None,None,None, , , , 
28340, ,1.3354515629298989,1.6638168860761273e-07,None,None,None,None, , , , 
28341, ,1.3354515629298989,1.7834308769319093e-07,None,None,None,None, , , , 
28342, ,1.3354515629298989,1.9116440753857e-07,None,None,None,None, , , , 
28343, ,1.3354515629298989,2.049074689815846e-07,None,None,None,None, , , , 
28344, ,1.3354515629298989,2.1963853724165468e-07,None,None,None,None, , , , 
28345, ,1.3354515629298989,2.3542864143224158e-07,None,None,None,None, , , , 
28346, ,1.3354515629298989,2.523539170434766e-07,None,None,None,None, , , , 
28347, ,1.3354515629298989,2.7049597304631316e-07,None,None,None,None, , , , 
28348, ,1.3354515629298989,2.899422853882875e-07,None,None,None,None, , , , 
28349, ,1.3354515629298989,3.107866187782014e-07,None,None,None,None, , , , 
28350, ,1.3354515629298989,3.33129478793467e-07,None,None,None,None, , , , 
28351, ,1.3354515629298989,3.5707859649004626e-07,None,None,None,None, , , , 
28352, ,1.3354515629298989,3.827494478516307e-07,None,None,None,None, , , , 
28353, ,1.3354515629298989,4.1026581058271904e-07,None,None,None,None, , , , 
28354, ,1.3354515629298989,4.397603609302722e-07,None,None,None,None, , , , 
28355, ,1.3354515629298989,4.7137531341167185e-07,None,None,None,None, , , , 
28356, ,1.3354515629298989,5.052631065335679e-07,None,None,None,None, , , , 
28357, ,1.3354515629298989,5.415871378079465e-07,None,None,None,None, , , , 
28358, ,1.3354515629298989,5.805225516094896e-07,None,None,None,None, , , , 
28359, ,1.3354515629298989,6.222570836730232e-07,None,None,None,None, , , , 
28360, ,1.3354515629298989,6.669919663030115e-07,None,None,None,None, , , , 
28361, ,1.3354515629298989,7.149428986597576e-07,None,None,None,None, , , , 
28362, ,1.3354515629298989,7.663410868007445e-07,None,None,None,None, , , , 
28363, ,1.3354515629298989,8.214343584919422e-07,None,None,None,None, , , , 
28364, ,1.3354515629298989,8.804883581643463e-07,None,None,None,None, , , , 
28365, ,1.3354515629298989,9.437878277775371e-07,None,None,None,None, , , , 
28366, ,1.3354515629298989,1.0116379797662072e-06,None,None,None,None, , , , 
28367, ,1.3354515629298989,1.0843659686896086e-06,None,None,None,None, , , , 
28368, ,1.3354515629298989,1.1623224686798522e-06,None,None,None,None, , , , 
28369, ,1.3354515629298989,1.2458833642950078e-06,None,None,None,None, , , , 
28370, ,1.3354515629298989,1.3354515629298971e-06,None,None,None,None, , , , 
28371, ,1.3354515629298989,1.4314589375234786e-06,None,None,None,None, , , , 
28372, ,1.3354515629298989,1.53436840893001e-06,None,None,None,None, , , , 
28373, ,1.3354515629298989,1.6446761779946631e-06,None,None,None,None, , , , 
28374, ,1.3354515629298989,1.762914118095948e-06,None,None,None,None, , , , 
28375, ,1.3354515629298989,1.8896523396912082e-06,None,None,None,None, , , , 
28376, ,1.3354515629298989,2.0255019392306664e-06,None,None,None,None, , , , 
28377, ,1.3354515629298989,2.171117945694501e-06,None,None,None,None, , , , 
28378, ,1.3354515629298989,2.327202478960408e-06,None,None,None,None, , , , 
28379, ,1.3354515629298989,2.494508135230317e-06,None,None,None,None, , , , 
28380, ,1.3354515629298989,2.673841615839944e-06,None,None,None,None, , , , 
28381, ,1.3354515629298989,2.8660676169482507e-06,None,None,None,None, , , , 
28382, ,1.3354515629298989,3.0721129988617524e-06,None,None,None,None, , , , 
28383, ,1.3354515629298989,3.292971255097148e-06,None,None,None,None, , , , 
28384, ,1.3354515629298989,3.5297073027306505e-06,None,None,None,None, , , , 
28385, ,1.3354515629298989,3.783462617131925e-06,None,None,None,None, , , , 
28386, ,1.3354515629298989,4.0554607358408275e-06,None,None,None,None, , , , 
28387, ,1.3354515629298989,4.3470131581250175e-06,None,None,None,None, , , , 
28388, ,1.3354515629298989,4.6595256686646765e-06,None,None,None,None, , , , 
28389, ,1.3354515629298989,4.99450511585514e-06,None,None,None,None, , , , 
28390, ,1.3354515629298989,5.353566677410719e-06,None,None,None,None, , , , 
28391, ,1.3354515629298989,5.738441648302393e-06,None,None,None,None, , , , 
28392, ,1.3354515629298989,6.150985788580505e-06,None,None,None,None, , , , 
28393, ,1.3354515629298989,6.593188271333541e-06,None,None,None,None, , , , 
28394, ,1.3354515629298989,7.067181273927492e-06,None,None,None,None, , , , 
28395, ,1.3354515629298989,7.575250258771904e-06,None,None,None,None, , , , 
28396, ,1.3354515629298989,8.119844993184007e-06,None,None,None,None, , , , 
28397, ,1.3354515629298989,8.703591361485167e-06,None,None,None,None, , , , 
28398, ,1.3354515629298989,9.329304026284676e-06,None,None,None,None, , , , 
28399, ,1.3354515629298989,1e-05,None,None,None,None, , , , 
28400, ,1.382622173764655,1e-11,None,None,None,None, , , , 
28401, ,1.382622173764655,1.0718913192051263e-11,None,None,None,None, , , , 
28402, ,1.382622173764655,1.1489510001873107e-11,None,None,None,None, , , , 
28403, ,1.382622173764655,1.2315506032928262e-11,None,None,None,None, , , , 
28404, ,1.382622173764655,1.3200884008314167e-11,None,None,None,None, , , , 
28405, ,1.382622173764655,1.4149912974345786e-11,None,None,None,None, , , , 
28406, ,1.382622173764655,1.5167168884709242e-11,None,None,None,None, , , , 
28407, ,1.382622173764655,1.6257556664437934e-11,None,None,None,None, , , , 
28408, ,1.382622173764655,1.7426333860096473e-11,None,None,None,None, , , , 
28409, ,1.382622173764655,1.8679135990207848e-11,None,None,None,None, , , , 
28410, ,1.382622173764655,2.0022003718155844e-11,None,None,None,None, , , , 
28411, ,1.382622173764655,2.1461411978584013e-11,None,None,None,None, , , , 
28412, ,1.382622173764655,2.300430119772921e-11,None,None,None,None, , , , 
28413, ,1.382622173764655,2.465811075822604e-11,None,None,None,None, , , , 
28414, ,1.382622173764655,2.643081486974103e-11,None,None,None,None, , , , 
28415, ,1.382622173764655,2.8330961018393178e-11,None,None,None,None, , , , 
28416, ,1.382622173764655,3.036771118035461e-11,None,None,None,None, , , , 
28417, ,1.382622173764655,3.255088599835057e-11,None,None,None,None, , , , 
28418, ,1.382622173764655,3.4891012134067674e-11,None,None,None,None, , , , 
28419, ,1.382622173764655,3.739937302478801e-11,None,None,None,None, , , , 
28420, ,1.382622173764655,4.0088063288984646e-11,None,None,None,None, , , , 
28421, ,1.382622173764655,4.297004704320835e-11,None,None,None,None, , , , 
28422, ,1.382622173764655,4.605922041145113e-11,None,None,None,None, , , , 
28423, ,1.382622173764655,4.937047852839004e-11,None,None,None,None, , , , 
28424, ,1.382622173764655,5.2919787359584366e-11,None,None,None,None, , , , 
28425, ,1.382622173764655,5.672426068491989e-11,None,None,None,None, , , , 
28426, ,1.382622173764655,6.080224261649427e-11,None,None,None,None, , , , 
28427, ,1.382622173764655,6.517339604882421e-11,None,None,None,None, , , , 
28428, ,1.382622173764655,6.985879746785235e-11,None,None,None,None, , , , 
28429, ,1.382622173764655,7.48810385759003e-11,None,None,None,None, , , , 
28430, ,1.382622173764655,8.026433522257174e-11,None,None,None,None, , , , 
28431, ,1.382622173764655,8.603464416684492e-11,None,None,None,None, , , , 
28432, ,1.382622173764655,9.221978823334341e-11,None,None,None,None, , , , 
28433, ,1.382622173764655,9.884959046625586e-11,None,None,None,None, , , , 
28434, ,1.382622173764655,1.0595601792776149e-10,None,None,None,None, , , , 
28435, ,1.382622173764655,1.1357333583431027e-10,None,None,None,None, , , , 
28436, ,1.382622173764655,1.217382727739662e-10,None,None,None,None, , , , 
28437, ,1.382622173764655,1.3049019780144016e-10,None,None,None,None, , , , 
28438, ,1.382622173764655,1.398713102647236e-10,None,None,None,None, , , , 
28439, ,1.382622173764655,1.4992684327860468e-10,None,None,None,None, , , , 
28440, ,1.382622173764655,1.6070528182616384e-10,None,None,None,None, , , , 
28441, ,1.382622173764655,1.722585965398784e-10,None,None,None,None, , , , 
28442, ,1.382622173764655,1.8464249428955463e-10,None,None,None,None, , , , 
28443, ,1.382622173764655,1.9791668678535569e-10,None,None,None,None, , , , 
28444, ,1.382622173764655,2.121451784910628e-10,None,None,None,None, , , , 
28445, ,1.382622173764655,2.273965752357932e-10,None,None,None,None, , , , 
28446, ,1.382622173764655,2.4374441501222216e-10,None,None,None,None, , , , 
28447, ,1.382622173764655,2.6126752255633265e-10,None,None,None,None, , , , 
28448, ,1.382622173764655,2.8005038941836253e-10,None,None,None,None, , , , 
28449, ,1.382622173764655,3.0018358135755917e-10,None,None,None,None, , , , 
28450, ,1.382622173764655,3.2176417502507347e-10,None,None,None,None, , , , 
28451, ,1.382622173764655,3.4489622604057533e-10,None,None,None,None, , , , 
28452, ,1.382622173764655,3.696912707195032e-10,None,None,None,None, , , , 
28453, ,1.382622173764655,3.9626886387014783e-10,None,None,None,None, , , , 
28454, ,1.382622173764655,4.2475715525368935e-10,None,None,None,None, , , , 
28455, ,1.382622173764655,4.552935074866938e-10,None,None,None,None, , , , 
28456, ,1.382622173764655,4.880251583654433e-10,None,None,None,None, , , , 
28457, ,1.382622173764655,5.231099308056258e-10,None,None,None,None, , , , 
28458, ,1.382622173764655,5.60716993820547e-10,None,None,None,None, , , , 
28459, ,1.382622173764655,6.010276782070387e-10,None,None,None,None, , , , 
28460, ,1.382622173764655,6.442363508721371e-10,None,None,None,None, , , , 
28461, ,1.382622173764655,6.905513520162316e-10,None,None,None,None, , , , 
28462, ,1.382622173764655,7.401959996915653e-10,None,None,None,None, , , , 
28463, ,1.382622173764655,7.934096665797492e-10,None,None,None,None, , , , 
28464, ,1.382622173764655,8.504489341802668e-10,None,None,None,None, , , , 
28465, ,1.382622173764655,9.115888299750837e-10,None,None,None,None, , , , 
28466, ,1.382622173764655,9.771241535346502e-10,None,None,None,None, , , , 
28467, ,1.382622173764655,1.0473708979594486e-09,None,None,None,None, , , , 
28468, ,1.382622173764655,1.1226677735108114e-09,None,None,None,None, , , , 
28469, ,1.382622173764655,1.2033778407775904e-09,None,None,None,None, , , , 
28470, ,1.382622173764655,1.289890261253308e-09,None,None,None,None, , , , 
28471, ,1.382622173764655,1.3826221737646535e-09,None,None,None,None, , , , 
28472, ,1.382622173764655,1.4820207057988602e-09,None,None,None,None, , , , 
28473, ,1.382622173764655,1.5885651294280526e-09,None,None,None,None, , , , 
28474, ,1.382622173764655,1.702769172225898e-09,None,None,None,None, , , , 
28475, ,1.382622173764655,1.825183494319039e-09,None,None,None,None, , , , 
28476, ,1.382622173764655,1.956398343517065e-09,None,None,None,None, , , , 
28477, ,1.382622173764655,2.0970464013232305e-09,None,None,None,None, , , , 
28478, ,1.382622173764655,2.2478058335487307e-09,None,None,None,None, , , , 
28479, ,1.382622173764655,2.409403560239527e-09,None,None,None,None, , , , 
28480, ,1.382622173764655,2.582618760682675e-09,None,None,None,None, , , , 
28481, ,1.382622173764655,2.768286630392061e-09,None,None,None,None, , , , 
28482, ,1.382622173764655,2.9673024081888724e-09,None,None,None,None, , , , 
28483, ,1.382622173764655,3.180625692794119e-09,None,None,None,None, , , , 
28484, ,1.382622173764655,3.409285069746807e-09,None,None,None,None, , , , 
28485, ,1.382622173764655,3.654383070957262e-09,None,None,None,None, , , , 
28486, ,1.382622173764655,3.917101490809261e-09,None,None,None,None, , , , 
28487, ,1.382622173764655,4.198707084443906e-09,None,None,None,None, , , , 
28488, ,1.382622173764655,4.500557675700488e-09,None,None,None,None, , , , 
28489, ,1.382622173764655,4.824108704165374e-09,None,None,None,None, , , , 
28490, ,1.382622173764655,5.170920242896755e-09,None,None,None,None, , , , 
28491, ,1.382622173764655,5.542664520663096e-09,None,None,None,None, , , , 
28492, ,1.382622173764655,5.941133984965041e-09,None,None,None,None, , , , 
28493, ,1.382622173764655,6.3682499447185856e-09,None,None,None,None, , , , 
28494, ,1.382622173764655,6.826071834272379e-09,None,None,None,None, , , , 
28495, ,1.382622173764655,7.316807143427175e-09,None,None,None,None, , , , 
28496, ,1.382622173764655,7.842822061337681e-09,None,None,None,None, , , , 
28497, ,1.382622173764655,8.406652885618316e-09,None,None,None,None, , , , 
28498, ,1.382622173764655,9.011018251665036e-09,None,None,None,None, , , , 
28499, ,1.382622173764655,9.658832241158707e-09,None,None,None,None, , , , 
28500, ,1.382622173764655,1.0353218432956616e-08,None,None,None,None, , , , 
28501, ,1.382622173764655,1.1097524964120722e-08,None,None,None,None, , , , 
28502, ,1.382622173764655,1.1895340673703208e-08,None,None,None,None, , , , 
28503, ,1.382622173764655,1.2750512407130128e-08,None,None,None,None, , , , 
28504, ,1.382622173764655,1.3667163564620044e-08,None,None,None,None, , , , 
28505, ,1.382622173764655,1.4649713983072853e-08,None,None,None,None, , , , 
28506, ,1.382622173764655,1.5702901247293774e-08,None,None,None,None, , , , 
28507, ,1.382622173764655,1.683180353330955e-08,None,None,None,None, , , , 
28508, ,1.382622173764655,1.8041864093920717e-08,None,None,None,None, , , , 
28509, ,1.382622173764655,1.933891750455232e-08,None,None,None,None, , , , 
28510, ,1.382622173764655,2.0729217795953697e-08,None,None,None,None, , , , 
28511, ,1.382622173764655,2.221946860939524e-08,None,None,None,None, , , , 
28512, ,1.382622173764655,2.3816855519761606e-08,None,None,None,None, , , , 
28513, ,1.382622173764655,2.552908068239516e-08,None,None,None,None, , , , 
28514, ,1.382622173764655,2.7364399970746666e-08,None,None,None,None, , , , 
28515, ,1.382622173764655,2.933166278390042e-08,None,None,None,None, , , , 
28516, ,1.382622173764655,3.1440354715915e-08,None,None,None,None, , , , 
28517, ,1.382622173764655,3.370064329271925e-08,None,None,None,None, , , , 
28518, ,1.382622173764655,3.612342699709431e-08,None,None,None,None, , , , 
28519, ,1.382622173764655,3.872038781812557e-08,None,None,None,None, , , , 
28520, ,1.382622173764655,4.1504047578504727e-08,None,None,None,None, , , , 
28521, ,1.382622173764655,4.448782831127585e-08,None,None,None,None, , , , 
28522, ,1.382622173764655,4.768611697714474e-08,None,None,None,None, , , , 
28523, ,1.382622173764655,5.111433483440165e-08,None,None,None,None, , , , 
28524, ,1.382622173764655,5.478901179593934e-08,None,None,None,None, , , , 
28525, ,1.382622173764655,5.872786613189478e-08,None,None,None,None, , , , 
28526, ,1.382622173764655,6.294988990221888e-08,None,None,None,None, , , , 
28527, ,1.382622173764655,6.747544053110687e-08,None,None,None,None, , , , 
28528, ,1.382622173764655,7.232633896483534e-08,None,None,None,None, , , , 
28529, ,1.382622173764655,7.752597488629465e-08,None,None,None,None, , , , 
28530, ,1.382622173764655,8.309941949353386e-08,None,None,None,None, , , , 
28531, ,1.382622173764655,8.907354638610439e-08,None,None,None,None, , , , 
28532, ,1.382622173764655,9.547716114208066e-08,None,None,None,None, , , , 
28533, ,1.382622173764655,1.0234114021054528e-07,None,None,None,None, , , , 
28534, ,1.382622173764655,1.0969857978923841e-07,None,None,None,None, , , , 
28535, ,1.382622173764655,1.1758495540521555e-07,None,None,None,None, , , , 
28536, ,1.382622173764655,1.2603829296797277e-07,None,None,None,None, , , , 
28537, ,1.382622173764655,1.350993521198025e-07,None,None,None,None, , , , 
28538, ,1.382622173764655,1.4481182276745328e-07,None,None,None,None, , , , 
28539, ,1.382622173764655,1.552225357427048e-07,None,None,None,None, , , , 
28540, ,1.382622173764655,1.6638168860761273e-07,None,None,None,None, , , , 
28541, ,1.382622173764655,1.7834308769319093e-07,None,None,None,None, , , , 
28542, ,1.382622173764655,1.9116440753857e-07,None,None,None,None, , , , 
28543, ,1.382622173764655,2.049074689815846e-07,None,None,None,None, , , , 
28544, ,1.382622173764655,2.1963853724165468e-07,None,None,None,None, , , , 
28545, ,1.382622173764655,2.3542864143224158e-07,None,None,None,None, , , , 
28546, ,1.382622173764655,2.523539170434766e-07,None,None,None,None, , , , 
28547, ,1.382622173764655,2.7049597304631316e-07,None,None,None,None, , , , 
28548, ,1.382622173764655,2.899422853882875e-07,None,None,None,None, , , , 
28549, ,1.382622173764655,3.107866187782014e-07,None,None,None,None, , , , 
28550, ,1.382622173764655,3.33129478793467e-07,None,None,None,None, , , , 
28551, ,1.382622173764655,3.5707859649004626e-07,None,None,None,None, , , , 
28552, ,1.382622173764655,3.827494478516307e-07,None,None,None,None, , , , 
28553, ,1.382622173764655,4.1026581058271904e-07,None,None,None,None, , , , 
28554, ,1.382622173764655,4.397603609302722e-07,None,None,None,None, , , , 
28555, ,1.382622173764655,4.7137531341167185e-07,None,None,None,None, , , , 
28556, ,1.382622173764655,5.052631065335679e-07,None,None,None,None, , , , 
28557, ,1.382622173764655,5.415871378079465e-07,None,None,None,None, , , , 
28558, ,1.382622173764655,5.805225516094896e-07,None,None,None,None, , , , 
28559, ,1.382622173764655,6.222570836730232e-07,None,None,None,None, , , , 
28560, ,1.382622173764655,6.669919663030115e-07,None,None,None,None, , , , 
28561, ,1.382622173764655,7.149428986597576e-07,None,None,None,None, , , , 
28562, ,1.382622173764655,7.663410868007445e-07,None,None,None,None, , , , 
28563, ,1.382622173764655,8.214343584919422e-07,None,None,None,None, , , , 
28564, ,1.382622173764655,8.804883581643463e-07,None,None,None,None, , , , 
28565, ,1.382622173764655,9.437878277775371e-07,None,None,None,None, , , , 
28566, ,1.382622173764655,1.0116379797662072e-06,None,None,None,None, , , , 
28567, ,1.382622173764655,1.0843659686896086e-06,None,None,None,None, , , , 
28568, ,1.382622173764655,1.1623224686798522e-06,None,None,None,None, , , , 
28569, ,1.382622173764655,1.2458833642950078e-06,None,None,None,None, , , , 
28570, ,1.382622173764655,1.3354515629298971e-06,None,None,None,None, , , , 
28571, ,1.382622173764655,1.4314589375234786e-06,None,None,None,None, , , , 
28572, ,1.382622173764655,1.53436840893001e-06,None,None,None,None, , , , 
28573, ,1.382622173764655,1.6446761779946631e-06,None,None,None,None, , , , 
28574, ,1.382622173764655,1.762914118095948e-06,None,None,None,None, , , , 
28575, ,1.382622173764655,1.8896523396912082e-06,None,None,None,None, , , , 
28576, ,1.382622173764655,2.0255019392306664e-06,None,None,None,None, , , , 
28577, ,1.382622173764655,2.171117945694501e-06,None,None,None,None, , , , 
28578, ,1.382622173764655,2.327202478960408e-06,None,None,None,None, , , , 
28579, ,1.382622173764655,2.494508135230317e-06,None,None,None,None, , , , 
28580, ,1.382622173764655,2.673841615839944e-06,None,None,None,None, , , , 
28581, ,1.382622173764655,2.8660676169482507e-06,None,None,None,None, , , , 
28582, ,1.382622173764655,3.0721129988617524e-06,None,None,None,None, , , , 
28583, ,1.382622173764655,3.292971255097148e-06,None,None,None,None, , , , 
28584, ,1.382622173764655,3.5297073027306505e-06,None,None,None,None, , , , 
28585, ,1.382622173764655,3.783462617131925e-06,None,None,None,None, , , , 
28586, ,1.382622173764655,4.0554607358408275e-06,None,None,None,None, , , , 
28587, ,1.382622173764655,4.3470131581250175e-06,None,None,None,None, , , , 
28588, ,1.382622173764655,4.6595256686646765e-06,None,None,None,None, , , , 
28589, ,1.382622173764655,4.99450511585514e-06,None,None,None,None, , , , 
28590, ,1.382622173764655,5.353566677410719e-06,None,None,None,None, , , , 
28591, ,1.382622173764655,5.738441648302393e-06,None,None,None,None, , , , 
28592, ,1.382622173764655,6.150985788580505e-06,None,None,None,None, , , , 
28593, ,1.382622173764655,6.593188271333541e-06,None,None,None,None, , , , 
28594, ,1.382622173764655,7.067181273927492e-06,None,None,None,None, , , , 
28595, ,1.382622173764655,7.575250258771904e-06,None,None,None,None, , , , 
28596, ,1.382622173764655,8.119844993184007e-06,None,None,None,None, , , , 
28597, ,1.382622173764655,8.703591361485167e-06,None,None,None,None, , , , 
28598, ,1.382622173764655,9.329304026284676e-06,None,None,None,None, , , , 
28599, ,1.382622173764655,1e-05,None,None,None,None, , , , 
28600, ,1.4314589375234783,1e-11,None,None,None,None, , , , 
28601, ,1.4314589375234783,1.0718913192051263e-11,None,None,None,None, , , , 
28602, ,1.4314589375234783,1.1489510001873107e-11,None,None,None,None, , , , 
28603, ,1.4314589375234783,1.2315506032928262e-11,None,None,None,None, , , , 
28604, ,1.4314589375234783,1.3200884008314167e-11,None,None,None,None, , , , 
28605, ,1.4314589375234783,1.4149912974345786e-11,None,None,None,None, , , , 
28606, ,1.4314589375234783,1.5167168884709242e-11,None,None,None,None, , , , 
28607, ,1.4314589375234783,1.6257556664437934e-11,None,None,None,None, , , , 
28608, ,1.4314589375234783,1.7426333860096473e-11,None,None,None,None, , , , 
28609, ,1.4314589375234783,1.8679135990207848e-11,None,None,None,None, , , , 
28610, ,1.4314589375234783,2.0022003718155844e-11,None,None,None,None, , , , 
28611, ,1.4314589375234783,2.1461411978584013e-11,None,None,None,None, , , , 
28612, ,1.4314589375234783,2.300430119772921e-11,None,None,None,None, , , , 
28613, ,1.4314589375234783,2.465811075822604e-11,None,None,None,None, , , , 
28614, ,1.4314589375234783,2.643081486974103e-11,None,None,None,None, , , , 
28615, ,1.4314589375234783,2.8330961018393178e-11,None,None,None,None, , , , 
28616, ,1.4314589375234783,3.036771118035461e-11,None,None,None,None, , , , 
28617, ,1.4314589375234783,3.255088599835057e-11,None,None,None,None, , , , 
28618, ,1.4314589375234783,3.4891012134067674e-11,None,None,None,None, , , , 
28619, ,1.4314589375234783,3.739937302478801e-11,None,None,None,None, , , , 
28620, ,1.4314589375234783,4.0088063288984646e-11,None,None,None,None, , , , 
28621, ,1.4314589375234783,4.297004704320835e-11,None,None,None,None, , , , 
28622, ,1.4314589375234783,4.605922041145113e-11,None,None,None,None, , , , 
28623, ,1.4314589375234783,4.937047852839004e-11,None,None,None,None, , , , 
28624, ,1.4314589375234783,5.2919787359584366e-11,None,None,None,None, , , , 
28625, ,1.4314589375234783,5.672426068491989e-11,None,None,None,None, , , , 
28626, ,1.4314589375234783,6.080224261649427e-11,None,None,None,None, , , , 
28627, ,1.4314589375234783,6.517339604882421e-11,None,None,None,None, , , , 
28628, ,1.4314589375234783,6.985879746785235e-11,None,None,None,None, , , , 
28629, ,1.4314589375234783,7.48810385759003e-11,None,None,None,None, , , , 
28630, ,1.4314589375234783,8.026433522257174e-11,None,None,None,None, , , , 
28631, ,1.4314589375234783,8.603464416684492e-11,None,None,None,None, , , , 
28632, ,1.4314589375234783,9.221978823334341e-11,None,None,None,None, , , , 
28633, ,1.4314589375234783,9.884959046625586e-11,None,None,None,None, , , , 
28634, ,1.4314589375234783,1.0595601792776149e-10,None,None,None,None, , , , 
28635, ,1.4314589375234783,1.1357333583431027e-10,None,None,None,None, , , , 
28636, ,1.4314589375234783,1.217382727739662e-10,None,None,None,None, , , , 
28637, ,1.4314589375234783,1.3049019780144016e-10,None,None,None,None, , , , 
28638, ,1.4314589375234783,1.398713102647236e-10,None,None,None,None, , , , 
28639, ,1.4314589375234783,1.4992684327860468e-10,None,None,None,None, , , , 
28640, ,1.4314589375234783,1.6070528182616384e-10,None,None,None,None, , , , 
28641, ,1.4314589375234783,1.722585965398784e-10,None,None,None,None, , , , 
28642, ,1.4314589375234783,1.8464249428955463e-10,None,None,None,None, , , , 
28643, ,1.4314589375234783,1.9791668678535569e-10,None,None,None,None, , , , 
28644, ,1.4314589375234783,2.121451784910628e-10,None,None,None,None, , , , 
28645, ,1.4314589375234783,2.273965752357932e-10,None,None,None,None, , , , 
28646, ,1.4314589375234783,2.4374441501222216e-10,None,None,None,None, , , , 
28647, ,1.4314589375234783,2.6126752255633265e-10,None,None,None,None, , , , 
28648, ,1.4314589375234783,2.8005038941836253e-10,None,None,None,None, , , , 
28649, ,1.4314589375234783,3.0018358135755917e-10,None,None,None,None, , , , 
28650, ,1.4314589375234783,3.2176417502507347e-10,None,None,None,None, , , , 
28651, ,1.4314589375234783,3.4489622604057533e-10,None,None,None,None, , , , 
28652, ,1.4314589375234783,3.696912707195032e-10,None,None,None,None, , , , 
28653, ,1.4314589375234783,3.9626886387014783e-10,None,None,None,None, , , , 
28654, ,1.4314589375234783,4.2475715525368935e-10,None,None,None,None, , , , 
28655, ,1.4314589375234783,4.552935074866938e-10,None,None,None,None, , , , 
28656, ,1.4314589375234783,4.880251583654433e-10,None,None,None,None, , , , 
28657, ,1.4314589375234783,5.231099308056258e-10,None,None,None,None, , , , 
28658, ,1.4314589375234783,5.60716993820547e-10,None,None,None,None, , , , 
28659, ,1.4314589375234783,6.010276782070387e-10,None,None,None,None, , , , 
28660, ,1.4314589375234783,6.442363508721371e-10,None,None,None,None, , , , 
28661, ,1.4314589375234783,6.905513520162316e-10,None,None,None,None, , , , 
28662, ,1.4314589375234783,7.401959996915653e-10,None,None,None,None, , , , 
28663, ,1.4314589375234783,7.934096665797492e-10,None,None,None,None, , , , 
28664, ,1.4314589375234783,8.504489341802668e-10,None,None,None,None, , , , 
28665, ,1.4314589375234783,9.115888299750837e-10,None,None,None,None, , , , 
28666, ,1.4314589375234783,9.771241535346502e-10,None,None,None,None, , , , 
28667, ,1.4314589375234783,1.0473708979594486e-09,None,None,None,None, , , , 
28668, ,1.4314589375234783,1.1226677735108114e-09,None,None,None,None, , , , 
28669, ,1.4314589375234783,1.2033778407775904e-09,None,None,None,None, , , , 
28670, ,1.4314589375234783,1.289890261253308e-09,None,None,None,None, , , , 
28671, ,1.4314589375234783,1.3826221737646535e-09,None,None,None,None, , , , 
28672, ,1.4314589375234783,1.4820207057988602e-09,None,None,None,None, , , , 
28673, ,1.4314589375234783,1.5885651294280526e-09,None,None,None,None, , , , 
28674, ,1.4314589375234783,1.702769172225898e-09,None,None,None,None, , , , 
28675, ,1.4314589375234783,1.825183494319039e-09,None,None,None,None, , , , 
28676, ,1.4314589375234783,1.956398343517065e-09,None,None,None,None, , , , 
28677, ,1.4314589375234783,2.0970464013232305e-09,None,None,None,None, , , , 
28678, ,1.4314589375234783,2.2478058335487307e-09,None,None,None,None, , , , 
28679, ,1.4314589375234783,2.409403560239527e-09,None,None,None,None, , , , 
28680, ,1.4314589375234783,2.582618760682675e-09,None,None,None,None, , , , 
28681, ,1.4314589375234783,2.768286630392061e-09,None,None,None,None, , , , 
28682, ,1.4314589375234783,2.9673024081888724e-09,None,None,None,None, , , , 
28683, ,1.4314589375234783,3.180625692794119e-09,None,None,None,None, , , , 
28684, ,1.4314589375234783,3.409285069746807e-09,None,None,None,None, , , , 
28685, ,1.4314589375234783,3.654383070957262e-09,None,None,None,None, , , , 
28686, ,1.4314589375234783,3.917101490809261e-09,None,None,None,None, , , , 
28687, ,1.4314589375234783,4.198707084443906e-09,None,None,None,None, , , , 
28688, ,1.4314589375234783,4.500557675700488e-09,None,None,None,None, , , , 
28689, ,1.4314589375234783,4.824108704165374e-09,None,None,None,None, , , , 
28690, ,1.4314589375234783,5.170920242896755e-09,None,None,None,None, , , , 
28691, ,1.4314589375234783,5.542664520663096e-09,None,None,None,None, , , , 
28692, ,1.4314589375234783,5.941133984965041e-09,None,None,None,None, , , , 
28693, ,1.4314589375234783,6.3682499447185856e-09,None,None,None,None, , , , 
28694, ,1.4314589375234783,6.826071834272379e-09,None,None,None,None, , , , 
28695, ,1.4314589375234783,7.316807143427175e-09,None,None,None,None, , , , 
28696, ,1.4314589375234783,7.842822061337681e-09,None,None,None,None, , , , 
28697, ,1.4314589375234783,8.406652885618316e-09,None,None,None,None, , , , 
28698, ,1.4314589375234783,9.011018251665036e-09,None,None,None,None, , , , 
28699, ,1.4314589375234783,9.658832241158707e-09,None,None,None,None, , , , 
28700, ,1.4314589375234783,1.0353218432956616e-08,None,None,None,None, , , , 
28701, ,1.4314589375234783,1.1097524964120722e-08,None,None,None,None, , , , 
28702, ,1.4314589375234783,1.1895340673703208e-08,None,None,None,None, , , , 
28703, ,1.4314589375234783,1.2750512407130128e-08,None,None,None,None, , , , 
28704, ,1.4314589375234783,1.3667163564620044e-08,None,None,None,None, , , , 
28705, ,1.4314589375234783,1.4649713983072853e-08,None,None,None,None, , , , 
28706, ,1.4314589375234783,1.5702901247293774e-08,None,None,None,None, , , , 
28707, ,1.4314589375234783,1.683180353330955e-08,None,None,None,None, , , , 
28708, ,1.4314589375234783,1.8041864093920717e-08,None,None,None,None, , , , 
28709, ,1.4314589375234783,1.933891750455232e-08,None,None,None,None, , , , 
28710, ,1.4314589375234783,2.0729217795953697e-08,None,None,None,None, , , , 
28711, ,1.4314589375234783,2.221946860939524e-08,None,None,None,None, , , , 
28712, ,1.4314589375234783,2.3816855519761606e-08,None,None,None,None, , , , 
28713, ,1.4314589375234783,2.552908068239516e-08,None,None,None,None, , , , 
28714, ,1.4314589375234783,2.7364399970746666e-08,None,None,None,None, , , , 
28715, ,1.4314589375234783,2.933166278390042e-08,None,None,None,None, , , , 
28716, ,1.4314589375234783,3.1440354715915e-08,None,None,None,None, , , , 
28717, ,1.4314589375234783,3.370064329271925e-08,None,None,None,None, , , , 
28718, ,1.4314589375234783,3.612342699709431e-08,None,None,None,None, , , , 
28719, ,1.4314589375234783,3.872038781812557e-08,None,None,None,None, , , , 
28720, ,1.4314589375234783,4.1504047578504727e-08,None,None,None,None, , , , 
28721, ,1.4314589375234783,4.448782831127585e-08,None,None,None,None, , , , 
28722, ,1.4314589375234783,4.768611697714474e-08,None,None,None,None, , , , 
28723, ,1.4314589375234783,5.111433483440165e-08,None,None,None,None, , , , 
28724, ,1.4314589375234783,5.478901179593934e-08,None,None,None,None, , , , 
28725, ,1.4314589375234783,5.872786613189478e-08,None,None,None,None, , , , 
28726, ,1.4314589375234783,6.294988990221888e-08,None,None,None,None, , , , 
28727, ,1.4314589375234783,6.747544053110687e-08,None,None,None,None, , , , 
28728, ,1.4314589375234783,7.232633896483534e-08,None,None,None,None, , , , 
28729, ,1.4314589375234783,7.752597488629465e-08,None,None,None,None, , , , 
28730, ,1.4314589375234783,8.309941949353386e-08,None,None,None,None, , , , 
28731, ,1.4314589375234783,8.907354638610439e-08,None,None,None,None, , , , 
28732, ,1.4314589375234783,9.547716114208066e-08,None,None,None,None, , , , 
28733, ,1.4314589375234783,1.0234114021054528e-07,None,None,None,None, , , , 
28734, ,1.4314589375234783,1.0969857978923841e-07,None,None,None,None, , , , 
28735, ,1.4314589375234783,1.1758495540521555e-07,None,None,None,None, , , , 
28736, ,1.4314589375234783,1.2603829296797277e-07,None,None,None,None, , , , 
28737, ,1.4314589375234783,1.350993521198025e-07,None,None,None,None, , , , 
28738, ,1.4314589375234783,1.4481182276745328e-07,None,None,None,None, , , , 
28739, ,1.4314589375234783,1.552225357427048e-07,None,None,None,None, , , , 
28740, ,1.4314589375234783,1.6638168860761273e-07,None,None,None,None, , , , 
28741, ,1.4314589375234783,1.7834308769319093e-07,None,None,None,None, , , , 
28742, ,1.4314589375234783,1.9116440753857e-07,None,None,None,None, , , , 
28743, ,1.4314589375234783,2.049074689815846e-07,None,None,None,None, , , , 
28744, ,1.4314589375234783,2.1963853724165468e-07,None,None,None,None, , , , 
28745, ,1.4314589375234783,2.3542864143224158e-07,None,None,None,None, , , , 
28746, ,1.4314589375234783,2.523539170434766e-07,None,None,None,None, , , , 
28747, ,1.4314589375234783,2.7049597304631316e-07,None,None,None,None, , , , 
28748, ,1.4314589375234783,2.899422853882875e-07,None,None,None,None, , , , 
28749, ,1.4314589375234783,3.107866187782014e-07,None,None,None,None, , , , 
28750, ,1.4314589375234783,3.33129478793467e-07,None,None,None,None, , , , 
28751, ,1.4314589375234783,3.5707859649004626e-07,None,None,None,None, , , , 
28752, ,1.4314589375234783,3.827494478516307e-07,None,None,None,None, , , , 
28753, ,1.4314589375234783,4.1026581058271904e-07,None,None,None,None, , , , 
28754, ,1.4314589375234783,4.397603609302722e-07,None,None,None,None, , , , 
28755, ,1.4314589375234783,4.7137531341167185e-07,None,None,None,None, , , , 
28756, ,1.4314589375234783,5.052631065335679e-07,None,None,None,None, , , , 
28757, ,1.4314589375234783,5.415871378079465e-07,None,None,None,None, , , , 
28758, ,1.4314589375234783,5.805225516094896e-07,None,None,None,None, , , , 
28759, ,1.4314589375234783,6.222570836730232e-07,None,None,None,None, , , , 
28760, ,1.4314589375234783,6.669919663030115e-07,None,None,None,None, , , , 
28761, ,1.4314589375234783,7.149428986597576e-07,None,None,None,None, , , , 
28762, ,1.4314589375234783,7.663410868007445e-07,None,None,None,None, , , , 
28763, ,1.4314589375234783,8.214343584919422e-07,None,None,None,None, , , , 
28764, ,1.4314589375234783,8.804883581643463e-07,None,None,None,None, , , , 
28765, ,1.4314589375234783,9.437878277775371e-07,None,None,None,None, , , , 
28766, ,1.4314589375234783,1.0116379797662072e-06,None,None,None,None, , , , 
28767, ,1.4314589375234783,1.0843659686896086e-06,None,None,None,None, , , , 
28768, ,1.4314589375234783,1.1623224686798522e-06,None,None,None,None, , , , 
28769, ,1.4314589375234783,1.2458833642950078e-06,None,None,None,None, , , , 
28770, ,1.4314589375234783,1.3354515629298971e-06,None,None,None,None, , , , 
28771, ,1.4314589375234783,1.4314589375234786e-06,None,None,None,None, , , , 
28772, ,1.4314589375234783,1.53436840893001e-06,None,None,None,None, , , , 
28773, ,1.4314589375234783,1.6446761779946631e-06,None,None,None,None, , , , 
28774, ,1.4314589375234783,1.762914118095948e-06,None,None,None,None, , , , 
28775, ,1.4314589375234783,1.8896523396912082e-06,None,None,None,None, , , , 
28776, ,1.4314589375234783,2.0255019392306664e-06,None,None,None,None, , , , 
28777, ,1.4314589375234783,2.171117945694501e-06,None,None,None,None, , , , 
28778, ,1.4314589375234783,2.327202478960408e-06,None,None,None,None, , , , 
28779, ,1.4314589375234783,2.494508135230317e-06,None,None,None,None, , , , 
28780, ,1.4314589375234783,2.673841615839944e-06,None,None,None,None, , , , 
28781, ,1.4314589375234783,2.8660676169482507e-06,None,None,None,None, , , , 
28782, ,1.4314589375234783,3.0721129988617524e-06,None,None,None,None, , , , 
28783, ,1.4314589375234783,3.292971255097148e-06,None,None,None,None, , , , 
28784, ,1.4314589375234783,3.5297073027306505e-06,None,None,None,None, , , , 
28785, ,1.4314589375234783,3.783462617131925e-06,None,None,None,None, , , , 
28786, ,1.4314589375234783,4.0554607358408275e-06,None,None,None,None, , , , 
28787, ,1.4314589375234783,4.3470131581250175e-06,None,None,None,None, , , , 
28788, ,1.4314589375234783,4.6595256686646765e-06,None,None,None,None, , , , 
28789, ,1.4314589375234783,4.99450511585514e-06,None,None,None,None, , , , 
28790, ,1.4314589375234783,5.353566677410719e-06,None,None,None,None, , , , 
28791, ,1.4314589375234783,5.738441648302393e-06,None,None,None,None, , , , 
28792, ,1.4314589375234783,6.150985788580505e-06,None,None,None,None, , , , 
28793, ,1.4314589375234783,6.593188271333541e-06,None,None,None,None, , , , 
28794, ,1.4314589375234783,7.067181273927492e-06,None,None,None,None, , , , 
28795, ,1.4314589375234783,7.575250258771904e-06,None,None,None,None, , , , 
28796, ,1.4314589375234783,8.119844993184007e-06,None,None,None,None, , , , 
28797, ,1.4314589375234783,8.703591361485167e-06,None,None,None,None, , , , 
28798, ,1.4314589375234783,9.329304026284676e-06,None,None,None,None, , , , 
28799, ,1.4314589375234783,1e-05,None,None,None,None, , , , 
28800, ,1.4820207057988586,1e-11,None,None,None,None, , , , 
28801, ,1.4820207057988586,1.0718913192051263e-11,None,None,None,None, , , , 
28802, ,1.4820207057988586,1.1489510001873107e-11,None,None,None,None, , , , 
28803, ,1.4820207057988586,1.2315506032928262e-11,None,None,None,None, , , , 
28804, ,1.4820207057988586,1.3200884008314167e-11,None,None,None,None, , , , 
28805, ,1.4820207057988586,1.4149912974345786e-11,None,None,None,None, , , , 
28806, ,1.4820207057988586,1.5167168884709242e-11,None,None,None,None, , , , 
28807, ,1.4820207057988586,1.6257556664437934e-11,None,None,None,None, , , , 
28808, ,1.4820207057988586,1.7426333860096473e-11,None,None,None,None, , , , 
28809, ,1.4820207057988586,1.8679135990207848e-11,None,None,None,None, , , , 
28810, ,1.4820207057988586,2.0022003718155844e-11,None,None,None,None, , , , 
28811, ,1.4820207057988586,2.1461411978584013e-11,None,None,None,None, , , , 
28812, ,1.4820207057988586,2.300430119772921e-11,None,None,None,None, , , , 
28813, ,1.4820207057988586,2.465811075822604e-11,None,None,None,None, , , , 
28814, ,1.4820207057988586,2.643081486974103e-11,None,None,None,None, , , , 
28815, ,1.4820207057988586,2.8330961018393178e-11,None,None,None,None, , , , 
28816, ,1.4820207057988586,3.036771118035461e-11,None,None,None,None, , , , 
28817, ,1.4820207057988586,3.255088599835057e-11,None,None,None,None, , , , 
28818, ,1.4820207057988586,3.4891012134067674e-11,None,None,None,None, , , , 
28819, ,1.4820207057988586,3.739937302478801e-11,None,None,None,None, , , , 
28820, ,1.4820207057988586,4.0088063288984646e-11,None,None,None,None, , , , 
28821, ,1.4820207057988586,4.297004704320835e-11,None,None,None,None, , , , 
28822, ,1.4820207057988586,4.605922041145113e-11,None,None,None,None, , , , 
28823, ,1.4820207057988586,4.937047852839004e-11,None,None,None,None, , , , 
28824, ,1.4820207057988586,5.2919787359584366e-11,None,None,None,None, , , , 
28825, ,1.4820207057988586,5.672426068491989e-11,None,None,None,None, , , , 
28826, ,1.4820207057988586,6.080224261649427e-11,None,None,None,None, , , , 
28827, ,1.4820207057988586,6.517339604882421e-11,None,None,None,None, , , , 
28828, ,1.4820207057988586,6.985879746785235e-11,None,None,None,None, , , , 
28829, ,1.4820207057988586,7.48810385759003e-11,None,None,None,None, , , , 
28830, ,1.4820207057988586,8.026433522257174e-11,None,None,None,None, , , , 
28831, ,1.4820207057988586,8.603464416684492e-11,None,None,None,None, , , , 
28832, ,1.4820207057988586,9.221978823334341e-11,None,None,None,None, , , , 
28833, ,1.4820207057988586,9.884959046625586e-11,None,None,None,None, , , , 
28834, ,1.4820207057988586,1.0595601792776149e-10,None,None,None,None, , , , 
28835, ,1.4820207057988586,1.1357333583431027e-10,None,None,None,None, , , , 
28836, ,1.4820207057988586,1.217382727739662e-10,None,None,None,None, , , , 
28837, ,1.4820207057988586,1.3049019780144016e-10,None,None,None,None, , , , 
28838, ,1.4820207057988586,1.398713102647236e-10,None,None,None,None, , , , 
28839, ,1.4820207057988586,1.4992684327860468e-10,None,None,None,None, , , , 
28840, ,1.4820207057988586,1.6070528182616384e-10,None,None,None,None, , , , 
28841, ,1.4820207057988586,1.722585965398784e-10,None,None,None,None, , , , 
28842, ,1.4820207057988586,1.8464249428955463e-10,None,None,None,None, , , , 
28843, ,1.4820207057988586,1.9791668678535569e-10,None,None,None,None, , , , 
28844, ,1.4820207057988586,2.121451784910628e-10,None,None,None,None, , , , 
28845, ,1.4820207057988586,2.273965752357932e-10,None,None,None,None, , , , 
28846, ,1.4820207057988586,2.4374441501222216e-10,None,None,None,None, , , , 
28847, ,1.4820207057988586,2.6126752255633265e-10,None,None,None,None, , , , 
28848, ,1.4820207057988586,2.8005038941836253e-10,None,None,None,None, , , , 
28849, ,1.4820207057988586,3.0018358135755917e-10,None,None,None,None, , , , 
28850, ,1.4820207057988586,3.2176417502507347e-10,None,None,None,None, , , , 
28851, ,1.4820207057988586,3.4489622604057533e-10,None,None,None,None, , , , 
28852, ,1.4820207057988586,3.696912707195032e-10,None,None,None,None, , , , 
28853, ,1.4820207057988586,3.9626886387014783e-10,None,None,None,None, , , , 
28854, ,1.4820207057988586,4.2475715525368935e-10,None,None,None,None, , , , 
28855, ,1.4820207057988586,4.552935074866938e-10,None,None,None,None, , , , 
28856, ,1.4820207057988586,4.880251583654433e-10,None,None,None,None, , , , 
28857, ,1.4820207057988586,5.231099308056258e-10,None,None,None,None, , , , 
28858, ,1.4820207057988586,5.60716993820547e-10,None,None,None,None, , , , 
28859, ,1.4820207057988586,6.010276782070387e-10,None,None,None,None, , , , 
28860, ,1.4820207057988586,6.442363508721371e-10,None,None,None,None, , , , 
28861, ,1.4820207057988586,6.905513520162316e-10,None,None,None,None, , , , 
28862, ,1.4820207057988586,7.401959996915653e-10,None,None,None,None, , , , 
28863, ,1.4820207057988586,7.934096665797492e-10,None,None,None,None, , , , 
28864, ,1.4820207057988586,8.504489341802668e-10,None,None,None,None, , , , 
28865, ,1.4820207057988586,9.115888299750837e-10,None,None,None,None, , , , 
28866, ,1.4820207057988586,9.771241535346502e-10,None,None,None,None, , , , 
28867, ,1.4820207057988586,1.0473708979594486e-09,None,None,None,None, , , , 
28868, ,1.4820207057988586,1.1226677735108114e-09,None,None,None,None, , , , 
28869, ,1.4820207057988586,1.2033778407775904e-09,None,None,None,None, , , , 
28870, ,1.4820207057988586,1.289890261253308e-09,None,None,None,None, , , , 
28871, ,1.4820207057988586,1.3826221737646535e-09,None,None,None,None, , , , 
28872, ,1.4820207057988586,1.4820207057988602e-09,None,None,None,None, , , , 
28873, ,1.4820207057988586,1.5885651294280526e-09,None,None,None,None, , , , 
28874, ,1.4820207057988586,1.702769172225898e-09,None,None,None,None, , , , 
28875, ,1.4820207057988586,1.825183494319039e-09,None,None,None,None, , , , 
28876, ,1.4820207057988586,1.956398343517065e-09,None,None,None,None, , , , 
28877, ,1.4820207057988586,2.0970464013232305e-09,None,None,None,None, , , , 
28878, ,1.4820207057988586,2.2478058335487307e-09,None,None,None,None, , , , 
28879, ,1.4820207057988586,2.409403560239527e-09,None,None,None,None, , , , 
28880, ,1.4820207057988586,2.582618760682675e-09,None,None,None,None, , , , 
28881, ,1.4820207057988586,2.768286630392061e-09,None,None,None,None, , , , 
28882, ,1.4820207057988586,2.9673024081888724e-09,None,None,None,None, , , , 
28883, ,1.4820207057988586,3.180625692794119e-09,None,None,None,None, , , , 
28884, ,1.4820207057988586,3.409285069746807e-09,None,None,None,None, , , , 
28885, ,1.4820207057988586,3.654383070957262e-09,None,None,None,None, , , , 
28886, ,1.4820207057988586,3.917101490809261e-09,None,None,None,None, , , , 
28887, ,1.4820207057988586,4.198707084443906e-09,None,None,None,None, , , , 
28888, ,1.4820207057988586,4.500557675700488e-09,None,None,None,None, , , , 
28889, ,1.4820207057988586,4.824108704165374e-09,None,None,None,None, , , , 
28890, ,1.4820207057988586,5.170920242896755e-09,None,None,None,None, , , , 
28891, ,1.4820207057988586,5.542664520663096e-09,None,None,None,None, , , , 
28892, ,1.4820207057988586,5.941133984965041e-09,None,None,None,None, , , , 
28893, ,1.4820207057988586,6.3682499447185856e-09,None,None,None,None, , , , 
28894, ,1.4820207057988586,6.826071834272379e-09,None,None,None,None, , , , 
28895, ,1.4820207057988586,7.316807143427175e-09,None,None,None,None, , , , 
28896, ,1.4820207057988586,7.842822061337681e-09,None,None,None,None, , , , 
28897, ,1.4820207057988586,8.406652885618316e-09,None,None,None,None, , , , 
28898, ,1.4820207057988586,9.011018251665036e-09,None,None,None,None, , , , 
28899, ,1.4820207057988586,9.658832241158707e-09,None,None,None,None, , , , 
28900, ,1.4820207057988586,1.0353218432956616e-08,None,None,None,None, , , , 
28901, ,1.4820207057988586,1.1097524964120722e-08,None,None,None,None, , , , 
28902, ,1.4820207057988586,1.1895340673703208e-08,None,None,None,None, , , , 
28903, ,1.4820207057988586,1.2750512407130128e-08,None,None,None,None, , , , 
28904, ,1.4820207057988586,1.3667163564620044e-08,None,None,None,None, , , , 
28905, ,1.4820207057988586,1.4649713983072853e-08,None,None,None,None, , , , 
28906, ,1.4820207057988586,1.5702901247293774e-08,None,None,None,None, , , , 
28907, ,1.4820207057988586,1.683180353330955e-08,None,None,None,None, , , , 
28908, ,1.4820207057988586,1.8041864093920717e-08,None,None,None,None, , , , 
28909, ,1.4820207057988586,1.933891750455232e-08,None,None,None,None, , , , 
28910, ,1.4820207057988586,2.0729217795953697e-08,None,None,None,None, , , , 
28911, ,1.4820207057988586,2.221946860939524e-08,None,None,None,None, , , , 
28912, ,1.4820207057988586,2.3816855519761606e-08,None,None,None,None, , , , 
28913, ,1.4820207057988586,2.552908068239516e-08,None,None,None,None, , , , 
28914, ,1.4820207057988586,2.7364399970746666e-08,None,None,None,None, , , , 
28915, ,1.4820207057988586,2.933166278390042e-08,None,None,None,None, , , , 
28916, ,1.4820207057988586,3.1440354715915e-08,None,None,None,None, , , , 
28917, ,1.4820207057988586,3.370064329271925e-08,None,None,None,None, , , , 
28918, ,1.4820207057988586,3.612342699709431e-08,None,None,None,None, , , , 
28919, ,1.4820207057988586,3.872038781812557e-08,None,None,None,None, , , , 
28920, ,1.4820207057988586,4.1504047578504727e-08,None,None,None,None, , , , 
28921, ,1.4820207057988586,4.448782831127585e-08,None,None,None,None, , , , 
28922, ,1.4820207057988586,4.768611697714474e-08,None,None,None,None, , , , 
28923, ,1.4820207057988586,5.111433483440165e-08,None,None,None,None, , , , 
28924, ,1.4820207057988586,5.478901179593934e-08,None,None,None,None, , , , 
28925, ,1.4820207057988586,5.872786613189478e-08,None,None,None,None, , , , 
28926, ,1.4820207057988586,6.294988990221888e-08,None,None,None,None, , , , 
28927, ,1.4820207057988586,6.747544053110687e-08,None,None,None,None, , , , 
28928, ,1.4820207057988586,7.232633896483534e-08,None,None,None,None, , , , 
28929, ,1.4820207057988586,7.752597488629465e-08,None,None,None,None, , , , 
28930, ,1.4820207057988586,8.309941949353386e-08,None,None,None,None, , , , 
28931, ,1.4820207057988586,8.907354638610439e-08,None,None,None,None, , , , 
28932, ,1.4820207057988586,9.547716114208066e-08,None,None,None,None, , , , 
28933, ,1.4820207057988586,1.0234114021054528e-07,None,None,None,None, , , , 
28934, ,1.4820207057988586,1.0969857978923841e-07,None,None,None,None, , , , 
28935, ,1.4820207057988586,1.1758495540521555e-07,None,None,None,None, , , , 
28936, ,1.4820207057988586,1.2603829296797277e-07,None,None,None,None, , , , 
28937, ,1.4820207057988586,1.350993521198025e-07,None,None,None,None, , , , 
28938, ,1.4820207057988586,1.4481182276745328e-07,None,None,None,None, , , , 
28939, ,1.4820207057988586,1.552225357427048e-07,None,None,None,None, , , , 
28940, ,1.4820207057988586,1.6638168860761273e-07,None,None,None,None, , , , 
28941, ,1.4820207057988586,1.7834308769319093e-07,None,None,None,None, , , , 
28942, ,1.4820207057988586,1.9116440753857e-07,None,None,None,None, , , , 
28943, ,1.4820207057988586,2.049074689815846e-07,None,None,None,None, , , , 
28944, ,1.4820207057988586,2.1963853724165468e-07,None,None,None,None, , , , 
28945, ,1.4820207057988586,2.3542864143224158e-07,None,None,None,None, , , , 
28946, ,1.4820207057988586,2.523539170434766e-07,None,None,None,None, , , , 
28947, ,1.4820207057988586,2.7049597304631316e-07,None,None,None,None, , , , 
28948, ,1.4820207057988586,2.899422853882875e-07,None,None,None,None, , , , 
28949, ,1.4820207057988586,3.107866187782014e-07,None,None,None,None, , , , 
28950, ,1.4820207057988586,3.33129478793467e-07,None,None,None,None, , , , 
28951, ,1.4820207057988586,3.5707859649004626e-07,None,None,None,None, , , , 
28952, ,1.4820207057988586,3.827494478516307e-07,None,None,None,None, , , , 
28953, ,1.4820207057988586,4.1026581058271904e-07,None,None,None,None, , , , 
28954, ,1.4820207057988586,4.397603609302722e-07,None,None,None,None, , , , 
28955, ,1.4820207057988586,4.7137531341167185e-07,None,None,None,None, , , , 
28956, ,1.4820207057988586,5.052631065335679e-07,None,None,None,None, , , , 
28957, ,1.4820207057988586,5.415871378079465e-07,None,None,None,None, , , , 
28958, ,1.4820207057988586,5.805225516094896e-07,None,None,None,None, , , , 
28959, ,1.4820207057988586,6.222570836730232e-07,None,None,None,None, , , , 
28960, ,1.4820207057988586,6.669919663030115e-07,None,None,None,None, , , , 
28961, ,1.4820207057988586,7.149428986597576e-07,None,None,None,None, , , , 
28962, ,1.4820207057988586,7.663410868007445e-07,None,None,None,None, , , , 
28963, ,1.4820207057988586,8.214343584919422e-07,None,None,None,None, , , , 
28964, ,1.4820207057988586,8.804883581643463e-07,None,None,None,None, , , , 
28965, ,1.4820207057988586,9.437878277775371e-07,None,None,None,None, , , , 
28966, ,1.4820207057988586,1.0116379797662072e-06,None,None,None,None, , , , 
28967, ,1.4820207057988586,1.0843659686896086e-06,None,None,None,None, , , , 
28968, ,1.4820207057988586,1.1623224686798522e-06,None,None,None,None, , , , 
28969, ,1.4820207057988586,1.2458833642950078e-06,None,None,None,None, , , , 
28970, ,1.4820207057988586,1.3354515629298971e-06,None,None,None,None, , , , 
28971, ,1.4820207057988586,1.4314589375234786e-06,None,None,None,None, , , , 
28972, ,1.4820207057988586,1.53436840893001e-06,None,None,None,None, , , , 
28973, ,1.4820207057988586,1.6446761779946631e-06,None,None,None,None, , , , 
28974, ,1.4820207057988586,1.762914118095948e-06,None,None,None,None, , , , 
28975, ,1.4820207057988586,1.8896523396912082e-06,None,None,None,None, , , , 
28976, ,1.4820207057988586,2.0255019392306664e-06,None,None,None,None, , , , 
28977, ,1.4820207057988586,2.171117945694501e-06,None,None,None,None, , , , 
28978, ,1.4820207057988586,2.327202478960408e-06,None,None,None,None, , , , 
28979, ,1.4820207057988586,2.494508135230317e-06,None,None,None,None, , , , 
28980, ,1.4820207057988586,2.673841615839944e-06,None,None,None,None, , , , 
28981, ,1.4820207057988586,2.8660676169482507e-06,None,None,None,None, , , , 
28982, ,1.4820207057988586,3.0721129988617524e-06,None,None,None,None, , , , 
28983, ,1.4820207057988586,3.292971255097148e-06,None,None,None,None, , , , 
28984, ,1.4820207057988586,3.5297073027306505e-06,None,None,None,None, , , , 
28985, ,1.4820207057988586,3.783462617131925e-06,None,None,None,None, , , , 
28986, ,1.4820207057988586,4.0554607358408275e-06,None,None,None,None, , , , 
28987, ,1.4820207057988586,4.3470131581250175e-06,None,None,None,None, , , , 
28988, ,1.4820207057988586,4.6595256686646765e-06,None,None,None,None, , , , 
28989, ,1.4820207057988586,4.99450511585514e-06,None,None,None,None, , , , 
28990, ,1.4820207057988586,5.353566677410719e-06,None,None,None,None, , , , 
28991, ,1.4820207057988586,5.738441648302393e-06,None,None,None,None, , , , 
28992, ,1.4820207057988586,6.150985788580505e-06,None,None,None,None, , , , 
28993, ,1.4820207057988586,6.593188271333541e-06,None,None,None,None, , , , 
28994, ,1.4820207057988586,7.067181273927492e-06,None,None,None,None, , , , 
28995, ,1.4820207057988586,7.575250258771904e-06,None,None,None,None, , , , 
28996, ,1.4820207057988586,8.119844993184007e-06,None,None,None,None, , , , 
28997, ,1.4820207057988586,8.703591361485167e-06,None,None,None,None, , , , 
28998, ,1.4820207057988586,9.329304026284676e-06,None,None,None,None, , , , 
28999, ,1.4820207057988586,1e-05,None,None,None,None, , , , 
29000, ,1.5343684089300116,1e-11,None,None,None,None, , , , 
29001, ,1.5343684089300116,1.0718913192051263e-11,None,None,None,None, , , , 
29002, ,1.5343684089300116,1.1489510001873107e-11,None,None,None,None, , , , 
29003, ,1.5343684089300116,1.2315506032928262e-11,None,None,None,None, , , , 
29004, ,1.5343684089300116,1.3200884008314167e-11,None,None,None,None, , , , 
29005, ,1.5343684089300116,1.4149912974345786e-11,None,None,None,None, , , , 
29006, ,1.5343684089300116,1.5167168884709242e-11,None,None,None,None, , , , 
29007, ,1.5343684089300116,1.6257556664437934e-11,None,None,None,None, , , , 
29008, ,1.5343684089300116,1.7426333860096473e-11,None,None,None,None, , , , 
29009, ,1.5343684089300116,1.8679135990207848e-11,None,None,None,None, , , , 
29010, ,1.5343684089300116,2.0022003718155844e-11,None,None,None,None, , , , 
29011, ,1.5343684089300116,2.1461411978584013e-11,None,None,None,None, , , , 
29012, ,1.5343684089300116,2.300430119772921e-11,None,None,None,None, , , , 
29013, ,1.5343684089300116,2.465811075822604e-11,None,None,None,None, , , , 
29014, ,1.5343684089300116,2.643081486974103e-11,None,None,None,None, , , , 
29015, ,1.5343684089300116,2.8330961018393178e-11,None,None,None,None, , , , 
29016, ,1.5343684089300116,3.036771118035461e-11,None,None,None,None, , , , 
29017, ,1.5343684089300116,3.255088599835057e-11,None,None,None,None, , , , 
29018, ,1.5343684089300116,3.4891012134067674e-11,None,None,None,None, , , , 
29019, ,1.5343684089300116,3.739937302478801e-11,None,None,None,None, , , , 
29020, ,1.5343684089300116,4.0088063288984646e-11,None,None,None,None, , , , 
29021, ,1.5343684089300116,4.297004704320835e-11,None,None,None,None, , , , 
29022, ,1.5343684089300116,4.605922041145113e-11,None,None,None,None, , , , 
29023, ,1.5343684089300116,4.937047852839004e-11,None,None,None,None, , , , 
29024, ,1.5343684089300116,5.2919787359584366e-11,None,None,None,None, , , , 
29025, ,1.5343684089300116,5.672426068491989e-11,None,None,None,None, , , , 
29026, ,1.5343684089300116,6.080224261649427e-11,None,None,None,None, , , , 
29027, ,1.5343684089300116,6.517339604882421e-11,None,None,None,None, , , , 
29028, ,1.5343684089300116,6.985879746785235e-11,None,None,None,None, , , , 
29029, ,1.5343684089300116,7.48810385759003e-11,None,None,None,None, , , , 
29030, ,1.5343684089300116,8.026433522257174e-11,None,None,None,None, , , , 
29031, ,1.5343684089300116,8.603464416684492e-11,None,None,None,None, , , , 
29032, ,1.5343684089300116,9.221978823334341e-11,None,None,None,None, , , , 
29033, ,1.5343684089300116,9.884959046625586e-11,None,None,None,None, , , , 
29034, ,1.5343684089300116,1.0595601792776149e-10,None,None,None,None, , , , 
29035, ,1.5343684089300116,1.1357333583431027e-10,None,None,None,None, , , , 
29036, ,1.5343684089300116,1.217382727739662e-10,None,None,None,None, , , , 
29037, ,1.5343684089300116,1.3049019780144016e-10,None,None,None,None, , , , 
29038, ,1.5343684089300116,1.398713102647236e-10,None,None,None,None, , , , 
29039, ,1.5343684089300116,1.4992684327860468e-10,None,None,None,None, , , , 
29040, ,1.5343684089300116,1.6070528182616384e-10,None,None,None,None, , , , 
29041, ,1.5343684089300116,1.722585965398784e-10,None,None,None,None, , , , 
29042, ,1.5343684089300116,1.8464249428955463e-10,None,None,None,None, , , , 
29043, ,1.5343684089300116,1.9791668678535569e-10,None,None,None,None, , , , 
29044, ,1.5343684089300116,2.121451784910628e-10,None,None,None,None, , , , 
29045, ,1.5343684089300116,2.273965752357932e-10,None,None,None,None, , , , 
29046, ,1.5343684089300116,2.4374441501222216e-10,None,None,None,None, , , , 
29047, ,1.5343684089300116,2.6126752255633265e-10,None,None,None,None, , , , 
29048, ,1.5343684089300116,2.8005038941836253e-10,None,None,None,None, , , , 
29049, ,1.5343684089300116,3.0018358135755917e-10,None,None,None,None, , , , 
29050, ,1.5343684089300116,3.2176417502507347e-10,None,None,None,None, , , , 
29051, ,1.5343684089300116,3.4489622604057533e-10,None,None,None,None, , , , 
29052, ,1.5343684089300116,3.696912707195032e-10,None,None,None,None, , , , 
29053, ,1.5343684089300116,3.9626886387014783e-10,None,None,None,None, , , , 
29054, ,1.5343684089300116,4.2475715525368935e-10,None,None,None,None, , , , 
29055, ,1.5343684089300116,4.552935074866938e-10,None,None,None,None, , , , 
29056, ,1.5343684089300116,4.880251583654433e-10,None,None,None,None, , , , 
29057, ,1.5343684089300116,5.231099308056258e-10,None,None,None,None, , , , 
29058, ,1.5343684089300116,5.60716993820547e-10,None,None,None,None, , , , 
29059, ,1.5343684089300116,6.010276782070387e-10,None,None,None,None, , , , 
29060, ,1.5343684089300116,6.442363508721371e-10,None,None,None,None, , , , 
29061, ,1.5343684089300116,6.905513520162316e-10,None,None,None,None, , , , 
29062, ,1.5343684089300116,7.401959996915653e-10,None,None,None,None, , , , 
29063, ,1.5343684089300116,7.934096665797492e-10,None,None,None,None, , , , 
29064, ,1.5343684089300116,8.504489341802668e-10,None,None,None,None, , , , 
29065, ,1.5343684089300116,9.115888299750837e-10,None,None,None,None, , , , 
29066, ,1.5343684089300116,9.771241535346502e-10,None,None,None,None, , , , 
29067, ,1.5343684089300116,1.0473708979594486e-09,None,None,None,None, , , , 
29068, ,1.5343684089300116,1.1226677735108114e-09,None,None,None,None, , , , 
29069, ,1.5343684089300116,1.2033778407775904e-09,None,None,None,None, , , , 
29070, ,1.5343684089300116,1.289890261253308e-09,None,None,None,None, , , , 
29071, ,1.5343684089300116,1.3826221737646535e-09,None,None,None,None, , , , 
29072, ,1.5343684089300116,1.4820207057988602e-09,None,None,None,None, , , , 
29073, ,1.5343684089300116,1.5885651294280526e-09,None,None,None,None, , , , 
29074, ,1.5343684089300116,1.702769172225898e-09,None,None,None,None, , , , 
29075, ,1.5343684089300116,1.825183494319039e-09,None,None,None,None, , , , 
29076, ,1.5343684089300116,1.956398343517065e-09,None,None,None,None, , , , 
29077, ,1.5343684089300116,2.0970464013232305e-09,None,None,None,None, , , , 
29078, ,1.5343684089300116,2.2478058335487307e-09,None,None,None,None, , , , 
29079, ,1.5343684089300116,2.409403560239527e-09,None,None,None,None, , , , 
29080, ,1.5343684089300116,2.582618760682675e-09,None,None,None,None, , , , 
29081, ,1.5343684089300116,2.768286630392061e-09,None,None,None,None, , , , 
29082, ,1.5343684089300116,2.9673024081888724e-09,None,None,None,None, , , , 
29083, ,1.5343684089300116,3.180625692794119e-09,None,None,None,None, , , , 
29084, ,1.5343684089300116,3.409285069746807e-09,None,None,None,None, , , , 
29085, ,1.5343684089300116,3.654383070957262e-09,None,None,None,None, , , , 
29086, ,1.5343684089300116,3.917101490809261e-09,None,None,None,None, , , , 
29087, ,1.5343684089300116,4.198707084443906e-09,None,None,None,None, , , , 
29088, ,1.5343684089300116,4.500557675700488e-09,None,None,None,None, , , , 
29089, ,1.5343684089300116,4.824108704165374e-09,None,None,None,None, , , , 
29090, ,1.5343684089300116,5.170920242896755e-09,None,None,None,None, , , , 
29091, ,1.5343684089300116,5.542664520663096e-09,None,None,None,None, , , , 
29092, ,1.5343684089300116,5.941133984965041e-09,None,None,None,None, , , , 
29093, ,1.5343684089300116,6.3682499447185856e-09,None,None,None,None, , , , 
29094, ,1.5343684089300116,6.826071834272379e-09,None,None,None,None, , , , 
29095, ,1.5343684089300116,7.316807143427175e-09,None,None,None,None, , , , 
29096, ,1.5343684089300116,7.842822061337681e-09,None,None,None,None, , , , 
29097, ,1.5343684089300116,8.406652885618316e-09,None,None,None,None, , , , 
29098, ,1.5343684089300116,9.011018251665036e-09,None,None,None,None, , , , 
29099, ,1.5343684089300116,9.658832241158707e-09,None,None,None,None, , , , 
29100, ,1.5343684089300116,1.0353218432956616e-08,None,None,None,None, , , , 
29101, ,1.5343684089300116,1.1097524964120722e-08,None,None,None,None, , , , 
29102, ,1.5343684089300116,1.1895340673703208e-08,None,None,None,None, , , , 
29103, ,1.5343684089300116,1.2750512407130128e-08,None,None,None,None, , , , 
29104, ,1.5343684089300116,1.3667163564620044e-08,None,None,None,None, , , , 
29105, ,1.5343684089300116,1.4649713983072853e-08,None,None,None,None, , , , 
29106, ,1.5343684089300116,1.5702901247293774e-08,None,None,None,None, , , , 
29107, ,1.5343684089300116,1.683180353330955e-08,None,None,None,None, , , , 
29108, ,1.5343684089300116,1.8041864093920717e-08,None,None,None,None, , , , 
29109, ,1.5343684089300116,1.933891750455232e-08,None,None,None,None, , , , 
29110, ,1.5343684089300116,2.0729217795953697e-08,None,None,None,None, , , , 
29111, ,1.5343684089300116,2.221946860939524e-08,None,None,None,None, , , , 
29112, ,1.5343684089300116,2.3816855519761606e-08,None,None,None,None, , , , 
29113, ,1.5343684089300116,2.552908068239516e-08,None,None,None,None, , , , 
29114, ,1.5343684089300116,2.7364399970746666e-08,None,None,None,None, , , , 
29115, ,1.5343684089300116,2.933166278390042e-08,None,None,None,None, , , , 
29116, ,1.5343684089300116,3.1440354715915e-08,None,None,None,None, , , , 
29117, ,1.5343684089300116,3.370064329271925e-08,None,None,None,None, , , , 
29118, ,1.5343684089300116,3.612342699709431e-08,None,None,None,None, , , , 
29119, ,1.5343684089300116,3.872038781812557e-08,None,None,None,None, , , , 
29120, ,1.5343684089300116,4.1504047578504727e-08,None,None,None,None, , , , 
29121, ,1.5343684089300116,4.448782831127585e-08,None,None,None,None, , , , 
29122, ,1.5343684089300116,4.768611697714474e-08,None,None,None,None, , , , 
29123, ,1.5343684089300116,5.111433483440165e-08,None,None,None,None, , , , 
29124, ,1.5343684089300116,5.478901179593934e-08,None,None,None,None, , , , 
29125, ,1.5343684089300116,5.872786613189478e-08,None,None,None,None, , , , 
29126, ,1.5343684089300116,6.294988990221888e-08,None,None,None,None, , , , 
29127, ,1.5343684089300116,6.747544053110687e-08,None,None,None,None, , , , 
29128, ,1.5343684089300116,7.232633896483534e-08,None,None,None,None, , , , 
29129, ,1.5343684089300116,7.752597488629465e-08,None,None,None,None, , , , 
29130, ,1.5343684089300116,8.309941949353386e-08,None,None,None,None, , , , 
29131, ,1.5343684089300116,8.907354638610439e-08,None,None,None,None, , , , 
29132, ,1.5343684089300116,9.547716114208066e-08,None,None,None,None, , , , 
29133, ,1.5343684089300116,1.0234114021054528e-07,None,None,None,None, , , , 
29134, ,1.5343684089300116,1.0969857978923841e-07,None,None,None,None, , , , 
29135, ,1.5343684089300116,1.1758495540521555e-07,None,None,None,None, , , , 
29136, ,1.5343684089300116,1.2603829296797277e-07,None,None,None,None, , , , 
29137, ,1.5343684089300116,1.350993521198025e-07,None,None,None,None, , , , 
29138, ,1.5343684089300116,1.4481182276745328e-07,None,None,None,None, , , , 
29139, ,1.5343684089300116,1.552225357427048e-07,None,None,None,None, , , , 
29140, ,1.5343684089300116,1.6638168860761273e-07,None,None,None,None, , , , 
29141, ,1.5343684089300116,1.7834308769319093e-07,None,None,None,None, , , , 
29142, ,1.5343684089300116,1.9116440753857e-07,None,None,None,None, , , , 
29143, ,1.5343684089300116,2.049074689815846e-07,None,None,None,None, , , , 
29144, ,1.5343684089300116,2.1963853724165468e-07,None,None,None,None, , , , 
29145, ,1.5343684089300116,2.3542864143224158e-07,None,None,None,None, , , , 
29146, ,1.5343684089300116,2.523539170434766e-07,None,None,None,None, , , , 
29147, ,1.5343684089300116,2.7049597304631316e-07,None,None,None,None, , , , 
29148, ,1.5343684089300116,2.899422853882875e-07,None,None,None,None, , , , 
29149, ,1.5343684089300116,3.107866187782014e-07,None,None,None,None, , , , 
29150, ,1.5343684089300116,3.33129478793467e-07,None,None,None,None, , , , 
29151, ,1.5343684089300116,3.5707859649004626e-07,None,None,None,None, , , , 
29152, ,1.5343684089300116,3.827494478516307e-07,None,None,None,None, , , , 
29153, ,1.5343684089300116,4.1026581058271904e-07,None,None,None,None, , , , 
29154, ,1.5343684089300116,4.397603609302722e-07,None,None,None,None, , , , 
29155, ,1.5343684089300116,4.7137531341167185e-07,None,None,None,None, , , , 
29156, ,1.5343684089300116,5.052631065335679e-07,None,None,None,None, , , , 
29157, ,1.5343684089300116,5.415871378079465e-07,None,None,None,None, , , , 
29158, ,1.5343684089300116,5.805225516094896e-07,None,None,None,None, , , , 
29159, ,1.5343684089300116,6.222570836730232e-07,None,None,None,None, , , , 
29160, ,1.5343684089300116,6.669919663030115e-07,None,None,None,None, , , , 
29161, ,1.5343684089300116,7.149428986597576e-07,None,None,None,None, , , , 
29162, ,1.5343684089300116,7.663410868007445e-07,None,None,None,None, , , , 
29163, ,1.5343684089300116,8.214343584919422e-07,None,None,None,None, , , , 
29164, ,1.5343684089300116,8.804883581643463e-07,None,None,None,None, , , , 
29165, ,1.5343684089300116,9.437878277775371e-07,None,None,None,None, , , , 
29166, ,1.5343684089300116,1.0116379797662072e-06,None,None,None,None, , , , 
29167, ,1.5343684089300116,1.0843659686896086e-06,None,None,None,None, , , , 
29168, ,1.5343684089300116,1.1623224686798522e-06,None,None,None,None, , , , 
29169, ,1.5343684089300116,1.2458833642950078e-06,None,None,None,None, , , , 
29170, ,1.5343684089300116,1.3354515629298971e-06,None,None,None,None, , , , 
29171, ,1.5343684089300116,1.4314589375234786e-06,None,None,None,None, , , , 
29172, ,1.5343684089300116,1.53436840893001e-06,None,None,None,None, , , , 
29173, ,1.5343684089300116,1.6446761779946631e-06,None,None,None,None, , , , 
29174, ,1.5343684089300116,1.762914118095948e-06,None,None,None,None, , , , 
29175, ,1.5343684089300116,1.8896523396912082e-06,None,None,None,None, , , , 
29176, ,1.5343684089300116,2.0255019392306664e-06,None,None,None,None, , , , 
29177, ,1.5343684089300116,2.171117945694501e-06,None,None,None,None, , , , 
29178, ,1.5343684089300116,2.327202478960408e-06,None,None,None,None, , , , 
29179, ,1.5343684089300116,2.494508135230317e-06,None,None,None,None, , , , 
29180, ,1.5343684089300116,2.673841615839944e-06,None,None,None,None, , , , 
29181, ,1.5343684089300116,2.8660676169482507e-06,None,None,None,None, , , , 
29182, ,1.5343684089300116,3.0721129988617524e-06,None,None,None,None, , , , 
29183, ,1.5343684089300116,3.292971255097148e-06,None,None,None,None, , , , 
29184, ,1.5343684089300116,3.5297073027306505e-06,None,None,None,None, , , , 
29185, ,1.5343684089300116,3.783462617131925e-06,None,None,None,None, , , , 
29186, ,1.5343684089300116,4.0554607358408275e-06,None,None,None,None, , , , 
29187, ,1.5343684089300116,4.3470131581250175e-06,None,None,None,None, , , , 
29188, ,1.5343684089300116,4.6595256686646765e-06,None,None,None,None, , , , 
29189, ,1.5343684089300116,4.99450511585514e-06,None,None,None,None, , , , 
29190, ,1.5343684089300116,5.353566677410719e-06,None,None,None,None, , , , 
29191, ,1.5343684089300116,5.738441648302393e-06,None,None,None,None, , , , 
29192, ,1.5343684089300116,6.150985788580505e-06,None,None,None,None, , , , 
29193, ,1.5343684089300116,6.593188271333541e-06,None,None,None,None, , , , 
29194, ,1.5343684089300116,7.067181273927492e-06,None,None,None,None, , , , 
29195, ,1.5343684089300116,7.575250258771904e-06,None,None,None,None, , , , 
29196, ,1.5343684089300116,8.119844993184007e-06,None,None,None,None, , , , 
29197, ,1.5343684089300116,8.703591361485167e-06,None,None,None,None, , , , 
29198, ,1.5343684089300116,9.329304026284676e-06,None,None,None,None, , , , 
29199, ,1.5343684089300116,1e-05,None,None,None,None, , , , 
29200, ,1.5885651294280527,1e-11,None,None,None,None, , , , 
29201, ,1.5885651294280527,1.0718913192051263e-11,None,None,None,None, , , , 
29202, ,1.5885651294280527,1.1489510001873107e-11,None,None,None,None, , , , 
29203, ,1.5885651294280527,1.2315506032928262e-11,None,None,None,None, , , , 
29204, ,1.5885651294280527,1.3200884008314167e-11,None,None,None,None, , , , 
29205, ,1.5885651294280527,1.4149912974345786e-11,None,None,None,None, , , , 
29206, ,1.5885651294280527,1.5167168884709242e-11,None,None,None,None, , , , 
29207, ,1.5885651294280527,1.6257556664437934e-11,None,None,None,None, , , , 
29208, ,1.5885651294280527,1.7426333860096473e-11,None,None,None,None, , , , 
29209, ,1.5885651294280527,1.8679135990207848e-11,None,None,None,None, , , , 
29210, ,1.5885651294280527,2.0022003718155844e-11,None,None,None,None, , , , 
29211, ,1.5885651294280527,2.1461411978584013e-11,None,None,None,None, , , , 
29212, ,1.5885651294280527,2.300430119772921e-11,None,None,None,None, , , , 
29213, ,1.5885651294280527,2.465811075822604e-11,None,None,None,None, , , , 
29214, ,1.5885651294280527,2.643081486974103e-11,None,None,None,None, , , , 
29215, ,1.5885651294280527,2.8330961018393178e-11,None,None,None,None, , , , 
29216, ,1.5885651294280527,3.036771118035461e-11,None,None,None,None, , , , 
29217, ,1.5885651294280527,3.255088599835057e-11,None,None,None,None, , , , 
29218, ,1.5885651294280527,3.4891012134067674e-11,None,None,None,None, , , , 
29219, ,1.5885651294280527,3.739937302478801e-11,None,None,None,None, , , , 
29220, ,1.5885651294280527,4.0088063288984646e-11,None,None,None,None, , , , 
29221, ,1.5885651294280527,4.297004704320835e-11,None,None,None,None, , , , 
29222, ,1.5885651294280527,4.605922041145113e-11,None,None,None,None, , , , 
29223, ,1.5885651294280527,4.937047852839004e-11,None,None,None,None, , , , 
29224, ,1.5885651294280527,5.2919787359584366e-11,None,None,None,None, , , , 
29225, ,1.5885651294280527,5.672426068491989e-11,None,None,None,None, , , , 
29226, ,1.5885651294280527,6.080224261649427e-11,None,None,None,None, , , , 
29227, ,1.5885651294280527,6.517339604882421e-11,None,None,None,None, , , , 
29228, ,1.5885651294280527,6.985879746785235e-11,None,None,None,None, , , , 
29229, ,1.5885651294280527,7.48810385759003e-11,None,None,None,None, , , , 
29230, ,1.5885651294280527,8.026433522257174e-11,None,None,None,None, , , , 
29231, ,1.5885651294280527,8.603464416684492e-11,None,None,None,None, , , , 
29232, ,1.5885651294280527,9.221978823334341e-11,None,None,None,None, , , , 
29233, ,1.5885651294280527,9.884959046625586e-11,None,None,None,None, , , , 
29234, ,1.5885651294280527,1.0595601792776149e-10,None,None,None,None, , , , 
29235, ,1.5885651294280527,1.1357333583431027e-10,None,None,None,None, , , , 
29236, ,1.5885651294280527,1.217382727739662e-10,None,None,None,None, , , , 
29237, ,1.5885651294280527,1.3049019780144016e-10,None,None,None,None, , , , 
29238, ,1.5885651294280527,1.398713102647236e-10,None,None,None,None, , , , 
29239, ,1.5885651294280527,1.4992684327860468e-10,None,None,None,None, , , , 
29240, ,1.5885651294280527,1.6070528182616384e-10,None,None,None,None, , , , 
29241, ,1.5885651294280527,1.722585965398784e-10,None,None,None,None, , , , 
29242, ,1.5885651294280527,1.8464249428955463e-10,None,None,None,None, , , , 
29243, ,1.5885651294280527,1.9791668678535569e-10,None,None,None,None, , , , 
29244, ,1.5885651294280527,2.121451784910628e-10,None,None,None,None, , , , 
29245, ,1.5885651294280527,2.273965752357932e-10,None,None,None,None, , , , 
29246, ,1.5885651294280527,2.4374441501222216e-10,None,None,None,None, , , , 
29247, ,1.5885651294280527,2.6126752255633265e-10,None,None,None,None, , , , 
29248, ,1.5885651294280527,2.8005038941836253e-10,None,None,None,None, , , , 
29249, ,1.5885651294280527,3.0018358135755917e-10,None,None,None,None, , , , 
29250, ,1.5885651294280527,3.2176417502507347e-10,None,None,None,None, , , , 
29251, ,1.5885651294280527,3.4489622604057533e-10,None,None,None,None, , , , 
29252, ,1.5885651294280527,3.696912707195032e-10,None,None,None,None, , , , 
29253, ,1.5885651294280527,3.9626886387014783e-10,None,None,None,None, , , , 
29254, ,1.5885651294280527,4.2475715525368935e-10,None,None,None,None, , , , 
29255, ,1.5885651294280527,4.552935074866938e-10,None,None,None,None, , , , 
29256, ,1.5885651294280527,4.880251583654433e-10,None,None,None,None, , , , 
29257, ,1.5885651294280527,5.231099308056258e-10,None,None,None,None, , , , 
29258, ,1.5885651294280527,5.60716993820547e-10,None,None,None,None, , , , 
29259, ,1.5885651294280527,6.010276782070387e-10,None,None,None,None, , , , 
29260, ,1.5885651294280527,6.442363508721371e-10,None,None,None,None, , , , 
29261, ,1.5885651294280527,6.905513520162316e-10,None,None,None,None, , , , 
29262, ,1.5885651294280527,7.401959996915653e-10,None,None,None,None, , , , 
29263, ,1.5885651294280527,7.934096665797492e-10,None,None,None,None, , , , 
29264, ,1.5885651294280527,8.504489341802668e-10,None,None,None,None, , , , 
29265, ,1.5885651294280527,9.115888299750837e-10,None,None,None,None, , , , 
29266, ,1.5885651294280527,9.771241535346502e-10,None,None,None,None, , , , 
29267, ,1.5885651294280527,1.0473708979594486e-09,None,None,None,None, , , , 
29268, ,1.5885651294280527,1.1226677735108114e-09,None,None,None,None, , , , 
29269, ,1.5885651294280527,1.2033778407775904e-09,None,None,None,None, , , , 
29270, ,1.5885651294280527,1.289890261253308e-09,None,None,None,None, , , , 
29271, ,1.5885651294280527,1.3826221737646535e-09,None,None,None,None, , , , 
29272, ,1.5885651294280527,1.4820207057988602e-09,None,None,None,None, , , , 
29273, ,1.5885651294280527,1.5885651294280526e-09,None,None,None,None, , , , 
29274, ,1.5885651294280527,1.702769172225898e-09,None,None,None,None, , , , 
29275, ,1.5885651294280527,1.825183494319039e-09,None,None,None,None, , , , 
29276, ,1.5885651294280527,1.956398343517065e-09,None,None,None,None, , , , 
29277, ,1.5885651294280527,2.0970464013232305e-09,None,None,None,None, , , , 
29278, ,1.5885651294280527,2.2478058335487307e-09,None,None,None,None, , , , 
29279, ,1.5885651294280527,2.409403560239527e-09,None,None,None,None, , , , 
29280, ,1.5885651294280527,2.582618760682675e-09,None,None,None,None, , , , 
29281, ,1.5885651294280527,2.768286630392061e-09,None,None,None,None, , , , 
29282, ,1.5885651294280527,2.9673024081888724e-09,None,None,None,None, , , , 
29283, ,1.5885651294280527,3.180625692794119e-09,None,None,None,None, , , , 
29284, ,1.5885651294280527,3.409285069746807e-09,None,None,None,None, , , , 
29285, ,1.5885651294280527,3.654383070957262e-09,None,None,None,None, , , , 
29286, ,1.5885651294280527,3.917101490809261e-09,None,None,None,None, , , , 
29287, ,1.5885651294280527,4.198707084443906e-09,None,None,None,None, , , , 
29288, ,1.5885651294280527,4.500557675700488e-09,None,None,None,None, , , , 
29289, ,1.5885651294280527,4.824108704165374e-09,None,None,None,None, , , , 
29290, ,1.5885651294280527,5.170920242896755e-09,None,None,None,None, , , , 
29291, ,1.5885651294280527,5.542664520663096e-09,None,None,None,None, , , , 
29292, ,1.5885651294280527,5.941133984965041e-09,None,None,None,None, , , , 
29293, ,1.5885651294280527,6.3682499447185856e-09,None,None,None,None, , , , 
29294, ,1.5885651294280527,6.826071834272379e-09,None,None,None,None, , , , 
29295, ,1.5885651294280527,7.316807143427175e-09,None,None,None,None, , , , 
29296, ,1.5885651294280527,7.842822061337681e-09,None,None,None,None, , , , 
29297, ,1.5885651294280527,8.406652885618316e-09,None,None,None,None, , , , 
29298, ,1.5885651294280527,9.011018251665036e-09,None,None,None,None, , , , 
29299, ,1.5885651294280527,9.658832241158707e-09,None,None,None,None, , , , 
29300, ,1.5885651294280527,1.0353218432956616e-08,None,None,None,None, , , , 
29301, ,1.5885651294280527,1.1097524964120722e-08,None,None,None,None, , , , 
29302, ,1.5885651294280527,1.1895340673703208e-08,None,None,None,None, , , , 
29303, ,1.5885651294280527,1.2750512407130128e-08,None,None,None,None, , , , 
29304, ,1.5885651294280527,1.3667163564620044e-08,None,None,None,None, , , , 
29305, ,1.5885651294280527,1.4649713983072853e-08,None,None,None,None, , , , 
29306, ,1.5885651294280527,1.5702901247293774e-08,None,None,None,None, , , , 
29307, ,1.5885651294280527,1.683180353330955e-08,None,None,None,None, , , , 
29308, ,1.5885651294280527,1.8041864093920717e-08,None,None,None,None, , , , 
29309, ,1.5885651294280527,1.933891750455232e-08,None,None,None,None, , , , 
29310, ,1.5885651294280527,2.0729217795953697e-08,None,None,None,None, , , , 
29311, ,1.5885651294280527,2.221946860939524e-08,None,None,None,None, , , , 
29312, ,1.5885651294280527,2.3816855519761606e-08,None,None,None,None, , , , 
29313, ,1.5885651294280527,2.552908068239516e-08,None,None,None,None, , , , 
29314, ,1.5885651294280527,2.7364399970746666e-08,None,None,None,None, , , , 
29315, ,1.5885651294280527,2.933166278390042e-08,None,None,None,None, , , , 
29316, ,1.5885651294280527,3.1440354715915e-08,None,None,None,None, , , , 
29317, ,1.5885651294280527,3.370064329271925e-08,None,None,None,None, , , , 
29318, ,1.5885651294280527,3.612342699709431e-08,None,None,None,None, , , , 
29319, ,1.5885651294280527,3.872038781812557e-08,None,None,None,None, , , , 
29320, ,1.5885651294280527,4.1504047578504727e-08,None,None,None,None, , , , 
29321, ,1.5885651294280527,4.448782831127585e-08,None,None,None,None, , , , 
29322, ,1.5885651294280527,4.768611697714474e-08,None,None,None,None, , , , 
29323, ,1.5885651294280527,5.111433483440165e-08,None,None,None,None, , , , 
29324, ,1.5885651294280527,5.478901179593934e-08,None,None,None,None, , , , 
29325, ,1.5885651294280527,5.872786613189478e-08,None,None,None,None, , , , 
29326, ,1.5885651294280527,6.294988990221888e-08,None,None,None,None, , , , 
29327, ,1.5885651294280527,6.747544053110687e-08,None,None,None,None, , , , 
29328, ,1.5885651294280527,7.232633896483534e-08,None,None,None,None, , , , 
29329, ,1.5885651294280527,7.752597488629465e-08,None,None,None,None, , , , 
29330, ,1.5885651294280527,8.309941949353386e-08,None,None,None,None, , , , 
29331, ,1.5885651294280527,8.907354638610439e-08,None,None,None,None, , , , 
29332, ,1.5885651294280527,9.547716114208066e-08,None,None,None,None, , , , 
29333, ,1.5885651294280527,1.0234114021054528e-07,None,None,None,None, , , , 
29334, ,1.5885651294280527,1.0969857978923841e-07,None,None,None,None, , , , 
29335, ,1.5885651294280527,1.1758495540521555e-07,None,None,None,None, , , , 
29336, ,1.5885651294280527,1.2603829296797277e-07,None,None,None,None, , , , 
29337, ,1.5885651294280527,1.350993521198025e-07,None,None,None,None, , , , 
29338, ,1.5885651294280527,1.4481182276745328e-07,None,None,None,None, , , , 
29339, ,1.5885651294280527,1.552225357427048e-07,None,None,None,None, , , , 
29340, ,1.5885651294280527,1.6638168860761273e-07,None,None,None,None, , , , 
29341, ,1.5885651294280527,1.7834308769319093e-07,None,None,None,None, , , , 
29342, ,1.5885651294280527,1.9116440753857e-07,None,None,None,None, , , , 
29343, ,1.5885651294280527,2.049074689815846e-07,None,None,None,None, , , , 
29344, ,1.5885651294280527,2.1963853724165468e-07,None,None,None,None, , , , 
29345, ,1.5885651294280527,2.3542864143224158e-07,None,None,None,None, , , , 
29346, ,1.5885651294280527,2.523539170434766e-07,None,None,None,None, , , , 
29347, ,1.5885651294280527,2.7049597304631316e-07,None,None,None,None, , , , 
29348, ,1.5885651294280527,2.899422853882875e-07,None,None,None,None, , , , 
29349, ,1.5885651294280527,3.107866187782014e-07,None,None,None,None, , , , 
29350, ,1.5885651294280527,3.33129478793467e-07,None,None,None,None, , , , 
29351, ,1.5885651294280527,3.5707859649004626e-07,None,None,None,None, , , , 
29352, ,1.5885651294280527,3.827494478516307e-07,None,None,None,None, , , , 
29353, ,1.5885651294280527,4.1026581058271904e-07,None,None,None,None, , , , 
29354, ,1.5885651294280527,4.397603609302722e-07,None,None,None,None, , , , 
29355, ,1.5885651294280527,4.7137531341167185e-07,None,None,None,None, , , , 
29356, ,1.5885651294280527,5.052631065335679e-07,None,None,None,None, , , , 
29357, ,1.5885651294280527,5.415871378079465e-07,None,None,None,None, , , , 
29358, ,1.5885651294280527,5.805225516094896e-07,None,None,None,None, , , , 
29359, ,1.5885651294280527,6.222570836730232e-07,None,None,None,None, , , , 
29360, ,1.5885651294280527,6.669919663030115e-07,None,None,None,None, , , , 
29361, ,1.5885651294280527,7.149428986597576e-07,None,None,None,None, , , , 
29362, ,1.5885651294280527,7.663410868007445e-07,None,None,None,None, , , , 
29363, ,1.5885651294280527,8.214343584919422e-07,None,None,None,None, , , , 
29364, ,1.5885651294280527,8.804883581643463e-07,None,None,None,None, , , , 
29365, ,1.5885651294280527,9.437878277775371e-07,None,None,None,None, , , , 
29366, ,1.5885651294280527,1.0116379797662072e-06,None,None,None,None, , , , 
29367, ,1.5885651294280527,1.0843659686896086e-06,None,None,None,None, , , , 
29368, ,1.5885651294280527,1.1623224686798522e-06,None,None,None,None, , , , 
29369, ,1.5885651294280527,1.2458833642950078e-06,None,None,None,None, , , , 
29370, ,1.5885651294280527,1.3354515629298971e-06,None,None,None,None, , , , 
29371, ,1.5885651294280527,1.4314589375234786e-06,None,None,None,None, , , , 
29372, ,1.5885651294280527,1.53436840893001e-06,None,None,None,None, , , , 
29373, ,1.5885651294280527,1.6446761779946631e-06,None,None,None,None, , , , 
29374, ,1.5885651294280527,1.762914118095948e-06,None,None,None,None, , , , 
29375, ,1.5885651294280527,1.8896523396912082e-06,None,None,None,None, , , , 
29376, ,1.5885651294280527,2.0255019392306664e-06,None,None,None,None, , , , 
29377, ,1.5885651294280527,2.171117945694501e-06,None,None,None,None, , , , 
29378, ,1.5885651294280527,2.327202478960408e-06,None,None,None,None, , , , 
29379, ,1.5885651294280527,2.494508135230317e-06,None,None,None,None, , , , 
29380, ,1.5885651294280527,2.673841615839944e-06,None,None,None,None, , , , 
29381, ,1.5885651294280527,2.8660676169482507e-06,None,None,None,None, , , , 
29382, ,1.5885651294280527,3.0721129988617524e-06,None,None,None,None, , , , 
29383, ,1.5885651294280527,3.292971255097148e-06,None,None,None,None, , , , 
29384, ,1.5885651294280527,3.5297073027306505e-06,None,None,None,None, , , , 
29385, ,1.5885651294280527,3.783462617131925e-06,None,None,None,None, , , , 
29386, ,1.5885651294280527,4.0554607358408275e-06,None,None,None,None, , , , 
29387, ,1.5885651294280527,4.3470131581250175e-06,None,None,None,None, , , , 
29388, ,1.5885651294280527,4.6595256686646765e-06,None,None,None,None, , , , 
29389, ,1.5885651294280527,4.99450511585514e-06,None,None,None,None, , , , 
29390, ,1.5885651294280527,5.353566677410719e-06,None,None,None,None, , , , 
29391, ,1.5885651294280527,5.738441648302393e-06,None,None,None,None, , , , 
29392, ,1.5885651294280527,6.150985788580505e-06,None,None,None,None, , , , 
29393, ,1.5885651294280527,6.593188271333541e-06,None,None,None,None, , , , 
29394, ,1.5885651294280527,7.067181273927492e-06,None,None,None,None, , , , 
29395, ,1.5885651294280527,7.575250258771904e-06,None,None,None,None, , , , 
29396, ,1.5885651294280527,8.119844993184007e-06,None,None,None,None, , , , 
29397, ,1.5885651294280527,8.703591361485167e-06,None,None,None,None, , , , 
29398, ,1.5885651294280527,9.329304026284676e-06,None,None,None,None, , , , 
29399, ,1.5885651294280527,1e-05,None,None,None,None, , , , 
29400, ,1.6446761779946628,1e-11,None,None,None,None, , , , 
29401, ,1.6446761779946628,1.0718913192051263e-11,None,None,None,None, , , , 
29402, ,1.6446761779946628,1.1489510001873107e-11,None,None,None,None, , , , 
29403, ,1.6446761779946628,1.2315506032928262e-11,None,None,None,None, , , , 
29404, ,1.6446761779946628,1.3200884008314167e-11,None,None,None,None, , , , 
29405, ,1.6446761779946628,1.4149912974345786e-11,None,None,None,None, , , , 
29406, ,1.6446761779946628,1.5167168884709242e-11,None,None,None,None, , , , 
29407, ,1.6446761779946628,1.6257556664437934e-11,None,None,None,None, , , , 
29408, ,1.6446761779946628,1.7426333860096473e-11,None,None,None,None, , , , 
29409, ,1.6446761779946628,1.8679135990207848e-11,None,None,None,None, , , , 
29410, ,1.6446761779946628,2.0022003718155844e-11,None,None,None,None, , , , 
29411, ,1.6446761779946628,2.1461411978584013e-11,None,None,None,None, , , , 
29412, ,1.6446761779946628,2.300430119772921e-11,None,None,None,None, , , , 
29413, ,1.6446761779946628,2.465811075822604e-11,None,None,None,None, , , , 
29414, ,1.6446761779946628,2.643081486974103e-11,None,None,None,None, , , , 
29415, ,1.6446761779946628,2.8330961018393178e-11,None,None,None,None, , , , 
29416, ,1.6446761779946628,3.036771118035461e-11,None,None,None,None, , , , 
29417, ,1.6446761779946628,3.255088599835057e-11,None,None,None,None, , , , 
29418, ,1.6446761779946628,3.4891012134067674e-11,None,None,None,None, , , , 
29419, ,1.6446761779946628,3.739937302478801e-11,None,None,None,None, , , , 
29420, ,1.6446761779946628,4.0088063288984646e-11,None,None,None,None, , , , 
29421, ,1.6446761779946628,4.297004704320835e-11,None,None,None,None, , , , 
29422, ,1.6446761779946628,4.605922041145113e-11,None,None,None,None, , , , 
29423, ,1.6446761779946628,4.937047852839004e-11,None,None,None,None, , , , 
29424, ,1.6446761779946628,5.2919787359584366e-11,None,None,None,None, , , , 
29425, ,1.6446761779946628,5.672426068491989e-11,None,None,None,None, , , , 
29426, ,1.6446761779946628,6.080224261649427e-11,None,None,None,None, , , , 
29427, ,1.6446761779946628,6.517339604882421e-11,None,None,None,None, , , , 
29428, ,1.6446761779946628,6.985879746785235e-11,None,None,None,None, , , , 
29429, ,1.6446761779946628,7.48810385759003e-11,None,None,None,None, , , , 
29430, ,1.6446761779946628,8.026433522257174e-11,None,None,None,None, , , , 
29431, ,1.6446761779946628,8.603464416684492e-11,None,None,None,None, , , , 
29432, ,1.6446761779946628,9.221978823334341e-11,None,None,None,None, , , , 
29433, ,1.6446761779946628,9.884959046625586e-11,None,None,None,None, , , , 
29434, ,1.6446761779946628,1.0595601792776149e-10,None,None,None,None, , , , 
29435, ,1.6446761779946628,1.1357333583431027e-10,None,None,None,None, , , , 
29436, ,1.6446761779946628,1.217382727739662e-10,None,None,None,None, , , , 
29437, ,1.6446761779946628,1.3049019780144016e-10,None,None,None,None, , , , 
29438, ,1.6446761779946628,1.398713102647236e-10,None,None,None,None, , , , 
29439, ,1.6446761779946628,1.4992684327860468e-10,None,None,None,None, , , , 
29440, ,1.6446761779946628,1.6070528182616384e-10,None,None,None,None, , , , 
29441, ,1.6446761779946628,1.722585965398784e-10,None,None,None,None, , , , 
29442, ,1.6446761779946628,1.8464249428955463e-10,None,None,None,None, , , , 
29443, ,1.6446761779946628,1.9791668678535569e-10,None,None,None,None, , , , 
29444, ,1.6446761779946628,2.121451784910628e-10,None,None,None,None, , , , 
29445, ,1.6446761779946628,2.273965752357932e-10,None,None,None,None, , , , 
29446, ,1.6446761779946628,2.4374441501222216e-10,None,None,None,None, , , , 
29447, ,1.6446761779946628,2.6126752255633265e-10,None,None,None,None, , , , 
29448, ,1.6446761779946628,2.8005038941836253e-10,None,None,None,None, , , , 
29449, ,1.6446761779946628,3.0018358135755917e-10,None,None,None,None, , , , 
29450, ,1.6446761779946628,3.2176417502507347e-10,None,None,None,None, , , , 
29451, ,1.6446761779946628,3.4489622604057533e-10,None,None,None,None, , , , 
29452, ,1.6446761779946628,3.696912707195032e-10,None,None,None,None, , , , 
29453, ,1.6446761779946628,3.9626886387014783e-10,None,None,None,None, , , , 
29454, ,1.6446761779946628,4.2475715525368935e-10,None,None,None,None, , , , 
29455, ,1.6446761779946628,4.552935074866938e-10,None,None,None,None, , , , 
29456, ,1.6446761779946628,4.880251583654433e-10,None,None,None,None, , , , 
29457, ,1.6446761779946628,5.231099308056258e-10,None,None,None,None, , , , 
29458, ,1.6446761779946628,5.60716993820547e-10,None,None,None,None, , , , 
29459, ,1.6446761779946628,6.010276782070387e-10,None,None,None,None, , , , 
29460, ,1.6446761779946628,6.442363508721371e-10,None,None,None,None, , , , 
29461, ,1.6446761779946628,6.905513520162316e-10,None,None,None,None, , , , 
29462, ,1.6446761779946628,7.401959996915653e-10,None,None,None,None, , , , 
29463, ,1.6446761779946628,7.934096665797492e-10,None,None,None,None, , , , 
29464, ,1.6446761779946628,8.504489341802668e-10,None,None,None,None, , , , 
29465, ,1.6446761779946628,9.115888299750837e-10,None,None,None,None, , , , 
29466, ,1.6446761779946628,9.771241535346502e-10,None,None,None,None, , , , 
29467, ,1.6446761779946628,1.0473708979594486e-09,None,None,None,None, , , , 
29468, ,1.6446761779946628,1.1226677735108114e-09,None,None,None,None, , , , 
29469, ,1.6446761779946628,1.2033778407775904e-09,None,None,None,None, , , , 
29470, ,1.6446761779946628,1.289890261253308e-09,None,None,None,None, , , , 
29471, ,1.6446761779946628,1.3826221737646535e-09,None,None,None,None, , , , 
29472, ,1.6446761779946628,1.4820207057988602e-09,None,None,None,None, , , , 
29473, ,1.6446761779946628,1.5885651294280526e-09,None,None,None,None, , , , 
29474, ,1.6446761779946628,1.702769172225898e-09,None,None,None,None, , , , 
29475, ,1.6446761779946628,1.825183494319039e-09,None,None,None,None, , , , 
29476, ,1.6446761779946628,1.956398343517065e-09,None,None,None,None, , , , 
29477, ,1.6446761779946628,2.0970464013232305e-09,None,None,None,None, , , , 
29478, ,1.6446761779946628,2.2478058335487307e-09,None,None,None,None, , , , 
29479, ,1.6446761779946628,2.409403560239527e-09,None,None,None,None, , , , 
29480, ,1.6446761779946628,2.582618760682675e-09,None,None,None,None, , , , 
29481, ,1.6446761779946628,2.768286630392061e-09,None,None,None,None, , , , 
29482, ,1.6446761779946628,2.9673024081888724e-09,None,None,None,None, , , , 
29483, ,1.6446761779946628,3.180625692794119e-09,None,None,None,None, , , , 
29484, ,1.6446761779946628,3.409285069746807e-09,None,None,None,None, , , , 
29485, ,1.6446761779946628,3.654383070957262e-09,None,None,None,None, , , , 
29486, ,1.6446761779946628,3.917101490809261e-09,None,None,None,None, , , , 
29487, ,1.6446761779946628,4.198707084443906e-09,None,None,None,None, , , , 
29488, ,1.6446761779946628,4.500557675700488e-09,None,None,None,None, , , , 
29489, ,1.6446761779946628,4.824108704165374e-09,None,None,None,None, , , , 
29490, ,1.6446761779946628,5.170920242896755e-09,None,None,None,None, , , , 
29491, ,1.6446761779946628,5.542664520663096e-09,None,None,None,None, , , , 
29492, ,1.6446761779946628,5.941133984965041e-09,None,None,None,None, , , , 
29493, ,1.6446761779946628,6.3682499447185856e-09,None,None,None,None, , , , 
29494, ,1.6446761779946628,6.826071834272379e-09,None,None,None,None, , , , 
29495, ,1.6446761779946628,7.316807143427175e-09,None,None,None,None, , , , 
29496, ,1.6446761779946628,7.842822061337681e-09,None,None,None,None, , , , 
29497, ,1.6446761779946628,8.406652885618316e-09,None,None,None,None, , , , 
29498, ,1.6446761779946628,9.011018251665036e-09,None,None,None,None, , , , 
29499, ,1.6446761779946628,9.658832241158707e-09,None,None,None,None, , , , 
29500, ,1.6446761779946628,1.0353218432956616e-08,None,None,None,None, , , , 
29501, ,1.6446761779946628,1.1097524964120722e-08,None,None,None,None, , , , 
29502, ,1.6446761779946628,1.1895340673703208e-08,None,None,None,None, , , , 
29503, ,1.6446761779946628,1.2750512407130128e-08,None,None,None,None, , , , 
29504, ,1.6446761779946628,1.3667163564620044e-08,None,None,None,None, , , , 
29505, ,1.6446761779946628,1.4649713983072853e-08,None,None,None,None, , , , 
29506, ,1.6446761779946628,1.5702901247293774e-08,None,None,None,None, , , , 
29507, ,1.6446761779946628,1.683180353330955e-08,None,None,None,None, , , , 
29508, ,1.6446761779946628,1.8041864093920717e-08,None,None,None,None, , , , 
29509, ,1.6446761779946628,1.933891750455232e-08,None,None,None,None, , , , 
29510, ,1.6446761779946628,2.0729217795953697e-08,None,None,None,None, , , , 
29511, ,1.6446761779946628,2.221946860939524e-08,None,None,None,None, , , , 
29512, ,1.6446761779946628,2.3816855519761606e-08,None,None,None,None, , , , 
29513, ,1.6446761779946628,2.552908068239516e-08,None,None,None,None, , , , 
29514, ,1.6446761779946628,2.7364399970746666e-08,None,None,None,None, , , , 
29515, ,1.6446761779946628,2.933166278390042e-08,None,None,None,None, , , , 
29516, ,1.6446761779946628,3.1440354715915e-08,None,None,None,None, , , , 
29517, ,1.6446761779946628,3.370064329271925e-08,None,None,None,None, , , , 
29518, ,1.6446761779946628,3.612342699709431e-08,None,None,None,None, , , , 
29519, ,1.6446761779946628,3.872038781812557e-08,None,None,None,None, , , , 
29520, ,1.6446761779946628,4.1504047578504727e-08,None,None,None,None, , , , 
29521, ,1.6446761779946628,4.448782831127585e-08,None,None,None,None, , , , 
29522, ,1.6446761779946628,4.768611697714474e-08,None,None,None,None, , , , 
29523, ,1.6446761779946628,5.111433483440165e-08,None,None,None,None, , , , 
29524, ,1.6446761779946628,5.478901179593934e-08,None,None,None,None, , , , 
29525, ,1.6446761779946628,5.872786613189478e-08,None,None,None,None, , , , 
29526, ,1.6446761779946628,6.294988990221888e-08,None,None,None,None, , , , 
29527, ,1.6446761779946628,6.747544053110687e-08,None,None,None,None, , , , 
29528, ,1.6446761779946628,7.232633896483534e-08,None,None,None,None, , , , 
29529, ,1.6446761779946628,7.752597488629465e-08,None,None,None,None, , , , 
29530, ,1.6446761779946628,8.309941949353386e-08,None,None,None,None, , , , 
29531, ,1.6446761779946628,8.907354638610439e-08,None,None,None,None, , , , 
29532, ,1.6446761779946628,9.547716114208066e-08,None,None,None,None, , , , 
29533, ,1.6446761779946628,1.0234114021054528e-07,None,None,None,None, , , , 
29534, ,1.6446761779946628,1.0969857978923841e-07,None,None,None,None, , , , 
29535, ,1.6446761779946628,1.1758495540521555e-07,None,None,None,None, , , , 
29536, ,1.6446761779946628,1.2603829296797277e-07,None,None,None,None, , , , 
29537, ,1.6446761779946628,1.350993521198025e-07,None,None,None,None, , , , 
29538, ,1.6446761779946628,1.4481182276745328e-07,None,None,None,None, , , , 
29539, ,1.6446761779946628,1.552225357427048e-07,None,None,None,None, , , , 
29540, ,1.6446761779946628,1.6638168860761273e-07,None,None,None,None, , , , 
29541, ,1.6446761779946628,1.7834308769319093e-07,None,None,None,None, , , , 
29542, ,1.6446761779946628,1.9116440753857e-07,None,None,None,None, , , , 
29543, ,1.6446761779946628,2.049074689815846e-07,None,None,None,None, , , , 
29544, ,1.6446761779946628,2.1963853724165468e-07,None,None,None,None, , , , 
29545, ,1.6446761779946628,2.3542864143224158e-07,None,None,None,None, , , , 
29546, ,1.6446761779946628,2.523539170434766e-07,None,None,None,None, , , , 
29547, ,1.6446761779946628,2.7049597304631316e-07,None,None,None,None, , , , 
29548, ,1.6446761779946628,2.899422853882875e-07,None,None,None,None, , , , 
29549, ,1.6446761779946628,3.107866187782014e-07,None,None,None,None, , , , 
29550, ,1.6446761779946628,3.33129478793467e-07,None,None,None,None, , , , 
29551, ,1.6446761779946628,3.5707859649004626e-07,None,None,None,None, , , , 
29552, ,1.6446761779946628,3.827494478516307e-07,None,None,None,None, , , , 
29553, ,1.6446761779946628,4.1026581058271904e-07,None,None,None,None, , , , 
29554, ,1.6446761779946628,4.397603609302722e-07,None,None,None,None, , , , 
29555, ,1.6446761779946628,4.7137531341167185e-07,None,None,None,None, , , , 
29556, ,1.6446761779946628,5.052631065335679e-07,None,None,None,None, , , , 
29557, ,1.6446761779946628,5.415871378079465e-07,None,None,None,None, , , , 
29558, ,1.6446761779946628,5.805225516094896e-07,None,None,None,None, , , , 
29559, ,1.6446761779946628,6.222570836730232e-07,None,None,None,None, , , , 
29560, ,1.6446761779946628,6.669919663030115e-07,None,None,None,None, , , , 
29561, ,1.6446761779946628,7.149428986597576e-07,None,None,None,None, , , , 
29562, ,1.6446761779946628,7.663410868007445e-07,None,None,None,None, , , , 
29563, ,1.6446761779946628,8.214343584919422e-07,None,None,None,None, , , , 
29564, ,1.6446761779946628,8.804883581643463e-07,None,None,None,None, , , , 
29565, ,1.6446761779946628,9.437878277775371e-07,None,None,None,None, , , , 
29566, ,1.6446761779946628,1.0116379797662072e-06,None,None,None,None, , , , 
29567, ,1.6446761779946628,1.0843659686896086e-06,None,None,None,None, , , , 
29568, ,1.6446761779946628,1.1623224686798522e-06,None,None,None,None, , , , 
29569, ,1.6446761779946628,1.2458833642950078e-06,None,None,None,None, , , , 
29570, ,1.6446761779946628,1.3354515629298971e-06,None,None,None,None, , , , 
29571, ,1.6446761779946628,1.4314589375234786e-06,None,None,None,None, , , , 
29572, ,1.6446761779946628,1.53436840893001e-06,None,None,None,None, , , , 
29573, ,1.6446761779946628,1.6446761779946631e-06,None,None,None,None, , , , 
29574, ,1.6446761779946628,1.762914118095948e-06,None,None,None,None, , , , 
29575, ,1.6446761779946628,1.8896523396912082e-06,None,None,None,None, , , , 
29576, ,1.6446761779946628,2.0255019392306664e-06,None,None,None,None, , , , 
29577, ,1.6446761779946628,2.171117945694501e-06,None,None,None,None, , , , 
29578, ,1.6446761779946628,2.327202478960408e-06,None,None,None,None, , , , 
29579, ,1.6446761779946628,2.494508135230317e-06,None,None,None,None, , , , 
29580, ,1.6446761779946628,2.673841615839944e-06,None,None,None,None, , , , 
29581, ,1.6446761779946628,2.8660676169482507e-06,None,None,None,None, , , , 
29582, ,1.6446761779946628,3.0721129988617524e-06,None,None,None,None, , , , 
29583, ,1.6446761779946628,3.292971255097148e-06,None,None,None,None, , , , 
29584, ,1.6446761779946628,3.5297073027306505e-06,None,None,None,None, , , , 
29585, ,1.6446761779946628,3.783462617131925e-06,None,None,None,None, , , , 
29586, ,1.6446761779946628,4.0554607358408275e-06,None,None,None,None, , , , 
29587, ,1.6446761779946628,4.3470131581250175e-06,None,None,None,None, , , , 
29588, ,1.6446761779946628,4.6595256686646765e-06,None,None,None,None, , , , 
29589, ,1.6446761779946628,4.99450511585514e-06,None,None,None,None, , , , 
29590, ,1.6446761779946628,5.353566677410719e-06,None,None,None,None, , , , 
29591, ,1.6446761779946628,5.738441648302393e-06,None,None,None,None, , , , 
29592, ,1.6446761779946628,6.150985788580505e-06,None,None,None,None, , , , 
29593, ,1.6446761779946628,6.593188271333541e-06,None,None,None,None, , , , 
29594, ,1.6446761779946628,7.067181273927492e-06,None,None,None,None, , , , 
29595, ,1.6446761779946628,7.575250258771904e-06,None,None,None,None, , , , 
29596, ,1.6446761779946628,8.119844993184007e-06,None,None,None,None, , , , 
29597, ,1.6446761779946628,8.703591361485167e-06,None,None,None,None, , , , 
29598, ,1.6446761779946628,9.329304026284676e-06,None,None,None,None, , , , 
29599, ,1.6446761779946628,1e-05,None,None,None,None, , , , 
29600, ,1.7027691722258995,1e-11,None,None,None,None, , , , 
29601, ,1.7027691722258995,1.0718913192051263e-11,None,None,None,None, , , , 
29602, ,1.7027691722258995,1.1489510001873107e-11,None,None,None,None, , , , 
29603, ,1.7027691722258995,1.2315506032928262e-11,None,None,None,None, , , , 
29604, ,1.7027691722258995,1.3200884008314167e-11,None,None,None,None, , , , 
29605, ,1.7027691722258995,1.4149912974345786e-11,None,None,None,None, , , , 
29606, ,1.7027691722258995,1.5167168884709242e-11,None,None,None,None, , , , 
29607, ,1.7027691722258995,1.6257556664437934e-11,None,None,None,None, , , , 
29608, ,1.7027691722258995,1.7426333860096473e-11,None,None,None,None, , , , 
29609, ,1.7027691722258995,1.8679135990207848e-11,None,None,None,None, , , , 
29610, ,1.7027691722258995,2.0022003718155844e-11,None,None,None,None, , , , 
29611, ,1.7027691722258995,2.1461411978584013e-11,None,None,None,None, , , , 
29612, ,1.7027691722258995,2.300430119772921e-11,None,None,None,None, , , , 
29613, ,1.7027691722258995,2.465811075822604e-11,None,None,None,None, , , , 
29614, ,1.7027691722258995,2.643081486974103e-11,None,None,None,None, , , , 
29615, ,1.7027691722258995,2.8330961018393178e-11,None,None,None,None, , , , 
29616, ,1.7027691722258995,3.036771118035461e-11,None,None,None,None, , , , 
29617, ,1.7027691722258995,3.255088599835057e-11,None,None,None,None, , , , 
29618, ,1.7027691722258995,3.4891012134067674e-11,None,None,None,None, , , , 
29619, ,1.7027691722258995,3.739937302478801e-11,None,None,None,None, , , , 
29620, ,1.7027691722258995,4.0088063288984646e-11,None,None,None,None, , , , 
29621, ,1.7027691722258995,4.297004704320835e-11,None,None,None,None, , , , 
29622, ,1.7027691722258995,4.605922041145113e-11,None,None,None,None, , , , 
29623, ,1.7027691722258995,4.937047852839004e-11,None,None,None,None, , , , 
29624, ,1.7027691722258995,5.2919787359584366e-11,None,None,None,None, , , , 
29625, ,1.7027691722258995,5.672426068491989e-11,None,None,None,None, , , , 
29626, ,1.7027691722258995,6.080224261649427e-11,None,None,None,None, , , , 
29627, ,1.7027691722258995,6.517339604882421e-11,None,None,None,None, , , , 
29628, ,1.7027691722258995,6.985879746785235e-11,None,None,None,None, , , , 
29629, ,1.7027691722258995,7.48810385759003e-11,None,None,None,None, , , , 
29630, ,1.7027691722258995,8.026433522257174e-11,None,None,None,None, , , , 
29631, ,1.7027691722258995,8.603464416684492e-11,None,None,None,None, , , , 
29632, ,1.7027691722258995,9.221978823334341e-11,None,None,None,None, , , , 
29633, ,1.7027691722258995,9.884959046625586e-11,None,None,None,None, , , , 
29634, ,1.7027691722258995,1.0595601792776149e-10,None,None,None,None, , , , 
29635, ,1.7027691722258995,1.1357333583431027e-10,None,None,None,None, , , , 
29636, ,1.7027691722258995,1.217382727739662e-10,None,None,None,None, , , , 
29637, ,1.7027691722258995,1.3049019780144016e-10,None,None,None,None, , , , 
29638, ,1.7027691722258995,1.398713102647236e-10,None,None,None,None, , , , 
29639, ,1.7027691722258995,1.4992684327860468e-10,None,None,None,None, , , , 
29640, ,1.7027691722258995,1.6070528182616384e-10,None,None,None,None, , , , 
29641, ,1.7027691722258995,1.722585965398784e-10,None,None,None,None, , , , 
29642, ,1.7027691722258995,1.8464249428955463e-10,None,None,None,None, , , , 
29643, ,1.7027691722258995,1.9791668678535569e-10,None,None,None,None, , , , 
29644, ,1.7027691722258995,2.121451784910628e-10,None,None,None,None, , , , 
29645, ,1.7027691722258995,2.273965752357932e-10,None,None,None,None, , , , 
29646, ,1.7027691722258995,2.4374441501222216e-10,None,None,None,None, , , , 
29647, ,1.7027691722258995,2.6126752255633265e-10,None,None,None,None, , , , 
29648, ,1.7027691722258995,2.8005038941836253e-10,None,None,None,None, , , , 
29649, ,1.7027691722258995,3.0018358135755917e-10,None,None,None,None, , , , 
29650, ,1.7027691722258995,3.2176417502507347e-10,None,None,None,None, , , , 
29651, ,1.7027691722258995,3.4489622604057533e-10,None,None,None,None, , , , 
29652, ,1.7027691722258995,3.696912707195032e-10,None,None,None,None, , , , 
29653, ,1.7027691722258995,3.9626886387014783e-10,None,None,None,None, , , , 
29654, ,1.7027691722258995,4.2475715525368935e-10,None,None,None,None, , , , 
29655, ,1.7027691722258995,4.552935074866938e-10,None,None,None,None, , , , 
29656, ,1.7027691722258995,4.880251583654433e-10,None,None,None,None, , , , 
29657, ,1.7027691722258995,5.231099308056258e-10,None,None,None,None, , , , 
29658, ,1.7027691722258995,5.60716993820547e-10,None,None,None,None, , , , 
29659, ,1.7027691722258995,6.010276782070387e-10,None,None,None,None, , , , 
29660, ,1.7027691722258995,6.442363508721371e-10,None,None,None,None, , , , 
29661, ,1.7027691722258995,6.905513520162316e-10,None,None,None,None, , , , 
29662, ,1.7027691722258995,7.401959996915653e-10,None,None,None,None, , , , 
29663, ,1.7027691722258995,7.934096665797492e-10,None,None,None,None, , , , 
29664, ,1.7027691722258995,8.504489341802668e-10,None,None,None,None, , , , 
29665, ,1.7027691722258995,9.115888299750837e-10,None,None,None,None, , , , 
29666, ,1.7027691722258995,9.771241535346502e-10,None,None,None,None, , , , 
29667, ,1.7027691722258995,1.0473708979594486e-09,None,None,None,None, , , , 
29668, ,1.7027691722258995,1.1226677735108114e-09,None,None,None,None, , , , 
29669, ,1.7027691722258995,1.2033778407775904e-09,None,None,None,None, , , , 
29670, ,1.7027691722258995,1.289890261253308e-09,None,None,None,None, , , , 
29671, ,1.7027691722258995,1.3826221737646535e-09,None,None,None,None, , , , 
29672, ,1.7027691722258995,1.4820207057988602e-09,None,None,None,None, , , , 
29673, ,1.7027691722258995,1.5885651294280526e-09,None,None,None,None, , , , 
29674, ,1.7027691722258995,1.702769172225898e-09,None,None,None,None, , , , 
29675, ,1.7027691722258995,1.825183494319039e-09,None,None,None,None, , , , 
29676, ,1.7027691722258995,1.956398343517065e-09,None,None,None,None, , , , 
29677, ,1.7027691722258995,2.0970464013232305e-09,None,None,None,None, , , , 
29678, ,1.7027691722258995,2.2478058335487307e-09,None,None,None,None, , , , 
29679, ,1.7027691722258995,2.409403560239527e-09,None,None,None,None, , , , 
29680, ,1.7027691722258995,2.582618760682675e-09,None,None,None,None, , , , 
29681, ,1.7027691722258995,2.768286630392061e-09,None,None,None,None, , , , 
29682, ,1.7027691722258995,2.9673024081888724e-09,None,None,None,None, , , , 
29683, ,1.7027691722258995,3.180625692794119e-09,None,None,None,None, , , , 
29684, ,1.7027691722258995,3.409285069746807e-09,None,None,None,None, , , , 
29685, ,1.7027691722258995,3.654383070957262e-09,None,None,None,None, , , , 
29686, ,1.7027691722258995,3.917101490809261e-09,None,None,None,None, , , , 
29687, ,1.7027691722258995,4.198707084443906e-09,None,None,None,None, , , , 
29688, ,1.7027691722258995,4.500557675700488e-09,None,None,None,None, , , , 
29689, ,1.7027691722258995,4.824108704165374e-09,None,None,None,None, , , , 
29690, ,1.7027691722258995,5.170920242896755e-09,None,None,None,None, , , , 
29691, ,1.7027691722258995,5.542664520663096e-09,None,None,None,None, , , , 
29692, ,1.7027691722258995,5.941133984965041e-09,None,None,None,None, , , , 
29693, ,1.7027691722258995,6.3682499447185856e-09,None,None,None,None, , , , 
29694, ,1.7027691722258995,6.826071834272379e-09,None,None,None,None, , , , 
29695, ,1.7027691722258995,7.316807143427175e-09,None,None,None,None, , , , 
29696, ,1.7027691722258995,7.842822061337681e-09,None,None,None,None, , , , 
29697, ,1.7027691722258995,8.406652885618316e-09,None,None,None,None, , , , 
29698, ,1.7027691722258995,9.011018251665036e-09,None,None,None,None, , , , 
29699, ,1.7027691722258995,9.658832241158707e-09,None,None,None,None, , , , 
29700, ,1.7027691722258995,1.0353218432956616e-08,None,None,None,None, , , , 
29701, ,1.7027691722258995,1.1097524964120722e-08,None,None,None,None, , , , 
29702, ,1.7027691722258995,1.1895340673703208e-08,None,None,None,None, , , , 
29703, ,1.7027691722258995,1.2750512407130128e-08,None,None,None,None, , , , 
29704, ,1.7027691722258995,1.3667163564620044e-08,None,None,None,None, , , , 
29705, ,1.7027691722258995,1.4649713983072853e-08,None,None,None,None, , , , 
29706, ,1.7027691722258995,1.5702901247293774e-08,None,None,None,None, , , , 
29707, ,1.7027691722258995,1.683180353330955e-08,None,None,None,None, , , , 
29708, ,1.7027691722258995,1.8041864093920717e-08,None,None,None,None, , , , 
29709, ,1.7027691722258995,1.933891750455232e-08,None,None,None,None, , , , 
29710, ,1.7027691722258995,2.0729217795953697e-08,None,None,None,None, , , , 
29711, ,1.7027691722258995,2.221946860939524e-08,None,None,None,None, , , , 
29712, ,1.7027691722258995,2.3816855519761606e-08,None,None,None,None, , , , 
29713, ,1.7027691722258995,2.552908068239516e-08,None,None,None,None, , , , 
29714, ,1.7027691722258995,2.7364399970746666e-08,None,None,None,None, , , , 
29715, ,1.7027691722258995,2.933166278390042e-08,None,None,None,None, , , , 
29716, ,1.7027691722258995,3.1440354715915e-08,None,None,None,None, , , , 
29717, ,1.7027691722258995,3.370064329271925e-08,None,None,None,None, , , , 
29718, ,1.7027691722258995,3.612342699709431e-08,None,None,None,None, , , , 
29719, ,1.7027691722258995,3.872038781812557e-08,None,None,None,None, , , , 
29720, ,1.7027691722258995,4.1504047578504727e-08,None,None,None,None, , , , 
29721, ,1.7027691722258995,4.448782831127585e-08,None,None,None,None, , , , 
29722, ,1.7027691722258995,4.768611697714474e-08,None,None,None,None, , , , 
29723, ,1.7027691722258995,5.111433483440165e-08,None,None,None,None, , , , 
29724, ,1.7027691722258995,5.478901179593934e-08,None,None,None,None, , , , 
29725, ,1.7027691722258995,5.872786613189478e-08,None,None,None,None, , , , 
29726, ,1.7027691722258995,6.294988990221888e-08,None,None,None,None, , , , 
29727, ,1.7027691722258995,6.747544053110687e-08,None,None,None,None, , , , 
29728, ,1.7027691722258995,7.232633896483534e-08,None,None,None,None, , , , 
29729, ,1.7027691722258995,7.752597488629465e-08,None,None,None,None, , , , 
29730, ,1.7027691722258995,8.309941949353386e-08,None,None,None,None, , , , 
29731, ,1.7027691722258995,8.907354638610439e-08,None,None,None,None, , , , 
29732, ,1.7027691722258995,9.547716114208066e-08,None,None,None,None, , , , 
29733, ,1.7027691722258995,1.0234114021054528e-07,None,None,None,None, , , , 
29734, ,1.7027691722258995,1.0969857978923841e-07,None,None,None,None, , , , 
29735, ,1.7027691722258995,1.1758495540521555e-07,None,None,None,None, , , , 
29736, ,1.7027691722258995,1.2603829296797277e-07,None,None,None,None, , , , 
29737, ,1.7027691722258995,1.350993521198025e-07,None,None,None,None, , , , 
29738, ,1.7027691722258995,1.4481182276745328e-07,None,None,None,None, , , , 
29739, ,1.7027691722258995,1.552225357427048e-07,None,None,None,None, , , , 
29740, ,1.7027691722258995,1.6638168860761273e-07,None,None,None,None, , , , 
29741, ,1.7027691722258995,1.7834308769319093e-07,None,None,None,None, , , , 
29742, ,1.7027691722258995,1.9116440753857e-07,None,None,None,None, , , , 
29743, ,1.7027691722258995,2.049074689815846e-07,None,None,None,None, , , , 
29744, ,1.7027691722258995,2.1963853724165468e-07,None,None,None,None, , , , 
29745, ,1.7027691722258995,2.3542864143224158e-07,None,None,None,None, , , , 
29746, ,1.7027691722258995,2.523539170434766e-07,None,None,None,None, , , , 
29747, ,1.7027691722258995,2.7049597304631316e-07,None,None,None,None, , , , 
29748, ,1.7027691722258995,2.899422853882875e-07,None,None,None,None, , , , 
29749, ,1.7027691722258995,3.107866187782014e-07,None,None,None,None, , , , 
29750, ,1.7027691722258995,3.33129478793467e-07,None,None,None,None, , , , 
29751, ,1.7027691722258995,3.5707859649004626e-07,None,None,None,None, , , , 
29752, ,1.7027691722258995,3.827494478516307e-07,None,None,None,None, , , , 
29753, ,1.7027691722258995,4.1026581058271904e-07,None,None,None,None, , , , 
29754, ,1.7027691722258995,4.397603609302722e-07,None,None,None,None, , , , 
29755, ,1.7027691722258995,4.7137531341167185e-07,None,None,None,None, , , , 
29756, ,1.7027691722258995,5.052631065335679e-07,None,None,None,None, , , , 
29757, ,1.7027691722258995,5.415871378079465e-07,None,None,None,None, , , , 
29758, ,1.7027691722258995,5.805225516094896e-07,None,None,None,None, , , , 
29759, ,1.7027691722258995,6.222570836730232e-07,None,None,None,None, , , , 
29760, ,1.7027691722258995,6.669919663030115e-07,None,None,None,None, , , , 
29761, ,1.7027691722258995,7.149428986597576e-07,None,None,None,None, , , , 
29762, ,1.7027691722258995,7.663410868007445e-07,None,None,None,None, , , , 
29763, ,1.7027691722258995,8.214343584919422e-07,None,None,None,None, , , , 
29764, ,1.7027691722258995,8.804883581643463e-07,None,None,None,None, , , , 
29765, ,1.7027691722258995,9.437878277775371e-07,None,None,None,None, , , , 
29766, ,1.7027691722258995,1.0116379797662072e-06,None,None,None,None, , , , 
29767, ,1.7027691722258995,1.0843659686896086e-06,None,None,None,None, , , , 
29768, ,1.7027691722258995,1.1623224686798522e-06,None,None,None,None, , , , 
29769, ,1.7027691722258995,1.2458833642950078e-06,None,None,None,None, , , , 
29770, ,1.7027691722258995,1.3354515629298971e-06,None,None,None,None, , , , 
29771, ,1.7027691722258995,1.4314589375234786e-06,None,None,None,None, , , , 
29772, ,1.7027691722258995,1.53436840893001e-06,None,None,None,None, , , , 
29773, ,1.7027691722258995,1.6446761779946631e-06,None,None,None,None, , , , 
29774, ,1.7027691722258995,1.762914118095948e-06,None,None,None,None, , , , 
29775, ,1.7027691722258995,1.8896523396912082e-06,None,None,None,None, , , , 
29776, ,1.7027691722258995,2.0255019392306664e-06,None,None,None,None, , , , 
29777, ,1.7027691722258995,2.171117945694501e-06,None,None,None,None, , , , 
29778, ,1.7027691722258995,2.327202478960408e-06,None,None,None,None, , , , 
29779, ,1.7027691722258995,2.494508135230317e-06,None,None,None,None, , , , 
29780, ,1.7027691722258995,2.673841615839944e-06,None,None,None,None, , , , 
29781, ,1.7027691722258995,2.8660676169482507e-06,None,None,None,None, , , , 
29782, ,1.7027691722258995,3.0721129988617524e-06,None,None,None,None, , , , 
29783, ,1.7027691722258995,3.292971255097148e-06,None,None,None,None, , , , 
29784, ,1.7027691722258995,3.5297073027306505e-06,None,None,None,None, , , , 
29785, ,1.7027691722258995,3.783462617131925e-06,None,None,None,None, , , , 
29786, ,1.7027691722258995,4.0554607358408275e-06,None,None,None,None, , , , 
29787, ,1.7027691722258995,4.3470131581250175e-06,None,None,None,None, , , , 
29788, ,1.7027691722258995,4.6595256686646765e-06,None,None,None,None, , , , 
29789, ,1.7027691722258995,4.99450511585514e-06,None,None,None,None, , , , 
29790, ,1.7027691722258995,5.353566677410719e-06,None,None,None,None, , , , 
29791, ,1.7027691722258995,5.738441648302393e-06,None,None,None,None, , , , 
29792, ,1.7027691722258995,6.150985788580505e-06,None,None,None,None, , , , 
29793, ,1.7027691722258995,6.593188271333541e-06,None,None,None,None, , , , 
29794, ,1.7027691722258995,7.067181273927492e-06,None,None,None,None, , , , 
29795, ,1.7027691722258995,7.575250258771904e-06,None,None,None,None, , , , 
29796, ,1.7027691722258995,8.119844993184007e-06,None,None,None,None, , , , 
29797, ,1.7027691722258995,8.703591361485167e-06,None,None,None,None, , , , 
29798, ,1.7027691722258995,9.329304026284676e-06,None,None,None,None, , , , 
29799, ,1.7027691722258995,1e-05,None,None,None,None, , , , 
29800, ,1.762914118095948,1e-11,None,None,None,None, , , , 
29801, ,1.762914118095948,1.0718913192051263e-11,None,None,None,None, , , , 
29802, ,1.762914118095948,1.1489510001873107e-11,None,None,None,None, , , , 
29803, ,1.762914118095948,1.2315506032928262e-11,None,None,None,None, , , , 
29804, ,1.762914118095948,1.3200884008314167e-11,None,None,None,None, , , , 
29805, ,1.762914118095948,1.4149912974345786e-11,None,None,None,None, , , , 
29806, ,1.762914118095948,1.5167168884709242e-11,None,None,None,None, , , , 
29807, ,1.762914118095948,1.6257556664437934e-11,None,None,None,None, , , , 
29808, ,1.762914118095948,1.7426333860096473e-11,None,None,None,None, , , , 
29809, ,1.762914118095948,1.8679135990207848e-11,None,None,None,None, , , , 
29810, ,1.762914118095948,2.0022003718155844e-11,None,None,None,None, , , , 
29811, ,1.762914118095948,2.1461411978584013e-11,None,None,None,None, , , , 
29812, ,1.762914118095948,2.300430119772921e-11,None,None,None,None, , , , 
29813, ,1.762914118095948,2.465811075822604e-11,None,None,None,None, , , , 
29814, ,1.762914118095948,2.643081486974103e-11,None,None,None,None, , , , 
29815, ,1.762914118095948,2.8330961018393178e-11,None,None,None,None, , , , 
29816, ,1.762914118095948,3.036771118035461e-11,None,None,None,None, , , , 
29817, ,1.762914118095948,3.255088599835057e-11,None,None,None,None, , , , 
29818, ,1.762914118095948,3.4891012134067674e-11,None,None,None,None, , , , 
29819, ,1.762914118095948,3.739937302478801e-11,None,None,None,None, , , , 
29820, ,1.762914118095948,4.0088063288984646e-11,None,None,None,None, , , , 
29821, ,1.762914118095948,4.297004704320835e-11,None,None,None,None, , , , 
29822, ,1.762914118095948,4.605922041145113e-11,None,None,None,None, , , , 
29823, ,1.762914118095948,4.937047852839004e-11,None,None,None,None, , , , 
29824, ,1.762914118095948,5.2919787359584366e-11,None,None,None,None, , , , 
29825, ,1.762914118095948,5.672426068491989e-11,None,None,None,None, , , , 
29826, ,1.762914118095948,6.080224261649427e-11,None,None,None,None, , , , 
29827, ,1.762914118095948,6.517339604882421e-11,None,None,None,None, , , , 
29828, ,1.762914118095948,6.985879746785235e-11,None,None,None,None, , , , 
29829, ,1.762914118095948,7.48810385759003e-11,None,None,None,None, , , , 
29830, ,1.762914118095948,8.026433522257174e-11,None,None,None,None, , , , 
29831, ,1.762914118095948,8.603464416684492e-11,None,None,None,None, , , , 
29832, ,1.762914118095948,9.221978823334341e-11,None,None,None,None, , , , 
29833, ,1.762914118095948,9.884959046625586e-11,None,None,None,None, , , , 
29834, ,1.762914118095948,1.0595601792776149e-10,None,None,None,None, , , , 
29835, ,1.762914118095948,1.1357333583431027e-10,None,None,None,None, , , , 
29836, ,1.762914118095948,1.217382727739662e-10,None,None,None,None, , , , 
29837, ,1.762914118095948,1.3049019780144016e-10,None,None,None,None, , , , 
29838, ,1.762914118095948,1.398713102647236e-10,None,None,None,None, , , , 
29839, ,1.762914118095948,1.4992684327860468e-10,None,None,None,None, , , , 
29840, ,1.762914118095948,1.6070528182616384e-10,None,None,None,None, , , , 
29841, ,1.762914118095948,1.722585965398784e-10,None,None,None,None, , , , 
29842, ,1.762914118095948,1.8464249428955463e-10,None,None,None,None, , , , 
29843, ,1.762914118095948,1.9791668678535569e-10,None,None,None,None, , , , 
29844, ,1.762914118095948,2.121451784910628e-10,None,None,None,None, , , , 
29845, ,1.762914118095948,2.273965752357932e-10,None,None,None,None, , , , 
29846, ,1.762914118095948,2.4374441501222216e-10,None,None,None,None, , , , 
29847, ,1.762914118095948,2.6126752255633265e-10,None,None,None,None, , , , 
29848, ,1.762914118095948,2.8005038941836253e-10,None,None,None,None, , , , 
29849, ,1.762914118095948,3.0018358135755917e-10,None,None,None,None, , , , 
29850, ,1.762914118095948,3.2176417502507347e-10,None,None,None,None, , , , 
29851, ,1.762914118095948,3.4489622604057533e-10,None,None,None,None, , , , 
29852, ,1.762914118095948,3.696912707195032e-10,None,None,None,None, , , , 
29853, ,1.762914118095948,3.9626886387014783e-10,None,None,None,None, , , , 
29854, ,1.762914118095948,4.2475715525368935e-10,None,None,None,None, , , , 
29855, ,1.762914118095948,4.552935074866938e-10,None,None,None,None, , , , 
29856, ,1.762914118095948,4.880251583654433e-10,None,None,None,None, , , , 
29857, ,1.762914118095948,5.231099308056258e-10,None,None,None,None, , , , 
29858, ,1.762914118095948,5.60716993820547e-10,None,None,None,None, , , , 
29859, ,1.762914118095948,6.010276782070387e-10,None,None,None,None, , , , 
29860, ,1.762914118095948,6.442363508721371e-10,None,None,None,None, , , , 
29861, ,1.762914118095948,6.905513520162316e-10,None,None,None,None, , , , 
29862, ,1.762914118095948,7.401959996915653e-10,None,None,None,None, , , , 
29863, ,1.762914118095948,7.934096665797492e-10,None,None,None,None, , , , 
29864, ,1.762914118095948,8.504489341802668e-10,None,None,None,None, , , , 
29865, ,1.762914118095948,9.115888299750837e-10,None,None,None,None, , , , 
29866, ,1.762914118095948,9.771241535346502e-10,None,None,None,None, , , , 
29867, ,1.762914118095948,1.0473708979594486e-09,None,None,None,None, , , , 
29868, ,1.762914118095948,1.1226677735108114e-09,None,None,None,None, , , , 
29869, ,1.762914118095948,1.2033778407775904e-09,None,None,None,None, , , , 
29870, ,1.762914118095948,1.289890261253308e-09,None,None,None,None, , , , 
29871, ,1.762914118095948,1.3826221737646535e-09,None,None,None,None, , , , 
29872, ,1.762914118095948,1.4820207057988602e-09,None,None,None,None, , , , 
29873, ,1.762914118095948,1.5885651294280526e-09,None,None,None,None, , , , 
29874, ,1.762914118095948,1.702769172225898e-09,None,None,None,None, , , , 
29875, ,1.762914118095948,1.825183494319039e-09,None,None,None,None, , , , 
29876, ,1.762914118095948,1.956398343517065e-09,None,None,None,None, , , , 
29877, ,1.762914118095948,2.0970464013232305e-09,None,None,None,None, , , , 
29878, ,1.762914118095948,2.2478058335487307e-09,None,None,None,None, , , , 
29879, ,1.762914118095948,2.409403560239527e-09,None,None,None,None, , , , 
29880, ,1.762914118095948,2.582618760682675e-09,None,None,None,None, , , , 
29881, ,1.762914118095948,2.768286630392061e-09,None,None,None,None, , , , 
29882, ,1.762914118095948,2.9673024081888724e-09,None,None,None,None, , , , 
29883, ,1.762914118095948,3.180625692794119e-09,None,None,None,None, , , , 
29884, ,1.762914118095948,3.409285069746807e-09,None,None,None,None, , , , 
29885, ,1.762914118095948,3.654383070957262e-09,None,None,None,None, , , , 
29886, ,1.762914118095948,3.917101490809261e-09,None,None,None,None, , , , 
29887, ,1.762914118095948,4.198707084443906e-09,None,None,None,None, , , , 
29888, ,1.762914118095948,4.500557675700488e-09,None,None,None,None, , , , 
29889, ,1.762914118095948,4.824108704165374e-09,None,None,None,None, , , , 
29890, ,1.762914118095948,5.170920242896755e-09,None,None,None,None, , , , 
29891, ,1.762914118095948,5.542664520663096e-09,None,None,None,None, , , , 
29892, ,1.762914118095948,5.941133984965041e-09,None,None,None,None, , , , 
29893, ,1.762914118095948,6.3682499447185856e-09,None,None,None,None, , , , 
29894, ,1.762914118095948,6.826071834272379e-09,None,None,None,None, , , , 
29895, ,1.762914118095948,7.316807143427175e-09,None,None,None,None, , , , 
29896, ,1.762914118095948,7.842822061337681e-09,None,None,None,None, , , , 
29897, ,1.762914118095948,8.406652885618316e-09,None,None,None,None, , , , 
29898, ,1.762914118095948,9.011018251665036e-09,None,None,None,None, , , , 
29899, ,1.762914118095948,9.658832241158707e-09,None,None,None,None, , , , 
29900, ,1.762914118095948,1.0353218432956616e-08,None,None,None,None, , , , 
29901, ,1.762914118095948,1.1097524964120722e-08,None,None,None,None, , , , 
29902, ,1.762914118095948,1.1895340673703208e-08,None,None,None,None, , , , 
29903, ,1.762914118095948,1.2750512407130128e-08,None,None,None,None, , , , 
29904, ,1.762914118095948,1.3667163564620044e-08,None,None,None,None, , , , 
29905, ,1.762914118095948,1.4649713983072853e-08,None,None,None,None, , , , 
29906, ,1.762914118095948,1.5702901247293774e-08,None,None,None,None, , , , 
29907, ,1.762914118095948,1.683180353330955e-08,None,None,None,None, , , , 
29908, ,1.762914118095948,1.8041864093920717e-08,None,None,None,None, , , , 
29909, ,1.762914118095948,1.933891750455232e-08,None,None,None,None, , , , 
29910, ,1.762914118095948,2.0729217795953697e-08,None,None,None,None, , , , 
29911, ,1.762914118095948,2.221946860939524e-08,None,None,None,None, , , , 
29912, ,1.762914118095948,2.3816855519761606e-08,None,None,None,None, , , , 
29913, ,1.762914118095948,2.552908068239516e-08,None,None,None,None, , , , 
29914, ,1.762914118095948,2.7364399970746666e-08,None,None,None,None, , , , 
29915, ,1.762914118095948,2.933166278390042e-08,None,None,None,None, , , , 
29916, ,1.762914118095948,3.1440354715915e-08,None,None,None,None, , , , 
29917, ,1.762914118095948,3.370064329271925e-08,None,None,None,None, , , , 
29918, ,1.762914118095948,3.612342699709431e-08,None,None,None,None, , , , 
29919, ,1.762914118095948,3.872038781812557e-08,None,None,None,None, , , , 
29920, ,1.762914118095948,4.1504047578504727e-08,None,None,None,None, , , , 
29921, ,1.762914118095948,4.448782831127585e-08,None,None,None,None, , , , 
29922, ,1.762914118095948,4.768611697714474e-08,None,None,None,None, , , , 
29923, ,1.762914118095948,5.111433483440165e-08,None,None,None,None, , , , 
29924, ,1.762914118095948,5.478901179593934e-08,None,None,None,None, , , , 
29925, ,1.762914118095948,5.872786613189478e-08,None,None,None,None, , , , 
29926, ,1.762914118095948,6.294988990221888e-08,None,None,None,None, , , , 
29927, ,1.762914118095948,6.747544053110687e-08,None,None,None,None, , , , 
29928, ,1.762914118095948,7.232633896483534e-08,None,None,None,None, , , , 
29929, ,1.762914118095948,7.752597488629465e-08,None,None,None,None, , , , 
29930, ,1.762914118095948,8.309941949353386e-08,None,None,None,None, , , , 
29931, ,1.762914118095948,8.907354638610439e-08,None,None,None,None, , , , 
29932, ,1.762914118095948,9.547716114208066e-08,None,None,None,None, , , , 
29933, ,1.762914118095948,1.0234114021054528e-07,None,None,None,None, , , , 
29934, ,1.762914118095948,1.0969857978923841e-07,None,None,None,None, , , , 
29935, ,1.762914118095948,1.1758495540521555e-07,None,None,None,None, , , , 
29936, ,1.762914118095948,1.2603829296797277e-07,None,None,None,None, , , , 
29937, ,1.762914118095948,1.350993521198025e-07,None,None,None,None, , , , 
29938, ,1.762914118095948,1.4481182276745328e-07,None,None,None,None, , , , 
29939, ,1.762914118095948,1.552225357427048e-07,None,None,None,None, , , , 
29940, ,1.762914118095948,1.6638168860761273e-07,None,None,None,None, , , , 
29941, ,1.762914118095948,1.7834308769319093e-07,None,None,None,None, , , , 
29942, ,1.762914118095948,1.9116440753857e-07,None,None,None,None, , , , 
29943, ,1.762914118095948,2.049074689815846e-07,None,None,None,None, , , , 
29944, ,1.762914118095948,2.1963853724165468e-07,None,None,None,None, , , , 
29945, ,1.762914118095948,2.3542864143224158e-07,None,None,None,None, , , , 
29946, ,1.762914118095948,2.523539170434766e-07,None,None,None,None, , , , 
29947, ,1.762914118095948,2.7049597304631316e-07,None,None,None,None, , , , 
29948, ,1.762914118095948,2.899422853882875e-07,None,None,None,None, , , , 
29949, ,1.762914118095948,3.107866187782014e-07,None,None,None,None, , , , 
29950, ,1.762914118095948,3.33129478793467e-07,None,None,None,None, , , , 
29951, ,1.762914118095948,3.5707859649004626e-07,None,None,None,None, , , , 
29952, ,1.762914118095948,3.827494478516307e-07,None,None,None,None, , , , 
29953, ,1.762914118095948,4.1026581058271904e-07,None,None,None,None, , , , 
29954, ,1.762914118095948,4.397603609302722e-07,None,None,None,None, , , , 
29955, ,1.762914118095948,4.7137531341167185e-07,None,None,None,None, , , , 
29956, ,1.762914118095948,5.052631065335679e-07,None,None,None,None, , , , 
29957, ,1.762914118095948,5.415871378079465e-07,None,None,None,None, , , , 
29958, ,1.762914118095948,5.805225516094896e-07,None,None,None,None, , , , 
29959, ,1.762914118095948,6.222570836730232e-07,None,None,None,None, , , , 
29960, ,1.762914118095948,6.669919663030115e-07,None,None,None,None, , , , 
29961, ,1.762914118095948,7.149428986597576e-07,None,None,None,None, , , , 
29962, ,1.762914118095948,7.663410868007445e-07,None,None,None,None, , , , 
29963, ,1.762914118095948,8.214343584919422e-07,None,None,None,None, , , , 
29964, ,1.762914118095948,8.804883581643463e-07,None,None,None,None, , , , 
29965, ,1.762914118095948,9.437878277775371e-07,None,None,None,None, , , , 
29966, ,1.762914118095948,1.0116379797662072e-06,None,None,None,None, , , , 
29967, ,1.762914118095948,1.0843659686896086e-06,None,None,None,None, , , , 
29968, ,1.762914118095948,1.1623224686798522e-06,None,None,None,None, , , , 
29969, ,1.762914118095948,1.2458833642950078e-06,None,None,None,None, , , , 
29970, ,1.762914118095948,1.3354515629298971e-06,None,None,None,None, , , , 
29971, ,1.762914118095948,1.4314589375234786e-06,None,None,None,None, , , , 
29972, ,1.762914118095948,1.53436840893001e-06,None,None,None,None, , , , 
29973, ,1.762914118095948,1.6446761779946631e-06,None,None,None,None, , , , 
29974, ,1.762914118095948,1.762914118095948e-06,None,None,None,None, , , , 
29975, ,1.762914118095948,1.8896523396912082e-06,None,None,None,None, , , , 
29976, ,1.762914118095948,2.0255019392306664e-06,None,None,None,None, , , , 
29977, ,1.762914118095948,2.171117945694501e-06,None,None,None,None, , , , 
29978, ,1.762914118095948,2.327202478960408e-06,None,None,None,None, , , , 
29979, ,1.762914118095948,2.494508135230317e-06,None,None,None,None, , , , 
29980, ,1.762914118095948,2.673841615839944e-06,None,None,None,None, , , , 
29981, ,1.762914118095948,2.8660676169482507e-06,None,None,None,None, , , , 
29982, ,1.762914118095948,3.0721129988617524e-06,None,None,None,None, , , , 
29983, ,1.762914118095948,3.292971255097148e-06,None,None,None,None, , , , 
29984, ,1.762914118095948,3.5297073027306505e-06,None,None,None,None, , , , 
29985, ,1.762914118095948,3.783462617131925e-06,None,None,None,None, , , , 
29986, ,1.762914118095948,4.0554607358408275e-06,None,None,None,None, , , , 
29987, ,1.762914118095948,4.3470131581250175e-06,None,None,None,None, , , , 
29988, ,1.762914118095948,4.6595256686646765e-06,None,None,None,None, , , , 
29989, ,1.762914118095948,4.99450511585514e-06,None,None,None,None, , , , 
29990, ,1.762914118095948,5.353566677410719e-06,None,None,None,None, , , , 
29991, ,1.762914118095948,5.738441648302393e-06,None,None,None,None, , , , 
29992, ,1.762914118095948,6.150985788580505e-06,None,None,None,None, , , , 
29993, ,1.762914118095948,6.593188271333541e-06,None,None,None,None, , , , 
29994, ,1.762914118095948,7.067181273927492e-06,None,None,None,None, , , , 
29995, ,1.762914118095948,7.575250258771904e-06,None,None,None,None, , , , 
29996, ,1.762914118095948,8.119844993184007e-06,None,None,None,None, , , , 
29997, ,1.762914118095948,8.703591361485167e-06,None,None,None,None, , , , 
29998, ,1.762914118095948,9.329304026284676e-06,None,None,None,None, , , , 
29999, ,1.762914118095948,1e-05,None,None,None,None, , , , 
30000, ,1.8251834943190424,1e-11,None,None,None,None, , , , 
30001, ,1.8251834943190424,1.0718913192051263e-11,None,None,None,None, , , , 
30002, ,1.8251834943190424,1.1489510001873107e-11,None,None,None,None, , , , 
30003, ,1.8251834943190424,1.2315506032928262e-11,None,None,None,None, , , , 
30004, ,1.8251834943190424,1.3200884008314167e-11,None,None,None,None, , , , 
30005, ,1.8251834943190424,1.4149912974345786e-11,None,None,None,None, , , , 
30006, ,1.8251834943190424,1.5167168884709242e-11,None,None,None,None, , , , 
30007, ,1.8251834943190424,1.6257556664437934e-11,None,None,None,None, , , , 
30008, ,1.8251834943190424,1.7426333860096473e-11,None,None,None,None, , , , 
30009, ,1.8251834943190424,1.8679135990207848e-11,None,None,None,None, , , , 
30010, ,1.8251834943190424,2.0022003718155844e-11,None,None,None,None, , , , 
30011, ,1.8251834943190424,2.1461411978584013e-11,None,None,None,None, , , , 
30012, ,1.8251834943190424,2.300430119772921e-11,None,None,None,None, , , , 
30013, ,1.8251834943190424,2.465811075822604e-11,None,None,None,None, , , , 
30014, ,1.8251834943190424,2.643081486974103e-11,None,None,None,None, , , , 
30015, ,1.8251834943190424,2.8330961018393178e-11,None,None,None,None, , , , 
30016, ,1.8251834943190424,3.036771118035461e-11,None,None,None,None, , , , 
30017, ,1.8251834943190424,3.255088599835057e-11,None,None,None,None, , , , 
30018, ,1.8251834943190424,3.4891012134067674e-11,None,None,None,None, , , , 
30019, ,1.8251834943190424,3.739937302478801e-11,None,None,None,None, , , , 
30020, ,1.8251834943190424,4.0088063288984646e-11,None,None,None,None, , , , 
30021, ,1.8251834943190424,4.297004704320835e-11,None,None,None,None, , , , 
30022, ,1.8251834943190424,4.605922041145113e-11,None,None,None,None, , , , 
30023, ,1.8251834943190424,4.937047852839004e-11,None,None,None,None, , , , 
30024, ,1.8251834943190424,5.2919787359584366e-11,None,None,None,None, , , , 
30025, ,1.8251834943190424,5.672426068491989e-11,None,None,None,None, , , , 
30026, ,1.8251834943190424,6.080224261649427e-11,None,None,None,None, , , , 
30027, ,1.8251834943190424,6.517339604882421e-11,None,None,None,None, , , , 
30028, ,1.8251834943190424,6.985879746785235e-11,None,None,None,None, , , , 
30029, ,1.8251834943190424,7.48810385759003e-11,None,None,None,None, , , , 
30030, ,1.8251834943190424,8.026433522257174e-11,None,None,None,None, , , , 
30031, ,1.8251834943190424,8.603464416684492e-11,None,None,None,None, , , , 
30032, ,1.8251834943190424,9.221978823334341e-11,None,None,None,None, , , , 
30033, ,1.8251834943190424,9.884959046625586e-11,None,None,None,None, , , , 
30034, ,1.8251834943190424,1.0595601792776149e-10,None,None,None,None, , , , 
30035, ,1.8251834943190424,1.1357333583431027e-10,None,None,None,None, , , , 
30036, ,1.8251834943190424,1.217382727739662e-10,None,None,None,None, , , , 
30037, ,1.8251834943190424,1.3049019780144016e-10,None,None,None,None, , , , 
30038, ,1.8251834943190424,1.398713102647236e-10,None,None,None,None, , , , 
30039, ,1.8251834943190424,1.4992684327860468e-10,None,None,None,None, , , , 
30040, ,1.8251834943190424,1.6070528182616384e-10,None,None,None,None, , , , 
30041, ,1.8251834943190424,1.722585965398784e-10,None,None,None,None, , , , 
30042, ,1.8251834943190424,1.8464249428955463e-10,None,None,None,None, , , , 
30043, ,1.8251834943190424,1.9791668678535569e-10,None,None,None,None, , , , 
30044, ,1.8251834943190424,2.121451784910628e-10,None,None,None,None, , , , 
30045, ,1.8251834943190424,2.273965752357932e-10,None,None,None,None, , , , 
30046, ,1.8251834943190424,2.4374441501222216e-10,None,None,None,None, , , , 
30047, ,1.8251834943190424,2.6126752255633265e-10,None,None,None,None, , , , 
30048, ,1.8251834943190424,2.8005038941836253e-10,None,None,None,None, , , , 
30049, ,1.8251834943190424,3.0018358135755917e-10,None,None,None,None, , , , 
30050, ,1.8251834943190424,3.2176417502507347e-10,None,None,None,None, , , , 
30051, ,1.8251834943190424,3.4489622604057533e-10,None,None,None,None, , , , 
30052, ,1.8251834943190424,3.696912707195032e-10,None,None,None,None, , , , 
30053, ,1.8251834943190424,3.9626886387014783e-10,None,None,None,None, , , , 
30054, ,1.8251834943190424,4.2475715525368935e-10,None,None,None,None, , , , 
30055, ,1.8251834943190424,4.552935074866938e-10,None,None,None,None, , , , 
30056, ,1.8251834943190424,4.880251583654433e-10,None,None,None,None, , , , 
30057, ,1.8251834943190424,5.231099308056258e-10,None,None,None,None, , , , 
30058, ,1.8251834943190424,5.60716993820547e-10,None,None,None,None, , , , 
30059, ,1.8251834943190424,6.010276782070387e-10,None,None,None,None, , , , 
30060, ,1.8251834943190424,6.442363508721371e-10,None,None,None,None, , , , 
30061, ,1.8251834943190424,6.905513520162316e-10,None,None,None,None, , , , 
30062, ,1.8251834943190424,7.401959996915653e-10,None,None,None,None, , , , 
30063, ,1.8251834943190424,7.934096665797492e-10,None,None,None,None, , , , 
30064, ,1.8251834943190424,8.504489341802668e-10,None,None,None,None, , , , 
30065, ,1.8251834943190424,9.115888299750837e-10,None,None,None,None, , , , 
30066, ,1.8251834943190424,9.771241535346502e-10,None,None,None,None, , , , 
30067, ,1.8251834943190424,1.0473708979594486e-09,None,None,None,None, , , , 
30068, ,1.8251834943190424,1.1226677735108114e-09,None,None,None,None, , , , 
30069, ,1.8251834943190424,1.2033778407775904e-09,None,None,None,None, , , , 
30070, ,1.8251834943190424,1.289890261253308e-09,None,None,None,None, , , , 
30071, ,1.8251834943190424,1.3826221737646535e-09,None,None,None,None, , , , 
30072, ,1.8251834943190424,1.4820207057988602e-09,None,None,None,None, , , , 
30073, ,1.8251834943190424,1.5885651294280526e-09,None,None,None,None, , , , 
30074, ,1.8251834943190424,1.702769172225898e-09,None,None,None,None, , , , 
30075, ,1.8251834943190424,1.825183494319039e-09,None,None,None,None, , , , 
30076, ,1.8251834943190424,1.956398343517065e-09,None,None,None,None, , , , 
30077, ,1.8251834943190424,2.0970464013232305e-09,None,None,None,None, , , , 
30078, ,1.8251834943190424,2.2478058335487307e-09,None,None,None,None, , , , 
30079, ,1.8251834943190424,2.409403560239527e-09,None,None,None,None, , , , 
30080, ,1.8251834943190424,2.582618760682675e-09,None,None,None,None, , , , 
30081, ,1.8251834943190424,2.768286630392061e-09,None,None,None,None, , , , 
30082, ,1.8251834943190424,2.9673024081888724e-09,None,None,None,None, , , , 
30083, ,1.8251834943190424,3.180625692794119e-09,None,None,None,None, , , , 
30084, ,1.8251834943190424,3.409285069746807e-09,None,None,None,None, , , , 
30085, ,1.8251834943190424,3.654383070957262e-09,None,None,None,None, , , , 
30086, ,1.8251834943190424,3.917101490809261e-09,None,None,None,None, , , , 
30087, ,1.8251834943190424,4.198707084443906e-09,None,None,None,None, , , , 
30088, ,1.8251834943190424,4.500557675700488e-09,None,None,None,None, , , , 
30089, ,1.8251834943190424,4.824108704165374e-09,None,None,None,None, , , , 
30090, ,1.8251834943190424,5.170920242896755e-09,None,None,None,None, , , , 
30091, ,1.8251834943190424,5.542664520663096e-09,None,None,None,None, , , , 
30092, ,1.8251834943190424,5.941133984965041e-09,None,None,None,None, , , , 
30093, ,1.8251834943190424,6.3682499447185856e-09,None,None,None,None, , , , 
30094, ,1.8251834943190424,6.826071834272379e-09,None,None,None,None, , , , 
30095, ,1.8251834943190424,7.316807143427175e-09,None,None,None,None, , , , 
30096, ,1.8251834943190424,7.842822061337681e-09,None,None,None,None, , , , 
30097, ,1.8251834943190424,8.406652885618316e-09,None,None,None,None, , , , 
30098, ,1.8251834943190424,9.011018251665036e-09,None,None,None,None, , , , 
30099, ,1.8251834943190424,9.658832241158707e-09,None,None,None,None, , , , 
30100, ,1.8251834943190424,1.0353218432956616e-08,None,None,None,None, , , , 
30101, ,1.8251834943190424,1.1097524964120722e-08,None,None,None,None, , , , 
30102, ,1.8251834943190424,1.1895340673703208e-08,None,None,None,None, , , , 
30103, ,1.8251834943190424,1.2750512407130128e-08,None,None,None,None, , , , 
30104, ,1.8251834943190424,1.3667163564620044e-08,None,None,None,None, , , , 
30105, ,1.8251834943190424,1.4649713983072853e-08,None,None,None,None, , , , 
30106, ,1.8251834943190424,1.5702901247293774e-08,None,None,None,None, , , , 
30107, ,1.8251834943190424,1.683180353330955e-08,None,None,None,None, , , , 
30108, ,1.8251834943190424,1.8041864093920717e-08,None,None,None,None, , , , 
30109, ,1.8251834943190424,1.933891750455232e-08,None,None,None,None, , , , 
30110, ,1.8251834943190424,2.0729217795953697e-08,None,None,None,None, , , , 
30111, ,1.8251834943190424,2.221946860939524e-08,None,None,None,None, , , , 
30112, ,1.8251834943190424,2.3816855519761606e-08,None,None,None,None, , , , 
30113, ,1.8251834943190424,2.552908068239516e-08,None,None,None,None, , , , 
30114, ,1.8251834943190424,2.7364399970746666e-08,None,None,None,None, , , , 
30115, ,1.8251834943190424,2.933166278390042e-08,None,None,None,None, , , , 
30116, ,1.8251834943190424,3.1440354715915e-08,None,None,None,None, , , , 
30117, ,1.8251834943190424,3.370064329271925e-08,None,None,None,None, , , , 
30118, ,1.8251834943190424,3.612342699709431e-08,None,None,None,None, , , , 
30119, ,1.8251834943190424,3.872038781812557e-08,None,None,None,None, , , , 
30120, ,1.8251834943190424,4.1504047578504727e-08,None,None,None,None, , , , 
30121, ,1.8251834943190424,4.448782831127585e-08,None,None,None,None, , , , 
30122, ,1.8251834943190424,4.768611697714474e-08,None,None,None,None, , , , 
30123, ,1.8251834943190424,5.111433483440165e-08,None,None,None,None, , , , 
30124, ,1.8251834943190424,5.478901179593934e-08,None,None,None,None, , , , 
30125, ,1.8251834943190424,5.872786613189478e-08,None,None,None,None, , , , 
30126, ,1.8251834943190424,6.294988990221888e-08,None,None,None,None, , , , 
30127, ,1.8251834943190424,6.747544053110687e-08,None,None,None,None, , , , 
30128, ,1.8251834943190424,7.232633896483534e-08,None,None,None,None, , , , 
30129, ,1.8251834943190424,7.752597488629465e-08,None,None,None,None, , , , 
30130, ,1.8251834943190424,8.309941949353386e-08,None,None,None,None, , , , 
30131, ,1.8251834943190424,8.907354638610439e-08,None,None,None,None, , , , 
30132, ,1.8251834943190424,9.547716114208066e-08,None,None,None,None, , , , 
30133, ,1.8251834943190424,1.0234114021054528e-07,None,None,None,None, , , , 
30134, ,1.8251834943190424,1.0969857978923841e-07,None,None,None,None, , , , 
30135, ,1.8251834943190424,1.1758495540521555e-07,None,None,None,None, , , , 
30136, ,1.8251834943190424,1.2603829296797277e-07,None,None,None,None, , , , 
30137, ,1.8251834943190424,1.350993521198025e-07,None,None,None,None, , , , 
30138, ,1.8251834943190424,1.4481182276745328e-07,None,None,None,None, , , , 
30139, ,1.8251834943190424,1.552225357427048e-07,None,None,None,None, , , , 
30140, ,1.8251834943190424,1.6638168860761273e-07,None,None,None,None, , , , 
30141, ,1.8251834943190424,1.7834308769319093e-07,None,None,None,None, , , , 
30142, ,1.8251834943190424,1.9116440753857e-07,None,None,None,None, , , , 
30143, ,1.8251834943190424,2.049074689815846e-07,None,None,None,None, , , , 
30144, ,1.8251834943190424,2.1963853724165468e-07,None,None,None,None, , , , 
30145, ,1.8251834943190424,2.3542864143224158e-07,None,None,None,None, , , , 
30146, ,1.8251834943190424,2.523539170434766e-07,None,None,None,None, , , , 
30147, ,1.8251834943190424,2.7049597304631316e-07,None,None,None,None, , , , 
30148, ,1.8251834943190424,2.899422853882875e-07,None,None,None,None, , , , 
30149, ,1.8251834943190424,3.107866187782014e-07,None,None,None,None, , , , 
30150, ,1.8251834943190424,3.33129478793467e-07,None,None,None,None, , , , 
30151, ,1.8251834943190424,3.5707859649004626e-07,None,None,None,None, , , , 
30152, ,1.8251834943190424,3.827494478516307e-07,None,None,None,None, , , , 
30153, ,1.8251834943190424,4.1026581058271904e-07,None,None,None,None, , , , 
30154, ,1.8251834943190424,4.397603609302722e-07,None,None,None,None, , , , 
30155, ,1.8251834943190424,4.7137531341167185e-07,None,None,None,None, , , , 
30156, ,1.8251834943190424,5.052631065335679e-07,None,None,None,None, , , , 
30157, ,1.8251834943190424,5.415871378079465e-07,None,None,None,None, , , , 
30158, ,1.8251834943190424,5.805225516094896e-07,None,None,None,None, , , , 
30159, ,1.8251834943190424,6.222570836730232e-07,None,None,None,None, , , , 
30160, ,1.8251834943190424,6.669919663030115e-07,None,None,None,None, , , , 
30161, ,1.8251834943190424,7.149428986597576e-07,None,None,None,None, , , , 
30162, ,1.8251834943190424,7.663410868007445e-07,None,None,None,None, , , , 
30163, ,1.8251834943190424,8.214343584919422e-07,None,None,None,None, , , , 
30164, ,1.8251834943190424,8.804883581643463e-07,None,None,None,None, , , , 
30165, ,1.8251834943190424,9.437878277775371e-07,None,None,None,None, , , , 
30166, ,1.8251834943190424,1.0116379797662072e-06,None,None,None,None, , , , 
30167, ,1.8251834943190424,1.0843659686896086e-06,None,None,None,None, , , , 
30168, ,1.8251834943190424,1.1623224686798522e-06,None,None,None,None, , , , 
30169, ,1.8251834943190424,1.2458833642950078e-06,None,None,None,None, , , , 
30170, ,1.8251834943190424,1.3354515629298971e-06,None,None,None,None, , , , 
30171, ,1.8251834943190424,1.4314589375234786e-06,None,None,None,None, , , , 
30172, ,1.8251834943190424,1.53436840893001e-06,None,None,None,None, , , , 
30173, ,1.8251834943190424,1.6446761779946631e-06,None,None,None,None, , , , 
30174, ,1.8251834943190424,1.762914118095948e-06,None,None,None,None, , , , 
30175, ,1.8251834943190424,1.8896523396912082e-06,None,None,None,None, , , , 
30176, ,1.8251834943190424,2.0255019392306664e-06,None,None,None,None, , , , 
30177, ,1.8251834943190424,2.171117945694501e-06,None,None,None,None, , , , 
30178, ,1.8251834943190424,2.327202478960408e-06,None,None,None,None, , , , 
30179, ,1.8251834943190424,2.494508135230317e-06,None,None,None,None, , , , 
30180, ,1.8251834943190424,2.673841615839944e-06,None,None,None,None, , , , 
30181, ,1.8251834943190424,2.8660676169482507e-06,None,None,None,None, , , , 
30182, ,1.8251834943190424,3.0721129988617524e-06,None,None,None,None, , , , 
30183, ,1.8251834943190424,3.292971255097148e-06,None,None,None,None, , , , 
30184, ,1.8251834943190424,3.5297073027306505e-06,None,None,None,None, , , , 
30185, ,1.8251834943190424,3.783462617131925e-06,None,None,None,None, , , , 
30186, ,1.8251834943190424,4.0554607358408275e-06,None,None,None,None, , , , 
30187, ,1.8251834943190424,4.3470131581250175e-06,None,None,None,None, , , , 
30188, ,1.8251834943190424,4.6595256686646765e-06,None,None,None,None, , , , 
30189, ,1.8251834943190424,4.99450511585514e-06,None,None,None,None, , , , 
30190, ,1.8251834943190424,5.353566677410719e-06,None,None,None,None, , , , 
30191, ,1.8251834943190424,5.738441648302393e-06,None,None,None,None, , , , 
30192, ,1.8251834943190424,6.150985788580505e-06,None,None,None,None, , , , 
30193, ,1.8251834943190424,6.593188271333541e-06,None,None,None,None, , , , 
30194, ,1.8251834943190424,7.067181273927492e-06,None,None,None,None, , , , 
30195, ,1.8251834943190424,7.575250258771904e-06,None,None,None,None, , , , 
30196, ,1.8251834943190424,8.119844993184007e-06,None,None,None,None, , , , 
30197, ,1.8251834943190424,8.703591361485167e-06,None,None,None,None, , , , 
30198, ,1.8251834943190424,9.329304026284676e-06,None,None,None,None, , , , 
30199, ,1.8251834943190424,1e-05,None,None,None,None, , , , 
30200, ,1.8896523396912093,1e-11,None,None,None,None, , , , 
30201, ,1.8896523396912093,1.0718913192051263e-11,None,None,None,None, , , , 
30202, ,1.8896523396912093,1.1489510001873107e-11,None,None,None,None, , , , 
30203, ,1.8896523396912093,1.2315506032928262e-11,None,None,None,None, , , , 
30204, ,1.8896523396912093,1.3200884008314167e-11,None,None,None,None, , , , 
30205, ,1.8896523396912093,1.4149912974345786e-11,None,None,None,None, , , , 
30206, ,1.8896523396912093,1.5167168884709242e-11,None,None,None,None, , , , 
30207, ,1.8896523396912093,1.6257556664437934e-11,None,None,None,None, , , , 
30208, ,1.8896523396912093,1.7426333860096473e-11,None,None,None,None, , , , 
30209, ,1.8896523396912093,1.8679135990207848e-11,None,None,None,None, , , , 
30210, ,1.8896523396912093,2.0022003718155844e-11,None,None,None,None, , , , 
30211, ,1.8896523396912093,2.1461411978584013e-11,None,None,None,None, , , , 
30212, ,1.8896523396912093,2.300430119772921e-11,None,None,None,None, , , , 
30213, ,1.8896523396912093,2.465811075822604e-11,None,None,None,None, , , , 
30214, ,1.8896523396912093,2.643081486974103e-11,None,None,None,None, , , , 
30215, ,1.8896523396912093,2.8330961018393178e-11,None,None,None,None, , , , 
30216, ,1.8896523396912093,3.036771118035461e-11,None,None,None,None, , , , 
30217, ,1.8896523396912093,3.255088599835057e-11,None,None,None,None, , , , 
30218, ,1.8896523396912093,3.4891012134067674e-11,None,None,None,None, , , , 
30219, ,1.8896523396912093,3.739937302478801e-11,None,None,None,None, , , , 
30220, ,1.8896523396912093,4.0088063288984646e-11,None,None,None,None, , , , 
30221, ,1.8896523396912093,4.297004704320835e-11,None,None,None,None, , , , 
30222, ,1.8896523396912093,4.605922041145113e-11,None,None,None,None, , , , 
30223, ,1.8896523396912093,4.937047852839004e-11,None,None,None,None, , , , 
30224, ,1.8896523396912093,5.2919787359584366e-11,None,None,None,None, , , , 
30225, ,1.8896523396912093,5.672426068491989e-11,None,None,None,None, , , , 
30226, ,1.8896523396912093,6.080224261649427e-11,None,None,None,None, , , , 
30227, ,1.8896523396912093,6.517339604882421e-11,None,None,None,None, , , , 
30228, ,1.8896523396912093,6.985879746785235e-11,None,None,None,None, , , , 
30229, ,1.8896523396912093,7.48810385759003e-11,None,None,None,None, , , , 
30230, ,1.8896523396912093,8.026433522257174e-11,None,None,None,None, , , , 
30231, ,1.8896523396912093,8.603464416684492e-11,None,None,None,None, , , , 
30232, ,1.8896523396912093,9.221978823334341e-11,None,None,None,None, , , , 
30233, ,1.8896523396912093,9.884959046625586e-11,None,None,None,None, , , , 
30234, ,1.8896523396912093,1.0595601792776149e-10,None,None,None,None, , , , 
30235, ,1.8896523396912093,1.1357333583431027e-10,None,None,None,None, , , , 
30236, ,1.8896523396912093,1.217382727739662e-10,None,None,None,None, , , , 
30237, ,1.8896523396912093,1.3049019780144016e-10,None,None,None,None, , , , 
30238, ,1.8896523396912093,1.398713102647236e-10,None,None,None,None, , , , 
30239, ,1.8896523396912093,1.4992684327860468e-10,None,None,None,None, , , , 
30240, ,1.8896523396912093,1.6070528182616384e-10,None,None,None,None, , , , 
30241, ,1.8896523396912093,1.722585965398784e-10,None,None,None,None, , , , 
30242, ,1.8896523396912093,1.8464249428955463e-10,None,None,None,None, , , , 
30243, ,1.8896523396912093,1.9791668678535569e-10,None,None,None,None, , , , 
30244, ,1.8896523396912093,2.121451784910628e-10,None,None,None,None, , , , 
30245, ,1.8896523396912093,2.273965752357932e-10,None,None,None,None, , , , 
30246, ,1.8896523396912093,2.4374441501222216e-10,None,None,None,None, , , , 
30247, ,1.8896523396912093,2.6126752255633265e-10,None,None,None,None, , , , 
30248, ,1.8896523396912093,2.8005038941836253e-10,None,None,None,None, , , , 
30249, ,1.8896523396912093,3.0018358135755917e-10,None,None,None,None, , , , 
30250, ,1.8896523396912093,3.2176417502507347e-10,None,None,None,None, , , , 
30251, ,1.8896523396912093,3.4489622604057533e-10,None,None,None,None, , , , 
30252, ,1.8896523396912093,3.696912707195032e-10,None,None,None,None, , , , 
30253, ,1.8896523396912093,3.9626886387014783e-10,None,None,None,None, , , , 
30254, ,1.8896523396912093,4.2475715525368935e-10,None,None,None,None, , , , 
30255, ,1.8896523396912093,4.552935074866938e-10,None,None,None,None, , , , 
30256, ,1.8896523396912093,4.880251583654433e-10,None,None,None,None, , , , 
30257, ,1.8896523396912093,5.231099308056258e-10,None,None,None,None, , , , 
30258, ,1.8896523396912093,5.60716993820547e-10,None,None,None,None, , , , 
30259, ,1.8896523396912093,6.010276782070387e-10,None,None,None,None, , , , 
30260, ,1.8896523396912093,6.442363508721371e-10,None,None,None,None, , , , 
30261, ,1.8896523396912093,6.905513520162316e-10,None,None,None,None, , , , 
30262, ,1.8896523396912093,7.401959996915653e-10,None,None,None,None, , , , 
30263, ,1.8896523396912093,7.934096665797492e-10,None,None,None,None, , , , 
30264, ,1.8896523396912093,8.504489341802668e-10,None,None,None,None, , , , 
30265, ,1.8896523396912093,9.115888299750837e-10,None,None,None,None, , , , 
30266, ,1.8896523396912093,9.771241535346502e-10,None,None,None,None, , , , 
30267, ,1.8896523396912093,1.0473708979594486e-09,None,None,None,None, , , , 
30268, ,1.8896523396912093,1.1226677735108114e-09,None,None,None,None, , , , 
30269, ,1.8896523396912093,1.2033778407775904e-09,None,None,None,None, , , , 
30270, ,1.8896523396912093,1.289890261253308e-09,None,None,None,None, , , , 
30271, ,1.8896523396912093,1.3826221737646535e-09,None,None,None,None, , , , 
30272, ,1.8896523396912093,1.4820207057988602e-09,None,None,None,None, , , , 
30273, ,1.8896523396912093,1.5885651294280526e-09,None,None,None,None, , , , 
30274, ,1.8896523396912093,1.702769172225898e-09,None,None,None,None, , , , 
30275, ,1.8896523396912093,1.825183494319039e-09,None,None,None,None, , , , 
30276, ,1.8896523396912093,1.956398343517065e-09,None,None,None,None, , , , 
30277, ,1.8896523396912093,2.0970464013232305e-09,None,None,None,None, , , , 
30278, ,1.8896523396912093,2.2478058335487307e-09,None,None,None,None, , , , 
30279, ,1.8896523396912093,2.409403560239527e-09,None,None,None,None, , , , 
30280, ,1.8896523396912093,2.582618760682675e-09,None,None,None,None, , , , 
30281, ,1.8896523396912093,2.768286630392061e-09,None,None,None,None, , , , 
30282, ,1.8896523396912093,2.9673024081888724e-09,None,None,None,None, , , , 
30283, ,1.8896523396912093,3.180625692794119e-09,None,None,None,None, , , , 
30284, ,1.8896523396912093,3.409285069746807e-09,None,None,None,None, , , , 
30285, ,1.8896523396912093,3.654383070957262e-09,None,None,None,None, , , , 
30286, ,1.8896523396912093,3.917101490809261e-09,None,None,None,None, , , , 
30287, ,1.8896523396912093,4.198707084443906e-09,None,None,None,None, , , , 
30288, ,1.8896523396912093,4.500557675700488e-09,None,None,None,None, , , , 
30289, ,1.8896523396912093,4.824108704165374e-09,None,None,None,None, , , , 
30290, ,1.8896523396912093,5.170920242896755e-09,None,None,None,None, , , , 
30291, ,1.8896523396912093,5.542664520663096e-09,None,None,None,None, , , , 
30292, ,1.8896523396912093,5.941133984965041e-09,None,None,None,None, , , , 
30293, ,1.8896523396912093,6.3682499447185856e-09,None,None,None,None, , , , 
30294, ,1.8896523396912093,6.826071834272379e-09,None,None,None,None, , , , 
30295, ,1.8896523396912093,7.316807143427175e-09,None,None,None,None, , , , 
30296, ,1.8896523396912093,7.842822061337681e-09,None,None,None,None, , , , 
30297, ,1.8896523396912093,8.406652885618316e-09,None,None,None,None, , , , 
30298, ,1.8896523396912093,9.011018251665036e-09,None,None,None,None, , , , 
30299, ,1.8896523396912093,9.658832241158707e-09,None,None,None,None, , , , 
30300, ,1.8896523396912093,1.0353218432956616e-08,None,None,None,None, , , , 
30301, ,1.8896523396912093,1.1097524964120722e-08,None,None,None,None, , , , 
30302, ,1.8896523396912093,1.1895340673703208e-08,None,None,None,None, , , , 
30303, ,1.8896523396912093,1.2750512407130128e-08,None,None,None,None, , , , 
30304, ,1.8896523396912093,1.3667163564620044e-08,None,None,None,None, , , , 
30305, ,1.8896523396912093,1.4649713983072853e-08,None,None,None,None, , , , 
30306, ,1.8896523396912093,1.5702901247293774e-08,None,None,None,None, , , , 
30307, ,1.8896523396912093,1.683180353330955e-08,None,None,None,None, , , , 
30308, ,1.8896523396912093,1.8041864093920717e-08,None,None,None,None, , , , 
30309, ,1.8896523396912093,1.933891750455232e-08,None,None,None,None, , , , 
30310, ,1.8896523396912093,2.0729217795953697e-08,None,None,None,None, , , , 
30311, ,1.8896523396912093,2.221946860939524e-08,None,None,None,None, , , , 
30312, ,1.8896523396912093,2.3816855519761606e-08,None,None,None,None, , , , 
30313, ,1.8896523396912093,2.552908068239516e-08,None,None,None,None, , , , 
30314, ,1.8896523396912093,2.7364399970746666e-08,None,None,None,None, , , , 
30315, ,1.8896523396912093,2.933166278390042e-08,None,None,None,None, , , , 
30316, ,1.8896523396912093,3.1440354715915e-08,None,None,None,None, , , , 
30317, ,1.8896523396912093,3.370064329271925e-08,None,None,None,None, , , , 
30318, ,1.8896523396912093,3.612342699709431e-08,None,None,None,None, , , , 
30319, ,1.8896523396912093,3.872038781812557e-08,None,None,None,None, , , , 
30320, ,1.8896523396912093,4.1504047578504727e-08,None,None,None,None, , , , 
30321, ,1.8896523396912093,4.448782831127585e-08,None,None,None,None, , , , 
30322, ,1.8896523396912093,4.768611697714474e-08,None,None,None,None, , , , 
30323, ,1.8896523396912093,5.111433483440165e-08,None,None,None,None, , , , 
30324, ,1.8896523396912093,5.478901179593934e-08,None,None,None,None, , , , 
30325, ,1.8896523396912093,5.872786613189478e-08,None,None,None,None, , , , 
30326, ,1.8896523396912093,6.294988990221888e-08,None,None,None,None, , , , 
30327, ,1.8896523396912093,6.747544053110687e-08,None,None,None,None, , , , 
30328, ,1.8896523396912093,7.232633896483534e-08,None,None,None,None, , , , 
30329, ,1.8896523396912093,7.752597488629465e-08,None,None,None,None, , , , 
30330, ,1.8896523396912093,8.309941949353386e-08,None,None,None,None, , , , 
30331, ,1.8896523396912093,8.907354638610439e-08,None,None,None,None, , , , 
30332, ,1.8896523396912093,9.547716114208066e-08,None,None,None,None, , , , 
30333, ,1.8896523396912093,1.0234114021054528e-07,None,None,None,None, , , , 
30334, ,1.8896523396912093,1.0969857978923841e-07,None,None,None,None, , , , 
30335, ,1.8896523396912093,1.1758495540521555e-07,None,None,None,None, , , , 
30336, ,1.8896523396912093,1.2603829296797277e-07,None,None,None,None, , , , 
30337, ,1.8896523396912093,1.350993521198025e-07,None,None,None,None, , , , 
30338, ,1.8896523396912093,1.4481182276745328e-07,None,None,None,None, , , , 
30339, ,1.8896523396912093,1.552225357427048e-07,None,None,None,None, , , , 
30340, ,1.8896523396912093,1.6638168860761273e-07,None,None,None,None, , , , 
30341, ,1.8896523396912093,1.7834308769319093e-07,None,None,None,None, , , , 
30342, ,1.8896523396912093,1.9116440753857e-07,None,None,None,None, , , , 
30343, ,1.8896523396912093,2.049074689815846e-07,None,None,None,None, , , , 
30344, ,1.8896523396912093,2.1963853724165468e-07,None,None,None,None, , , , 
30345, ,1.8896523396912093,2.3542864143224158e-07,None,None,None,None, , , , 
30346, ,1.8896523396912093,2.523539170434766e-07,None,None,None,None, , , , 
30347, ,1.8896523396912093,2.7049597304631316e-07,None,None,None,None, , , , 
30348, ,1.8896523396912093,2.899422853882875e-07,None,None,None,None, , , , 
30349, ,1.8896523396912093,3.107866187782014e-07,None,None,None,None, , , , 
30350, ,1.8896523396912093,3.33129478793467e-07,None,None,None,None, , , , 
30351, ,1.8896523396912093,3.5707859649004626e-07,None,None,None,None, , , , 
30352, ,1.8896523396912093,3.827494478516307e-07,None,None,None,None, , , , 
30353, ,1.8896523396912093,4.1026581058271904e-07,None,None,None,None, , , , 
30354, ,1.8896523396912093,4.397603609302722e-07,None,None,None,None, , , , 
30355, ,1.8896523396912093,4.7137531341167185e-07,None,None,None,None, , , , 
30356, ,1.8896523396912093,5.052631065335679e-07,None,None,None,None, , , , 
30357, ,1.8896523396912093,5.415871378079465e-07,None,None,None,None, , , , 
30358, ,1.8896523396912093,5.805225516094896e-07,None,None,None,None, , , , 
30359, ,1.8896523396912093,6.222570836730232e-07,None,None,None,None, , , , 
30360, ,1.8896523396912093,6.669919663030115e-07,None,None,None,None, , , , 
30361, ,1.8896523396912093,7.149428986597576e-07,None,None,None,None, , , , 
30362, ,1.8896523396912093,7.663410868007445e-07,None,None,None,None, , , , 
30363, ,1.8896523396912093,8.214343584919422e-07,None,None,None,None, , , , 
30364, ,1.8896523396912093,8.804883581643463e-07,None,None,None,None, , , , 
30365, ,1.8896523396912093,9.437878277775371e-07,None,None,None,None, , , , 
30366, ,1.8896523396912093,1.0116379797662072e-06,None,None,None,None, , , , 
30367, ,1.8896523396912093,1.0843659686896086e-06,None,None,None,None, , , , 
30368, ,1.8896523396912093,1.1623224686798522e-06,None,None,None,None, , , , 
30369, ,1.8896523396912093,1.2458833642950078e-06,None,None,None,None, , , , 
30370, ,1.8896523396912093,1.3354515629298971e-06,None,None,None,None, , , , 
30371, ,1.8896523396912093,1.4314589375234786e-06,None,None,None,None, , , , 
30372, ,1.8896523396912093,1.53436840893001e-06,None,None,None,None, , , , 
30373, ,1.8896523396912093,1.6446761779946631e-06,None,None,None,None, , , , 
30374, ,1.8896523396912093,1.762914118095948e-06,None,None,None,None, , , , 
30375, ,1.8896523396912093,1.8896523396912082e-06,None,None,None,None, , , , 
30376, ,1.8896523396912093,2.0255019392306664e-06,None,None,None,None, , , , 
30377, ,1.8896523396912093,2.171117945694501e-06,None,None,None,None, , , , 
30378, ,1.8896523396912093,2.327202478960408e-06,None,None,None,None, , , , 
30379, ,1.8896523396912093,2.494508135230317e-06,None,None,None,None, , , , 
30380, ,1.8896523396912093,2.673841615839944e-06,None,None,None,None, , , , 
30381, ,1.8896523396912093,2.8660676169482507e-06,None,None,None,None, , , , 
30382, ,1.8896523396912093,3.0721129988617524e-06,None,None,None,None, , , , 
30383, ,1.8896523396912093,3.292971255097148e-06,None,None,None,None, , , , 
30384, ,1.8896523396912093,3.5297073027306505e-06,None,None,None,None, , , , 
30385, ,1.8896523396912093,3.783462617131925e-06,None,None,None,None, , , , 
30386, ,1.8896523396912093,4.0554607358408275e-06,None,None,None,None, , , , 
30387, ,1.8896523396912093,4.3470131581250175e-06,None,None,None,None, , , , 
30388, ,1.8896523396912093,4.6595256686646765e-06,None,None,None,None, , , , 
30389, ,1.8896523396912093,4.99450511585514e-06,None,None,None,None, , , , 
30390, ,1.8896523396912093,5.353566677410719e-06,None,None,None,None, , , , 
30391, ,1.8896523396912093,5.738441648302393e-06,None,None,None,None, , , , 
30392, ,1.8896523396912093,6.150985788580505e-06,None,None,None,None, , , , 
30393, ,1.8896523396912093,6.593188271333541e-06,None,None,None,None, , , , 
30394, ,1.8896523396912093,7.067181273927492e-06,None,None,None,None, , , , 
30395, ,1.8896523396912093,7.575250258771904e-06,None,None,None,None, , , , 
30396, ,1.8896523396912093,8.119844993184007e-06,None,None,None,None, , , , 
30397, ,1.8896523396912093,8.703591361485167e-06,None,None,None,None, , , , 
30398, ,1.8896523396912093,9.329304026284676e-06,None,None,None,None, , , , 
30399, ,1.8896523396912093,1e-05,None,None,None,None, , , , 
30400, ,1.9563983435170629,1e-11,None,None,None,None, , , , 
30401, ,1.9563983435170629,1.0718913192051263e-11,None,None,None,None, , , , 
30402, ,1.9563983435170629,1.1489510001873107e-11,None,None,None,None, , , , 
30403, ,1.9563983435170629,1.2315506032928262e-11,None,None,None,None, , , , 
30404, ,1.9563983435170629,1.3200884008314167e-11,None,None,None,None, , , , 
30405, ,1.9563983435170629,1.4149912974345786e-11,None,None,None,None, , , , 
30406, ,1.9563983435170629,1.5167168884709242e-11,None,None,None,None, , , , 
30407, ,1.9563983435170629,1.6257556664437934e-11,None,None,None,None, , , , 
30408, ,1.9563983435170629,1.7426333860096473e-11,None,None,None,None, , , , 
30409, ,1.9563983435170629,1.8679135990207848e-11,None,None,None,None, , , , 
30410, ,1.9563983435170629,2.0022003718155844e-11,None,None,None,None, , , , 
30411, ,1.9563983435170629,2.1461411978584013e-11,None,None,None,None, , , , 
30412, ,1.9563983435170629,2.300430119772921e-11,None,None,None,None, , , , 
30413, ,1.9563983435170629,2.465811075822604e-11,None,None,None,None, , , , 
30414, ,1.9563983435170629,2.643081486974103e-11,None,None,None,None, , , , 
30415, ,1.9563983435170629,2.8330961018393178e-11,None,None,None,None, , , , 
30416, ,1.9563983435170629,3.036771118035461e-11,None,None,None,None, , , , 
30417, ,1.9563983435170629,3.255088599835057e-11,None,None,None,None, , , , 
30418, ,1.9563983435170629,3.4891012134067674e-11,None,None,None,None, , , , 
30419, ,1.9563983435170629,3.739937302478801e-11,None,None,None,None, , , , 
30420, ,1.9563983435170629,4.0088063288984646e-11,None,None,None,None, , , , 
30421, ,1.9563983435170629,4.297004704320835e-11,None,None,None,None, , , , 
30422, ,1.9563983435170629,4.605922041145113e-11,None,None,None,None, , , , 
30423, ,1.9563983435170629,4.937047852839004e-11,None,None,None,None, , , , 
30424, ,1.9563983435170629,5.2919787359584366e-11,None,None,None,None, , , , 
30425, ,1.9563983435170629,5.672426068491989e-11,None,None,None,None, , , , 
30426, ,1.9563983435170629,6.080224261649427e-11,None,None,None,None, , , , 
30427, ,1.9563983435170629,6.517339604882421e-11,None,None,None,None, , , , 
30428, ,1.9563983435170629,6.985879746785235e-11,None,None,None,None, , , , 
30429, ,1.9563983435170629,7.48810385759003e-11,None,None,None,None, , , , 
30430, ,1.9563983435170629,8.026433522257174e-11,None,None,None,None, , , , 
30431, ,1.9563983435170629,8.603464416684492e-11,None,None,None,None, , , , 
30432, ,1.9563983435170629,9.221978823334341e-11,None,None,None,None, , , , 
30433, ,1.9563983435170629,9.884959046625586e-11,None,None,None,None, , , , 
30434, ,1.9563983435170629,1.0595601792776149e-10,None,None,None,None, , , , 
30435, ,1.9563983435170629,1.1357333583431027e-10,None,None,None,None, , , , 
30436, ,1.9563983435170629,1.217382727739662e-10,None,None,None,None, , , , 
30437, ,1.9563983435170629,1.3049019780144016e-10,None,None,None,None, , , , 
30438, ,1.9563983435170629,1.398713102647236e-10,None,None,None,None, , , , 
30439, ,1.9563983435170629,1.4992684327860468e-10,None,None,None,None, , , , 
30440, ,1.9563983435170629,1.6070528182616384e-10,None,None,None,None, , , , 
30441, ,1.9563983435170629,1.722585965398784e-10,None,None,None,None, , , , 
30442, ,1.9563983435170629,1.8464249428955463e-10,None,None,None,None, , , , 
30443, ,1.9563983435170629,1.9791668678535569e-10,None,None,None,None, , , , 
30444, ,1.9563983435170629,2.121451784910628e-10,None,None,None,None, , , , 
30445, ,1.9563983435170629,2.273965752357932e-10,None,None,None,None, , , , 
30446, ,1.9563983435170629,2.4374441501222216e-10,None,None,None,None, , , , 
30447, ,1.9563983435170629,2.6126752255633265e-10,None,None,None,None, , , , 
30448, ,1.9563983435170629,2.8005038941836253e-10,None,None,None,None, , , , 
30449, ,1.9563983435170629,3.0018358135755917e-10,None,None,None,None, , , , 
30450, ,1.9563983435170629,3.2176417502507347e-10,None,None,None,None, , , , 
30451, ,1.9563983435170629,3.4489622604057533e-10,None,None,None,None, , , , 
30452, ,1.9563983435170629,3.696912707195032e-10,None,None,None,None, , , , 
30453, ,1.9563983435170629,3.9626886387014783e-10,None,None,None,None, , , , 
30454, ,1.9563983435170629,4.2475715525368935e-10,None,None,None,None, , , , 
30455, ,1.9563983435170629,4.552935074866938e-10,None,None,None,None, , , , 
30456, ,1.9563983435170629,4.880251583654433e-10,None,None,None,None, , , , 
30457, ,1.9563983435170629,5.231099308056258e-10,None,None,None,None, , , , 
30458, ,1.9563983435170629,5.60716993820547e-10,None,None,None,None, , , , 
30459, ,1.9563983435170629,6.010276782070387e-10,None,None,None,None, , , , 
30460, ,1.9563983435170629,6.442363508721371e-10,None,None,None,None, , , , 
30461, ,1.9563983435170629,6.905513520162316e-10,None,None,None,None, , , , 
30462, ,1.9563983435170629,7.401959996915653e-10,None,None,None,None, , , , 
30463, ,1.9563983435170629,7.934096665797492e-10,None,None,None,None, , , , 
30464, ,1.9563983435170629,8.504489341802668e-10,None,None,None,None, , , , 
30465, ,1.9563983435170629,9.115888299750837e-10,None,None,None,None, , , , 
30466, ,1.9563983435170629,9.771241535346502e-10,None,None,None,None, , , , 
30467, ,1.9563983435170629,1.0473708979594486e-09,None,None,None,None, , , , 
30468, ,1.9563983435170629,1.1226677735108114e-09,None,None,None,None, , , , 
30469, ,1.9563983435170629,1.2033778407775904e-09,None,None,None,None, , , , 
30470, ,1.9563983435170629,1.289890261253308e-09,None,None,None,None, , , , 
30471, ,1.9563983435170629,1.3826221737646535e-09,None,None,None,None, , , , 
30472, ,1.9563983435170629,1.4820207057988602e-09,None,None,None,None, , , , 
30473, ,1.9563983435170629,1.5885651294280526e-09,None,None,None,None, , , , 
30474, ,1.9563983435170629,1.702769172225898e-09,None,None,None,None, , , , 
30475, ,1.9563983435170629,1.825183494319039e-09,None,None,None,None, , , , 
30476, ,1.9563983435170629,1.956398343517065e-09,None,None,None,None, , , , 
30477, ,1.9563983435170629,2.0970464013232305e-09,None,None,None,None, , , , 
30478, ,1.9563983435170629,2.2478058335487307e-09,None,None,None,None, , , , 
30479, ,1.9563983435170629,2.409403560239527e-09,None,None,None,None, , , , 
30480, ,1.9563983435170629,2.582618760682675e-09,None,None,None,None, , , , 
30481, ,1.9563983435170629,2.768286630392061e-09,None,None,None,None, , , , 
30482, ,1.9563983435170629,2.9673024081888724e-09,None,None,None,None, , , , 
30483, ,1.9563983435170629,3.180625692794119e-09,None,None,None,None, , , , 
30484, ,1.9563983435170629,3.409285069746807e-09,None,None,None,None, , , , 
30485, ,1.9563983435170629,3.654383070957262e-09,None,None,None,None, , , , 
30486, ,1.9563983435170629,3.917101490809261e-09,None,None,None,None, , , , 
30487, ,1.9563983435170629,4.198707084443906e-09,None,None,None,None, , , , 
30488, ,1.9563983435170629,4.500557675700488e-09,None,None,None,None, , , , 
30489, ,1.9563983435170629,4.824108704165374e-09,None,None,None,None, , , , 
30490, ,1.9563983435170629,5.170920242896755e-09,None,None,None,None, , , , 
30491, ,1.9563983435170629,5.542664520663096e-09,None,None,None,None, , , , 
30492, ,1.9563983435170629,5.941133984965041e-09,None,None,None,None, , , , 
30493, ,1.9563983435170629,6.3682499447185856e-09,None,None,None,None, , , , 
30494, ,1.9563983435170629,6.826071834272379e-09,None,None,None,None, , , , 
30495, ,1.9563983435170629,7.316807143427175e-09,None,None,None,None, , , , 
30496, ,1.9563983435170629,7.842822061337681e-09,None,None,None,None, , , , 
30497, ,1.9563983435170629,8.406652885618316e-09,None,None,None,None, , , , 
30498, ,1.9563983435170629,9.011018251665036e-09,None,None,None,None, , , , 
30499, ,1.9563983435170629,9.658832241158707e-09,None,None,None,None, , , , 
30500, ,1.9563983435170629,1.0353218432956616e-08,None,None,None,None, , , , 
30501, ,1.9563983435170629,1.1097524964120722e-08,None,None,None,None, , , , 
30502, ,1.9563983435170629,1.1895340673703208e-08,None,None,None,None, , , , 
30503, ,1.9563983435170629,1.2750512407130128e-08,None,None,None,None, , , , 
30504, ,1.9563983435170629,1.3667163564620044e-08,None,None,None,None, , , , 
30505, ,1.9563983435170629,1.4649713983072853e-08,None,None,None,None, , , , 
30506, ,1.9563983435170629,1.5702901247293774e-08,None,None,None,None, , , , 
30507, ,1.9563983435170629,1.683180353330955e-08,None,None,None,None, , , , 
30508, ,1.9563983435170629,1.8041864093920717e-08,None,None,None,None, , , , 
30509, ,1.9563983435170629,1.933891750455232e-08,None,None,None,None, , , , 
30510, ,1.9563983435170629,2.0729217795953697e-08,None,None,None,None, , , , 
30511, ,1.9563983435170629,2.221946860939524e-08,None,None,None,None, , , , 
30512, ,1.9563983435170629,2.3816855519761606e-08,None,None,None,None, , , , 
30513, ,1.9563983435170629,2.552908068239516e-08,None,None,None,None, , , , 
30514, ,1.9563983435170629,2.7364399970746666e-08,None,None,None,None, , , , 
30515, ,1.9563983435170629,2.933166278390042e-08,None,None,None,None, , , , 
30516, ,1.9563983435170629,3.1440354715915e-08,None,None,None,None, , , , 
30517, ,1.9563983435170629,3.370064329271925e-08,None,None,None,None, , , , 
30518, ,1.9563983435170629,3.612342699709431e-08,None,None,None,None, , , , 
30519, ,1.9563983435170629,3.872038781812557e-08,None,None,None,None, , , , 
30520, ,1.9563983435170629,4.1504047578504727e-08,None,None,None,None, , , , 
30521, ,1.9563983435170629,4.448782831127585e-08,None,None,None,None, , , , 
30522, ,1.9563983435170629,4.768611697714474e-08,None,None,None,None, , , , 
30523, ,1.9563983435170629,5.111433483440165e-08,None,None,None,None, , , , 
30524, ,1.9563983435170629,5.478901179593934e-08,None,None,None,None, , , , 
30525, ,1.9563983435170629,5.872786613189478e-08,None,None,None,None, , , , 
30526, ,1.9563983435170629,6.294988990221888e-08,None,None,None,None, , , , 
30527, ,1.9563983435170629,6.747544053110687e-08,None,None,None,None, , , , 
30528, ,1.9563983435170629,7.232633896483534e-08,None,None,None,None, , , , 
30529, ,1.9563983435170629,7.752597488629465e-08,None,None,None,None, , , , 
30530, ,1.9563983435170629,8.309941949353386e-08,None,None,None,None, , , , 
30531, ,1.9563983435170629,8.907354638610439e-08,None,None,None,None, , , , 
30532, ,1.9563983435170629,9.547716114208066e-08,None,None,None,None, , , , 
30533, ,1.9563983435170629,1.0234114021054528e-07,None,None,None,None, , , , 
30534, ,1.9563983435170629,1.0969857978923841e-07,None,None,None,None, , , , 
30535, ,1.9563983435170629,1.1758495540521555e-07,None,None,None,None, , , , 
30536, ,1.9563983435170629,1.2603829296797277e-07,None,None,None,None, , , , 
30537, ,1.9563983435170629,1.350993521198025e-07,None,None,None,None, , , , 
30538, ,1.9563983435170629,1.4481182276745328e-07,None,None,None,None, , , , 
30539, ,1.9563983435170629,1.552225357427048e-07,None,None,None,None, , , , 
30540, ,1.9563983435170629,1.6638168860761273e-07,None,None,None,None, , , , 
30541, ,1.9563983435170629,1.7834308769319093e-07,None,None,None,None, , , , 
30542, ,1.9563983435170629,1.9116440753857e-07,None,None,None,None, , , , 
30543, ,1.9563983435170629,2.049074689815846e-07,None,None,None,None, , , , 
30544, ,1.9563983435170629,2.1963853724165468e-07,None,None,None,None, , , , 
30545, ,1.9563983435170629,2.3542864143224158e-07,None,None,None,None, , , , 
30546, ,1.9563983435170629,2.523539170434766e-07,None,None,None,None, , , , 
30547, ,1.9563983435170629,2.7049597304631316e-07,None,None,None,None, , , , 
30548, ,1.9563983435170629,2.899422853882875e-07,None,None,None,None, , , , 
30549, ,1.9563983435170629,3.107866187782014e-07,None,None,None,None, , , , 
30550, ,1.9563983435170629,3.33129478793467e-07,None,None,None,None, , , , 
30551, ,1.9563983435170629,3.5707859649004626e-07,None,None,None,None, , , , 
30552, ,1.9563983435170629,3.827494478516307e-07,None,None,None,None, , , , 
30553, ,1.9563983435170629,4.1026581058271904e-07,None,None,None,None, , , , 
30554, ,1.9563983435170629,4.397603609302722e-07,None,None,None,None, , , , 
30555, ,1.9563983435170629,4.7137531341167185e-07,None,None,None,None, , , , 
30556, ,1.9563983435170629,5.052631065335679e-07,None,None,None,None, , , , 
30557, ,1.9563983435170629,5.415871378079465e-07,None,None,None,None, , , , 
30558, ,1.9563983435170629,5.805225516094896e-07,None,None,None,None, , , , 
30559, ,1.9563983435170629,6.222570836730232e-07,None,None,None,None, , , , 
30560, ,1.9563983435170629,6.669919663030115e-07,None,None,None,None, , , , 
30561, ,1.9563983435170629,7.149428986597576e-07,None,None,None,None, , , , 
30562, ,1.9563983435170629,7.663410868007445e-07,None,None,None,None, , , , 
30563, ,1.9563983435170629,8.214343584919422e-07,None,None,None,None, , , , 
30564, ,1.9563983435170629,8.804883581643463e-07,None,None,None,None, , , , 
30565, ,1.9563983435170629,9.437878277775371e-07,None,None,None,None, , , , 
30566, ,1.9563983435170629,1.0116379797662072e-06,None,None,None,None, , , , 
30567, ,1.9563983435170629,1.0843659686896086e-06,None,None,None,None, , , , 
30568, ,1.9563983435170629,1.1623224686798522e-06,None,None,None,None, , , , 
30569, ,1.9563983435170629,1.2458833642950078e-06,None,None,None,None, , , , 
30570, ,1.9563983435170629,1.3354515629298971e-06,None,None,None,None, , , , 
30571, ,1.9563983435170629,1.4314589375234786e-06,None,None,None,None, , , , 
30572, ,1.9563983435170629,1.53436840893001e-06,None,None,None,None, , , , 
30573, ,1.9563983435170629,1.6446761779946631e-06,None,None,None,None, , , , 
30574, ,1.9563983435170629,1.762914118095948e-06,None,None,None,None, , , , 
30575, ,1.9563983435170629,1.8896523396912082e-06,None,None,None,None, , , , 
30576, ,1.9563983435170629,2.0255019392306664e-06,None,None,None,None, , , , 
30577, ,1.9563983435170629,2.171117945694501e-06,None,None,None,None, , , , 
30578, ,1.9563983435170629,2.327202478960408e-06,None,None,None,None, , , , 
30579, ,1.9563983435170629,2.494508135230317e-06,None,None,None,None, , , , 
30580, ,1.9563983435170629,2.673841615839944e-06,None,None,None,None, , , , 
30581, ,1.9563983435170629,2.8660676169482507e-06,None,None,None,None, , , , 
30582, ,1.9563983435170629,3.0721129988617524e-06,None,None,None,None, , , , 
30583, ,1.9563983435170629,3.292971255097148e-06,None,None,None,None, , , , 
30584, ,1.9563983435170629,3.5297073027306505e-06,None,None,None,None, , , , 
30585, ,1.9563983435170629,3.783462617131925e-06,None,None,None,None, , , , 
30586, ,1.9563983435170629,4.0554607358408275e-06,None,None,None,None, , , , 
30587, ,1.9563983435170629,4.3470131581250175e-06,None,None,None,None, , , , 
30588, ,1.9563983435170629,4.6595256686646765e-06,None,None,None,None, , , , 
30589, ,1.9563983435170629,4.99450511585514e-06,None,None,None,None, , , , 
30590, ,1.9563983435170629,5.353566677410719e-06,None,None,None,None, , , , 
30591, ,1.9563983435170629,5.738441648302393e-06,None,None,None,None, , , , 
30592, ,1.9563983435170629,6.150985788580505e-06,None,None,None,None, , , , 
30593, ,1.9563983435170629,6.593188271333541e-06,None,None,None,None, , , , 
30594, ,1.9563983435170629,7.067181273927492e-06,None,None,None,None, , , , 
30595, ,1.9563983435170629,7.575250258771904e-06,None,None,None,None, , , , 
30596, ,1.9563983435170629,8.119844993184007e-06,None,None,None,None, , , , 
30597, ,1.9563983435170629,8.703591361485167e-06,None,None,None,None, , , , 
30598, ,1.9563983435170629,9.329304026284676e-06,None,None,None,None, , , , 
30599, ,1.9563983435170629,1e-05,None,None,None,None, , , , 
30600, ,2.0255019392306663,1e-11,None,None,None,None, , , , 
30601, ,2.0255019392306663,1.0718913192051263e-11,None,None,None,None, , , , 
30602, ,2.0255019392306663,1.1489510001873107e-11,None,None,None,None, , , , 
30603, ,2.0255019392306663,1.2315506032928262e-11,None,None,None,None, , , , 
30604, ,2.0255019392306663,1.3200884008314167e-11,None,None,None,None, , , , 
30605, ,2.0255019392306663,1.4149912974345786e-11,None,None,None,None, , , , 
30606, ,2.0255019392306663,1.5167168884709242e-11,None,None,None,None, , , , 
30607, ,2.0255019392306663,1.6257556664437934e-11,None,None,None,None, , , , 
30608, ,2.0255019392306663,1.7426333860096473e-11,None,None,None,None, , , , 
30609, ,2.0255019392306663,1.8679135990207848e-11,None,None,None,None, , , , 
30610, ,2.0255019392306663,2.0022003718155844e-11,None,None,None,None, , , , 
30611, ,2.0255019392306663,2.1461411978584013e-11,None,None,None,None, , , , 
30612, ,2.0255019392306663,2.300430119772921e-11,None,None,None,None, , , , 
30613, ,2.0255019392306663,2.465811075822604e-11,None,None,None,None, , , , 
30614, ,2.0255019392306663,2.643081486974103e-11,None,None,None,None, , , , 
30615, ,2.0255019392306663,2.8330961018393178e-11,None,None,None,None, , , , 
30616, ,2.0255019392306663,3.036771118035461e-11,None,None,None,None, , , , 
30617, ,2.0255019392306663,3.255088599835057e-11,None,None,None,None, , , , 
30618, ,2.0255019392306663,3.4891012134067674e-11,None,None,None,None, , , , 
30619, ,2.0255019392306663,3.739937302478801e-11,None,None,None,None, , , , 
30620, ,2.0255019392306663,4.0088063288984646e-11,None,None,None,None, , , , 
30621, ,2.0255019392306663,4.297004704320835e-11,None,None,None,None, , , , 
30622, ,2.0255019392306663,4.605922041145113e-11,None,None,None,None, , , , 
30623, ,2.0255019392306663,4.937047852839004e-11,None,None,None,None, , , , 
30624, ,2.0255019392306663,5.2919787359584366e-11,None,None,None,None, , , , 
30625, ,2.0255019392306663,5.672426068491989e-11,None,None,None,None, , , , 
30626, ,2.0255019392306663,6.080224261649427e-11,None,None,None,None, , , , 
30627, ,2.0255019392306663,6.517339604882421e-11,None,None,None,None, , , , 
30628, ,2.0255019392306663,6.985879746785235e-11,None,None,None,None, , , , 
30629, ,2.0255019392306663,7.48810385759003e-11,None,None,None,None, , , , 
30630, ,2.0255019392306663,8.026433522257174e-11,None,None,None,None, , , , 
30631, ,2.0255019392306663,8.603464416684492e-11,None,None,None,None, , , , 
30632, ,2.0255019392306663,9.221978823334341e-11,None,None,None,None, , , , 
30633, ,2.0255019392306663,9.884959046625586e-11,None,None,None,None, , , , 
30634, ,2.0255019392306663,1.0595601792776149e-10,None,None,None,None, , , , 
30635, ,2.0255019392306663,1.1357333583431027e-10,None,None,None,None, , , , 
30636, ,2.0255019392306663,1.217382727739662e-10,None,None,None,None, , , , 
30637, ,2.0255019392306663,1.3049019780144016e-10,None,None,None,None, , , , 
30638, ,2.0255019392306663,1.398713102647236e-10,None,None,None,None, , , , 
30639, ,2.0255019392306663,1.4992684327860468e-10,None,None,None,None, , , , 
30640, ,2.0255019392306663,1.6070528182616384e-10,None,None,None,None, , , , 
30641, ,2.0255019392306663,1.722585965398784e-10,None,None,None,None, , , , 
30642, ,2.0255019392306663,1.8464249428955463e-10,None,None,None,None, , , , 
30643, ,2.0255019392306663,1.9791668678535569e-10,None,None,None,None, , , , 
30644, ,2.0255019392306663,2.121451784910628e-10,None,None,None,None, , , , 
30645, ,2.0255019392306663,2.273965752357932e-10,None,None,None,None, , , , 
30646, ,2.0255019392306663,2.4374441501222216e-10,None,None,None,None, , , , 
30647, ,2.0255019392306663,2.6126752255633265e-10,None,None,None,None, , , , 
30648, ,2.0255019392306663,2.8005038941836253e-10,None,None,None,None, , , , 
30649, ,2.0255019392306663,3.0018358135755917e-10,None,None,None,None, , , , 
30650, ,2.0255019392306663,3.2176417502507347e-10,None,None,None,None, , , , 
30651, ,2.0255019392306663,3.4489622604057533e-10,None,None,None,None, , , , 
30652, ,2.0255019392306663,3.696912707195032e-10,None,None,None,None, , , , 
30653, ,2.0255019392306663,3.9626886387014783e-10,None,None,None,None, , , , 
30654, ,2.0255019392306663,4.2475715525368935e-10,None,None,None,None, , , , 
30655, ,2.0255019392306663,4.552935074866938e-10,None,None,None,None, , , , 
30656, ,2.0255019392306663,4.880251583654433e-10,None,None,None,None, , , , 
30657, ,2.0255019392306663,5.231099308056258e-10,None,None,None,None, , , , 
30658, ,2.0255019392306663,5.60716993820547e-10,None,None,None,None, , , , 
30659, ,2.0255019392306663,6.010276782070387e-10,None,None,None,None, , , , 
30660, ,2.0255019392306663,6.442363508721371e-10,None,None,None,None, , , , 
30661, ,2.0255019392306663,6.905513520162316e-10,None,None,None,None, , , , 
30662, ,2.0255019392306663,7.401959996915653e-10,None,None,None,None, , , , 
30663, ,2.0255019392306663,7.934096665797492e-10,None,None,None,None, , , , 
30664, ,2.0255019392306663,8.504489341802668e-10,None,None,None,None, , , , 
30665, ,2.0255019392306663,9.115888299750837e-10,None,None,None,None, , , , 
30666, ,2.0255019392306663,9.771241535346502e-10,None,None,None,None, , , , 
30667, ,2.0255019392306663,1.0473708979594486e-09,None,None,None,None, , , , 
30668, ,2.0255019392306663,1.1226677735108114e-09,None,None,None,None, , , , 
30669, ,2.0255019392306663,1.2033778407775904e-09,None,None,None,None, , , , 
30670, ,2.0255019392306663,1.289890261253308e-09,None,None,None,None, , , , 
30671, ,2.0255019392306663,1.3826221737646535e-09,None,None,None,None, , , , 
30672, ,2.0255019392306663,1.4820207057988602e-09,None,None,None,None, , , , 
30673, ,2.0255019392306663,1.5885651294280526e-09,None,None,None,None, , , , 
30674, ,2.0255019392306663,1.702769172225898e-09,None,None,None,None, , , , 
30675, ,2.0255019392306663,1.825183494319039e-09,None,None,None,None, , , , 
30676, ,2.0255019392306663,1.956398343517065e-09,None,None,None,None, , , , 
30677, ,2.0255019392306663,2.0970464013232305e-09,None,None,None,None, , , , 
30678, ,2.0255019392306663,2.2478058335487307e-09,None,None,None,None, , , , 
30679, ,2.0255019392306663,2.409403560239527e-09,None,None,None,None, , , , 
30680, ,2.0255019392306663,2.582618760682675e-09,None,None,None,None, , , , 
30681, ,2.0255019392306663,2.768286630392061e-09,None,None,None,None, , , , 
30682, ,2.0255019392306663,2.9673024081888724e-09,None,None,None,None, , , , 
30683, ,2.0255019392306663,3.180625692794119e-09,None,None,None,None, , , , 
30684, ,2.0255019392306663,3.409285069746807e-09,None,None,None,None, , , , 
30685, ,2.0255019392306663,3.654383070957262e-09,None,None,None,None, , , , 
30686, ,2.0255019392306663,3.917101490809261e-09,None,None,None,None, , , , 
30687, ,2.0255019392306663,4.198707084443906e-09,None,None,None,None, , , , 
30688, ,2.0255019392306663,4.500557675700488e-09,None,None,None,None, , , , 
30689, ,2.0255019392306663,4.824108704165374e-09,None,None,None,None, , , , 
30690, ,2.0255019392306663,5.170920242896755e-09,None,None,None,None, , , , 
30691, ,2.0255019392306663,5.542664520663096e-09,None,None,None,None, , , , 
30692, ,2.0255019392306663,5.941133984965041e-09,None,None,None,None, , , , 
30693, ,2.0255019392306663,6.3682499447185856e-09,None,None,None,None, , , , 
30694, ,2.0255019392306663,6.826071834272379e-09,None,None,None,None, , , , 
30695, ,2.0255019392306663,7.316807143427175e-09,None,None,None,None, , , , 
30696, ,2.0255019392306663,7.842822061337681e-09,None,None,None,None, , , , 
30697, ,2.0255019392306663,8.406652885618316e-09,None,None,None,None, , , , 
30698, ,2.0255019392306663,9.011018251665036e-09,None,None,None,None, , , , 
30699, ,2.0255019392306663,9.658832241158707e-09,None,None,None,None, , , , 
30700, ,2.0255019392306663,1.0353218432956616e-08,None,None,None,None, , , , 
30701, ,2.0255019392306663,1.1097524964120722e-08,None,None,None,None, , , , 
30702, ,2.0255019392306663,1.1895340673703208e-08,None,None,None,None, , , , 
30703, ,2.0255019392306663,1.2750512407130128e-08,None,None,None,None, , , , 
30704, ,2.0255019392306663,1.3667163564620044e-08,None,None,None,None, , , , 
30705, ,2.0255019392306663,1.4649713983072853e-08,None,None,None,None, , , , 
30706, ,2.0255019392306663,1.5702901247293774e-08,None,None,None,None, , , , 
30707, ,2.0255019392306663,1.683180353330955e-08,None,None,None,None, , , , 
30708, ,2.0255019392306663,1.8041864093920717e-08,None,None,None,None, , , , 
30709, ,2.0255019392306663,1.933891750455232e-08,None,None,None,None, , , , 
30710, ,2.0255019392306663,2.0729217795953697e-08,None,None,None,None, , , , 
30711, ,2.0255019392306663,2.221946860939524e-08,None,None,None,None, , , , 
30712, ,2.0255019392306663,2.3816855519761606e-08,None,None,None,None, , , , 
30713, ,2.0255019392306663,2.552908068239516e-08,None,None,None,None, , , , 
30714, ,2.0255019392306663,2.7364399970746666e-08,None,None,None,None, , , , 
30715, ,2.0255019392306663,2.933166278390042e-08,None,None,None,None, , , , 
30716, ,2.0255019392306663,3.1440354715915e-08,None,None,None,None, , , , 
30717, ,2.0255019392306663,3.370064329271925e-08,None,None,None,None, , , , 
30718, ,2.0255019392306663,3.612342699709431e-08,None,None,None,None, , , , 
30719, ,2.0255019392306663,3.872038781812557e-08,None,None,None,None, , , , 
30720, ,2.0255019392306663,4.1504047578504727e-08,None,None,None,None, , , , 
30721, ,2.0255019392306663,4.448782831127585e-08,None,None,None,None, , , , 
30722, ,2.0255019392306663,4.768611697714474e-08,None,None,None,None, , , , 
30723, ,2.0255019392306663,5.111433483440165e-08,None,None,None,None, , , , 
30724, ,2.0255019392306663,5.478901179593934e-08,None,None,None,None, , , , 
30725, ,2.0255019392306663,5.872786613189478e-08,None,None,None,None, , , , 
30726, ,2.0255019392306663,6.294988990221888e-08,None,None,None,None, , , , 
30727, ,2.0255019392306663,6.747544053110687e-08,None,None,None,None, , , , 
30728, ,2.0255019392306663,7.232633896483534e-08,None,None,None,None, , , , 
30729, ,2.0255019392306663,7.752597488629465e-08,None,None,None,None, , , , 
30730, ,2.0255019392306663,8.309941949353386e-08,None,None,None,None, , , , 
30731, ,2.0255019392306663,8.907354638610439e-08,None,None,None,None, , , , 
30732, ,2.0255019392306663,9.547716114208066e-08,None,None,None,None, , , , 
30733, ,2.0255019392306663,1.0234114021054528e-07,None,None,None,None, , , , 
30734, ,2.0255019392306663,1.0969857978923841e-07,None,None,None,None, , , , 
30735, ,2.0255019392306663,1.1758495540521555e-07,None,None,None,None, , , , 
30736, ,2.0255019392306663,1.2603829296797277e-07,None,None,None,None, , , , 
30737, ,2.0255019392306663,1.350993521198025e-07,None,None,None,None, , , , 
30738, ,2.0255019392306663,1.4481182276745328e-07,None,None,None,None, , , , 
30739, ,2.0255019392306663,1.552225357427048e-07,None,None,None,None, , , , 
30740, ,2.0255019392306663,1.6638168860761273e-07,None,None,None,None, , , , 
30741, ,2.0255019392306663,1.7834308769319093e-07,None,None,None,None, , , , 
30742, ,2.0255019392306663,1.9116440753857e-07,None,None,None,None, , , , 
30743, ,2.0255019392306663,2.049074689815846e-07,None,None,None,None, , , , 
30744, ,2.0255019392306663,2.1963853724165468e-07,None,None,None,None, , , , 
30745, ,2.0255019392306663,2.3542864143224158e-07,None,None,None,None, , , , 
30746, ,2.0255019392306663,2.523539170434766e-07,None,None,None,None, , , , 
30747, ,2.0255019392306663,2.7049597304631316e-07,None,None,None,None, , , , 
30748, ,2.0255019392306663,2.899422853882875e-07,None,None,None,None, , , , 
30749, ,2.0255019392306663,3.107866187782014e-07,None,None,None,None, , , , 
30750, ,2.0255019392306663,3.33129478793467e-07,None,None,None,None, , , , 
30751, ,2.0255019392306663,3.5707859649004626e-07,None,None,None,None, , , , 
30752, ,2.0255019392306663,3.827494478516307e-07,None,None,None,None, , , , 
30753, ,2.0255019392306663,4.1026581058271904e-07,None,None,None,None, , , , 
30754, ,2.0255019392306663,4.397603609302722e-07,None,None,None,None, , , , 
30755, ,2.0255019392306663,4.7137531341167185e-07,None,None,None,None, , , , 
30756, ,2.0255019392306663,5.052631065335679e-07,None,None,None,None, , , , 
30757, ,2.0255019392306663,5.415871378079465e-07,None,None,None,None, , , , 
30758, ,2.0255019392306663,5.805225516094896e-07,None,None,None,None, , , , 
30759, ,2.0255019392306663,6.222570836730232e-07,None,None,None,None, , , , 
30760, ,2.0255019392306663,6.669919663030115e-07,None,None,None,None, , , , 
30761, ,2.0255019392306663,7.149428986597576e-07,None,None,None,None, , , , 
30762, ,2.0255019392306663,7.663410868007445e-07,None,None,None,None, , , , 
30763, ,2.0255019392306663,8.214343584919422e-07,None,None,None,None, , , , 
30764, ,2.0255019392306663,8.804883581643463e-07,None,None,None,None, , , , 
30765, ,2.0255019392306663,9.437878277775371e-07,None,None,None,None, , , , 
30766, ,2.0255019392306663,1.0116379797662072e-06,None,None,None,None, , , , 
30767, ,2.0255019392306663,1.0843659686896086e-06,None,None,None,None, , , , 
30768, ,2.0255019392306663,1.1623224686798522e-06,None,None,None,None, , , , 
30769, ,2.0255019392306663,1.2458833642950078e-06,None,None,None,None, , , , 
30770, ,2.0255019392306663,1.3354515629298971e-06,None,None,None,None, , , , 
30771, ,2.0255019392306663,1.4314589375234786e-06,None,None,None,None, , , , 
30772, ,2.0255019392306663,1.53436840893001e-06,None,None,None,None, , , , 
30773, ,2.0255019392306663,1.6446761779946631e-06,None,None,None,None, , , , 
30774, ,2.0255019392306663,1.762914118095948e-06,None,None,None,None, , , , 
30775, ,2.0255019392306663,1.8896523396912082e-06,None,None,None,None, , , , 
30776, ,2.0255019392306663,2.0255019392306664e-06,None,None,None,None, , , , 
30777, ,2.0255019392306663,2.171117945694501e-06,None,None,None,None, , , , 
30778, ,2.0255019392306663,2.327202478960408e-06,None,None,None,None, , , , 
30779, ,2.0255019392306663,2.494508135230317e-06,None,None,None,None, , , , 
30780, ,2.0255019392306663,2.673841615839944e-06,None,None,None,None, , , , 
30781, ,2.0255019392306663,2.8660676169482507e-06,None,None,None,None, , , , 
30782, ,2.0255019392306663,3.0721129988617524e-06,None,None,None,None, , , , 
30783, ,2.0255019392306663,3.292971255097148e-06,None,None,None,None, , , , 
30784, ,2.0255019392306663,3.5297073027306505e-06,None,None,None,None, , , , 
30785, ,2.0255019392306663,3.783462617131925e-06,None,None,None,None, , , , 
30786, ,2.0255019392306663,4.0554607358408275e-06,None,None,None,None, , , , 
30787, ,2.0255019392306663,4.3470131581250175e-06,None,None,None,None, , , , 
30788, ,2.0255019392306663,4.6595256686646765e-06,None,None,None,None, , , , 
30789, ,2.0255019392306663,4.99450511585514e-06,None,None,None,None, , , , 
30790, ,2.0255019392306663,5.353566677410719e-06,None,None,None,None, , , , 
30791, ,2.0255019392306663,5.738441648302393e-06,None,None,None,None, , , , 
30792, ,2.0255019392306663,6.150985788580505e-06,None,None,None,None, , , , 
30793, ,2.0255019392306663,6.593188271333541e-06,None,None,None,None, , , , 
30794, ,2.0255019392306663,7.067181273927492e-06,None,None,None,None, , , , 
30795, ,2.0255019392306663,7.575250258771904e-06,None,None,None,None, , , , 
30796, ,2.0255019392306663,8.119844993184007e-06,None,None,None,None, , , , 
30797, ,2.0255019392306663,8.703591361485167e-06,None,None,None,None, , , , 
30798, ,2.0255019392306663,9.329304026284676e-06,None,None,None,None, , , , 
30799, ,2.0255019392306663,1e-05,None,None,None,None, , , , 
30800, ,2.0970464013232326,1e-11,None,None,None,None, , , , 
30801, ,2.0970464013232326,1.0718913192051263e-11,None,None,None,None, , , , 
30802, ,2.0970464013232326,1.1489510001873107e-11,None,None,None,None, , , , 
30803, ,2.0970464013232326,1.2315506032928262e-11,None,None,None,None, , , , 
30804, ,2.0970464013232326,1.3200884008314167e-11,None,None,None,None, , , , 
30805, ,2.0970464013232326,1.4149912974345786e-11,None,None,None,None, , , , 
30806, ,2.0970464013232326,1.5167168884709242e-11,None,None,None,None, , , , 
30807, ,2.0970464013232326,1.6257556664437934e-11,None,None,None,None, , , , 
30808, ,2.0970464013232326,1.7426333860096473e-11,None,None,None,None, , , , 
30809, ,2.0970464013232326,1.8679135990207848e-11,None,None,None,None, , , , 
30810, ,2.0970464013232326,2.0022003718155844e-11,None,None,None,None, , , , 
30811, ,2.0970464013232326,2.1461411978584013e-11,None,None,None,None, , , , 
30812, ,2.0970464013232326,2.300430119772921e-11,None,None,None,None, , , , 
30813, ,2.0970464013232326,2.465811075822604e-11,None,None,None,None, , , , 
30814, ,2.0970464013232326,2.643081486974103e-11,None,None,None,None, , , , 
30815, ,2.0970464013232326,2.8330961018393178e-11,None,None,None,None, , , , 
30816, ,2.0970464013232326,3.036771118035461e-11,None,None,None,None, , , , 
30817, ,2.0970464013232326,3.255088599835057e-11,None,None,None,None, , , , 
30818, ,2.0970464013232326,3.4891012134067674e-11,None,None,None,None, , , , 
30819, ,2.0970464013232326,3.739937302478801e-11,None,None,None,None, , , , 
30820, ,2.0970464013232326,4.0088063288984646e-11,None,None,None,None, , , , 
30821, ,2.0970464013232326,4.297004704320835e-11,None,None,None,None, , , , 
30822, ,2.0970464013232326,4.605922041145113e-11,None,None,None,None, , , , 
30823, ,2.0970464013232326,4.937047852839004e-11,None,None,None,None, , , , 
30824, ,2.0970464013232326,5.2919787359584366e-11,None,None,None,None, , , , 
30825, ,2.0970464013232326,5.672426068491989e-11,None,None,None,None, , , , 
30826, ,2.0970464013232326,6.080224261649427e-11,None,None,None,None, , , , 
30827, ,2.0970464013232326,6.517339604882421e-11,None,None,None,None, , , , 
30828, ,2.0970464013232326,6.985879746785235e-11,None,None,None,None, , , , 
30829, ,2.0970464013232326,7.48810385759003e-11,None,None,None,None, , , , 
30830, ,2.0970464013232326,8.026433522257174e-11,None,None,None,None, , , , 
30831, ,2.0970464013232326,8.603464416684492e-11,None,None,None,None, , , , 
30832, ,2.0970464013232326,9.221978823334341e-11,None,None,None,None, , , , 
30833, ,2.0970464013232326,9.884959046625586e-11,None,None,None,None, , , , 
30834, ,2.0970464013232326,1.0595601792776149e-10,None,None,None,None, , , , 
30835, ,2.0970464013232326,1.1357333583431027e-10,None,None,None,None, , , , 
30836, ,2.0970464013232326,1.217382727739662e-10,None,None,None,None, , , , 
30837, ,2.0970464013232326,1.3049019780144016e-10,None,None,None,None, , , , 
30838, ,2.0970464013232326,1.398713102647236e-10,None,None,None,None, , , , 
30839, ,2.0970464013232326,1.4992684327860468e-10,None,None,None,None, , , , 
30840, ,2.0970464013232326,1.6070528182616384e-10,None,None,None,None, , , , 
30841, ,2.0970464013232326,1.722585965398784e-10,None,None,None,None, , , , 
30842, ,2.0970464013232326,1.8464249428955463e-10,None,None,None,None, , , , 
30843, ,2.0970464013232326,1.9791668678535569e-10,None,None,None,None, , , , 
30844, ,2.0970464013232326,2.121451784910628e-10,None,None,None,None, , , , 
30845, ,2.0970464013232326,2.273965752357932e-10,None,None,None,None, , , , 
30846, ,2.0970464013232326,2.4374441501222216e-10,None,None,None,None, , , , 
30847, ,2.0970464013232326,2.6126752255633265e-10,None,None,None,None, , , , 
30848, ,2.0970464013232326,2.8005038941836253e-10,None,None,None,None, , , , 
30849, ,2.0970464013232326,3.0018358135755917e-10,None,None,None,None, , , , 
30850, ,2.0970464013232326,3.2176417502507347e-10,None,None,None,None, , , , 
30851, ,2.0970464013232326,3.4489622604057533e-10,None,None,None,None, , , , 
30852, ,2.0970464013232326,3.696912707195032e-10,None,None,None,None, , , , 
30853, ,2.0970464013232326,3.9626886387014783e-10,None,None,None,None, , , , 
30854, ,2.0970464013232326,4.2475715525368935e-10,None,None,None,None, , , , 
30855, ,2.0970464013232326,4.552935074866938e-10,None,None,None,None, , , , 
30856, ,2.0970464013232326,4.880251583654433e-10,None,None,None,None, , , , 
30857, ,2.0970464013232326,5.231099308056258e-10,None,None,None,None, , , , 
30858, ,2.0970464013232326,5.60716993820547e-10,None,None,None,None, , , , 
30859, ,2.0970464013232326,6.010276782070387e-10,None,None,None,None, , , , 
30860, ,2.0970464013232326,6.442363508721371e-10,None,None,None,None, , , , 
30861, ,2.0970464013232326,6.905513520162316e-10,None,None,None,None, , , , 
30862, ,2.0970464013232326,7.401959996915653e-10,None,None,None,None, , , , 
30863, ,2.0970464013232326,7.934096665797492e-10,None,None,None,None, , , , 
30864, ,2.0970464013232326,8.504489341802668e-10,None,None,None,None, , , , 
30865, ,2.0970464013232326,9.115888299750837e-10,None,None,None,None, , , , 
30866, ,2.0970464013232326,9.771241535346502e-10,None,None,None,None, , , , 
30867, ,2.0970464013232326,1.0473708979594486e-09,None,None,None,None, , , , 
30868, ,2.0970464013232326,1.1226677735108114e-09,None,None,None,None, , , , 
30869, ,2.0970464013232326,1.2033778407775904e-09,None,None,None,None, , , , 
30870, ,2.0970464013232326,1.289890261253308e-09,None,None,None,None, , , , 
30871, ,2.0970464013232326,1.3826221737646535e-09,None,None,None,None, , , , 
30872, ,2.0970464013232326,1.4820207057988602e-09,None,None,None,None, , , , 
30873, ,2.0970464013232326,1.5885651294280526e-09,None,None,None,None, , , , 
30874, ,2.0970464013232326,1.702769172225898e-09,None,None,None,None, , , , 
30875, ,2.0970464013232326,1.825183494319039e-09,None,None,None,None, , , , 
30876, ,2.0970464013232326,1.956398343517065e-09,None,None,None,None, , , , 
30877, ,2.0970464013232326,2.0970464013232305e-09,None,None,None,None, , , , 
30878, ,2.0970464013232326,2.2478058335487307e-09,None,None,None,None, , , , 
30879, ,2.0970464013232326,2.409403560239527e-09,None,None,None,None, , , , 
30880, ,2.0970464013232326,2.582618760682675e-09,None,None,None,None, , , , 
30881, ,2.0970464013232326,2.768286630392061e-09,None,None,None,None, , , , 
30882, ,2.0970464013232326,2.9673024081888724e-09,None,None,None,None, , , , 
30883, ,2.0970464013232326,3.180625692794119e-09,None,None,None,None, , , , 
30884, ,2.0970464013232326,3.409285069746807e-09,None,None,None,None, , , , 
30885, ,2.0970464013232326,3.654383070957262e-09,None,None,None,None, , , , 
30886, ,2.0970464013232326,3.917101490809261e-09,None,None,None,None, , , , 
30887, ,2.0970464013232326,4.198707084443906e-09,None,None,None,None, , , , 
30888, ,2.0970464013232326,4.500557675700488e-09,None,None,None,None, , , , 
30889, ,2.0970464013232326,4.824108704165374e-09,None,None,None,None, , , , 
30890, ,2.0970464013232326,5.170920242896755e-09,None,None,None,None, , , , 
30891, ,2.0970464013232326,5.542664520663096e-09,None,None,None,None, , , , 
30892, ,2.0970464013232326,5.941133984965041e-09,None,None,None,None, , , , 
30893, ,2.0970464013232326,6.3682499447185856e-09,None,None,None,None, , , , 
30894, ,2.0970464013232326,6.826071834272379e-09,None,None,None,None, , , , 
30895, ,2.0970464013232326,7.316807143427175e-09,None,None,None,None, , , , 
30896, ,2.0970464013232326,7.842822061337681e-09,None,None,None,None, , , , 
30897, ,2.0970464013232326,8.406652885618316e-09,None,None,None,None, , , , 
30898, ,2.0970464013232326,9.011018251665036e-09,None,None,None,None, , , , 
30899, ,2.0970464013232326,9.658832241158707e-09,None,None,None,None, , , , 
30900, ,2.0970464013232326,1.0353218432956616e-08,None,None,None,None, , , , 
30901, ,2.0970464013232326,1.1097524964120722e-08,None,None,None,None, , , , 
30902, ,2.0970464013232326,1.1895340673703208e-08,None,None,None,None, , , , 
30903, ,2.0970464013232326,1.2750512407130128e-08,None,None,None,None, , , , 
30904, ,2.0970464013232326,1.3667163564620044e-08,None,None,None,None, , , , 
30905, ,2.0970464013232326,1.4649713983072853e-08,None,None,None,None, , , , 
30906, ,2.0970464013232326,1.5702901247293774e-08,None,None,None,None, , , , 
30907, ,2.0970464013232326,1.683180353330955e-08,None,None,None,None, , , , 
30908, ,2.0970464013232326,1.8041864093920717e-08,None,None,None,None, , , , 
30909, ,2.0970464013232326,1.933891750455232e-08,None,None,None,None, , , , 
30910, ,2.0970464013232326,2.0729217795953697e-08,None,None,None,None, , , , 
30911, ,2.0970464013232326,2.221946860939524e-08,None,None,None,None, , , , 
30912, ,2.0970464013232326,2.3816855519761606e-08,None,None,None,None, , , , 
30913, ,2.0970464013232326,2.552908068239516e-08,None,None,None,None, , , , 
30914, ,2.0970464013232326,2.7364399970746666e-08,None,None,None,None, , , , 
30915, ,2.0970464013232326,2.933166278390042e-08,None,None,None,None, , , , 
30916, ,2.0970464013232326,3.1440354715915e-08,None,None,None,None, , , , 
30917, ,2.0970464013232326,3.370064329271925e-08,None,None,None,None, , , , 
30918, ,2.0970464013232326,3.612342699709431e-08,None,None,None,None, , , , 
30919, ,2.0970464013232326,3.872038781812557e-08,None,None,None,None, , , , 
30920, ,2.0970464013232326,4.1504047578504727e-08,None,None,None,None, , , , 
30921, ,2.0970464013232326,4.448782831127585e-08,None,None,None,None, , , , 
30922, ,2.0970464013232326,4.768611697714474e-08,None,None,None,None, , , , 
30923, ,2.0970464013232326,5.111433483440165e-08,None,None,None,None, , , , 
30924, ,2.0970464013232326,5.478901179593934e-08,None,None,None,None, , , , 
30925, ,2.0970464013232326,5.872786613189478e-08,None,None,None,None, , , , 
30926, ,2.0970464013232326,6.294988990221888e-08,None,None,None,None, , , , 
30927, ,2.0970464013232326,6.747544053110687e-08,None,None,None,None, , , , 
30928, ,2.0970464013232326,7.232633896483534e-08,None,None,None,None, , , , 
30929, ,2.0970464013232326,7.752597488629465e-08,None,None,None,None, , , , 
30930, ,2.0970464013232326,8.309941949353386e-08,None,None,None,None, , , , 
30931, ,2.0970464013232326,8.907354638610439e-08,None,None,None,None, , , , 
30932, ,2.0970464013232326,9.547716114208066e-08,None,None,None,None, , , , 
30933, ,2.0970464013232326,1.0234114021054528e-07,None,None,None,None, , , , 
30934, ,2.0970464013232326,1.0969857978923841e-07,None,None,None,None, , , , 
30935, ,2.0970464013232326,1.1758495540521555e-07,None,None,None,None, , , , 
30936, ,2.0970464013232326,1.2603829296797277e-07,None,None,None,None, , , , 
30937, ,2.0970464013232326,1.350993521198025e-07,None,None,None,None, , , , 
30938, ,2.0970464013232326,1.4481182276745328e-07,None,None,None,None, , , , 
30939, ,2.0970464013232326,1.552225357427048e-07,None,None,None,None, , , , 
30940, ,2.0970464013232326,1.6638168860761273e-07,None,None,None,None, , , , 
30941, ,2.0970464013232326,1.7834308769319093e-07,None,None,None,None, , , , 
30942, ,2.0970464013232326,1.9116440753857e-07,None,None,None,None, , , , 
30943, ,2.0970464013232326,2.049074689815846e-07,None,None,None,None, , , , 
30944, ,2.0970464013232326,2.1963853724165468e-07,None,None,None,None, , , , 
30945, ,2.0970464013232326,2.3542864143224158e-07,None,None,None,None, , , , 
30946, ,2.0970464013232326,2.523539170434766e-07,None,None,None,None, , , , 
30947, ,2.0970464013232326,2.7049597304631316e-07,None,None,None,None, , , , 
30948, ,2.0970464013232326,2.899422853882875e-07,None,None,None,None, , , , 
30949, ,2.0970464013232326,3.107866187782014e-07,None,None,None,None, , , , 
30950, ,2.0970464013232326,3.33129478793467e-07,None,None,None,None, , , , 
30951, ,2.0970464013232326,3.5707859649004626e-07,None,None,None,None, , , , 
30952, ,2.0970464013232326,3.827494478516307e-07,None,None,None,None, , , , 
30953, ,2.0970464013232326,4.1026581058271904e-07,None,None,None,None, , , , 
30954, ,2.0970464013232326,4.397603609302722e-07,None,None,None,None, , , , 
30955, ,2.0970464013232326,4.7137531341167185e-07,None,None,None,None, , , , 
30956, ,2.0970464013232326,5.052631065335679e-07,None,None,None,None, , , , 
30957, ,2.0970464013232326,5.415871378079465e-07,None,None,None,None, , , , 
30958, ,2.0970464013232326,5.805225516094896e-07,None,None,None,None, , , , 
30959, ,2.0970464013232326,6.222570836730232e-07,None,None,None,None, , , , 
30960, ,2.0970464013232326,6.669919663030115e-07,None,None,None,None, , , , 
30961, ,2.0970464013232326,7.149428986597576e-07,None,None,None,None, , , , 
30962, ,2.0970464013232326,7.663410868007445e-07,None,None,None,None, , , , 
30963, ,2.0970464013232326,8.214343584919422e-07,None,None,None,None, , , , 
30964, ,2.0970464013232326,8.804883581643463e-07,None,None,None,None, , , , 
30965, ,2.0970464013232326,9.437878277775371e-07,None,None,None,None, , , , 
30966, ,2.0970464013232326,1.0116379797662072e-06,None,None,None,None, , , , 
30967, ,2.0970464013232326,1.0843659686896086e-06,None,None,None,None, , , , 
30968, ,2.0970464013232326,1.1623224686798522e-06,None,None,None,None, , , , 
30969, ,2.0970464013232326,1.2458833642950078e-06,None,None,None,None, , , , 
30970, ,2.0970464013232326,1.3354515629298971e-06,None,None,None,None, , , , 
30971, ,2.0970464013232326,1.4314589375234786e-06,None,None,None,None, , , , 
30972, ,2.0970464013232326,1.53436840893001e-06,None,None,None,None, , , , 
30973, ,2.0970464013232326,1.6446761779946631e-06,None,None,None,None, , , , 
30974, ,2.0970464013232326,1.762914118095948e-06,None,None,None,None, , , , 
30975, ,2.0970464013232326,1.8896523396912082e-06,None,None,None,None, , , , 
30976, ,2.0970464013232326,2.0255019392306664e-06,None,None,None,None, , , , 
30977, ,2.0970464013232326,2.171117945694501e-06,None,None,None,None, , , , 
30978, ,2.0970464013232326,2.327202478960408e-06,None,None,None,None, , , , 
30979, ,2.0970464013232326,2.494508135230317e-06,None,None,None,None, , , , 
30980, ,2.0970464013232326,2.673841615839944e-06,None,None,None,None, , , , 
30981, ,2.0970464013232326,2.8660676169482507e-06,None,None,None,None, , , , 
30982, ,2.0970464013232326,3.0721129988617524e-06,None,None,None,None, , , , 
30983, ,2.0970464013232326,3.292971255097148e-06,None,None,None,None, , , , 
30984, ,2.0970464013232326,3.5297073027306505e-06,None,None,None,None, , , , 
30985, ,2.0970464013232326,3.783462617131925e-06,None,None,None,None, , , , 
30986, ,2.0970464013232326,4.0554607358408275e-06,None,None,None,None, , , , 
30987, ,2.0970464013232326,4.3470131581250175e-06,None,None,None,None, , , , 
30988, ,2.0970464013232326,4.6595256686646765e-06,None,None,None,None, , , , 
30989, ,2.0970464013232326,4.99450511585514e-06,None,None,None,None, , , , 
30990, ,2.0970464013232326,5.353566677410719e-06,None,None,None,None, , , , 
30991, ,2.0970464013232326,5.738441648302393e-06,None,None,None,None, , , , 
30992, ,2.0970464013232326,6.150985788580505e-06,None,None,None,None, , , , 
30993, ,2.0970464013232326,6.593188271333541e-06,None,None,None,None, , , , 
30994, ,2.0970464013232326,7.067181273927492e-06,None,None,None,None, , , , 
30995, ,2.0970464013232326,7.575250258771904e-06,None,None,None,None, , , , 
30996, ,2.0970464013232326,8.119844993184007e-06,None,None,None,None, , , , 
30997, ,2.0970464013232326,8.703591361485167e-06,None,None,None,None, , , , 
30998, ,2.0970464013232326,9.329304026284676e-06,None,None,None,None, , , , 
30999, ,2.0970464013232326,1e-05,None,None,None,None, , , , 
31000, ,2.171117945694504,1e-11,None,None,None,None, , , , 
31001, ,2.171117945694504,1.0718913192051263e-11,None,None,None,None, , , , 
31002, ,2.171117945694504,1.1489510001873107e-11,None,None,None,None, , , , 
31003, ,2.171117945694504,1.2315506032928262e-11,None,None,None,None, , , , 
31004, ,2.171117945694504,1.3200884008314167e-11,None,None,None,None, , , , 
31005, ,2.171117945694504,1.4149912974345786e-11,None,None,None,None, , , , 
31006, ,2.171117945694504,1.5167168884709242e-11,None,None,None,None, , , , 
31007, ,2.171117945694504,1.6257556664437934e-11,None,None,None,None, , , , 
31008, ,2.171117945694504,1.7426333860096473e-11,None,None,None,None, , , , 
31009, ,2.171117945694504,1.8679135990207848e-11,None,None,None,None, , , , 
31010, ,2.171117945694504,2.0022003718155844e-11,None,None,None,None, , , , 
31011, ,2.171117945694504,2.1461411978584013e-11,None,None,None,None, , , , 
31012, ,2.171117945694504,2.300430119772921e-11,None,None,None,None, , , , 
31013, ,2.171117945694504,2.465811075822604e-11,None,None,None,None, , , , 
31014, ,2.171117945694504,2.643081486974103e-11,None,None,None,None, , , , 
31015, ,2.171117945694504,2.8330961018393178e-11,None,None,None,None, , , , 
31016, ,2.171117945694504,3.036771118035461e-11,None,None,None,None, , , , 
31017, ,2.171117945694504,3.255088599835057e-11,None,None,None,None, , , , 
31018, ,2.171117945694504,3.4891012134067674e-11,None,None,None,None, , , , 
31019, ,2.171117945694504,3.739937302478801e-11,None,None,None,None, , , , 
31020, ,2.171117945694504,4.0088063288984646e-11,None,None,None,None, , , , 
31021, ,2.171117945694504,4.297004704320835e-11,None,None,None,None, , , , 
31022, ,2.171117945694504,4.605922041145113e-11,None,None,None,None, , , , 
31023, ,2.171117945694504,4.937047852839004e-11,None,None,None,None, , , , 
31024, ,2.171117945694504,5.2919787359584366e-11,None,None,None,None, , , , 
31025, ,2.171117945694504,5.672426068491989e-11,None,None,None,None, , , , 
31026, ,2.171117945694504,6.080224261649427e-11,None,None,None,None, , , , 
31027, ,2.171117945694504,6.517339604882421e-11,None,None,None,None, , , , 
31028, ,2.171117945694504,6.985879746785235e-11,None,None,None,None, , , , 
31029, ,2.171117945694504,7.48810385759003e-11,None,None,None,None, , , , 
31030, ,2.171117945694504,8.026433522257174e-11,None,None,None,None, , , , 
31031, ,2.171117945694504,8.603464416684492e-11,None,None,None,None, , , , 
31032, ,2.171117945694504,9.221978823334341e-11,None,None,None,None, , , , 
31033, ,2.171117945694504,9.884959046625586e-11,None,None,None,None, , , , 
31034, ,2.171117945694504,1.0595601792776149e-10,None,None,None,None, , , , 
31035, ,2.171117945694504,1.1357333583431027e-10,None,None,None,None, , , , 
31036, ,2.171117945694504,1.217382727739662e-10,None,None,None,None, , , , 
31037, ,2.171117945694504,1.3049019780144016e-10,None,None,None,None, , , , 
31038, ,2.171117945694504,1.398713102647236e-10,None,None,None,None, , , , 
31039, ,2.171117945694504,1.4992684327860468e-10,None,None,None,None, , , , 
31040, ,2.171117945694504,1.6070528182616384e-10,None,None,None,None, , , , 
31041, ,2.171117945694504,1.722585965398784e-10,None,None,None,None, , , , 
31042, ,2.171117945694504,1.8464249428955463e-10,None,None,None,None, , , , 
31043, ,2.171117945694504,1.9791668678535569e-10,None,None,None,None, , , , 
31044, ,2.171117945694504,2.121451784910628e-10,None,None,None,None, , , , 
31045, ,2.171117945694504,2.273965752357932e-10,None,None,None,None, , , , 
31046, ,2.171117945694504,2.4374441501222216e-10,None,None,None,None, , , , 
31047, ,2.171117945694504,2.6126752255633265e-10,None,None,None,None, , , , 
31048, ,2.171117945694504,2.8005038941836253e-10,None,None,None,None, , , , 
31049, ,2.171117945694504,3.0018358135755917e-10,None,None,None,None, , , , 
31050, ,2.171117945694504,3.2176417502507347e-10,None,None,None,None, , , , 
31051, ,2.171117945694504,3.4489622604057533e-10,None,None,None,None, , , , 
31052, ,2.171117945694504,3.696912707195032e-10,None,None,None,None, , , , 
31053, ,2.171117945694504,3.9626886387014783e-10,None,None,None,None, , , , 
31054, ,2.171117945694504,4.2475715525368935e-10,None,None,None,None, , , , 
31055, ,2.171117945694504,4.552935074866938e-10,None,None,None,None, , , , 
31056, ,2.171117945694504,4.880251583654433e-10,None,None,None,None, , , , 
31057, ,2.171117945694504,5.231099308056258e-10,None,None,None,None, , , , 
31058, ,2.171117945694504,5.60716993820547e-10,None,None,None,None, , , , 
31059, ,2.171117945694504,6.010276782070387e-10,None,None,None,None, , , , 
31060, ,2.171117945694504,6.442363508721371e-10,None,None,None,None, , , , 
31061, ,2.171117945694504,6.905513520162316e-10,None,None,None,None, , , , 
31062, ,2.171117945694504,7.401959996915653e-10,None,None,None,None, , , , 
31063, ,2.171117945694504,7.934096665797492e-10,None,None,None,None, , , , 
31064, ,2.171117945694504,8.504489341802668e-10,None,None,None,None, , , , 
31065, ,2.171117945694504,9.115888299750837e-10,None,None,None,None, , , , 
31066, ,2.171117945694504,9.771241535346502e-10,None,None,None,None, , , , 
31067, ,2.171117945694504,1.0473708979594486e-09,None,None,None,None, , , , 
31068, ,2.171117945694504,1.1226677735108114e-09,None,None,None,None, , , , 
31069, ,2.171117945694504,1.2033778407775904e-09,None,None,None,None, , , , 
31070, ,2.171117945694504,1.289890261253308e-09,None,None,None,None, , , , 
31071, ,2.171117945694504,1.3826221737646535e-09,None,None,None,None, , , , 
31072, ,2.171117945694504,1.4820207057988602e-09,None,None,None,None, , , , 
31073, ,2.171117945694504,1.5885651294280526e-09,None,None,None,None, , , , 
31074, ,2.171117945694504,1.702769172225898e-09,None,None,None,None, , , , 
31075, ,2.171117945694504,1.825183494319039e-09,None,None,None,None, , , , 
31076, ,2.171117945694504,1.956398343517065e-09,None,None,None,None, , , , 
31077, ,2.171117945694504,2.0970464013232305e-09,None,None,None,None, , , , 
31078, ,2.171117945694504,2.2478058335487307e-09,None,None,None,None, , , , 
31079, ,2.171117945694504,2.409403560239527e-09,None,None,None,None, , , , 
31080, ,2.171117945694504,2.582618760682675e-09,None,None,None,None, , , , 
31081, ,2.171117945694504,2.768286630392061e-09,None,None,None,None, , , , 
31082, ,2.171117945694504,2.9673024081888724e-09,None,None,None,None, , , , 
31083, ,2.171117945694504,3.180625692794119e-09,None,None,None,None, , , , 
31084, ,2.171117945694504,3.409285069746807e-09,None,None,None,None, , , , 
31085, ,2.171117945694504,3.654383070957262e-09,None,None,None,None, , , , 
31086, ,2.171117945694504,3.917101490809261e-09,None,None,None,None, , , , 
31087, ,2.171117945694504,4.198707084443906e-09,None,None,None,None, , , , 
31088, ,2.171117945694504,4.500557675700488e-09,None,None,None,None, , , , 
31089, ,2.171117945694504,4.824108704165374e-09,None,None,None,None, , , , 
31090, ,2.171117945694504,5.170920242896755e-09,None,None,None,None, , , , 
31091, ,2.171117945694504,5.542664520663096e-09,None,None,None,None, , , , 
31092, ,2.171117945694504,5.941133984965041e-09,None,None,None,None, , , , 
31093, ,2.171117945694504,6.3682499447185856e-09,None,None,None,None, , , , 
31094, ,2.171117945694504,6.826071834272379e-09,None,None,None,None, , , , 
31095, ,2.171117945694504,7.316807143427175e-09,None,None,None,None, , , , 
31096, ,2.171117945694504,7.842822061337681e-09,None,None,None,None, , , , 
31097, ,2.171117945694504,8.406652885618316e-09,None,None,None,None, , , , 
31098, ,2.171117945694504,9.011018251665036e-09,None,None,None,None, , , , 
31099, ,2.171117945694504,9.658832241158707e-09,None,None,None,None, , , , 
31100, ,2.171117945694504,1.0353218432956616e-08,None,None,None,None, , , , 
31101, ,2.171117945694504,1.1097524964120722e-08,None,None,None,None, , , , 
31102, ,2.171117945694504,1.1895340673703208e-08,None,None,None,None, , , , 
31103, ,2.171117945694504,1.2750512407130128e-08,None,None,None,None, , , , 
31104, ,2.171117945694504,1.3667163564620044e-08,None,None,None,None, , , , 
31105, ,2.171117945694504,1.4649713983072853e-08,None,None,None,None, , , , 
31106, ,2.171117945694504,1.5702901247293774e-08,None,None,None,None, , , , 
31107, ,2.171117945694504,1.683180353330955e-08,None,None,None,None, , , , 
31108, ,2.171117945694504,1.8041864093920717e-08,None,None,None,None, , , , 
31109, ,2.171117945694504,1.933891750455232e-08,None,None,None,None, , , , 
31110, ,2.171117945694504,2.0729217795953697e-08,None,None,None,None, , , , 
31111, ,2.171117945694504,2.221946860939524e-08,None,None,None,None, , , , 
31112, ,2.171117945694504,2.3816855519761606e-08,None,None,None,None, , , , 
31113, ,2.171117945694504,2.552908068239516e-08,None,None,None,None, , , , 
31114, ,2.171117945694504,2.7364399970746666e-08,None,None,None,None, , , , 
31115, ,2.171117945694504,2.933166278390042e-08,None,None,None,None, , , , 
31116, ,2.171117945694504,3.1440354715915e-08,None,None,None,None, , , , 
31117, ,2.171117945694504,3.370064329271925e-08,None,None,None,None, , , , 
31118, ,2.171117945694504,3.612342699709431e-08,None,None,None,None, , , , 
31119, ,2.171117945694504,3.872038781812557e-08,None,None,None,None, , , , 
31120, ,2.171117945694504,4.1504047578504727e-08,None,None,None,None, , , , 
31121, ,2.171117945694504,4.448782831127585e-08,None,None,None,None, , , , 
31122, ,2.171117945694504,4.768611697714474e-08,None,None,None,None, , , , 
31123, ,2.171117945694504,5.111433483440165e-08,None,None,None,None, , , , 
31124, ,2.171117945694504,5.478901179593934e-08,None,None,None,None, , , , 
31125, ,2.171117945694504,5.872786613189478e-08,None,None,None,None, , , , 
31126, ,2.171117945694504,6.294988990221888e-08,None,None,None,None, , , , 
31127, ,2.171117945694504,6.747544053110687e-08,None,None,None,None, , , , 
31128, ,2.171117945694504,7.232633896483534e-08,None,None,None,None, , , , 
31129, ,2.171117945694504,7.752597488629465e-08,None,None,None,None, , , , 
31130, ,2.171117945694504,8.309941949353386e-08,None,None,None,None, , , , 
31131, ,2.171117945694504,8.907354638610439e-08,None,None,None,None, , , , 
31132, ,2.171117945694504,9.547716114208066e-08,None,None,None,None, , , , 
31133, ,2.171117945694504,1.0234114021054528e-07,None,None,None,None, , , , 
31134, ,2.171117945694504,1.0969857978923841e-07,None,None,None,None, , , , 
31135, ,2.171117945694504,1.1758495540521555e-07,None,None,None,None, , , , 
31136, ,2.171117945694504,1.2603829296797277e-07,None,None,None,None, , , , 
31137, ,2.171117945694504,1.350993521198025e-07,None,None,None,None, , , , 
31138, ,2.171117945694504,1.4481182276745328e-07,None,None,None,None, , , , 
31139, ,2.171117945694504,1.552225357427048e-07,None,None,None,None, , , , 
31140, ,2.171117945694504,1.6638168860761273e-07,None,None,None,None, , , , 
31141, ,2.171117945694504,1.7834308769319093e-07,None,None,None,None, , , , 
31142, ,2.171117945694504,1.9116440753857e-07,None,None,None,None, , , , 
31143, ,2.171117945694504,2.049074689815846e-07,None,None,None,None, , , , 
31144, ,2.171117945694504,2.1963853724165468e-07,None,None,None,None, , , , 
31145, ,2.171117945694504,2.3542864143224158e-07,None,None,None,None, , , , 
31146, ,2.171117945694504,2.523539170434766e-07,None,None,None,None, , , , 
31147, ,2.171117945694504,2.7049597304631316e-07,None,None,None,None, , , , 
31148, ,2.171117945694504,2.899422853882875e-07,None,None,None,None, , , , 
31149, ,2.171117945694504,3.107866187782014e-07,None,None,None,None, , , , 
31150, ,2.171117945694504,3.33129478793467e-07,None,None,None,None, , , , 
31151, ,2.171117945694504,3.5707859649004626e-07,None,None,None,None, , , , 
31152, ,2.171117945694504,3.827494478516307e-07,None,None,None,None, , , , 
31153, ,2.171117945694504,4.1026581058271904e-07,None,None,None,None, , , , 
31154, ,2.171117945694504,4.397603609302722e-07,None,None,None,None, , , , 
31155, ,2.171117945694504,4.7137531341167185e-07,None,None,None,None, , , , 
31156, ,2.171117945694504,5.052631065335679e-07,None,None,None,None, , , , 
31157, ,2.171117945694504,5.415871378079465e-07,None,None,None,None, , , , 
31158, ,2.171117945694504,5.805225516094896e-07,None,None,None,None, , , , 
31159, ,2.171117945694504,6.222570836730232e-07,None,None,None,None, , , , 
31160, ,2.171117945694504,6.669919663030115e-07,None,None,None,None, , , , 
31161, ,2.171117945694504,7.149428986597576e-07,None,None,None,None, , , , 
31162, ,2.171117945694504,7.663410868007445e-07,None,None,None,None, , , , 
31163, ,2.171117945694504,8.214343584919422e-07,None,None,None,None, , , , 
31164, ,2.171117945694504,8.804883581643463e-07,None,None,None,None, , , , 
31165, ,2.171117945694504,9.437878277775371e-07,None,None,None,None, , , , 
31166, ,2.171117945694504,1.0116379797662072e-06,None,None,None,None, , , , 
31167, ,2.171117945694504,1.0843659686896086e-06,None,None,None,None, , , , 
31168, ,2.171117945694504,1.1623224686798522e-06,None,None,None,None, , , , 
31169, ,2.171117945694504,1.2458833642950078e-06,None,None,None,None, , , , 
31170, ,2.171117945694504,1.3354515629298971e-06,None,None,None,None, , , , 
31171, ,2.171117945694504,1.4314589375234786e-06,None,None,None,None, , , , 
31172, ,2.171117945694504,1.53436840893001e-06,None,None,None,None, , , , 
31173, ,2.171117945694504,1.6446761779946631e-06,None,None,None,None, , , , 
31174, ,2.171117945694504,1.762914118095948e-06,None,None,None,None, , , , 
31175, ,2.171117945694504,1.8896523396912082e-06,None,None,None,None, , , , 
31176, ,2.171117945694504,2.0255019392306664e-06,None,None,None,None, , , , 
31177, ,2.171117945694504,2.171117945694501e-06,None,None,None,None, , , , 
31178, ,2.171117945694504,2.327202478960408e-06,None,None,None,None, , , , 
31179, ,2.171117945694504,2.494508135230317e-06,None,None,None,None, , , , 
31180, ,2.171117945694504,2.673841615839944e-06,None,None,None,None, , , , 
31181, ,2.171117945694504,2.8660676169482507e-06,None,None,None,None, , , , 
31182, ,2.171117945694504,3.0721129988617524e-06,None,None,None,None, , , , 
31183, ,2.171117945694504,3.292971255097148e-06,None,None,None,None, , , , 
31184, ,2.171117945694504,3.5297073027306505e-06,None,None,None,None, , , , 
31185, ,2.171117945694504,3.783462617131925e-06,None,None,None,None, , , , 
31186, ,2.171117945694504,4.0554607358408275e-06,None,None,None,None, , , , 
31187, ,2.171117945694504,4.3470131581250175e-06,None,None,None,None, , , , 
31188, ,2.171117945694504,4.6595256686646765e-06,None,None,None,None, , , , 
31189, ,2.171117945694504,4.99450511585514e-06,None,None,None,None, , , , 
31190, ,2.171117945694504,5.353566677410719e-06,None,None,None,None, , , , 
31191, ,2.171117945694504,5.738441648302393e-06,None,None,None,None, , , , 
31192, ,2.171117945694504,6.150985788580505e-06,None,None,None,None, , , , 
31193, ,2.171117945694504,6.593188271333541e-06,None,None,None,None, , , , 
31194, ,2.171117945694504,7.067181273927492e-06,None,None,None,None, , , , 
31195, ,2.171117945694504,7.575250258771904e-06,None,None,None,None, , , , 
31196, ,2.171117945694504,8.119844993184007e-06,None,None,None,None, , , , 
31197, ,2.171117945694504,8.703591361485167e-06,None,None,None,None, , , , 
31198, ,2.171117945694504,9.329304026284676e-06,None,None,None,None, , , , 
31199, ,2.171117945694504,1e-05,None,None,None,None, , , , 
31200, ,2.2478058335487248,1e-11,None,None,None,None, , , , 
31201, ,2.2478058335487248,1.0718913192051263e-11,None,None,None,None, , , , 
31202, ,2.2478058335487248,1.1489510001873107e-11,None,None,None,None, , , , 
31203, ,2.2478058335487248,1.2315506032928262e-11,None,None,None,None, , , , 
31204, ,2.2478058335487248,1.3200884008314167e-11,None,None,None,None, , , , 
31205, ,2.2478058335487248,1.4149912974345786e-11,None,None,None,None, , , , 
31206, ,2.2478058335487248,1.5167168884709242e-11,None,None,None,None, , , , 
31207, ,2.2478058335487248,1.6257556664437934e-11,None,None,None,None, , , , 
31208, ,2.2478058335487248,1.7426333860096473e-11,None,None,None,None, , , , 
31209, ,2.2478058335487248,1.8679135990207848e-11,None,None,None,None, , , , 
31210, ,2.2478058335487248,2.0022003718155844e-11,None,None,None,None, , , , 
31211, ,2.2478058335487248,2.1461411978584013e-11,None,None,None,None, , , , 
31212, ,2.2478058335487248,2.300430119772921e-11,None,None,None,None, , , , 
31213, ,2.2478058335487248,2.465811075822604e-11,None,None,None,None, , , , 
31214, ,2.2478058335487248,2.643081486974103e-11,None,None,None,None, , , , 
31215, ,2.2478058335487248,2.8330961018393178e-11,None,None,None,None, , , , 
31216, ,2.2478058335487248,3.036771118035461e-11,None,None,None,None, , , , 
31217, ,2.2478058335487248,3.255088599835057e-11,None,None,None,None, , , , 
31218, ,2.2478058335487248,3.4891012134067674e-11,None,None,None,None, , , , 
31219, ,2.2478058335487248,3.739937302478801e-11,None,None,None,None, , , , 
31220, ,2.2478058335487248,4.0088063288984646e-11,None,None,None,None, , , , 
31221, ,2.2478058335487248,4.297004704320835e-11,None,None,None,None, , , , 
31222, ,2.2478058335487248,4.605922041145113e-11,None,None,None,None, , , , 
31223, ,2.2478058335487248,4.937047852839004e-11,None,None,None,None, , , , 
31224, ,2.2478058335487248,5.2919787359584366e-11,None,None,None,None, , , , 
31225, ,2.2478058335487248,5.672426068491989e-11,None,None,None,None, , , , 
31226, ,2.2478058335487248,6.080224261649427e-11,None,None,None,None, , , , 
31227, ,2.2478058335487248,6.517339604882421e-11,None,None,None,None, , , , 
31228, ,2.2478058335487248,6.985879746785235e-11,None,None,None,None, , , , 
31229, ,2.2478058335487248,7.48810385759003e-11,None,None,None,None, , , , 
31230, ,2.2478058335487248,8.026433522257174e-11,None,None,None,None, , , , 
31231, ,2.2478058335487248,8.603464416684492e-11,None,None,None,None, , , , 
31232, ,2.2478058335487248,9.221978823334341e-11,None,None,None,None, , , , 
31233, ,2.2478058335487248,9.884959046625586e-11,None,None,None,None, , , , 
31234, ,2.2478058335487248,1.0595601792776149e-10,None,None,None,None, , , , 
31235, ,2.2478058335487248,1.1357333583431027e-10,None,None,None,None, , , , 
31236, ,2.2478058335487248,1.217382727739662e-10,None,None,None,None, , , , 
31237, ,2.2478058335487248,1.3049019780144016e-10,None,None,None,None, , , , 
31238, ,2.2478058335487248,1.398713102647236e-10,None,None,None,None, , , , 
31239, ,2.2478058335487248,1.4992684327860468e-10,None,None,None,None, , , , 
31240, ,2.2478058335487248,1.6070528182616384e-10,None,None,None,None, , , , 
31241, ,2.2478058335487248,1.722585965398784e-10,None,None,None,None, , , , 
31242, ,2.2478058335487248,1.8464249428955463e-10,None,None,None,None, , , , 
31243, ,2.2478058335487248,1.9791668678535569e-10,None,None,None,None, , , , 
31244, ,2.2478058335487248,2.121451784910628e-10,None,None,None,None, , , , 
31245, ,2.2478058335487248,2.273965752357932e-10,None,None,None,None, , , , 
31246, ,2.2478058335487248,2.4374441501222216e-10,None,None,None,None, , , , 
31247, ,2.2478058335487248,2.6126752255633265e-10,None,None,None,None, , , , 
31248, ,2.2478058335487248,2.8005038941836253e-10,None,None,None,None, , , , 
31249, ,2.2478058335487248,3.0018358135755917e-10,None,None,None,None, , , , 
31250, ,2.2478058335487248,3.2176417502507347e-10,None,None,None,None, , , , 
31251, ,2.2478058335487248,3.4489622604057533e-10,None,None,None,None, , , , 
31252, ,2.2478058335487248,3.696912707195032e-10,None,None,None,None, , , , 
31253, ,2.2478058335487248,3.9626886387014783e-10,None,None,None,None, , , , 
31254, ,2.2478058335487248,4.2475715525368935e-10,None,None,None,None, , , , 
31255, ,2.2478058335487248,4.552935074866938e-10,None,None,None,None, , , , 
31256, ,2.2478058335487248,4.880251583654433e-10,None,None,None,None, , , , 
31257, ,2.2478058335487248,5.231099308056258e-10,None,None,None,None, , , , 
31258, ,2.2478058335487248,5.60716993820547e-10,None,None,None,None, , , , 
31259, ,2.2478058335487248,6.010276782070387e-10,None,None,None,None, , , , 
31260, ,2.2478058335487248,6.442363508721371e-10,None,None,None,None, , , , 
31261, ,2.2478058335487248,6.905513520162316e-10,None,None,None,None, , , , 
31262, ,2.2478058335487248,7.401959996915653e-10,None,None,None,None, , , , 
31263, ,2.2478058335487248,7.934096665797492e-10,None,None,None,None, , , , 
31264, ,2.2478058335487248,8.504489341802668e-10,None,None,None,None, , , , 
31265, ,2.2478058335487248,9.115888299750837e-10,None,None,None,None, , , , 
31266, ,2.2478058335487248,9.771241535346502e-10,None,None,None,None, , , , 
31267, ,2.2478058335487248,1.0473708979594486e-09,None,None,None,None, , , , 
31268, ,2.2478058335487248,1.1226677735108114e-09,None,None,None,None, , , , 
31269, ,2.2478058335487248,1.2033778407775904e-09,None,None,None,None, , , , 
31270, ,2.2478058335487248,1.289890261253308e-09,None,None,None,None, , , , 
31271, ,2.2478058335487248,1.3826221737646535e-09,None,None,None,None, , , , 
31272, ,2.2478058335487248,1.4820207057988602e-09,None,None,None,None, , , , 
31273, ,2.2478058335487248,1.5885651294280526e-09,None,None,None,None, , , , 
31274, ,2.2478058335487248,1.702769172225898e-09,None,None,None,None, , , , 
31275, ,2.2478058335487248,1.825183494319039e-09,None,None,None,None, , , , 
31276, ,2.2478058335487248,1.956398343517065e-09,None,None,None,None, , , , 
31277, ,2.2478058335487248,2.0970464013232305e-09,None,None,None,None, , , , 
31278, ,2.2478058335487248,2.2478058335487307e-09,None,None,None,None, , , , 
31279, ,2.2478058335487248,2.409403560239527e-09,None,None,None,None, , , , 
31280, ,2.2478058335487248,2.582618760682675e-09,None,None,None,None, , , , 
31281, ,2.2478058335487248,2.768286630392061e-09,None,None,None,None, , , , 
31282, ,2.2478058335487248,2.9673024081888724e-09,None,None,None,None, , , , 
31283, ,2.2478058335487248,3.180625692794119e-09,None,None,None,None, , , , 
31284, ,2.2478058335487248,3.409285069746807e-09,None,None,None,None, , , , 
31285, ,2.2478058335487248,3.654383070957262e-09,None,None,None,None, , , , 
31286, ,2.2478058335487248,3.917101490809261e-09,None,None,None,None, , , , 
31287, ,2.2478058335487248,4.198707084443906e-09,None,None,None,None, , , , 
31288, ,2.2478058335487248,4.500557675700488e-09,None,None,None,None, , , , 
31289, ,2.2478058335487248,4.824108704165374e-09,None,None,None,None, , , , 
31290, ,2.2478058335487248,5.170920242896755e-09,None,None,None,None, , , , 
31291, ,2.2478058335487248,5.542664520663096e-09,None,None,None,None, , , , 
31292, ,2.2478058335487248,5.941133984965041e-09,None,None,None,None, , , , 
31293, ,2.2478058335487248,6.3682499447185856e-09,None,None,None,None, , , , 
31294, ,2.2478058335487248,6.826071834272379e-09,None,None,None,None, , , , 
31295, ,2.2478058335487248,7.316807143427175e-09,None,None,None,None, , , , 
31296, ,2.2478058335487248,7.842822061337681e-09,None,None,None,None, , , , 
31297, ,2.2478058335487248,8.406652885618316e-09,None,None,None,None, , , , 
31298, ,2.2478058335487248,9.011018251665036e-09,None,None,None,None, , , , 
31299, ,2.2478058335487248,9.658832241158707e-09,None,None,None,None, , , , 
31300, ,2.2478058335487248,1.0353218432956616e-08,None,None,None,None, , , , 
31301, ,2.2478058335487248,1.1097524964120722e-08,None,None,None,None, , , , 
31302, ,2.2478058335487248,1.1895340673703208e-08,None,None,None,None, , , , 
31303, ,2.2478058335487248,1.2750512407130128e-08,None,None,None,None, , , , 
31304, ,2.2478058335487248,1.3667163564620044e-08,None,None,None,None, , , , 
31305, ,2.2478058335487248,1.4649713983072853e-08,None,None,None,None, , , , 
31306, ,2.2478058335487248,1.5702901247293774e-08,None,None,None,None, , , , 
31307, ,2.2478058335487248,1.683180353330955e-08,None,None,None,None, , , , 
31308, ,2.2478058335487248,1.8041864093920717e-08,None,None,None,None, , , , 
31309, ,2.2478058335487248,1.933891750455232e-08,None,None,None,None, , , , 
31310, ,2.2478058335487248,2.0729217795953697e-08,None,None,None,None, , , , 
31311, ,2.2478058335487248,2.221946860939524e-08,None,None,None,None, , , , 
31312, ,2.2478058335487248,2.3816855519761606e-08,None,None,None,None, , , , 
31313, ,2.2478058335487248,2.552908068239516e-08,None,None,None,None, , , , 
31314, ,2.2478058335487248,2.7364399970746666e-08,None,None,None,None, , , , 
31315, ,2.2478058335487248,2.933166278390042e-08,None,None,None,None, , , , 
31316, ,2.2478058335487248,3.1440354715915e-08,None,None,None,None, , , , 
31317, ,2.2478058335487248,3.370064329271925e-08,None,None,None,None, , , , 
31318, ,2.2478058335487248,3.612342699709431e-08,None,None,None,None, , , , 
31319, ,2.2478058335487248,3.872038781812557e-08,None,None,None,None, , , , 
31320, ,2.2478058335487248,4.1504047578504727e-08,None,None,None,None, , , , 
31321, ,2.2478058335487248,4.448782831127585e-08,None,None,None,None, , , , 
31322, ,2.2478058335487248,4.768611697714474e-08,None,None,None,None, , , , 
31323, ,2.2478058335487248,5.111433483440165e-08,None,None,None,None, , , , 
31324, ,2.2478058335487248,5.478901179593934e-08,None,None,None,None, , , , 
31325, ,2.2478058335487248,5.872786613189478e-08,None,None,None,None, , , , 
31326, ,2.2478058335487248,6.294988990221888e-08,None,None,None,None, , , , 
31327, ,2.2478058335487248,6.747544053110687e-08,None,None,None,None, , , , 
31328, ,2.2478058335487248,7.232633896483534e-08,None,None,None,None, , , , 
31329, ,2.2478058335487248,7.752597488629465e-08,None,None,None,None, , , , 
31330, ,2.2478058335487248,8.309941949353386e-08,None,None,None,None, , , , 
31331, ,2.2478058335487248,8.907354638610439e-08,None,None,None,None, , , , 
31332, ,2.2478058335487248,9.547716114208066e-08,None,None,None,None, , , , 
31333, ,2.2478058335487248,1.0234114021054528e-07,None,None,None,None, , , , 
31334, ,2.2478058335487248,1.0969857978923841e-07,None,None,None,None, , , , 
31335, ,2.2478058335487248,1.1758495540521555e-07,None,None,None,None, , , , 
31336, ,2.2478058335487248,1.2603829296797277e-07,None,None,None,None, , , , 
31337, ,2.2478058335487248,1.350993521198025e-07,None,None,None,None, , , , 
31338, ,2.2478058335487248,1.4481182276745328e-07,None,None,None,None, , , , 
31339, ,2.2478058335487248,1.552225357427048e-07,None,None,None,None, , , , 
31340, ,2.2478058335487248,1.6638168860761273e-07,None,None,None,None, , , , 
31341, ,2.2478058335487248,1.7834308769319093e-07,None,None,None,None, , , , 
31342, ,2.2478058335487248,1.9116440753857e-07,None,None,None,None, , , , 
31343, ,2.2478058335487248,2.049074689815846e-07,None,None,None,None, , , , 
31344, ,2.2478058335487248,2.1963853724165468e-07,None,None,None,None, , , , 
31345, ,2.2478058335487248,2.3542864143224158e-07,None,None,None,None, , , , 
31346, ,2.2478058335487248,2.523539170434766e-07,None,None,None,None, , , , 
31347, ,2.2478058335487248,2.7049597304631316e-07,None,None,None,None, , , , 
31348, ,2.2478058335487248,2.899422853882875e-07,None,None,None,None, , , , 
31349, ,2.2478058335487248,3.107866187782014e-07,None,None,None,None, , , , 
31350, ,2.2478058335487248,3.33129478793467e-07,None,None,None,None, , , , 
31351, ,2.2478058335487248,3.5707859649004626e-07,None,None,None,None, , , , 
31352, ,2.2478058335487248,3.827494478516307e-07,None,None,None,None, , , , 
31353, ,2.2478058335487248,4.1026581058271904e-07,None,None,None,None, , , , 
31354, ,2.2478058335487248,4.397603609302722e-07,None,None,None,None, , , , 
31355, ,2.2478058335487248,4.7137531341167185e-07,None,None,None,None, , , , 
31356, ,2.2478058335487248,5.052631065335679e-07,None,None,None,None, , , , 
31357, ,2.2478058335487248,5.415871378079465e-07,None,None,None,None, , , , 
31358, ,2.2478058335487248,5.805225516094896e-07,None,None,None,None, , , , 
31359, ,2.2478058335487248,6.222570836730232e-07,None,None,None,None, , , , 
31360, ,2.2478058335487248,6.669919663030115e-07,None,None,None,None, , , , 
31361, ,2.2478058335487248,7.149428986597576e-07,None,None,None,None, , , , 
31362, ,2.2478058335487248,7.663410868007445e-07,None,None,None,None, , , , 
31363, ,2.2478058335487248,8.214343584919422e-07,None,None,None,None, , , , 
31364, ,2.2478058335487248,8.804883581643463e-07,None,None,None,None, , , , 
31365, ,2.2478058335487248,9.437878277775371e-07,None,None,None,None, , , , 
31366, ,2.2478058335487248,1.0116379797662072e-06,None,None,None,None, , , , 
31367, ,2.2478058335487248,1.0843659686896086e-06,None,None,None,None, , , , 
31368, ,2.2478058335487248,1.1623224686798522e-06,None,None,None,None, , , , 
31369, ,2.2478058335487248,1.2458833642950078e-06,None,None,None,None, , , , 
31370, ,2.2478058335487248,1.3354515629298971e-06,None,None,None,None, , , , 
31371, ,2.2478058335487248,1.4314589375234786e-06,None,None,None,None, , , , 
31372, ,2.2478058335487248,1.53436840893001e-06,None,None,None,None, , , , 
31373, ,2.2478058335487248,1.6446761779946631e-06,None,None,None,None, , , , 
31374, ,2.2478058335487248,1.762914118095948e-06,None,None,None,None, , , , 
31375, ,2.2478058335487248,1.8896523396912082e-06,None,None,None,None, , , , 
31376, ,2.2478058335487248,2.0255019392306664e-06,None,None,None,None, , , , 
31377, ,2.2478058335487248,2.171117945694501e-06,None,None,None,None, , , , 
31378, ,2.2478058335487248,2.327202478960408e-06,None,None,None,None, , , , 
31379, ,2.2478058335487248,2.494508135230317e-06,None,None,None,None, , , , 
31380, ,2.2478058335487248,2.673841615839944e-06,None,None,None,None, , , , 
31381, ,2.2478058335487248,2.8660676169482507e-06,None,None,None,None, , , , 
31382, ,2.2478058335487248,3.0721129988617524e-06,None,None,None,None, , , , 
31383, ,2.2478058335487248,3.292971255097148e-06,None,None,None,None, , , , 
31384, ,2.2478058335487248,3.5297073027306505e-06,None,None,None,None, , , , 
31385, ,2.2478058335487248,3.783462617131925e-06,None,None,None,None, , , , 
31386, ,2.2478058335487248,4.0554607358408275e-06,None,None,None,None, , , , 
31387, ,2.2478058335487248,4.3470131581250175e-06,None,None,None,None, , , , 
31388, ,2.2478058335487248,4.6595256686646765e-06,None,None,None,None, , , , 
31389, ,2.2478058335487248,4.99450511585514e-06,None,None,None,None, , , , 
31390, ,2.2478058335487248,5.353566677410719e-06,None,None,None,None, , , , 
31391, ,2.2478058335487248,5.738441648302393e-06,None,None,None,None, , , , 
31392, ,2.2478058335487248,6.150985788580505e-06,None,None,None,None, , , , 
31393, ,2.2478058335487248,6.593188271333541e-06,None,None,None,None, , , , 
31394, ,2.2478058335487248,7.067181273927492e-06,None,None,None,None, , , , 
31395, ,2.2478058335487248,7.575250258771904e-06,None,None,None,None, , , , 
31396, ,2.2478058335487248,8.119844993184007e-06,None,None,None,None, , , , 
31397, ,2.2478058335487248,8.703591361485167e-06,None,None,None,None, , , , 
31398, ,2.2478058335487248,9.329304026284676e-06,None,None,None,None, , , , 
31399, ,2.2478058335487248,1e-05,None,None,None,None, , , , 
31400, ,2.3272024789604067,1e-11,None,None,None,None, , , , 
31401, ,2.3272024789604067,1.0718913192051263e-11,None,None,None,None, , , , 
31402, ,2.3272024789604067,1.1489510001873107e-11,None,None,None,None, , , , 
31403, ,2.3272024789604067,1.2315506032928262e-11,None,None,None,None, , , , 
31404, ,2.3272024789604067,1.3200884008314167e-11,None,None,None,None, , , , 
31405, ,2.3272024789604067,1.4149912974345786e-11,None,None,None,None, , , , 
31406, ,2.3272024789604067,1.5167168884709242e-11,None,None,None,None, , , , 
31407, ,2.3272024789604067,1.6257556664437934e-11,None,None,None,None, , , , 
31408, ,2.3272024789604067,1.7426333860096473e-11,None,None,None,None, , , , 
31409, ,2.3272024789604067,1.8679135990207848e-11,None,None,None,None, , , , 
31410, ,2.3272024789604067,2.0022003718155844e-11,None,None,None,None, , , , 
31411, ,2.3272024789604067,2.1461411978584013e-11,None,None,None,None, , , , 
31412, ,2.3272024789604067,2.300430119772921e-11,None,None,None,None, , , , 
31413, ,2.3272024789604067,2.465811075822604e-11,None,None,None,None, , , , 
31414, ,2.3272024789604067,2.643081486974103e-11,None,None,None,None, , , , 
31415, ,2.3272024789604067,2.8330961018393178e-11,None,None,None,None, , , , 
31416, ,2.3272024789604067,3.036771118035461e-11,None,None,None,None, , , , 
31417, ,2.3272024789604067,3.255088599835057e-11,None,None,None,None, , , , 
31418, ,2.3272024789604067,3.4891012134067674e-11,None,None,None,None, , , , 
31419, ,2.3272024789604067,3.739937302478801e-11,None,None,None,None, , , , 
31420, ,2.3272024789604067,4.0088063288984646e-11,None,None,None,None, , , , 
31421, ,2.3272024789604067,4.297004704320835e-11,None,None,None,None, , , , 
31422, ,2.3272024789604067,4.605922041145113e-11,None,None,None,None, , , , 
31423, ,2.3272024789604067,4.937047852839004e-11,None,None,None,None, , , , 
31424, ,2.3272024789604067,5.2919787359584366e-11,None,None,None,None, , , , 
31425, ,2.3272024789604067,5.672426068491989e-11,None,None,None,None, , , , 
31426, ,2.3272024789604067,6.080224261649427e-11,None,None,None,None, , , , 
31427, ,2.3272024789604067,6.517339604882421e-11,None,None,None,None, , , , 
31428, ,2.3272024789604067,6.985879746785235e-11,None,None,None,None, , , , 
31429, ,2.3272024789604067,7.48810385759003e-11,None,None,None,None, , , , 
31430, ,2.3272024789604067,8.026433522257174e-11,None,None,None,None, , , , 
31431, ,2.3272024789604067,8.603464416684492e-11,None,None,None,None, , , , 
31432, ,2.3272024789604067,9.221978823334341e-11,None,None,None,None, , , , 
31433, ,2.3272024789604067,9.884959046625586e-11,None,None,None,None, , , , 
31434, ,2.3272024789604067,1.0595601792776149e-10,None,None,None,None, , , , 
31435, ,2.3272024789604067,1.1357333583431027e-10,None,None,None,None, , , , 
31436, ,2.3272024789604067,1.217382727739662e-10,None,None,None,None, , , , 
31437, ,2.3272024789604067,1.3049019780144016e-10,None,None,None,None, , , , 
31438, ,2.3272024789604067,1.398713102647236e-10,None,None,None,None, , , , 
31439, ,2.3272024789604067,1.4992684327860468e-10,None,None,None,None, , , , 
31440, ,2.3272024789604067,1.6070528182616384e-10,None,None,None,None, , , , 
31441, ,2.3272024789604067,1.722585965398784e-10,None,None,None,None, , , , 
31442, ,2.3272024789604067,1.8464249428955463e-10,None,None,None,None, , , , 
31443, ,2.3272024789604067,1.9791668678535569e-10,None,None,None,None, , , , 
31444, ,2.3272024789604067,2.121451784910628e-10,None,None,None,None, , , , 
31445, ,2.3272024789604067,2.273965752357932e-10,None,None,None,None, , , , 
31446, ,2.3272024789604067,2.4374441501222216e-10,None,None,None,None, , , , 
31447, ,2.3272024789604067,2.6126752255633265e-10,None,None,None,None, , , , 
31448, ,2.3272024789604067,2.8005038941836253e-10,None,None,None,None, , , , 
31449, ,2.3272024789604067,3.0018358135755917e-10,None,None,None,None, , , , 
31450, ,2.3272024789604067,3.2176417502507347e-10,None,None,None,None, , , , 
31451, ,2.3272024789604067,3.4489622604057533e-10,None,None,None,None, , , , 
31452, ,2.3272024789604067,3.696912707195032e-10,None,None,None,None, , , , 
31453, ,2.3272024789604067,3.9626886387014783e-10,None,None,None,None, , , , 
31454, ,2.3272024789604067,4.2475715525368935e-10,None,None,None,None, , , , 
31455, ,2.3272024789604067,4.552935074866938e-10,None,None,None,None, , , , 
31456, ,2.3272024789604067,4.880251583654433e-10,None,None,None,None, , , , 
31457, ,2.3272024789604067,5.231099308056258e-10,None,None,None,None, , , , 
31458, ,2.3272024789604067,5.60716993820547e-10,None,None,None,None, , , , 
31459, ,2.3272024789604067,6.010276782070387e-10,None,None,None,None, , , , 
31460, ,2.3272024789604067,6.442363508721371e-10,None,None,None,None, , , , 
31461, ,2.3272024789604067,6.905513520162316e-10,None,None,None,None, , , , 
31462, ,2.3272024789604067,7.401959996915653e-10,None,None,None,None, , , , 
31463, ,2.3272024789604067,7.934096665797492e-10,None,None,None,None, , , , 
31464, ,2.3272024789604067,8.504489341802668e-10,None,None,None,None, , , , 
31465, ,2.3272024789604067,9.115888299750837e-10,None,None,None,None, , , , 
31466, ,2.3272024789604067,9.771241535346502e-10,None,None,None,None, , , , 
31467, ,2.3272024789604067,1.0473708979594486e-09,None,None,None,None, , , , 
31468, ,2.3272024789604067,1.1226677735108114e-09,None,None,None,None, , , , 
31469, ,2.3272024789604067,1.2033778407775904e-09,None,None,None,None, , , , 
31470, ,2.3272024789604067,1.289890261253308e-09,None,None,None,None, , , , 
31471, ,2.3272024789604067,1.3826221737646535e-09,None,None,None,None, , , , 
31472, ,2.3272024789604067,1.4820207057988602e-09,None,None,None,None, , , , 
31473, ,2.3272024789604067,1.5885651294280526e-09,None,None,None,None, , , , 
31474, ,2.3272024789604067,1.702769172225898e-09,None,None,None,None, , , , 
31475, ,2.3272024789604067,1.825183494319039e-09,None,None,None,None, , , , 
31476, ,2.3272024789604067,1.956398343517065e-09,None,None,None,None, , , , 
31477, ,2.3272024789604067,2.0970464013232305e-09,None,None,None,None, , , , 
31478, ,2.3272024789604067,2.2478058335487307e-09,None,None,None,None, , , , 
31479, ,2.3272024789604067,2.409403560239527e-09,None,None,None,None, , , , 
31480, ,2.3272024789604067,2.582618760682675e-09,None,None,None,None, , , , 
31481, ,2.3272024789604067,2.768286630392061e-09,None,None,None,None, , , , 
31482, ,2.3272024789604067,2.9673024081888724e-09,None,None,None,None, , , , 
31483, ,2.3272024789604067,3.180625692794119e-09,None,None,None,None, , , , 
31484, ,2.3272024789604067,3.409285069746807e-09,None,None,None,None, , , , 
31485, ,2.3272024789604067,3.654383070957262e-09,None,None,None,None, , , , 
31486, ,2.3272024789604067,3.917101490809261e-09,None,None,None,None, , , , 
31487, ,2.3272024789604067,4.198707084443906e-09,None,None,None,None, , , , 
31488, ,2.3272024789604067,4.500557675700488e-09,None,None,None,None, , , , 
31489, ,2.3272024789604067,4.824108704165374e-09,None,None,None,None, , , , 
31490, ,2.3272024789604067,5.170920242896755e-09,None,None,None,None, , , , 
31491, ,2.3272024789604067,5.542664520663096e-09,None,None,None,None, , , , 
31492, ,2.3272024789604067,5.941133984965041e-09,None,None,None,None, , , , 
31493, ,2.3272024789604067,6.3682499447185856e-09,None,None,None,None, , , , 
31494, ,2.3272024789604067,6.826071834272379e-09,None,None,None,None, , , , 
31495, ,2.3272024789604067,7.316807143427175e-09,None,None,None,None, , , , 
31496, ,2.3272024789604067,7.842822061337681e-09,None,None,None,None, , , , 
31497, ,2.3272024789604067,8.406652885618316e-09,None,None,None,None, , , , 
31498, ,2.3272024789604067,9.011018251665036e-09,None,None,None,None, , , , 
31499, ,2.3272024789604067,9.658832241158707e-09,None,None,None,None, , , , 
31500, ,2.3272024789604067,1.0353218432956616e-08,None,None,None,None, , , , 
31501, ,2.3272024789604067,1.1097524964120722e-08,None,None,None,None, , , , 
31502, ,2.3272024789604067,1.1895340673703208e-08,None,None,None,None, , , , 
31503, ,2.3272024789604067,1.2750512407130128e-08,None,None,None,None, , , , 
31504, ,2.3272024789604067,1.3667163564620044e-08,None,None,None,None, , , , 
31505, ,2.3272024789604067,1.4649713983072853e-08,None,None,None,None, , , , 
31506, ,2.3272024789604067,1.5702901247293774e-08,None,None,None,None, , , , 
31507, ,2.3272024789604067,1.683180353330955e-08,None,None,None,None, , , , 
31508, ,2.3272024789604067,1.8041864093920717e-08,None,None,None,None, , , , 
31509, ,2.3272024789604067,1.933891750455232e-08,None,None,None,None, , , , 
31510, ,2.3272024789604067,2.0729217795953697e-08,None,None,None,None, , , , 
31511, ,2.3272024789604067,2.221946860939524e-08,None,None,None,None, , , , 
31512, ,2.3272024789604067,2.3816855519761606e-08,None,None,None,None, , , , 
31513, ,2.3272024789604067,2.552908068239516e-08,None,None,None,None, , , , 
31514, ,2.3272024789604067,2.7364399970746666e-08,None,None,None,None, , , , 
31515, ,2.3272024789604067,2.933166278390042e-08,None,None,None,None, , , , 
31516, ,2.3272024789604067,3.1440354715915e-08,None,None,None,None, , , , 
31517, ,2.3272024789604067,3.370064329271925e-08,None,None,None,None, , , , 
31518, ,2.3272024789604067,3.612342699709431e-08,None,None,None,None, , , , 
31519, ,2.3272024789604067,3.872038781812557e-08,None,None,None,None, , , , 
31520, ,2.3272024789604067,4.1504047578504727e-08,None,None,None,None, , , , 
31521, ,2.3272024789604067,4.448782831127585e-08,None,None,None,None, , , , 
31522, ,2.3272024789604067,4.768611697714474e-08,None,None,None,None, , , , 
31523, ,2.3272024789604067,5.111433483440165e-08,None,None,None,None, , , , 
31524, ,2.3272024789604067,5.478901179593934e-08,None,None,None,None, , , , 
31525, ,2.3272024789604067,5.872786613189478e-08,None,None,None,None, , , , 
31526, ,2.3272024789604067,6.294988990221888e-08,None,None,None,None, , , , 
31527, ,2.3272024789604067,6.747544053110687e-08,None,None,None,None, , , , 
31528, ,2.3272024789604067,7.232633896483534e-08,None,None,None,None, , , , 
31529, ,2.3272024789604067,7.752597488629465e-08,None,None,None,None, , , , 
31530, ,2.3272024789604067,8.309941949353386e-08,None,None,None,None, , , , 
31531, ,2.3272024789604067,8.907354638610439e-08,None,None,None,None, , , , 
31532, ,2.3272024789604067,9.547716114208066e-08,None,None,None,None, , , , 
31533, ,2.3272024789604067,1.0234114021054528e-07,None,None,None,None, , , , 
31534, ,2.3272024789604067,1.0969857978923841e-07,None,None,None,None, , , , 
31535, ,2.3272024789604067,1.1758495540521555e-07,None,None,None,None, , , , 
31536, ,2.3272024789604067,1.2603829296797277e-07,None,None,None,None, , , , 
31537, ,2.3272024789604067,1.350993521198025e-07,None,None,None,None, , , , 
31538, ,2.3272024789604067,1.4481182276745328e-07,None,None,None,None, , , , 
31539, ,2.3272024789604067,1.552225357427048e-07,None,None,None,None, , , , 
31540, ,2.3272024789604067,1.6638168860761273e-07,None,None,None,None, , , , 
31541, ,2.3272024789604067,1.7834308769319093e-07,None,None,None,None, , , , 
31542, ,2.3272024789604067,1.9116440753857e-07,None,None,None,None, , , , 
31543, ,2.3272024789604067,2.049074689815846e-07,None,None,None,None, , , , 
31544, ,2.3272024789604067,2.1963853724165468e-07,None,None,None,None, , , , 
31545, ,2.3272024789604067,2.3542864143224158e-07,None,None,None,None, , , , 
31546, ,2.3272024789604067,2.523539170434766e-07,None,None,None,None, , , , 
31547, ,2.3272024789604067,2.7049597304631316e-07,None,None,None,None, , , , 
31548, ,2.3272024789604067,2.899422853882875e-07,None,None,None,None, , , , 
31549, ,2.3272024789604067,3.107866187782014e-07,None,None,None,None, , , , 
31550, ,2.3272024789604067,3.33129478793467e-07,None,None,None,None, , , , 
31551, ,2.3272024789604067,3.5707859649004626e-07,None,None,None,None, , , , 
31552, ,2.3272024789604067,3.827494478516307e-07,None,None,None,None, , , , 
31553, ,2.3272024789604067,4.1026581058271904e-07,None,None,None,None, , , , 
31554, ,2.3272024789604067,4.397603609302722e-07,None,None,None,None, , , , 
31555, ,2.3272024789604067,4.7137531341167185e-07,None,None,None,None, , , , 
31556, ,2.3272024789604067,5.052631065335679e-07,None,None,None,None, , , , 
31557, ,2.3272024789604067,5.415871378079465e-07,None,None,None,None, , , , 
31558, ,2.3272024789604067,5.805225516094896e-07,None,None,None,None, , , , 
31559, ,2.3272024789604067,6.222570836730232e-07,None,None,None,None, , , , 
31560, ,2.3272024789604067,6.669919663030115e-07,None,None,None,None, , , , 
31561, ,2.3272024789604067,7.149428986597576e-07,None,None,None,None, , , , 
31562, ,2.3272024789604067,7.663410868007445e-07,None,None,None,None, , , , 
31563, ,2.3272024789604067,8.214343584919422e-07,None,None,None,None, , , , 
31564, ,2.3272024789604067,8.804883581643463e-07,None,None,None,None, , , , 
31565, ,2.3272024789604067,9.437878277775371e-07,None,None,None,None, , , , 
31566, ,2.3272024789604067,1.0116379797662072e-06,None,None,None,None, , , , 
31567, ,2.3272024789604067,1.0843659686896086e-06,None,None,None,None, , , , 
31568, ,2.3272024789604067,1.1623224686798522e-06,None,None,None,None, , , , 
31569, ,2.3272024789604067,1.2458833642950078e-06,None,None,None,None, , , , 
31570, ,2.3272024789604067,1.3354515629298971e-06,None,None,None,None, , , , 
31571, ,2.3272024789604067,1.4314589375234786e-06,None,None,None,None, , , , 
31572, ,2.3272024789604067,1.53436840893001e-06,None,None,None,None, , , , 
31573, ,2.3272024789604067,1.6446761779946631e-06,None,None,None,None, , , , 
31574, ,2.3272024789604067,1.762914118095948e-06,None,None,None,None, , , , 
31575, ,2.3272024789604067,1.8896523396912082e-06,None,None,None,None, , , , 
31576, ,2.3272024789604067,2.0255019392306664e-06,None,None,None,None, , , , 
31577, ,2.3272024789604067,2.171117945694501e-06,None,None,None,None, , , , 
31578, ,2.3272024789604067,2.327202478960408e-06,None,None,None,None, , , , 
31579, ,2.3272024789604067,2.494508135230317e-06,None,None,None,None, , , , 
31580, ,2.3272024789604067,2.673841615839944e-06,None,None,None,None, , , , 
31581, ,2.3272024789604067,2.8660676169482507e-06,None,None,None,None, , , , 
31582, ,2.3272024789604067,3.0721129988617524e-06,None,None,None,None, , , , 
31583, ,2.3272024789604067,3.292971255097148e-06,None,None,None,None, , , , 
31584, ,2.3272024789604067,3.5297073027306505e-06,None,None,None,None, , , , 
31585, ,2.3272024789604067,3.783462617131925e-06,None,None,None,None, , , , 
31586, ,2.3272024789604067,4.0554607358408275e-06,None,None,None,None, , , , 
31587, ,2.3272024789604067,4.3470131581250175e-06,None,None,None,None, , , , 
31588, ,2.3272024789604067,4.6595256686646765e-06,None,None,None,None, , , , 
31589, ,2.3272024789604067,4.99450511585514e-06,None,None,None,None, , , , 
31590, ,2.3272024789604067,5.353566677410719e-06,None,None,None,None, , , , 
31591, ,2.3272024789604067,5.738441648302393e-06,None,None,None,None, , , , 
31592, ,2.3272024789604067,6.150985788580505e-06,None,None,None,None, , , , 
31593, ,2.3272024789604067,6.593188271333541e-06,None,None,None,None, , , , 
31594, ,2.3272024789604067,7.067181273927492e-06,None,None,None,None, , , , 
31595, ,2.3272024789604067,7.575250258771904e-06,None,None,None,None, , , , 
31596, ,2.3272024789604067,8.119844993184007e-06,None,None,None,None, , , , 
31597, ,2.3272024789604067,8.703591361485167e-06,None,None,None,None, , , , 
31598, ,2.3272024789604067,9.329304026284676e-06,None,None,None,None, , , , 
31599, ,2.3272024789604067,1e-05,None,None,None,None, , , , 
31600, ,2.4094035602395243,1e-11,None,None,None,None, , , , 
31601, ,2.4094035602395243,1.0718913192051263e-11,None,None,None,None, , , , 
31602, ,2.4094035602395243,1.1489510001873107e-11,None,None,None,None, , , , 
31603, ,2.4094035602395243,1.2315506032928262e-11,None,None,None,None, , , , 
31604, ,2.4094035602395243,1.3200884008314167e-11,None,None,None,None, , , , 
31605, ,2.4094035602395243,1.4149912974345786e-11,None,None,None,None, , , , 
31606, ,2.4094035602395243,1.5167168884709242e-11,None,None,None,None, , , , 
31607, ,2.4094035602395243,1.6257556664437934e-11,None,None,None,None, , , , 
31608, ,2.4094035602395243,1.7426333860096473e-11,None,None,None,None, , , , 
31609, ,2.4094035602395243,1.8679135990207848e-11,None,None,None,None, , , , 
31610, ,2.4094035602395243,2.0022003718155844e-11,None,None,None,None, , , , 
31611, ,2.4094035602395243,2.1461411978584013e-11,None,None,None,None, , , , 
31612, ,2.4094035602395243,2.300430119772921e-11,None,None,None,None, , , , 
31613, ,2.4094035602395243,2.465811075822604e-11,None,None,None,None, , , , 
31614, ,2.4094035602395243,2.643081486974103e-11,None,None,None,None, , , , 
31615, ,2.4094035602395243,2.8330961018393178e-11,None,None,None,None, , , , 
31616, ,2.4094035602395243,3.036771118035461e-11,None,None,None,None, , , , 
31617, ,2.4094035602395243,3.255088599835057e-11,None,None,None,None, , , , 
31618, ,2.4094035602395243,3.4891012134067674e-11,None,None,None,None, , , , 
31619, ,2.4094035602395243,3.739937302478801e-11,None,None,None,None, , , , 
31620, ,2.4094035602395243,4.0088063288984646e-11,None,None,None,None, , , , 
31621, ,2.4094035602395243,4.297004704320835e-11,None,None,None,None, , , , 
31622, ,2.4094035602395243,4.605922041145113e-11,None,None,None,None, , , , 
31623, ,2.4094035602395243,4.937047852839004e-11,None,None,None,None, , , , 
31624, ,2.4094035602395243,5.2919787359584366e-11,None,None,None,None, , , , 
31625, ,2.4094035602395243,5.672426068491989e-11,None,None,None,None, , , , 
31626, ,2.4094035602395243,6.080224261649427e-11,None,None,None,None, , , , 
31627, ,2.4094035602395243,6.517339604882421e-11,None,None,None,None, , , , 
31628, ,2.4094035602395243,6.985879746785235e-11,None,None,None,None, , , , 
31629, ,2.4094035602395243,7.48810385759003e-11,None,None,None,None, , , , 
31630, ,2.4094035602395243,8.026433522257174e-11,None,None,None,None, , , , 
31631, ,2.4094035602395243,8.603464416684492e-11,None,None,None,None, , , , 
31632, ,2.4094035602395243,9.221978823334341e-11,None,None,None,None, , , , 
31633, ,2.4094035602395243,9.884959046625586e-11,None,None,None,None, , , , 
31634, ,2.4094035602395243,1.0595601792776149e-10,None,None,None,None, , , , 
31635, ,2.4094035602395243,1.1357333583431027e-10,None,None,None,None, , , , 
31636, ,2.4094035602395243,1.217382727739662e-10,None,None,None,None, , , , 
31637, ,2.4094035602395243,1.3049019780144016e-10,None,None,None,None, , , , 
31638, ,2.4094035602395243,1.398713102647236e-10,None,None,None,None, , , , 
31639, ,2.4094035602395243,1.4992684327860468e-10,None,None,None,None, , , , 
31640, ,2.4094035602395243,1.6070528182616384e-10,None,None,None,None, , , , 
31641, ,2.4094035602395243,1.722585965398784e-10,None,None,None,None, , , , 
31642, ,2.4094035602395243,1.8464249428955463e-10,None,None,None,None, , , , 
31643, ,2.4094035602395243,1.9791668678535569e-10,None,None,None,None, , , , 
31644, ,2.4094035602395243,2.121451784910628e-10,None,None,None,None, , , , 
31645, ,2.4094035602395243,2.273965752357932e-10,None,None,None,None, , , , 
31646, ,2.4094035602395243,2.4374441501222216e-10,None,None,None,None, , , , 
31647, ,2.4094035602395243,2.6126752255633265e-10,None,None,None,None, , , , 
31648, ,2.4094035602395243,2.8005038941836253e-10,None,None,None,None, , , , 
31649, ,2.4094035602395243,3.0018358135755917e-10,None,None,None,None, , , , 
31650, ,2.4094035602395243,3.2176417502507347e-10,None,None,None,None, , , , 
31651, ,2.4094035602395243,3.4489622604057533e-10,None,None,None,None, , , , 
31652, ,2.4094035602395243,3.696912707195032e-10,None,None,None,None, , , , 
31653, ,2.4094035602395243,3.9626886387014783e-10,None,None,None,None, , , , 
31654, ,2.4094035602395243,4.2475715525368935e-10,None,None,None,None, , , , 
31655, ,2.4094035602395243,4.552935074866938e-10,None,None,None,None, , , , 
31656, ,2.4094035602395243,4.880251583654433e-10,None,None,None,None, , , , 
31657, ,2.4094035602395243,5.231099308056258e-10,None,None,None,None, , , , 
31658, ,2.4094035602395243,5.60716993820547e-10,None,None,None,None, , , , 
31659, ,2.4094035602395243,6.010276782070387e-10,None,None,None,None, , , , 
31660, ,2.4094035602395243,6.442363508721371e-10,None,None,None,None, , , , 
31661, ,2.4094035602395243,6.905513520162316e-10,None,None,None,None, , , , 
31662, ,2.4094035602395243,7.401959996915653e-10,None,None,None,None, , , , 
31663, ,2.4094035602395243,7.934096665797492e-10,None,None,None,None, , , , 
31664, ,2.4094035602395243,8.504489341802668e-10,None,None,None,None, , , , 
31665, ,2.4094035602395243,9.115888299750837e-10,None,None,None,None, , , , 
31666, ,2.4094035602395243,9.771241535346502e-10,None,None,None,None, , , , 
31667, ,2.4094035602395243,1.0473708979594486e-09,None,None,None,None, , , , 
31668, ,2.4094035602395243,1.1226677735108114e-09,None,None,None,None, , , , 
31669, ,2.4094035602395243,1.2033778407775904e-09,None,None,None,None, , , , 
31670, ,2.4094035602395243,1.289890261253308e-09,None,None,None,None, , , , 
31671, ,2.4094035602395243,1.3826221737646535e-09,None,None,None,None, , , , 
31672, ,2.4094035602395243,1.4820207057988602e-09,None,None,None,None, , , , 
31673, ,2.4094035602395243,1.5885651294280526e-09,None,None,None,None, , , , 
31674, ,2.4094035602395243,1.702769172225898e-09,None,None,None,None, , , , 
31675, ,2.4094035602395243,1.825183494319039e-09,None,None,None,None, , , , 
31676, ,2.4094035602395243,1.956398343517065e-09,None,None,None,None, , , , 
31677, ,2.4094035602395243,2.0970464013232305e-09,None,None,None,None, , , , 
31678, ,2.4094035602395243,2.2478058335487307e-09,None,None,None,None, , , , 
31679, ,2.4094035602395243,2.409403560239527e-09,None,None,None,None, , , , 
31680, ,2.4094035602395243,2.582618760682675e-09,None,None,None,None, , , , 
31681, ,2.4094035602395243,2.768286630392061e-09,None,None,None,None, , , , 
31682, ,2.4094035602395243,2.9673024081888724e-09,None,None,None,None, , , , 
31683, ,2.4094035602395243,3.180625692794119e-09,None,None,None,None, , , , 
31684, ,2.4094035602395243,3.409285069746807e-09,None,None,None,None, , , , 
31685, ,2.4094035602395243,3.654383070957262e-09,None,None,None,None, , , , 
31686, ,2.4094035602395243,3.917101490809261e-09,None,None,None,None, , , , 
31687, ,2.4094035602395243,4.198707084443906e-09,None,None,None,None, , , , 
31688, ,2.4094035602395243,4.500557675700488e-09,None,None,None,None, , , , 
31689, ,2.4094035602395243,4.824108704165374e-09,None,None,None,None, , , , 
31690, ,2.4094035602395243,5.170920242896755e-09,None,None,None,None, , , , 
31691, ,2.4094035602395243,5.542664520663096e-09,None,None,None,None, , , , 
31692, ,2.4094035602395243,5.941133984965041e-09,None,None,None,None, , , , 
31693, ,2.4094035602395243,6.3682499447185856e-09,None,None,None,None, , , , 
31694, ,2.4094035602395243,6.826071834272379e-09,None,None,None,None, , , , 
31695, ,2.4094035602395243,7.316807143427175e-09,None,None,None,None, , , , 
31696, ,2.4094035602395243,7.842822061337681e-09,None,None,None,None, , , , 
31697, ,2.4094035602395243,8.406652885618316e-09,None,None,None,None, , , , 
31698, ,2.4094035602395243,9.011018251665036e-09,None,None,None,None, , , , 
31699, ,2.4094035602395243,9.658832241158707e-09,None,None,None,None, , , , 
31700, ,2.4094035602395243,1.0353218432956616e-08,None,None,None,None, , , , 
31701, ,2.4094035602395243,1.1097524964120722e-08,None,None,None,None, , , , 
31702, ,2.4094035602395243,1.1895340673703208e-08,None,None,None,None, , , , 
31703, ,2.4094035602395243,1.2750512407130128e-08,None,None,None,None, , , , 
31704, ,2.4094035602395243,1.3667163564620044e-08,None,None,None,None, , , , 
31705, ,2.4094035602395243,1.4649713983072853e-08,None,None,None,None, , , , 
31706, ,2.4094035602395243,1.5702901247293774e-08,None,None,None,None, , , , 
31707, ,2.4094035602395243,1.683180353330955e-08,None,None,None,None, , , , 
31708, ,2.4094035602395243,1.8041864093920717e-08,None,None,None,None, , , , 
31709, ,2.4094035602395243,1.933891750455232e-08,None,None,None,None, , , , 
31710, ,2.4094035602395243,2.0729217795953697e-08,None,None,None,None, , , , 
31711, ,2.4094035602395243,2.221946860939524e-08,None,None,None,None, , , , 
31712, ,2.4094035602395243,2.3816855519761606e-08,None,None,None,None, , , , 
31713, ,2.4094035602395243,2.552908068239516e-08,None,None,None,None, , , , 
31714, ,2.4094035602395243,2.7364399970746666e-08,None,None,None,None, , , , 
31715, ,2.4094035602395243,2.933166278390042e-08,None,None,None,None, , , , 
31716, ,2.4094035602395243,3.1440354715915e-08,None,None,None,None, , , , 
31717, ,2.4094035602395243,3.370064329271925e-08,None,None,None,None, , , , 
31718, ,2.4094035602395243,3.612342699709431e-08,None,None,None,None, , , , 
31719, ,2.4094035602395243,3.872038781812557e-08,None,None,None,None, , , , 
31720, ,2.4094035602395243,4.1504047578504727e-08,None,None,None,None, , , , 
31721, ,2.4094035602395243,4.448782831127585e-08,None,None,None,None, , , , 
31722, ,2.4094035602395243,4.768611697714474e-08,None,None,None,None, , , , 
31723, ,2.4094035602395243,5.111433483440165e-08,None,None,None,None, , , , 
31724, ,2.4094035602395243,5.478901179593934e-08,None,None,None,None, , , , 
31725, ,2.4094035602395243,5.872786613189478e-08,None,None,None,None, , , , 
31726, ,2.4094035602395243,6.294988990221888e-08,None,None,None,None, , , , 
31727, ,2.4094035602395243,6.747544053110687e-08,None,None,None,None, , , , 
31728, ,2.4094035602395243,7.232633896483534e-08,None,None,None,None, , , , 
31729, ,2.4094035602395243,7.752597488629465e-08,None,None,None,None, , , , 
31730, ,2.4094035602395243,8.309941949353386e-08,None,None,None,None, , , , 
31731, ,2.4094035602395243,8.907354638610439e-08,None,None,None,None, , , , 
31732, ,2.4094035602395243,9.547716114208066e-08,None,None,None,None, , , , 
31733, ,2.4094035602395243,1.0234114021054528e-07,None,None,None,None, , , , 
31734, ,2.4094035602395243,1.0969857978923841e-07,None,None,None,None, , , , 
31735, ,2.4094035602395243,1.1758495540521555e-07,None,None,None,None, , , , 
31736, ,2.4094035602395243,1.2603829296797277e-07,None,None,None,None, , , , 
31737, ,2.4094035602395243,1.350993521198025e-07,None,None,None,None, , , , 
31738, ,2.4094035602395243,1.4481182276745328e-07,None,None,None,None, , , , 
31739, ,2.4094035602395243,1.552225357427048e-07,None,None,None,None, , , , 
31740, ,2.4094035602395243,1.6638168860761273e-07,None,None,None,None, , , , 
31741, ,2.4094035602395243,1.7834308769319093e-07,None,None,None,None, , , , 
31742, ,2.4094035602395243,1.9116440753857e-07,None,None,None,None, , , , 
31743, ,2.4094035602395243,2.049074689815846e-07,None,None,None,None, , , , 
31744, ,2.4094035602395243,2.1963853724165468e-07,None,None,None,None, , , , 
31745, ,2.4094035602395243,2.3542864143224158e-07,None,None,None,None, , , , 
31746, ,2.4094035602395243,2.523539170434766e-07,None,None,None,None, , , , 
31747, ,2.4094035602395243,2.7049597304631316e-07,None,None,None,None, , , , 
31748, ,2.4094035602395243,2.899422853882875e-07,None,None,None,None, , , , 
31749, ,2.4094035602395243,3.107866187782014e-07,None,None,None,None, , , , 
31750, ,2.4094035602395243,3.33129478793467e-07,None,None,None,None, , , , 
31751, ,2.4094035602395243,3.5707859649004626e-07,None,None,None,None, , , , 
31752, ,2.4094035602395243,3.827494478516307e-07,None,None,None,None, , , , 
31753, ,2.4094035602395243,4.1026581058271904e-07,None,None,None,None, , , , 
31754, ,2.4094035602395243,4.397603609302722e-07,None,None,None,None, , , , 
31755, ,2.4094035602395243,4.7137531341167185e-07,None,None,None,None, , , , 
31756, ,2.4094035602395243,5.052631065335679e-07,None,None,None,None, , , , 
31757, ,2.4094035602395243,5.415871378079465e-07,None,None,None,None, , , , 
31758, ,2.4094035602395243,5.805225516094896e-07,None,None,None,None, , , , 
31759, ,2.4094035602395243,6.222570836730232e-07,None,None,None,None, , , , 
31760, ,2.4094035602395243,6.669919663030115e-07,None,None,None,None, , , , 
31761, ,2.4094035602395243,7.149428986597576e-07,None,None,None,None, , , , 
31762, ,2.4094035602395243,7.663410868007445e-07,None,None,None,None, , , , 
31763, ,2.4094035602395243,8.214343584919422e-07,None,None,None,None, , , , 
31764, ,2.4094035602395243,8.804883581643463e-07,None,None,None,None, , , , 
31765, ,2.4094035602395243,9.437878277775371e-07,None,None,None,None, , , , 
31766, ,2.4094035602395243,1.0116379797662072e-06,None,None,None,None, , , , 
31767, ,2.4094035602395243,1.0843659686896086e-06,None,None,None,None, , , , 
31768, ,2.4094035602395243,1.1623224686798522e-06,None,None,None,None, , , , 
31769, ,2.4094035602395243,1.2458833642950078e-06,None,None,None,None, , , , 
31770, ,2.4094035602395243,1.3354515629298971e-06,None,None,None,None, , , , 
31771, ,2.4094035602395243,1.4314589375234786e-06,None,None,None,None, , , , 
31772, ,2.4094035602395243,1.53436840893001e-06,None,None,None,None, , , , 
31773, ,2.4094035602395243,1.6446761779946631e-06,None,None,None,None, , , , 
31774, ,2.4094035602395243,1.762914118095948e-06,None,None,None,None, , , , 
31775, ,2.4094035602395243,1.8896523396912082e-06,None,None,None,None, , , , 
31776, ,2.4094035602395243,2.0255019392306664e-06,None,None,None,None, , , , 
31777, ,2.4094035602395243,2.171117945694501e-06,None,None,None,None, , , , 
31778, ,2.4094035602395243,2.327202478960408e-06,None,None,None,None, , , , 
31779, ,2.4094035602395243,2.494508135230317e-06,None,None,None,None, , , , 
31780, ,2.4094035602395243,2.673841615839944e-06,None,None,None,None, , , , 
31781, ,2.4094035602395243,2.8660676169482507e-06,None,None,None,None, , , , 
31782, ,2.4094035602395243,3.0721129988617524e-06,None,None,None,None, , , , 
31783, ,2.4094035602395243,3.292971255097148e-06,None,None,None,None, , , , 
31784, ,2.4094035602395243,3.5297073027306505e-06,None,None,None,None, , , , 
31785, ,2.4094035602395243,3.783462617131925e-06,None,None,None,None, , , , 
31786, ,2.4094035602395243,4.0554607358408275e-06,None,None,None,None, , , , 
31787, ,2.4094035602395243,4.3470131581250175e-06,None,None,None,None, , , , 
31788, ,2.4094035602395243,4.6595256686646765e-06,None,None,None,None, , , , 
31789, ,2.4094035602395243,4.99450511585514e-06,None,None,None,None, , , , 
31790, ,2.4094035602395243,5.353566677410719e-06,None,None,None,None, , , , 
31791, ,2.4094035602395243,5.738441648302393e-06,None,None,None,None, , , , 
31792, ,2.4094035602395243,6.150985788580505e-06,None,None,None,None, , , , 
31793, ,2.4094035602395243,6.593188271333541e-06,None,None,None,None, , , , 
31794, ,2.4094035602395243,7.067181273927492e-06,None,None,None,None, , , , 
31795, ,2.4094035602395243,7.575250258771904e-06,None,None,None,None, , , , 
31796, ,2.4094035602395243,8.119844993184007e-06,None,None,None,None, , , , 
31797, ,2.4094035602395243,8.703591361485167e-06,None,None,None,None, , , , 
31798, ,2.4094035602395243,9.329304026284676e-06,None,None,None,None, , , , 
31799, ,2.4094035602395243,1e-05,None,None,None,None, , , , 
31800, ,2.4945081352303164,1e-11,None,None,None,None, , , , 
31801, ,2.4945081352303164,1.0718913192051263e-11,None,None,None,None, , , , 
31802, ,2.4945081352303164,1.1489510001873107e-11,None,None,None,None, , , , 
31803, ,2.4945081352303164,1.2315506032928262e-11,None,None,None,None, , , , 
31804, ,2.4945081352303164,1.3200884008314167e-11,None,None,None,None, , , , 
31805, ,2.4945081352303164,1.4149912974345786e-11,None,None,None,None, , , , 
31806, ,2.4945081352303164,1.5167168884709242e-11,None,None,None,None, , , , 
31807, ,2.4945081352303164,1.6257556664437934e-11,None,None,None,None, , , , 
31808, ,2.4945081352303164,1.7426333860096473e-11,None,None,None,None, , , , 
31809, ,2.4945081352303164,1.8679135990207848e-11,None,None,None,None, , , , 
31810, ,2.4945081352303164,2.0022003718155844e-11,None,None,None,None, , , , 
31811, ,2.4945081352303164,2.1461411978584013e-11,None,None,None,None, , , , 
31812, ,2.4945081352303164,2.300430119772921e-11,None,None,None,None, , , , 
31813, ,2.4945081352303164,2.465811075822604e-11,None,None,None,None, , , , 
31814, ,2.4945081352303164,2.643081486974103e-11,None,None,None,None, , , , 
31815, ,2.4945081352303164,2.8330961018393178e-11,None,None,None,None, , , , 
31816, ,2.4945081352303164,3.036771118035461e-11,None,None,None,None, , , , 
31817, ,2.4945081352303164,3.255088599835057e-11,None,None,None,None, , , , 
31818, ,2.4945081352303164,3.4891012134067674e-11,None,None,None,None, , , , 
31819, ,2.4945081352303164,3.739937302478801e-11,None,None,None,None, , , , 
31820, ,2.4945081352303164,4.0088063288984646e-11,None,None,None,None, , , , 
31821, ,2.4945081352303164,4.297004704320835e-11,None,None,None,None, , , , 
31822, ,2.4945081352303164,4.605922041145113e-11,None,None,None,None, , , , 
31823, ,2.4945081352303164,4.937047852839004e-11,None,None,None,None, , , , 
31824, ,2.4945081352303164,5.2919787359584366e-11,None,None,None,None, , , , 
31825, ,2.4945081352303164,5.672426068491989e-11,None,None,None,None, , , , 
31826, ,2.4945081352303164,6.080224261649427e-11,None,None,None,None, , , , 
31827, ,2.4945081352303164,6.517339604882421e-11,None,None,None,None, , , , 
31828, ,2.4945081352303164,6.985879746785235e-11,None,None,None,None, , , , 
31829, ,2.4945081352303164,7.48810385759003e-11,None,None,None,None, , , , 
31830, ,2.4945081352303164,8.026433522257174e-11,None,None,None,None, , , , 
31831, ,2.4945081352303164,8.603464416684492e-11,None,None,None,None, , , , 
31832, ,2.4945081352303164,9.221978823334341e-11,None,None,None,None, , , , 
31833, ,2.4945081352303164,9.884959046625586e-11,None,None,None,None, , , , 
31834, ,2.4945081352303164,1.0595601792776149e-10,None,None,None,None, , , , 
31835, ,2.4945081352303164,1.1357333583431027e-10,None,None,None,None, , , , 
31836, ,2.4945081352303164,1.217382727739662e-10,None,None,None,None, , , , 
31837, ,2.4945081352303164,1.3049019780144016e-10,None,None,None,None, , , , 
31838, ,2.4945081352303164,1.398713102647236e-10,None,None,None,None, , , , 
31839, ,2.4945081352303164,1.4992684327860468e-10,None,None,None,None, , , , 
31840, ,2.4945081352303164,1.6070528182616384e-10,None,None,None,None, , , , 
31841, ,2.4945081352303164,1.722585965398784e-10,None,None,None,None, , , , 
31842, ,2.4945081352303164,1.8464249428955463e-10,None,None,None,None, , , , 
31843, ,2.4945081352303164,1.9791668678535569e-10,None,None,None,None, , , , 
31844, ,2.4945081352303164,2.121451784910628e-10,None,None,None,None, , , , 
31845, ,2.4945081352303164,2.273965752357932e-10,None,None,None,None, , , , 
31846, ,2.4945081352303164,2.4374441501222216e-10,None,None,None,None, , , , 
31847, ,2.4945081352303164,2.6126752255633265e-10,None,None,None,None, , , , 
31848, ,2.4945081352303164,2.8005038941836253e-10,None,None,None,None, , , , 
31849, ,2.4945081352303164,3.0018358135755917e-10,None,None,None,None, , , , 
31850, ,2.4945081352303164,3.2176417502507347e-10,None,None,None,None, , , , 
31851, ,2.4945081352303164,3.4489622604057533e-10,None,None,None,None, , , , 
31852, ,2.4945081352303164,3.696912707195032e-10,None,None,None,None, , , , 
31853, ,2.4945081352303164,3.9626886387014783e-10,None,None,None,None, , , , 
31854, ,2.4945081352303164,4.2475715525368935e-10,None,None,None,None, , , , 
31855, ,2.4945081352303164,4.552935074866938e-10,None,None,None,None, , , , 
31856, ,2.4945081352303164,4.880251583654433e-10,None,None,None,None, , , , 
31857, ,2.4945081352303164,5.231099308056258e-10,None,None,None,None, , , , 
31858, ,2.4945081352303164,5.60716993820547e-10,None,None,None,None, , , , 
31859, ,2.4945081352303164,6.010276782070387e-10,None,None,None,None, , , , 
31860, ,2.4945081352303164,6.442363508721371e-10,None,None,None,None, , , , 
31861, ,2.4945081352303164,6.905513520162316e-10,None,None,None,None, , , , 
31862, ,2.4945081352303164,7.401959996915653e-10,None,None,None,None, , , , 
31863, ,2.4945081352303164,7.934096665797492e-10,None,None,None,None, , , , 
31864, ,2.4945081352303164,8.504489341802668e-10,None,None,None,None, , , , 
31865, ,2.4945081352303164,9.115888299750837e-10,None,None,None,None, , , , 
31866, ,2.4945081352303164,9.771241535346502e-10,None,None,None,None, , , , 
31867, ,2.4945081352303164,1.0473708979594486e-09,None,None,None,None, , , , 
31868, ,2.4945081352303164,1.1226677735108114e-09,None,None,None,None, , , , 
31869, ,2.4945081352303164,1.2033778407775904e-09,None,None,None,None, , , , 
31870, ,2.4945081352303164,1.289890261253308e-09,None,None,None,None, , , , 
31871, ,2.4945081352303164,1.3826221737646535e-09,None,None,None,None, , , , 
31872, ,2.4945081352303164,1.4820207057988602e-09,None,None,None,None, , , , 
31873, ,2.4945081352303164,1.5885651294280526e-09,None,None,None,None, , , , 
31874, ,2.4945081352303164,1.702769172225898e-09,None,None,None,None, , , , 
31875, ,2.4945081352303164,1.825183494319039e-09,None,None,None,None, , , , 
31876, ,2.4945081352303164,1.956398343517065e-09,None,None,None,None, , , , 
31877, ,2.4945081352303164,2.0970464013232305e-09,None,None,None,None, , , , 
31878, ,2.4945081352303164,2.2478058335487307e-09,None,None,None,None, , , , 
31879, ,2.4945081352303164,2.409403560239527e-09,None,None,None,None, , , , 
31880, ,2.4945081352303164,2.582618760682675e-09,None,None,None,None, , , , 
31881, ,2.4945081352303164,2.768286630392061e-09,None,None,None,None, , , , 
31882, ,2.4945081352303164,2.9673024081888724e-09,None,None,None,None, , , , 
31883, ,2.4945081352303164,3.180625692794119e-09,None,None,None,None, , , , 
31884, ,2.4945081352303164,3.409285069746807e-09,None,None,None,None, , , , 
31885, ,2.4945081352303164,3.654383070957262e-09,None,None,None,None, , , , 
31886, ,2.4945081352303164,3.917101490809261e-09,None,None,None,None, , , , 
31887, ,2.4945081352303164,4.198707084443906e-09,None,None,None,None, , , , 
31888, ,2.4945081352303164,4.500557675700488e-09,None,None,None,None, , , , 
31889, ,2.4945081352303164,4.824108704165374e-09,None,None,None,None, , , , 
31890, ,2.4945081352303164,5.170920242896755e-09,None,None,None,None, , , , 
31891, ,2.4945081352303164,5.542664520663096e-09,None,None,None,None, , , , 
31892, ,2.4945081352303164,5.941133984965041e-09,None,None,None,None, , , , 
31893, ,2.4945081352303164,6.3682499447185856e-09,None,None,None,None, , , , 
31894, ,2.4945081352303164,6.826071834272379e-09,None,None,None,None, , , , 
31895, ,2.4945081352303164,7.316807143427175e-09,None,None,None,None, , , , 
31896, ,2.4945081352303164,7.842822061337681e-09,None,None,None,None, , , , 
31897, ,2.4945081352303164,8.406652885618316e-09,None,None,None,None, , , , 
31898, ,2.4945081352303164,9.011018251665036e-09,None,None,None,None, , , , 
31899, ,2.4945081352303164,9.658832241158707e-09,None,None,None,None, , , , 
31900, ,2.4945081352303164,1.0353218432956616e-08,None,None,None,None, , , , 
31901, ,2.4945081352303164,1.1097524964120722e-08,None,None,None,None, , , , 
31902, ,2.4945081352303164,1.1895340673703208e-08,None,None,None,None, , , , 
31903, ,2.4945081352303164,1.2750512407130128e-08,None,None,None,None, , , , 
31904, ,2.4945081352303164,1.3667163564620044e-08,None,None,None,None, , , , 
31905, ,2.4945081352303164,1.4649713983072853e-08,None,None,None,None, , , , 
31906, ,2.4945081352303164,1.5702901247293774e-08,None,None,None,None, , , , 
31907, ,2.4945081352303164,1.683180353330955e-08,None,None,None,None, , , , 
31908, ,2.4945081352303164,1.8041864093920717e-08,None,None,None,None, , , , 
31909, ,2.4945081352303164,1.933891750455232e-08,None,None,None,None, , , , 
31910, ,2.4945081352303164,2.0729217795953697e-08,None,None,None,None, , , , 
31911, ,2.4945081352303164,2.221946860939524e-08,None,None,None,None, , , , 
31912, ,2.4945081352303164,2.3816855519761606e-08,None,None,None,None, , , , 
31913, ,2.4945081352303164,2.552908068239516e-08,None,None,None,None, , , , 
31914, ,2.4945081352303164,2.7364399970746666e-08,None,None,None,None, , , , 
31915, ,2.4945081352303164,2.933166278390042e-08,None,None,None,None, , , , 
31916, ,2.4945081352303164,3.1440354715915e-08,None,None,None,None, , , , 
31917, ,2.4945081352303164,3.370064329271925e-08,None,None,None,None, , , , 
31918, ,2.4945081352303164,3.612342699709431e-08,None,None,None,None, , , , 
31919, ,2.4945081352303164,3.872038781812557e-08,None,None,None,None, , , , 
31920, ,2.4945081352303164,4.1504047578504727e-08,None,None,None,None, , , , 
31921, ,2.4945081352303164,4.448782831127585e-08,None,None,None,None, , , , 
31922, ,2.4945081352303164,4.768611697714474e-08,None,None,None,None, , , , 
31923, ,2.4945081352303164,5.111433483440165e-08,None,None,None,None, , , , 
31924, ,2.4945081352303164,5.478901179593934e-08,None,None,None,None, , , , 
31925, ,2.4945081352303164,5.872786613189478e-08,None,None,None,None, , , , 
31926, ,2.4945081352303164,6.294988990221888e-08,None,None,None,None, , , , 
31927, ,2.4945081352303164,6.747544053110687e-08,None,None,None,None, , , , 
31928, ,2.4945081352303164,7.232633896483534e-08,None,None,None,None, , , , 
31929, ,2.4945081352303164,7.752597488629465e-08,None,None,None,None, , , , 
31930, ,2.4945081352303164,8.309941949353386e-08,None,None,None,None, , , , 
31931, ,2.4945081352303164,8.907354638610439e-08,None,None,None,None, , , , 
31932, ,2.4945081352303164,9.547716114208066e-08,None,None,None,None, , , , 
31933, ,2.4945081352303164,1.0234114021054528e-07,None,None,None,None, , , , 
31934, ,2.4945081352303164,1.0969857978923841e-07,None,None,None,None, , , , 
31935, ,2.4945081352303164,1.1758495540521555e-07,None,None,None,None, , , , 
31936, ,2.4945081352303164,1.2603829296797277e-07,None,None,None,None, , , , 
31937, ,2.4945081352303164,1.350993521198025e-07,None,None,None,None, , , , 
31938, ,2.4945081352303164,1.4481182276745328e-07,None,None,None,None, , , , 
31939, ,2.4945081352303164,1.552225357427048e-07,None,None,None,None, , , , 
31940, ,2.4945081352303164,1.6638168860761273e-07,None,None,None,None, , , , 
31941, ,2.4945081352303164,1.7834308769319093e-07,None,None,None,None, , , , 
31942, ,2.4945081352303164,1.9116440753857e-07,None,None,None,None, , , , 
31943, ,2.4945081352303164,2.049074689815846e-07,None,None,None,None, , , , 
31944, ,2.4945081352303164,2.1963853724165468e-07,None,None,None,None, , , , 
31945, ,2.4945081352303164,2.3542864143224158e-07,None,None,None,None, , , , 
31946, ,2.4945081352303164,2.523539170434766e-07,None,None,None,None, , , , 
31947, ,2.4945081352303164,2.7049597304631316e-07,None,None,None,None, , , , 
31948, ,2.4945081352303164,2.899422853882875e-07,None,None,None,None, , , , 
31949, ,2.4945081352303164,3.107866187782014e-07,None,None,None,None, , , , 
31950, ,2.4945081352303164,3.33129478793467e-07,None,None,None,None, , , , 
31951, ,2.4945081352303164,3.5707859649004626e-07,None,None,None,None, , , , 
31952, ,2.4945081352303164,3.827494478516307e-07,None,None,None,None, , , , 
31953, ,2.4945081352303164,4.1026581058271904e-07,None,None,None,None, , , , 
31954, ,2.4945081352303164,4.397603609302722e-07,None,None,None,None, , , , 
31955, ,2.4945081352303164,4.7137531341167185e-07,None,None,None,None, , , , 
31956, ,2.4945081352303164,5.052631065335679e-07,None,None,None,None, , , , 
31957, ,2.4945081352303164,5.415871378079465e-07,None,None,None,None, , , , 
31958, ,2.4945081352303164,5.805225516094896e-07,None,None,None,None, , , , 
31959, ,2.4945081352303164,6.222570836730232e-07,None,None,None,None, , , , 
31960, ,2.4945081352303164,6.669919663030115e-07,None,None,None,None, , , , 
31961, ,2.4945081352303164,7.149428986597576e-07,None,None,None,None, , , , 
31962, ,2.4945081352303164,7.663410868007445e-07,None,None,None,None, , , , 
31963, ,2.4945081352303164,8.214343584919422e-07,None,None,None,None, , , , 
31964, ,2.4945081352303164,8.804883581643463e-07,None,None,None,None, , , , 
31965, ,2.4945081352303164,9.437878277775371e-07,None,None,None,None, , , , 
31966, ,2.4945081352303164,1.0116379797662072e-06,None,None,None,None, , , , 
31967, ,2.4945081352303164,1.0843659686896086e-06,None,None,None,None, , , , 
31968, ,2.4945081352303164,1.1623224686798522e-06,None,None,None,None, , , , 
31969, ,2.4945081352303164,1.2458833642950078e-06,None,None,None,None, , , , 
31970, ,2.4945081352303164,1.3354515629298971e-06,None,None,None,None, , , , 
31971, ,2.4945081352303164,1.4314589375234786e-06,None,None,None,None, , , , 
31972, ,2.4945081352303164,1.53436840893001e-06,None,None,None,None, , , , 
31973, ,2.4945081352303164,1.6446761779946631e-06,None,None,None,None, , , , 
31974, ,2.4945081352303164,1.762914118095948e-06,None,None,None,None, , , , 
31975, ,2.4945081352303164,1.8896523396912082e-06,None,None,None,None, , , , 
31976, ,2.4945081352303164,2.0255019392306664e-06,None,None,None,None, , , , 
31977, ,2.4945081352303164,2.171117945694501e-06,None,None,None,None, , , , 
31978, ,2.4945081352303164,2.327202478960408e-06,None,None,None,None, , , , 
31979, ,2.4945081352303164,2.494508135230317e-06,None,None,None,None, , , , 
31980, ,2.4945081352303164,2.673841615839944e-06,None,None,None,None, , , , 
31981, ,2.4945081352303164,2.8660676169482507e-06,None,None,None,None, , , , 
31982, ,2.4945081352303164,3.0721129988617524e-06,None,None,None,None, , , , 
31983, ,2.4945081352303164,3.292971255097148e-06,None,None,None,None, , , , 
31984, ,2.4945081352303164,3.5297073027306505e-06,None,None,None,None, , , , 
31985, ,2.4945081352303164,3.783462617131925e-06,None,None,None,None, , , , 
31986, ,2.4945081352303164,4.0554607358408275e-06,None,None,None,None, , , , 
31987, ,2.4945081352303164,4.3470131581250175e-06,None,None,None,None, , , , 
31988, ,2.4945081352303164,4.6595256686646765e-06,None,None,None,None, , , , 
31989, ,2.4945081352303164,4.99450511585514e-06,None,None,None,None, , , , 
31990, ,2.4945081352303164,5.353566677410719e-06,None,None,None,None, , , , 
31991, ,2.4945081352303164,5.738441648302393e-06,None,None,None,None, , , , 
31992, ,2.4945081352303164,6.150985788580505e-06,None,None,None,None, , , , 
31993, ,2.4945081352303164,6.593188271333541e-06,None,None,None,None, , , , 
31994, ,2.4945081352303164,7.067181273927492e-06,None,None,None,None, , , , 
31995, ,2.4945081352303164,7.575250258771904e-06,None,None,None,None, , , , 
31996, ,2.4945081352303164,8.119844993184007e-06,None,None,None,None, , , , 
31997, ,2.4945081352303164,8.703591361485167e-06,None,None,None,None, , , , 
31998, ,2.4945081352303164,9.329304026284676e-06,None,None,None,None, , , , 
31999, ,2.4945081352303164,1e-05,None,None,None,None, , , , 
32000, ,2.5826187606826747,1e-11,None,None,None,None, , , , 
32001, ,2.5826187606826747,1.0718913192051263e-11,None,None,None,None, , , , 
32002, ,2.5826187606826747,1.1489510001873107e-11,None,None,None,None, , , , 
32003, ,2.5826187606826747,1.2315506032928262e-11,None,None,None,None, , , , 
32004, ,2.5826187606826747,1.3200884008314167e-11,None,None,None,None, , , , 
32005, ,2.5826187606826747,1.4149912974345786e-11,None,None,None,None, , , , 
32006, ,2.5826187606826747,1.5167168884709242e-11,None,None,None,None, , , , 
32007, ,2.5826187606826747,1.6257556664437934e-11,None,None,None,None, , , , 
32008, ,2.5826187606826747,1.7426333860096473e-11,None,None,None,None, , , , 
32009, ,2.5826187606826747,1.8679135990207848e-11,None,None,None,None, , , , 
32010, ,2.5826187606826747,2.0022003718155844e-11,None,None,None,None, , , , 
32011, ,2.5826187606826747,2.1461411978584013e-11,None,None,None,None, , , , 
32012, ,2.5826187606826747,2.300430119772921e-11,None,None,None,None, , , , 
32013, ,2.5826187606826747,2.465811075822604e-11,None,None,None,None, , , , 
32014, ,2.5826187606826747,2.643081486974103e-11,None,None,None,None, , , , 
32015, ,2.5826187606826747,2.8330961018393178e-11,None,None,None,None, , , , 
32016, ,2.5826187606826747,3.036771118035461e-11,None,None,None,None, , , , 
32017, ,2.5826187606826747,3.255088599835057e-11,None,None,None,None, , , , 
32018, ,2.5826187606826747,3.4891012134067674e-11,None,None,None,None, , , , 
32019, ,2.5826187606826747,3.739937302478801e-11,None,None,None,None, , , , 
32020, ,2.5826187606826747,4.0088063288984646e-11,None,None,None,None, , , , 
32021, ,2.5826187606826747,4.297004704320835e-11,None,None,None,None, , , , 
32022, ,2.5826187606826747,4.605922041145113e-11,None,None,None,None, , , , 
32023, ,2.5826187606826747,4.937047852839004e-11,None,None,None,None, , , , 
32024, ,2.5826187606826747,5.2919787359584366e-11,None,None,None,None, , , , 
32025, ,2.5826187606826747,5.672426068491989e-11,None,None,None,None, , , , 
32026, ,2.5826187606826747,6.080224261649427e-11,None,None,None,None, , , , 
32027, ,2.5826187606826747,6.517339604882421e-11,None,None,None,None, , , , 
32028, ,2.5826187606826747,6.985879746785235e-11,None,None,None,None, , , , 
32029, ,2.5826187606826747,7.48810385759003e-11,None,None,None,None, , , , 
32030, ,2.5826187606826747,8.026433522257174e-11,None,None,None,None, , , , 
32031, ,2.5826187606826747,8.603464416684492e-11,None,None,None,None, , , , 
32032, ,2.5826187606826747,9.221978823334341e-11,None,None,None,None, , , , 
32033, ,2.5826187606826747,9.884959046625586e-11,None,None,None,None, , , , 
32034, ,2.5826187606826747,1.0595601792776149e-10,None,None,None,None, , , , 
32035, ,2.5826187606826747,1.1357333583431027e-10,None,None,None,None, , , , 
32036, ,2.5826187606826747,1.217382727739662e-10,None,None,None,None, , , , 
32037, ,2.5826187606826747,1.3049019780144016e-10,None,None,None,None, , , , 
32038, ,2.5826187606826747,1.398713102647236e-10,None,None,None,None, , , , 
32039, ,2.5826187606826747,1.4992684327860468e-10,None,None,None,None, , , , 
32040, ,2.5826187606826747,1.6070528182616384e-10,None,None,None,None, , , , 
32041, ,2.5826187606826747,1.722585965398784e-10,None,None,None,None, , , , 
32042, ,2.5826187606826747,1.8464249428955463e-10,None,None,None,None, , , , 
32043, ,2.5826187606826747,1.9791668678535569e-10,None,None,None,None, , , , 
32044, ,2.5826187606826747,2.121451784910628e-10,None,None,None,None, , , , 
32045, ,2.5826187606826747,2.273965752357932e-10,None,None,None,None, , , , 
32046, ,2.5826187606826747,2.4374441501222216e-10,None,None,None,None, , , , 
32047, ,2.5826187606826747,2.6126752255633265e-10,None,None,None,None, , , , 
32048, ,2.5826187606826747,2.8005038941836253e-10,None,None,None,None, , , , 
32049, ,2.5826187606826747,3.0018358135755917e-10,None,None,None,None, , , , 
32050, ,2.5826187606826747,3.2176417502507347e-10,None,None,None,None, , , , 
32051, ,2.5826187606826747,3.4489622604057533e-10,None,None,None,None, , , , 
32052, ,2.5826187606826747,3.696912707195032e-10,None,None,None,None, , , , 
32053, ,2.5826187606826747,3.9626886387014783e-10,None,None,None,None, , , , 
32054, ,2.5826187606826747,4.2475715525368935e-10,None,None,None,None, , , , 
32055, ,2.5826187606826747,4.552935074866938e-10,None,None,None,None, , , , 
32056, ,2.5826187606826747,4.880251583654433e-10,None,None,None,None, , , , 
32057, ,2.5826187606826747,5.231099308056258e-10,None,None,None,None, , , , 
32058, ,2.5826187606826747,5.60716993820547e-10,None,None,None,None, , , , 
32059, ,2.5826187606826747,6.010276782070387e-10,None,None,None,None, , , , 
32060, ,2.5826187606826747,6.442363508721371e-10,None,None,None,None, , , , 
32061, ,2.5826187606826747,6.905513520162316e-10,None,None,None,None, , , , 
32062, ,2.5826187606826747,7.401959996915653e-10,None,None,None,None, , , , 
32063, ,2.5826187606826747,7.934096665797492e-10,None,None,None,None, , , , 
32064, ,2.5826187606826747,8.504489341802668e-10,None,None,None,None, , , , 
32065, ,2.5826187606826747,9.115888299750837e-10,None,None,None,None, , , , 
32066, ,2.5826187606826747,9.771241535346502e-10,None,None,None,None, , , , 
32067, ,2.5826187606826747,1.0473708979594486e-09,None,None,None,None, , , , 
32068, ,2.5826187606826747,1.1226677735108114e-09,None,None,None,None, , , , 
32069, ,2.5826187606826747,1.2033778407775904e-09,None,None,None,None, , , , 
32070, ,2.5826187606826747,1.289890261253308e-09,None,None,None,None, , , , 
32071, ,2.5826187606826747,1.3826221737646535e-09,None,None,None,None, , , , 
32072, ,2.5826187606826747,1.4820207057988602e-09,None,None,None,None, , , , 
32073, ,2.5826187606826747,1.5885651294280526e-09,None,None,None,None, , , , 
32074, ,2.5826187606826747,1.702769172225898e-09,None,None,None,None, , , , 
32075, ,2.5826187606826747,1.825183494319039e-09,None,None,None,None, , , , 
32076, ,2.5826187606826747,1.956398343517065e-09,None,None,None,None, , , , 
32077, ,2.5826187606826747,2.0970464013232305e-09,None,None,None,None, , , , 
32078, ,2.5826187606826747,2.2478058335487307e-09,None,None,None,None, , , , 
32079, ,2.5826187606826747,2.409403560239527e-09,None,None,None,None, , , , 
32080, ,2.5826187606826747,2.582618760682675e-09,None,None,None,None, , , , 
32081, ,2.5826187606826747,2.768286630392061e-09,None,None,None,None, , , , 
32082, ,2.5826187606826747,2.9673024081888724e-09,None,None,None,None, , , , 
32083, ,2.5826187606826747,3.180625692794119e-09,None,None,None,None, , , , 
32084, ,2.5826187606826747,3.409285069746807e-09,None,None,None,None, , , , 
32085, ,2.5826187606826747,3.654383070957262e-09,None,None,None,None, , , , 
32086, ,2.5826187606826747,3.917101490809261e-09,None,None,None,None, , , , 
32087, ,2.5826187606826747,4.198707084443906e-09,None,None,None,None, , , , 
32088, ,2.5826187606826747,4.500557675700488e-09,None,None,None,None, , , , 
32089, ,2.5826187606826747,4.824108704165374e-09,None,None,None,None, , , , 
32090, ,2.5826187606826747,5.170920242896755e-09,None,None,None,None, , , , 
32091, ,2.5826187606826747,5.542664520663096e-09,None,None,None,None, , , , 
32092, ,2.5826187606826747,5.941133984965041e-09,None,None,None,None, , , , 
32093, ,2.5826187606826747,6.3682499447185856e-09,None,None,None,None, , , , 
32094, ,2.5826187606826747,6.826071834272379e-09,None,None,None,None, , , , 
32095, ,2.5826187606826747,7.316807143427175e-09,None,None,None,None, , , , 
32096, ,2.5826187606826747,7.842822061337681e-09,None,None,None,None, , , , 
32097, ,2.5826187606826747,8.406652885618316e-09,None,None,None,None, , , , 
32098, ,2.5826187606826747,9.011018251665036e-09,None,None,None,None, , , , 
32099, ,2.5826187606826747,9.658832241158707e-09,None,None,None,None, , , , 
32100, ,2.5826187606826747,1.0353218432956616e-08,None,None,None,None, , , , 
32101, ,2.5826187606826747,1.1097524964120722e-08,None,None,None,None, , , , 
32102, ,2.5826187606826747,1.1895340673703208e-08,None,None,None,None, , , , 
32103, ,2.5826187606826747,1.2750512407130128e-08,None,None,None,None, , , , 
32104, ,2.5826187606826747,1.3667163564620044e-08,None,None,None,None, , , , 
32105, ,2.5826187606826747,1.4649713983072853e-08,None,None,None,None, , , , 
32106, ,2.5826187606826747,1.5702901247293774e-08,None,None,None,None, , , , 
32107, ,2.5826187606826747,1.683180353330955e-08,None,None,None,None, , , , 
32108, ,2.5826187606826747,1.8041864093920717e-08,None,None,None,None, , , , 
32109, ,2.5826187606826747,1.933891750455232e-08,None,None,None,None, , , , 
32110, ,2.5826187606826747,2.0729217795953697e-08,None,None,None,None, , , , 
32111, ,2.5826187606826747,2.221946860939524e-08,None,None,None,None, , , , 
32112, ,2.5826187606826747,2.3816855519761606e-08,None,None,None,None, , , , 
32113, ,2.5826187606826747,2.552908068239516e-08,None,None,None,None, , , , 
32114, ,2.5826187606826747,2.7364399970746666e-08,None,None,None,None, , , , 
32115, ,2.5826187606826747,2.933166278390042e-08,None,None,None,None, , , , 
32116, ,2.5826187606826747,3.1440354715915e-08,None,None,None,None, , , , 
32117, ,2.5826187606826747,3.370064329271925e-08,None,None,None,None, , , , 
32118, ,2.5826187606826747,3.612342699709431e-08,None,None,None,None, , , , 
32119, ,2.5826187606826747,3.872038781812557e-08,None,None,None,None, , , , 
32120, ,2.5826187606826747,4.1504047578504727e-08,None,None,None,None, , , , 
32121, ,2.5826187606826747,4.448782831127585e-08,None,None,None,None, , , , 
32122, ,2.5826187606826747,4.768611697714474e-08,None,None,None,None, , , , 
32123, ,2.5826187606826747,5.111433483440165e-08,None,None,None,None, , , , 
32124, ,2.5826187606826747,5.478901179593934e-08,None,None,None,None, , , , 
32125, ,2.5826187606826747,5.872786613189478e-08,None,None,None,None, , , , 
32126, ,2.5826187606826747,6.294988990221888e-08,None,None,None,None, , , , 
32127, ,2.5826187606826747,6.747544053110687e-08,None,None,None,None, , , , 
32128, ,2.5826187606826747,7.232633896483534e-08,None,None,None,None, , , , 
32129, ,2.5826187606826747,7.752597488629465e-08,None,None,None,None, , , , 
32130, ,2.5826187606826747,8.309941949353386e-08,None,None,None,None, , , , 
32131, ,2.5826187606826747,8.907354638610439e-08,None,None,None,None, , , , 
32132, ,2.5826187606826747,9.547716114208066e-08,None,None,None,None, , , , 
32133, ,2.5826187606826747,1.0234114021054528e-07,None,None,None,None, , , , 
32134, ,2.5826187606826747,1.0969857978923841e-07,None,None,None,None, , , , 
32135, ,2.5826187606826747,1.1758495540521555e-07,None,None,None,None, , , , 
32136, ,2.5826187606826747,1.2603829296797277e-07,None,None,None,None, , , , 
32137, ,2.5826187606826747,1.350993521198025e-07,None,None,None,None, , , , 
32138, ,2.5826187606826747,1.4481182276745328e-07,None,None,None,None, , , , 
32139, ,2.5826187606826747,1.552225357427048e-07,None,None,None,None, , , , 
32140, ,2.5826187606826747,1.6638168860761273e-07,None,None,None,None, , , , 
32141, ,2.5826187606826747,1.7834308769319093e-07,None,None,None,None, , , , 
32142, ,2.5826187606826747,1.9116440753857e-07,None,None,None,None, , , , 
32143, ,2.5826187606826747,2.049074689815846e-07,None,None,None,None, , , , 
32144, ,2.5826187606826747,2.1963853724165468e-07,None,None,None,None, , , , 
32145, ,2.5826187606826747,2.3542864143224158e-07,None,None,None,None, , , , 
32146, ,2.5826187606826747,2.523539170434766e-07,None,None,None,None, , , , 
32147, ,2.5826187606826747,2.7049597304631316e-07,None,None,None,None, , , , 
32148, ,2.5826187606826747,2.899422853882875e-07,None,None,None,None, , , , 
32149, ,2.5826187606826747,3.107866187782014e-07,None,None,None,None, , , , 
32150, ,2.5826187606826747,3.33129478793467e-07,None,None,None,None, , , , 
32151, ,2.5826187606826747,3.5707859649004626e-07,None,None,None,None, , , , 
32152, ,2.5826187606826747,3.827494478516307e-07,None,None,None,None, , , , 
32153, ,2.5826187606826747,4.1026581058271904e-07,None,None,None,None, , , , 
32154, ,2.5826187606826747,4.397603609302722e-07,None,None,None,None, , , , 
32155, ,2.5826187606826747,4.7137531341167185e-07,None,None,None,None, , , , 
32156, ,2.5826187606826747,5.052631065335679e-07,None,None,None,None, , , , 
32157, ,2.5826187606826747,5.415871378079465e-07,None,None,None,None, , , , 
32158, ,2.5826187606826747,5.805225516094896e-07,None,None,None,None, , , , 
32159, ,2.5826187606826747,6.222570836730232e-07,None,None,None,None, , , , 
32160, ,2.5826187606826747,6.669919663030115e-07,None,None,None,None, , , , 
32161, ,2.5826187606826747,7.149428986597576e-07,None,None,None,None, , , , 
32162, ,2.5826187606826747,7.663410868007445e-07,None,None,None,None, , , , 
32163, ,2.5826187606826747,8.214343584919422e-07,None,None,None,None, , , , 
32164, ,2.5826187606826747,8.804883581643463e-07,None,None,None,None, , , , 
32165, ,2.5826187606826747,9.437878277775371e-07,None,None,None,None, , , , 
32166, ,2.5826187606826747,1.0116379797662072e-06,None,None,None,None, , , , 
32167, ,2.5826187606826747,1.0843659686896086e-06,None,None,None,None, , , , 
32168, ,2.5826187606826747,1.1623224686798522e-06,None,None,None,None, , , , 
32169, ,2.5826187606826747,1.2458833642950078e-06,None,None,None,None, , , , 
32170, ,2.5826187606826747,1.3354515629298971e-06,None,None,None,None, , , , 
32171, ,2.5826187606826747,1.4314589375234786e-06,None,None,None,None, , , , 
32172, ,2.5826187606826747,1.53436840893001e-06,None,None,None,None, , , , 
32173, ,2.5826187606826747,1.6446761779946631e-06,None,None,None,None, , , , 
32174, ,2.5826187606826747,1.762914118095948e-06,None,None,None,None, , , , 
32175, ,2.5826187606826747,1.8896523396912082e-06,None,None,None,None, , , , 
32176, ,2.5826187606826747,2.0255019392306664e-06,None,None,None,None, , , , 
32177, ,2.5826187606826747,2.171117945694501e-06,None,None,None,None, , , , 
32178, ,2.5826187606826747,2.327202478960408e-06,None,None,None,None, , , , 
32179, ,2.5826187606826747,2.494508135230317e-06,None,None,None,None, , , , 
32180, ,2.5826187606826747,2.673841615839944e-06,None,None,None,None, , , , 
32181, ,2.5826187606826747,2.8660676169482507e-06,None,None,None,None, , , , 
32182, ,2.5826187606826747,3.0721129988617524e-06,None,None,None,None, , , , 
32183, ,2.5826187606826747,3.292971255097148e-06,None,None,None,None, , , , 
32184, ,2.5826187606826747,3.5297073027306505e-06,None,None,None,None, , , , 
32185, ,2.5826187606826747,3.783462617131925e-06,None,None,None,None, , , , 
32186, ,2.5826187606826747,4.0554607358408275e-06,None,None,None,None, , , , 
32187, ,2.5826187606826747,4.3470131581250175e-06,None,None,None,None, , , , 
32188, ,2.5826187606826747,4.6595256686646765e-06,None,None,None,None, , , , 
32189, ,2.5826187606826747,4.99450511585514e-06,None,None,None,None, , , , 
32190, ,2.5826187606826747,5.353566677410719e-06,None,None,None,None, , , , 
32191, ,2.5826187606826747,5.738441648302393e-06,None,None,None,None, , , , 
32192, ,2.5826187606826747,6.150985788580505e-06,None,None,None,None, , , , 
32193, ,2.5826187606826747,6.593188271333541e-06,None,None,None,None, , , , 
32194, ,2.5826187606826747,7.067181273927492e-06,None,None,None,None, , , , 
32195, ,2.5826187606826747,7.575250258771904e-06,None,None,None,None, , , , 
32196, ,2.5826187606826747,8.119844993184007e-06,None,None,None,None, , , , 
32197, ,2.5826187606826747,8.703591361485167e-06,None,None,None,None, , , , 
32198, ,2.5826187606826747,9.329304026284676e-06,None,None,None,None, , , , 
32199, ,2.5826187606826747,1e-05,None,None,None,None, , , , 
32200, ,2.6738416158399465,1e-11,None,None,None,None, , , , 
32201, ,2.6738416158399465,1.0718913192051263e-11,None,None,None,None, , , , 
32202, ,2.6738416158399465,1.1489510001873107e-11,None,None,None,None, , , , 
32203, ,2.6738416158399465,1.2315506032928262e-11,None,None,None,None, , , , 
32204, ,2.6738416158399465,1.3200884008314167e-11,None,None,None,None, , , , 
32205, ,2.6738416158399465,1.4149912974345786e-11,None,None,None,None, , , , 
32206, ,2.6738416158399465,1.5167168884709242e-11,None,None,None,None, , , , 
32207, ,2.6738416158399465,1.6257556664437934e-11,None,None,None,None, , , , 
32208, ,2.6738416158399465,1.7426333860096473e-11,None,None,None,None, , , , 
32209, ,2.6738416158399465,1.8679135990207848e-11,None,None,None,None, , , , 
32210, ,2.6738416158399465,2.0022003718155844e-11,None,None,None,None, , , , 
32211, ,2.6738416158399465,2.1461411978584013e-11,None,None,None,None, , , , 
32212, ,2.6738416158399465,2.300430119772921e-11,None,None,None,None, , , , 
32213, ,2.6738416158399465,2.465811075822604e-11,None,None,None,None, , , , 
32214, ,2.6738416158399465,2.643081486974103e-11,None,None,None,None, , , , 
32215, ,2.6738416158399465,2.8330961018393178e-11,None,None,None,None, , , , 
32216, ,2.6738416158399465,3.036771118035461e-11,None,None,None,None, , , , 
32217, ,2.6738416158399465,3.255088599835057e-11,None,None,None,None, , , , 
32218, ,2.6738416158399465,3.4891012134067674e-11,None,None,None,None, , , , 
32219, ,2.6738416158399465,3.739937302478801e-11,None,None,None,None, , , , 
32220, ,2.6738416158399465,4.0088063288984646e-11,None,None,None,None, , , , 
32221, ,2.6738416158399465,4.297004704320835e-11,None,None,None,None, , , , 
32222, ,2.6738416158399465,4.605922041145113e-11,None,None,None,None, , , , 
32223, ,2.6738416158399465,4.937047852839004e-11,None,None,None,None, , , , 
32224, ,2.6738416158399465,5.2919787359584366e-11,None,None,None,None, , , , 
32225, ,2.6738416158399465,5.672426068491989e-11,None,None,None,None, , , , 
32226, ,2.6738416158399465,6.080224261649427e-11,None,None,None,None, , , , 
32227, ,2.6738416158399465,6.517339604882421e-11,None,None,None,None, , , , 
32228, ,2.6738416158399465,6.985879746785235e-11,None,None,None,None, , , , 
32229, ,2.6738416158399465,7.48810385759003e-11,None,None,None,None, , , , 
32230, ,2.6738416158399465,8.026433522257174e-11,None,None,None,None, , , , 
32231, ,2.6738416158399465,8.603464416684492e-11,None,None,None,None, , , , 
32232, ,2.6738416158399465,9.221978823334341e-11,None,None,None,None, , , , 
32233, ,2.6738416158399465,9.884959046625586e-11,None,None,None,None, , , , 
32234, ,2.6738416158399465,1.0595601792776149e-10,None,None,None,None, , , , 
32235, ,2.6738416158399465,1.1357333583431027e-10,None,None,None,None, , , , 
32236, ,2.6738416158399465,1.217382727739662e-10,None,None,None,None, , , , 
32237, ,2.6738416158399465,1.3049019780144016e-10,None,None,None,None, , , , 
32238, ,2.6738416158399465,1.398713102647236e-10,None,None,None,None, , , , 
32239, ,2.6738416158399465,1.4992684327860468e-10,None,None,None,None, , , , 
32240, ,2.6738416158399465,1.6070528182616384e-10,None,None,None,None, , , , 
32241, ,2.6738416158399465,1.722585965398784e-10,None,None,None,None, , , , 
32242, ,2.6738416158399465,1.8464249428955463e-10,None,None,None,None, , , , 
32243, ,2.6738416158399465,1.9791668678535569e-10,None,None,None,None, , , , 
32244, ,2.6738416158399465,2.121451784910628e-10,None,None,None,None, , , , 
32245, ,2.6738416158399465,2.273965752357932e-10,None,None,None,None, , , , 
32246, ,2.6738416158399465,2.4374441501222216e-10,None,None,None,None, , , , 
32247, ,2.6738416158399465,2.6126752255633265e-10,None,None,None,None, , , , 
32248, ,2.6738416158399465,2.8005038941836253e-10,None,None,None,None, , , , 
32249, ,2.6738416158399465,3.0018358135755917e-10,None,None,None,None, , , , 
32250, ,2.6738416158399465,3.2176417502507347e-10,None,None,None,None, , , , 
32251, ,2.6738416158399465,3.4489622604057533e-10,None,None,None,None, , , , 
32252, ,2.6738416158399465,3.696912707195032e-10,None,None,None,None, , , , 
32253, ,2.6738416158399465,3.9626886387014783e-10,None,None,None,None, , , , 
32254, ,2.6738416158399465,4.2475715525368935e-10,None,None,None,None, , , , 
32255, ,2.6738416158399465,4.552935074866938e-10,None,None,None,None, , , , 
32256, ,2.6738416158399465,4.880251583654433e-10,None,None,None,None, , , , 
32257, ,2.6738416158399465,5.231099308056258e-10,None,None,None,None, , , , 
32258, ,2.6738416158399465,5.60716993820547e-10,None,None,None,None, , , , 
32259, ,2.6738416158399465,6.010276782070387e-10,None,None,None,None, , , , 
32260, ,2.6738416158399465,6.442363508721371e-10,None,None,None,None, , , , 
32261, ,2.6738416158399465,6.905513520162316e-10,None,None,None,None, , , , 
32262, ,2.6738416158399465,7.401959996915653e-10,None,None,None,None, , , , 
32263, ,2.6738416158399465,7.934096665797492e-10,None,None,None,None, , , , 
32264, ,2.6738416158399465,8.504489341802668e-10,None,None,None,None, , , , 
32265, ,2.6738416158399465,9.115888299750837e-10,None,None,None,None, , , , 
32266, ,2.6738416158399465,9.771241535346502e-10,None,None,None,None, , , , 
32267, ,2.6738416158399465,1.0473708979594486e-09,None,None,None,None, , , , 
32268, ,2.6738416158399465,1.1226677735108114e-09,None,None,None,None, , , , 
32269, ,2.6738416158399465,1.2033778407775904e-09,None,None,None,None, , , , 
32270, ,2.6738416158399465,1.289890261253308e-09,None,None,None,None, , , , 
32271, ,2.6738416158399465,1.3826221737646535e-09,None,None,None,None, , , , 
32272, ,2.6738416158399465,1.4820207057988602e-09,None,None,None,None, , , , 
32273, ,2.6738416158399465,1.5885651294280526e-09,None,None,None,None, , , , 
32274, ,2.6738416158399465,1.702769172225898e-09,None,None,None,None, , , , 
32275, ,2.6738416158399465,1.825183494319039e-09,None,None,None,None, , , , 
32276, ,2.6738416158399465,1.956398343517065e-09,None,None,None,None, , , , 
32277, ,2.6738416158399465,2.0970464013232305e-09,None,None,None,None, , , , 
32278, ,2.6738416158399465,2.2478058335487307e-09,None,None,None,None, , , , 
32279, ,2.6738416158399465,2.409403560239527e-09,None,None,None,None, , , , 
32280, ,2.6738416158399465,2.582618760682675e-09,None,None,None,None, , , , 
32281, ,2.6738416158399465,2.768286630392061e-09,None,None,None,None, , , , 
32282, ,2.6738416158399465,2.9673024081888724e-09,None,None,None,None, , , , 
32283, ,2.6738416158399465,3.180625692794119e-09,None,None,None,None, , , , 
32284, ,2.6738416158399465,3.409285069746807e-09,None,None,None,None, , , , 
32285, ,2.6738416158399465,3.654383070957262e-09,None,None,None,None, , , , 
32286, ,2.6738416158399465,3.917101490809261e-09,None,None,None,None, , , , 
32287, ,2.6738416158399465,4.198707084443906e-09,None,None,None,None, , , , 
32288, ,2.6738416158399465,4.500557675700488e-09,None,None,None,None, , , , 
32289, ,2.6738416158399465,4.824108704165374e-09,None,None,None,None, , , , 
32290, ,2.6738416158399465,5.170920242896755e-09,None,None,None,None, , , , 
32291, ,2.6738416158399465,5.542664520663096e-09,None,None,None,None, , , , 
32292, ,2.6738416158399465,5.941133984965041e-09,None,None,None,None, , , , 
32293, ,2.6738416158399465,6.3682499447185856e-09,None,None,None,None, , , , 
32294, ,2.6738416158399465,6.826071834272379e-09,None,None,None,None, , , , 
32295, ,2.6738416158399465,7.316807143427175e-09,None,None,None,None, , , , 
32296, ,2.6738416158399465,7.842822061337681e-09,None,None,None,None, , , , 
32297, ,2.6738416158399465,8.406652885618316e-09,None,None,None,None, , , , 
32298, ,2.6738416158399465,9.011018251665036e-09,None,None,None,None, , , , 
32299, ,2.6738416158399465,9.658832241158707e-09,None,None,None,None, , , , 
32300, ,2.6738416158399465,1.0353218432956616e-08,None,None,None,None, , , , 
32301, ,2.6738416158399465,1.1097524964120722e-08,None,None,None,None, , , , 
32302, ,2.6738416158399465,1.1895340673703208e-08,None,None,None,None, , , , 
32303, ,2.6738416158399465,1.2750512407130128e-08,None,None,None,None, , , , 
32304, ,2.6738416158399465,1.3667163564620044e-08,None,None,None,None, , , , 
32305, ,2.6738416158399465,1.4649713983072853e-08,None,None,None,None, , , , 
32306, ,2.6738416158399465,1.5702901247293774e-08,None,None,None,None, , , , 
32307, ,2.6738416158399465,1.683180353330955e-08,None,None,None,None, , , , 
32308, ,2.6738416158399465,1.8041864093920717e-08,None,None,None,None, , , , 
32309, ,2.6738416158399465,1.933891750455232e-08,None,None,None,None, , , , 
32310, ,2.6738416158399465,2.0729217795953697e-08,None,None,None,None, , , , 
32311, ,2.6738416158399465,2.221946860939524e-08,None,None,None,None, , , , 
32312, ,2.6738416158399465,2.3816855519761606e-08,None,None,None,None, , , , 
32313, ,2.6738416158399465,2.552908068239516e-08,None,None,None,None, , , , 
32314, ,2.6738416158399465,2.7364399970746666e-08,None,None,None,None, , , , 
32315, ,2.6738416158399465,2.933166278390042e-08,None,None,None,None, , , , 
32316, ,2.6738416158399465,3.1440354715915e-08,None,None,None,None, , , , 
32317, ,2.6738416158399465,3.370064329271925e-08,None,None,None,None, , , , 
32318, ,2.6738416158399465,3.612342699709431e-08,None,None,None,None, , , , 
32319, ,2.6738416158399465,3.872038781812557e-08,None,None,None,None, , , , 
32320, ,2.6738416158399465,4.1504047578504727e-08,None,None,None,None, , , , 
32321, ,2.6738416158399465,4.448782831127585e-08,None,None,None,None, , , , 
32322, ,2.6738416158399465,4.768611697714474e-08,None,None,None,None, , , , 
32323, ,2.6738416158399465,5.111433483440165e-08,None,None,None,None, , , , 
32324, ,2.6738416158399465,5.478901179593934e-08,None,None,None,None, , , , 
32325, ,2.6738416158399465,5.872786613189478e-08,None,None,None,None, , , , 
32326, ,2.6738416158399465,6.294988990221888e-08,None,None,None,None, , , , 
32327, ,2.6738416158399465,6.747544053110687e-08,None,None,None,None, , , , 
32328, ,2.6738416158399465,7.232633896483534e-08,None,None,None,None, , , , 
32329, ,2.6738416158399465,7.752597488629465e-08,None,None,None,None, , , , 
32330, ,2.6738416158399465,8.309941949353386e-08,None,None,None,None, , , , 
32331, ,2.6738416158399465,8.907354638610439e-08,None,None,None,None, , , , 
32332, ,2.6738416158399465,9.547716114208066e-08,None,None,None,None, , , , 
32333, ,2.6738416158399465,1.0234114021054528e-07,None,None,None,None, , , , 
32334, ,2.6738416158399465,1.0969857978923841e-07,None,None,None,None, , , , 
32335, ,2.6738416158399465,1.1758495540521555e-07,None,None,None,None, , , , 
32336, ,2.6738416158399465,1.2603829296797277e-07,None,None,None,None, , , , 
32337, ,2.6738416158399465,1.350993521198025e-07,None,None,None,None, , , , 
32338, ,2.6738416158399465,1.4481182276745328e-07,None,None,None,None, , , , 
32339, ,2.6738416158399465,1.552225357427048e-07,None,None,None,None, , , , 
32340, ,2.6738416158399465,1.6638168860761273e-07,None,None,None,None, , , , 
32341, ,2.6738416158399465,1.7834308769319093e-07,None,None,None,None, , , , 
32342, ,2.6738416158399465,1.9116440753857e-07,None,None,None,None, , , , 
32343, ,2.6738416158399465,2.049074689815846e-07,None,None,None,None, , , , 
32344, ,2.6738416158399465,2.1963853724165468e-07,None,None,None,None, , , , 
32345, ,2.6738416158399465,2.3542864143224158e-07,None,None,None,None, , , , 
32346, ,2.6738416158399465,2.523539170434766e-07,None,None,None,None, , , , 
32347, ,2.6738416158399465,2.7049597304631316e-07,None,None,None,None, , , , 
32348, ,2.6738416158399465,2.899422853882875e-07,None,None,None,None, , , , 
32349, ,2.6738416158399465,3.107866187782014e-07,None,None,None,None, , , , 
32350, ,2.6738416158399465,3.33129478793467e-07,None,None,None,None, , , , 
32351, ,2.6738416158399465,3.5707859649004626e-07,None,None,None,None, , , , 
32352, ,2.6738416158399465,3.827494478516307e-07,None,None,None,None, , , , 
32353, ,2.6738416158399465,4.1026581058271904e-07,None,None,None,None, , , , 
32354, ,2.6738416158399465,4.397603609302722e-07,None,None,None,None, , , , 
32355, ,2.6738416158399465,4.7137531341167185e-07,None,None,None,None, , , , 
32356, ,2.6738416158399465,5.052631065335679e-07,None,None,None,None, , , , 
32357, ,2.6738416158399465,5.415871378079465e-07,None,None,None,None, , , , 
32358, ,2.6738416158399465,5.805225516094896e-07,None,None,None,None, , , , 
32359, ,2.6738416158399465,6.222570836730232e-07,None,None,None,None, , , , 
32360, ,2.6738416158399465,6.669919663030115e-07,None,None,None,None, , , , 
32361, ,2.6738416158399465,7.149428986597576e-07,None,None,None,None, , , , 
32362, ,2.6738416158399465,7.663410868007445e-07,None,None,None,None, , , , 
32363, ,2.6738416158399465,8.214343584919422e-07,None,None,None,None, , , , 
32364, ,2.6738416158399465,8.804883581643463e-07,None,None,None,None, , , , 
32365, ,2.6738416158399465,9.437878277775371e-07,None,None,None,None, , , , 
32366, ,2.6738416158399465,1.0116379797662072e-06,None,None,None,None, , , , 
32367, ,2.6738416158399465,1.0843659686896086e-06,None,None,None,None, , , , 
32368, ,2.6738416158399465,1.1623224686798522e-06,None,None,None,None, , , , 
32369, ,2.6738416158399465,1.2458833642950078e-06,None,None,None,None, , , , 
32370, ,2.6738416158399465,1.3354515629298971e-06,None,None,None,None, , , , 
32371, ,2.6738416158399465,1.4314589375234786e-06,None,None,None,None, , , , 
32372, ,2.6738416158399465,1.53436840893001e-06,None,None,None,None, , , , 
32373, ,2.6738416158399465,1.6446761779946631e-06,None,None,None,None, , , , 
32374, ,2.6738416158399465,1.762914118095948e-06,None,None,None,None, , , , 
32375, ,2.6738416158399465,1.8896523396912082e-06,None,None,None,None, , , , 
32376, ,2.6738416158399465,2.0255019392306664e-06,None,None,None,None, , , , 
32377, ,2.6738416158399465,2.171117945694501e-06,None,None,None,None, , , , 
32378, ,2.6738416158399465,2.327202478960408e-06,None,None,None,None, , , , 
32379, ,2.6738416158399465,2.494508135230317e-06,None,None,None,None, , , , 
32380, ,2.6738416158399465,2.673841615839944e-06,None,None,None,None, , , , 
32381, ,2.6738416158399465,2.8660676169482507e-06,None,None,None,None, , , , 
32382, ,2.6738416158399465,3.0721129988617524e-06,None,None,None,None, , , , 
32383, ,2.6738416158399465,3.292971255097148e-06,None,None,None,None, , , , 
32384, ,2.6738416158399465,3.5297073027306505e-06,None,None,None,None, , , , 
32385, ,2.6738416158399465,3.783462617131925e-06,None,None,None,None, , , , 
32386, ,2.6738416158399465,4.0554607358408275e-06,None,None,None,None, , , , 
32387, ,2.6738416158399465,4.3470131581250175e-06,None,None,None,None, , , , 
32388, ,2.6738416158399465,4.6595256686646765e-06,None,None,None,None, , , , 
32389, ,2.6738416158399465,4.99450511585514e-06,None,None,None,None, , , , 
32390, ,2.6738416158399465,5.353566677410719e-06,None,None,None,None, , , , 
32391, ,2.6738416158399465,5.738441648302393e-06,None,None,None,None, , , , 
32392, ,2.6738416158399465,6.150985788580505e-06,None,None,None,None, , , , 
32393, ,2.6738416158399465,6.593188271333541e-06,None,None,None,None, , , , 
32394, ,2.6738416158399465,7.067181273927492e-06,None,None,None,None, , , , 
32395, ,2.6738416158399465,7.575250258771904e-06,None,None,None,None, , , , 
32396, ,2.6738416158399465,8.119844993184007e-06,None,None,None,None, , , , 
32397, ,2.6738416158399465,8.703591361485167e-06,None,None,None,None, , , , 
32398, ,2.6738416158399465,9.329304026284676e-06,None,None,None,None, , , , 
32399, ,2.6738416158399465,1e-05,None,None,None,None, , , , 
32400, ,2.7682866303920637,1e-11,None,None,None,None, , , , 
32401, ,2.7682866303920637,1.0718913192051263e-11,None,None,None,None, , , , 
32402, ,2.7682866303920637,1.1489510001873107e-11,None,None,None,None, , , , 
32403, ,2.7682866303920637,1.2315506032928262e-11,None,None,None,None, , , , 
32404, ,2.7682866303920637,1.3200884008314167e-11,None,None,None,None, , , , 
32405, ,2.7682866303920637,1.4149912974345786e-11,None,None,None,None, , , , 
32406, ,2.7682866303920637,1.5167168884709242e-11,None,None,None,None, , , , 
32407, ,2.7682866303920637,1.6257556664437934e-11,None,None,None,None, , , , 
32408, ,2.7682866303920637,1.7426333860096473e-11,None,None,None,None, , , , 
32409, ,2.7682866303920637,1.8679135990207848e-11,None,None,None,None, , , , 
32410, ,2.7682866303920637,2.0022003718155844e-11,None,None,None,None, , , , 
32411, ,2.7682866303920637,2.1461411978584013e-11,None,None,None,None, , , , 
32412, ,2.7682866303920637,2.300430119772921e-11,None,None,None,None, , , , 
32413, ,2.7682866303920637,2.465811075822604e-11,None,None,None,None, , , , 
32414, ,2.7682866303920637,2.643081486974103e-11,None,None,None,None, , , , 
32415, ,2.7682866303920637,2.8330961018393178e-11,None,None,None,None, , , , 
32416, ,2.7682866303920637,3.036771118035461e-11,None,None,None,None, , , , 
32417, ,2.7682866303920637,3.255088599835057e-11,None,None,None,None, , , , 
32418, ,2.7682866303920637,3.4891012134067674e-11,None,None,None,None, , , , 
32419, ,2.7682866303920637,3.739937302478801e-11,None,None,None,None, , , , 
32420, ,2.7682866303920637,4.0088063288984646e-11,None,None,None,None, , , , 
32421, ,2.7682866303920637,4.297004704320835e-11,None,None,None,None, , , , 
32422, ,2.7682866303920637,4.605922041145113e-11,None,None,None,None, , , , 
32423, ,2.7682866303920637,4.937047852839004e-11,None,None,None,None, , , , 
32424, ,2.7682866303920637,5.2919787359584366e-11,None,None,None,None, , , , 
32425, ,2.7682866303920637,5.672426068491989e-11,None,None,None,None, , , , 
32426, ,2.7682866303920637,6.080224261649427e-11,None,None,None,None, , , , 
32427, ,2.7682866303920637,6.517339604882421e-11,None,None,None,None, , , , 
32428, ,2.7682866303920637,6.985879746785235e-11,None,None,None,None, , , , 
32429, ,2.7682866303920637,7.48810385759003e-11,None,None,None,None, , , , 
32430, ,2.7682866303920637,8.026433522257174e-11,None,None,None,None, , , , 
32431, ,2.7682866303920637,8.603464416684492e-11,None,None,None,None, , , , 
32432, ,2.7682866303920637,9.221978823334341e-11,None,None,None,None, , , , 
32433, ,2.7682866303920637,9.884959046625586e-11,None,None,None,None, , , , 
32434, ,2.7682866303920637,1.0595601792776149e-10,None,None,None,None, , , , 
32435, ,2.7682866303920637,1.1357333583431027e-10,None,None,None,None, , , , 
32436, ,2.7682866303920637,1.217382727739662e-10,None,None,None,None, , , , 
32437, ,2.7682866303920637,1.3049019780144016e-10,None,None,None,None, , , , 
32438, ,2.7682866303920637,1.398713102647236e-10,None,None,None,None, , , , 
32439, ,2.7682866303920637,1.4992684327860468e-10,None,None,None,None, , , , 
32440, ,2.7682866303920637,1.6070528182616384e-10,None,None,None,None, , , , 
32441, ,2.7682866303920637,1.722585965398784e-10,None,None,None,None, , , , 
32442, ,2.7682866303920637,1.8464249428955463e-10,None,None,None,None, , , , 
32443, ,2.7682866303920637,1.9791668678535569e-10,None,None,None,None, , , , 
32444, ,2.7682866303920637,2.121451784910628e-10,None,None,None,None, , , , 
32445, ,2.7682866303920637,2.273965752357932e-10,None,None,None,None, , , , 
32446, ,2.7682866303920637,2.4374441501222216e-10,None,None,None,None, , , , 
32447, ,2.7682866303920637,2.6126752255633265e-10,None,None,None,None, , , , 
32448, ,2.7682866303920637,2.8005038941836253e-10,None,None,None,None, , , , 
32449, ,2.7682866303920637,3.0018358135755917e-10,None,None,None,None, , , , 
32450, ,2.7682866303920637,3.2176417502507347e-10,None,None,None,None, , , , 
32451, ,2.7682866303920637,3.4489622604057533e-10,None,None,None,None, , , , 
32452, ,2.7682866303920637,3.696912707195032e-10,None,None,None,None, , , , 
32453, ,2.7682866303920637,3.9626886387014783e-10,None,None,None,None, , , , 
32454, ,2.7682866303920637,4.2475715525368935e-10,None,None,None,None, , , , 
32455, ,2.7682866303920637,4.552935074866938e-10,None,None,None,None, , , , 
32456, ,2.7682866303920637,4.880251583654433e-10,None,None,None,None, , , , 
32457, ,2.7682866303920637,5.231099308056258e-10,None,None,None,None, , , , 
32458, ,2.7682866303920637,5.60716993820547e-10,None,None,None,None, , , , 
32459, ,2.7682866303920637,6.010276782070387e-10,None,None,None,None, , , , 
32460, ,2.7682866303920637,6.442363508721371e-10,None,None,None,None, , , , 
32461, ,2.7682866303920637,6.905513520162316e-10,None,None,None,None, , , , 
32462, ,2.7682866303920637,7.401959996915653e-10,None,None,None,None, , , , 
32463, ,2.7682866303920637,7.934096665797492e-10,None,None,None,None, , , , 
32464, ,2.7682866303920637,8.504489341802668e-10,None,None,None,None, , , , 
32465, ,2.7682866303920637,9.115888299750837e-10,None,None,None,None, , , , 
32466, ,2.7682866303920637,9.771241535346502e-10,None,None,None,None, , , , 
32467, ,2.7682866303920637,1.0473708979594486e-09,None,None,None,None, , , , 
32468, ,2.7682866303920637,1.1226677735108114e-09,None,None,None,None, , , , 
32469, ,2.7682866303920637,1.2033778407775904e-09,None,None,None,None, , , , 
32470, ,2.7682866303920637,1.289890261253308e-09,None,None,None,None, , , , 
32471, ,2.7682866303920637,1.3826221737646535e-09,None,None,None,None, , , , 
32472, ,2.7682866303920637,1.4820207057988602e-09,None,None,None,None, , , , 
32473, ,2.7682866303920637,1.5885651294280526e-09,None,None,None,None, , , , 
32474, ,2.7682866303920637,1.702769172225898e-09,None,None,None,None, , , , 
32475, ,2.7682866303920637,1.825183494319039e-09,None,None,None,None, , , , 
32476, ,2.7682866303920637,1.956398343517065e-09,None,None,None,None, , , , 
32477, ,2.7682866303920637,2.0970464013232305e-09,None,None,None,None, , , , 
32478, ,2.7682866303920637,2.2478058335487307e-09,None,None,None,None, , , , 
32479, ,2.7682866303920637,2.409403560239527e-09,None,None,None,None, , , , 
32480, ,2.7682866303920637,2.582618760682675e-09,None,None,None,None, , , , 
32481, ,2.7682866303920637,2.768286630392061e-09,None,None,None,None, , , , 
32482, ,2.7682866303920637,2.9673024081888724e-09,None,None,None,None, , , , 
32483, ,2.7682866303920637,3.180625692794119e-09,None,None,None,None, , , , 
32484, ,2.7682866303920637,3.409285069746807e-09,None,None,None,None, , , , 
32485, ,2.7682866303920637,3.654383070957262e-09,None,None,None,None, , , , 
32486, ,2.7682866303920637,3.917101490809261e-09,None,None,None,None, , , , 
32487, ,2.7682866303920637,4.198707084443906e-09,None,None,None,None, , , , 
32488, ,2.7682866303920637,4.500557675700488e-09,None,None,None,None, , , , 
32489, ,2.7682866303920637,4.824108704165374e-09,None,None,None,None, , , , 
32490, ,2.7682866303920637,5.170920242896755e-09,None,None,None,None, , , , 
32491, ,2.7682866303920637,5.542664520663096e-09,None,None,None,None, , , , 
32492, ,2.7682866303920637,5.941133984965041e-09,None,None,None,None, , , , 
32493, ,2.7682866303920637,6.3682499447185856e-09,None,None,None,None, , , , 
32494, ,2.7682866303920637,6.826071834272379e-09,None,None,None,None, , , , 
32495, ,2.7682866303920637,7.316807143427175e-09,None,None,None,None, , , , 
32496, ,2.7682866303920637,7.842822061337681e-09,None,None,None,None, , , , 
32497, ,2.7682866303920637,8.406652885618316e-09,None,None,None,None, , , , 
32498, ,2.7682866303920637,9.011018251665036e-09,None,None,None,None, , , , 
32499, ,2.7682866303920637,9.658832241158707e-09,None,None,None,None, , , , 
32500, ,2.7682866303920637,1.0353218432956616e-08,None,None,None,None, , , , 
32501, ,2.7682866303920637,1.1097524964120722e-08,None,None,None,None, , , , 
32502, ,2.7682866303920637,1.1895340673703208e-08,None,None,None,None, , , , 
32503, ,2.7682866303920637,1.2750512407130128e-08,None,None,None,None, , , , 
32504, ,2.7682866303920637,1.3667163564620044e-08,None,None,None,None, , , , 
32505, ,2.7682866303920637,1.4649713983072853e-08,None,None,None,None, , , , 
32506, ,2.7682866303920637,1.5702901247293774e-08,None,None,None,None, , , , 
32507, ,2.7682866303920637,1.683180353330955e-08,None,None,None,None, , , , 
32508, ,2.7682866303920637,1.8041864093920717e-08,None,None,None,None, , , , 
32509, ,2.7682866303920637,1.933891750455232e-08,None,None,None,None, , , , 
32510, ,2.7682866303920637,2.0729217795953697e-08,None,None,None,None, , , , 
32511, ,2.7682866303920637,2.221946860939524e-08,None,None,None,None, , , , 
32512, ,2.7682866303920637,2.3816855519761606e-08,None,None,None,None, , , , 
32513, ,2.7682866303920637,2.552908068239516e-08,None,None,None,None, , , , 
32514, ,2.7682866303920637,2.7364399970746666e-08,None,None,None,None, , , , 
32515, ,2.7682866303920637,2.933166278390042e-08,None,None,None,None, , , , 
32516, ,2.7682866303920637,3.1440354715915e-08,None,None,None,None, , , , 
32517, ,2.7682866303920637,3.370064329271925e-08,None,None,None,None, , , , 
32518, ,2.7682866303920637,3.612342699709431e-08,None,None,None,None, , , , 
32519, ,2.7682866303920637,3.872038781812557e-08,None,None,None,None, , , , 
32520, ,2.7682866303920637,4.1504047578504727e-08,None,None,None,None, , , , 
32521, ,2.7682866303920637,4.448782831127585e-08,None,None,None,None, , , , 
32522, ,2.7682866303920637,4.768611697714474e-08,None,None,None,None, , , , 
32523, ,2.7682866303920637,5.111433483440165e-08,None,None,None,None, , , , 
32524, ,2.7682866303920637,5.478901179593934e-08,None,None,None,None, , , , 
32525, ,2.7682866303920637,5.872786613189478e-08,None,None,None,None, , , , 
32526, ,2.7682866303920637,6.294988990221888e-08,None,None,None,None, , , , 
32527, ,2.7682866303920637,6.747544053110687e-08,None,None,None,None, , , , 
32528, ,2.7682866303920637,7.232633896483534e-08,None,None,None,None, , , , 
32529, ,2.7682866303920637,7.752597488629465e-08,None,None,None,None, , , , 
32530, ,2.7682866303920637,8.309941949353386e-08,None,None,None,None, , , , 
32531, ,2.7682866303920637,8.907354638610439e-08,None,None,None,None, , , , 
32532, ,2.7682866303920637,9.547716114208066e-08,None,None,None,None, , , , 
32533, ,2.7682866303920637,1.0234114021054528e-07,None,None,None,None, , , , 
32534, ,2.7682866303920637,1.0969857978923841e-07,None,None,None,None, , , , 
32535, ,2.7682866303920637,1.1758495540521555e-07,None,None,None,None, , , , 
32536, ,2.7682866303920637,1.2603829296797277e-07,None,None,None,None, , , , 
32537, ,2.7682866303920637,1.350993521198025e-07,None,None,None,None, , , , 
32538, ,2.7682866303920637,1.4481182276745328e-07,None,None,None,None, , , , 
32539, ,2.7682866303920637,1.552225357427048e-07,None,None,None,None, , , , 
32540, ,2.7682866303920637,1.6638168860761273e-07,None,None,None,None, , , , 
32541, ,2.7682866303920637,1.7834308769319093e-07,None,None,None,None, , , , 
32542, ,2.7682866303920637,1.9116440753857e-07,None,None,None,None, , , , 
32543, ,2.7682866303920637,2.049074689815846e-07,None,None,None,None, , , , 
32544, ,2.7682866303920637,2.1963853724165468e-07,None,None,None,None, , , , 
32545, ,2.7682866303920637,2.3542864143224158e-07,None,None,None,None, , , , 
32546, ,2.7682866303920637,2.523539170434766e-07,None,None,None,None, , , , 
32547, ,2.7682866303920637,2.7049597304631316e-07,None,None,None,None, , , , 
32548, ,2.7682866303920637,2.899422853882875e-07,None,None,None,None, , , , 
32549, ,2.7682866303920637,3.107866187782014e-07,None,None,None,None, , , , 
32550, ,2.7682866303920637,3.33129478793467e-07,None,None,None,None, , , , 
32551, ,2.7682866303920637,3.5707859649004626e-07,None,None,None,None, , , , 
32552, ,2.7682866303920637,3.827494478516307e-07,None,None,None,None, , , , 
32553, ,2.7682866303920637,4.1026581058271904e-07,None,None,None,None, , , , 
32554, ,2.7682866303920637,4.397603609302722e-07,None,None,None,None, , , , 
32555, ,2.7682866303920637,4.7137531341167185e-07,None,None,None,None, , , , 
32556, ,2.7682866303920637,5.052631065335679e-07,None,None,None,None, , , , 
32557, ,2.7682866303920637,5.415871378079465e-07,None,None,None,None, , , , 
32558, ,2.7682866303920637,5.805225516094896e-07,None,None,None,None, , , , 
32559, ,2.7682866303920637,6.222570836730232e-07,None,None,None,None, , , , 
32560, ,2.7682866303920637,6.669919663030115e-07,None,None,None,None, , , , 
32561, ,2.7682866303920637,7.149428986597576e-07,None,None,None,None, , , , 
32562, ,2.7682866303920637,7.663410868007445e-07,None,None,None,None, , , , 
32563, ,2.7682866303920637,8.214343584919422e-07,None,None,None,None, , , , 
32564, ,2.7682866303920637,8.804883581643463e-07,None,None,None,None, , , , 
32565, ,2.7682866303920637,9.437878277775371e-07,None,None,None,None, , , , 
32566, ,2.7682866303920637,1.0116379797662072e-06,None,None,None,None, , , , 
32567, ,2.7682866303920637,1.0843659686896086e-06,None,None,None,None, , , , 
32568, ,2.7682866303920637,1.1623224686798522e-06,None,None,None,None, , , , 
32569, ,2.7682866303920637,1.2458833642950078e-06,None,None,None,None, , , , 
32570, ,2.7682866303920637,1.3354515629298971e-06,None,None,None,None, , , , 
32571, ,2.7682866303920637,1.4314589375234786e-06,None,None,None,None, , , , 
32572, ,2.7682866303920637,1.53436840893001e-06,None,None,None,None, , , , 
32573, ,2.7682866303920637,1.6446761779946631e-06,None,None,None,None, , , , 
32574, ,2.7682866303920637,1.762914118095948e-06,None,None,None,None, , , , 
32575, ,2.7682866303920637,1.8896523396912082e-06,None,None,None,None, , , , 
32576, ,2.7682866303920637,2.0255019392306664e-06,None,None,None,None, , , , 
32577, ,2.7682866303920637,2.171117945694501e-06,None,None,None,None, , , , 
32578, ,2.7682866303920637,2.327202478960408e-06,None,None,None,None, , , , 
32579, ,2.7682866303920637,2.494508135230317e-06,None,None,None,None, , , , 
32580, ,2.7682866303920637,2.673841615839944e-06,None,None,None,None, , , , 
32581, ,2.7682866303920637,2.8660676169482507e-06,None,None,None,None, , , , 
32582, ,2.7682866303920637,3.0721129988617524e-06,None,None,None,None, , , , 
32583, ,2.7682866303920637,3.292971255097148e-06,None,None,None,None, , , , 
32584, ,2.7682866303920637,3.5297073027306505e-06,None,None,None,None, , , , 
32585, ,2.7682866303920637,3.783462617131925e-06,None,None,None,None, , , , 
32586, ,2.7682866303920637,4.0554607358408275e-06,None,None,None,None, , , , 
32587, ,2.7682866303920637,4.3470131581250175e-06,None,None,None,None, , , , 
32588, ,2.7682866303920637,4.6595256686646765e-06,None,None,None,None, , , , 
32589, ,2.7682866303920637,4.99450511585514e-06,None,None,None,None, , , , 
32590, ,2.7682866303920637,5.353566677410719e-06,None,None,None,None, , , , 
32591, ,2.7682866303920637,5.738441648302393e-06,None,None,None,None, , , , 
32592, ,2.7682866303920637,6.150985788580505e-06,None,None,None,None, , , , 
32593, ,2.7682866303920637,6.593188271333541e-06,None,None,None,None, , , , 
32594, ,2.7682866303920637,7.067181273927492e-06,None,None,None,None, , , , 
32595, ,2.7682866303920637,7.575250258771904e-06,None,None,None,None, , , , 
32596, ,2.7682866303920637,8.119844993184007e-06,None,None,None,None, , , , 
32597, ,2.7682866303920637,8.703591361485167e-06,None,None,None,None, , , , 
32598, ,2.7682866303920637,9.329304026284676e-06,None,None,None,None, , , , 
32599, ,2.7682866303920637,1e-05,None,None,None,None, , , , 
32600, ,2.8660676169482504,1e-11,None,None,None,None, , , , 
32601, ,2.8660676169482504,1.0718913192051263e-11,None,None,None,None, , , , 
32602, ,2.8660676169482504,1.1489510001873107e-11,None,None,None,None, , , , 
32603, ,2.8660676169482504,1.2315506032928262e-11,None,None,None,None, , , , 
32604, ,2.8660676169482504,1.3200884008314167e-11,None,None,None,None, , , , 
32605, ,2.8660676169482504,1.4149912974345786e-11,None,None,None,None, , , , 
32606, ,2.8660676169482504,1.5167168884709242e-11,None,None,None,None, , , , 
32607, ,2.8660676169482504,1.6257556664437934e-11,None,None,None,None, , , , 
32608, ,2.8660676169482504,1.7426333860096473e-11,None,None,None,None, , , , 
32609, ,2.8660676169482504,1.8679135990207848e-11,None,None,None,None, , , , 
32610, ,2.8660676169482504,2.0022003718155844e-11,None,None,None,None, , , , 
32611, ,2.8660676169482504,2.1461411978584013e-11,None,None,None,None, , , , 
32612, ,2.8660676169482504,2.300430119772921e-11,None,None,None,None, , , , 
32613, ,2.8660676169482504,2.465811075822604e-11,None,None,None,None, , , , 
32614, ,2.8660676169482504,2.643081486974103e-11,None,None,None,None, , , , 
32615, ,2.8660676169482504,2.8330961018393178e-11,None,None,None,None, , , , 
32616, ,2.8660676169482504,3.036771118035461e-11,None,None,None,None, , , , 
32617, ,2.8660676169482504,3.255088599835057e-11,None,None,None,None, , , , 
32618, ,2.8660676169482504,3.4891012134067674e-11,None,None,None,None, , , , 
32619, ,2.8660676169482504,3.739937302478801e-11,None,None,None,None, , , , 
32620, ,2.8660676169482504,4.0088063288984646e-11,None,None,None,None, , , , 
32621, ,2.8660676169482504,4.297004704320835e-11,None,None,None,None, , , , 
32622, ,2.8660676169482504,4.605922041145113e-11,None,None,None,None, , , , 
32623, ,2.8660676169482504,4.937047852839004e-11,None,None,None,None, , , , 
32624, ,2.8660676169482504,5.2919787359584366e-11,None,None,None,None, , , , 
32625, ,2.8660676169482504,5.672426068491989e-11,None,None,None,None, , , , 
32626, ,2.8660676169482504,6.080224261649427e-11,None,None,None,None, , , , 
32627, ,2.8660676169482504,6.517339604882421e-11,None,None,None,None, , , , 
32628, ,2.8660676169482504,6.985879746785235e-11,None,None,None,None, , , , 
32629, ,2.8660676169482504,7.48810385759003e-11,None,None,None,None, , , , 
32630, ,2.8660676169482504,8.026433522257174e-11,None,None,None,None, , , , 
32631, ,2.8660676169482504,8.603464416684492e-11,None,None,None,None, , , , 
32632, ,2.8660676169482504,9.221978823334341e-11,None,None,None,None, , , , 
32633, ,2.8660676169482504,9.884959046625586e-11,None,None,None,None, , , , 
32634, ,2.8660676169482504,1.0595601792776149e-10,None,None,None,None, , , , 
32635, ,2.8660676169482504,1.1357333583431027e-10,None,None,None,None, , , , 
32636, ,2.8660676169482504,1.217382727739662e-10,None,None,None,None, , , , 
32637, ,2.8660676169482504,1.3049019780144016e-10,None,None,None,None, , , , 
32638, ,2.8660676169482504,1.398713102647236e-10,None,None,None,None, , , , 
32639, ,2.8660676169482504,1.4992684327860468e-10,None,None,None,None, , , , 
32640, ,2.8660676169482504,1.6070528182616384e-10,None,None,None,None, , , , 
32641, ,2.8660676169482504,1.722585965398784e-10,None,None,None,None, , , , 
32642, ,2.8660676169482504,1.8464249428955463e-10,None,None,None,None, , , , 
32643, ,2.8660676169482504,1.9791668678535569e-10,None,None,None,None, , , , 
32644, ,2.8660676169482504,2.121451784910628e-10,None,None,None,None, , , , 
32645, ,2.8660676169482504,2.273965752357932e-10,None,None,None,None, , , , 
32646, ,2.8660676169482504,2.4374441501222216e-10,None,None,None,None, , , , 
32647, ,2.8660676169482504,2.6126752255633265e-10,None,None,None,None, , , , 
32648, ,2.8660676169482504,2.8005038941836253e-10,None,None,None,None, , , , 
32649, ,2.8660676169482504,3.0018358135755917e-10,None,None,None,None, , , , 
32650, ,2.8660676169482504,3.2176417502507347e-10,None,None,None,None, , , , 
32651, ,2.8660676169482504,3.4489622604057533e-10,None,None,None,None, , , , 
32652, ,2.8660676169482504,3.696912707195032e-10,None,None,None,None, , , , 
32653, ,2.8660676169482504,3.9626886387014783e-10,None,None,None,None, , , , 
32654, ,2.8660676169482504,4.2475715525368935e-10,None,None,None,None, , , , 
32655, ,2.8660676169482504,4.552935074866938e-10,None,None,None,None, , , , 
32656, ,2.8660676169482504,4.880251583654433e-10,None,None,None,None, , , , 
32657, ,2.8660676169482504,5.231099308056258e-10,None,None,None,None, , , , 
32658, ,2.8660676169482504,5.60716993820547e-10,None,None,None,None, , , , 
32659, ,2.8660676169482504,6.010276782070387e-10,None,None,None,None, , , , 
32660, ,2.8660676169482504,6.442363508721371e-10,None,None,None,None, , , , 
32661, ,2.8660676169482504,6.905513520162316e-10,None,None,None,None, , , , 
32662, ,2.8660676169482504,7.401959996915653e-10,None,None,None,None, , , , 
32663, ,2.8660676169482504,7.934096665797492e-10,None,None,None,None, , , , 
32664, ,2.8660676169482504,8.504489341802668e-10,None,None,None,None, , , , 
32665, ,2.8660676169482504,9.115888299750837e-10,None,None,None,None, , , , 
32666, ,2.8660676169482504,9.771241535346502e-10,None,None,None,None, , , , 
32667, ,2.8660676169482504,1.0473708979594486e-09,None,None,None,None, , , , 
32668, ,2.8660676169482504,1.1226677735108114e-09,None,None,None,None, , , , 
32669, ,2.8660676169482504,1.2033778407775904e-09,None,None,None,None, , , , 
32670, ,2.8660676169482504,1.289890261253308e-09,None,None,None,None, , , , 
32671, ,2.8660676169482504,1.3826221737646535e-09,None,None,None,None, , , , 
32672, ,2.8660676169482504,1.4820207057988602e-09,None,None,None,None, , , , 
32673, ,2.8660676169482504,1.5885651294280526e-09,None,None,None,None, , , , 
32674, ,2.8660676169482504,1.702769172225898e-09,None,None,None,None, , , , 
32675, ,2.8660676169482504,1.825183494319039e-09,None,None,None,None, , , , 
32676, ,2.8660676169482504,1.956398343517065e-09,None,None,None,None, , , , 
32677, ,2.8660676169482504,2.0970464013232305e-09,None,None,None,None, , , , 
32678, ,2.8660676169482504,2.2478058335487307e-09,None,None,None,None, , , , 
32679, ,2.8660676169482504,2.409403560239527e-09,None,None,None,None, , , , 
32680, ,2.8660676169482504,2.582618760682675e-09,None,None,None,None, , , , 
32681, ,2.8660676169482504,2.768286630392061e-09,None,None,None,None, , , , 
32682, ,2.8660676169482504,2.9673024081888724e-09,None,None,None,None, , , , 
32683, ,2.8660676169482504,3.180625692794119e-09,None,None,None,None, , , , 
32684, ,2.8660676169482504,3.409285069746807e-09,None,None,None,None, , , , 
32685, ,2.8660676169482504,3.654383070957262e-09,None,None,None,None, , , , 
32686, ,2.8660676169482504,3.917101490809261e-09,None,None,None,None, , , , 
32687, ,2.8660676169482504,4.198707084443906e-09,None,None,None,None, , , , 
32688, ,2.8660676169482504,4.500557675700488e-09,None,None,None,None, , , , 
32689, ,2.8660676169482504,4.824108704165374e-09,None,None,None,None, , , , 
32690, ,2.8660676169482504,5.170920242896755e-09,None,None,None,None, , , , 
32691, ,2.8660676169482504,5.542664520663096e-09,None,None,None,None, , , , 
32692, ,2.8660676169482504,5.941133984965041e-09,None,None,None,None, , , , 
32693, ,2.8660676169482504,6.3682499447185856e-09,None,None,None,None, , , , 
32694, ,2.8660676169482504,6.826071834272379e-09,None,None,None,None, , , , 
32695, ,2.8660676169482504,7.316807143427175e-09,None,None,None,None, , , , 
32696, ,2.8660676169482504,7.842822061337681e-09,None,None,None,None, , , , 
32697, ,2.8660676169482504,8.406652885618316e-09,None,None,None,None, , , , 
32698, ,2.8660676169482504,9.011018251665036e-09,None,None,None,None, , , , 
32699, ,2.8660676169482504,9.658832241158707e-09,None,None,None,None, , , , 
32700, ,2.8660676169482504,1.0353218432956616e-08,None,None,None,None, , , , 
32701, ,2.8660676169482504,1.1097524964120722e-08,None,None,None,None, , , , 
32702, ,2.8660676169482504,1.1895340673703208e-08,None,None,None,None, , , , 
32703, ,2.8660676169482504,1.2750512407130128e-08,None,None,None,None, , , , 
32704, ,2.8660676169482504,1.3667163564620044e-08,None,None,None,None, , , , 
32705, ,2.8660676169482504,1.4649713983072853e-08,None,None,None,None, , , , 
32706, ,2.8660676169482504,1.5702901247293774e-08,None,None,None,None, , , , 
32707, ,2.8660676169482504,1.683180353330955e-08,None,None,None,None, , , , 
32708, ,2.8660676169482504,1.8041864093920717e-08,None,None,None,None, , , , 
32709, ,2.8660676169482504,1.933891750455232e-08,None,None,None,None, , , , 
32710, ,2.8660676169482504,2.0729217795953697e-08,None,None,None,None, , , , 
32711, ,2.8660676169482504,2.221946860939524e-08,None,None,None,None, , , , 
32712, ,2.8660676169482504,2.3816855519761606e-08,None,None,None,None, , , , 
32713, ,2.8660676169482504,2.552908068239516e-08,None,None,None,None, , , , 
32714, ,2.8660676169482504,2.7364399970746666e-08,None,None,None,None, , , , 
32715, ,2.8660676169482504,2.933166278390042e-08,None,None,None,None, , , , 
32716, ,2.8660676169482504,3.1440354715915e-08,None,None,None,None, , , , 
32717, ,2.8660676169482504,3.370064329271925e-08,None,None,None,None, , , , 
32718, ,2.8660676169482504,3.612342699709431e-08,None,None,None,None, , , , 
32719, ,2.8660676169482504,3.872038781812557e-08,None,None,None,None, , , , 
32720, ,2.8660676169482504,4.1504047578504727e-08,None,None,None,None, , , , 
32721, ,2.8660676169482504,4.448782831127585e-08,None,None,None,None, , , , 
32722, ,2.8660676169482504,4.768611697714474e-08,None,None,None,None, , , , 
32723, ,2.8660676169482504,5.111433483440165e-08,None,None,None,None, , , , 
32724, ,2.8660676169482504,5.478901179593934e-08,None,None,None,None, , , , 
32725, ,2.8660676169482504,5.872786613189478e-08,None,None,None,None, , , , 
32726, ,2.8660676169482504,6.294988990221888e-08,None,None,None,None, , , , 
32727, ,2.8660676169482504,6.747544053110687e-08,None,None,None,None, , , , 
32728, ,2.8660676169482504,7.232633896483534e-08,None,None,None,None, , , , 
32729, ,2.8660676169482504,7.752597488629465e-08,None,None,None,None, , , , 
32730, ,2.8660676169482504,8.309941949353386e-08,None,None,None,None, , , , 
32731, ,2.8660676169482504,8.907354638610439e-08,None,None,None,None, , , , 
32732, ,2.8660676169482504,9.547716114208066e-08,None,None,None,None, , , , 
32733, ,2.8660676169482504,1.0234114021054528e-07,None,None,None,None, , , , 
32734, ,2.8660676169482504,1.0969857978923841e-07,None,None,None,None, , , , 
32735, ,2.8660676169482504,1.1758495540521555e-07,None,None,None,None, , , , 
32736, ,2.8660676169482504,1.2603829296797277e-07,None,None,None,None, , , , 
32737, ,2.8660676169482504,1.350993521198025e-07,None,None,None,None, , , , 
32738, ,2.8660676169482504,1.4481182276745328e-07,None,None,None,None, , , , 
32739, ,2.8660676169482504,1.552225357427048e-07,None,None,None,None, , , , 
32740, ,2.8660676169482504,1.6638168860761273e-07,None,None,None,None, , , , 
32741, ,2.8660676169482504,1.7834308769319093e-07,None,None,None,None, , , , 
32742, ,2.8660676169482504,1.9116440753857e-07,None,None,None,None, , , , 
32743, ,2.8660676169482504,2.049074689815846e-07,None,None,None,None, , , , 
32744, ,2.8660676169482504,2.1963853724165468e-07,None,None,None,None, , , , 
32745, ,2.8660676169482504,2.3542864143224158e-07,None,None,None,None, , , , 
32746, ,2.8660676169482504,2.523539170434766e-07,None,None,None,None, , , , 
32747, ,2.8660676169482504,2.7049597304631316e-07,None,None,None,None, , , , 
32748, ,2.8660676169482504,2.899422853882875e-07,None,None,None,None, , , , 
32749, ,2.8660676169482504,3.107866187782014e-07,None,None,None,None, , , , 
32750, ,2.8660676169482504,3.33129478793467e-07,None,None,None,None, , , , 
32751, ,2.8660676169482504,3.5707859649004626e-07,None,None,None,None, , , , 
32752, ,2.8660676169482504,3.827494478516307e-07,None,None,None,None, , , , 
32753, ,2.8660676169482504,4.1026581058271904e-07,None,None,None,None, , , , 
32754, ,2.8660676169482504,4.397603609302722e-07,None,None,None,None, , , , 
32755, ,2.8660676169482504,4.7137531341167185e-07,None,None,None,None, , , , 
32756, ,2.8660676169482504,5.052631065335679e-07,None,None,None,None, , , , 
32757, ,2.8660676169482504,5.415871378079465e-07,None,None,None,None, , , , 
32758, ,2.8660676169482504,5.805225516094896e-07,None,None,None,None, , , , 
32759, ,2.8660676169482504,6.222570836730232e-07,None,None,None,None, , , , 
32760, ,2.8660676169482504,6.669919663030115e-07,None,None,None,None, , , , 
32761, ,2.8660676169482504,7.149428986597576e-07,None,None,None,None, , , , 
32762, ,2.8660676169482504,7.663410868007445e-07,None,None,None,None, , , , 
32763, ,2.8660676169482504,8.214343584919422e-07,None,None,None,None, , , , 
32764, ,2.8660676169482504,8.804883581643463e-07,None,None,None,None, , , , 
32765, ,2.8660676169482504,9.437878277775371e-07,None,None,None,None, , , , 
32766, ,2.8660676169482504,1.0116379797662072e-06,None,None,None,None, , , , 
32767, ,2.8660676169482504,1.0843659686896086e-06,None,None,None,None, , , , 
32768, ,2.8660676169482504,1.1623224686798522e-06,None,None,None,None, , , , 
32769, ,2.8660676169482504,1.2458833642950078e-06,None,None,None,None, , , , 
32770, ,2.8660676169482504,1.3354515629298971e-06,None,None,None,None, , , , 
32771, ,2.8660676169482504,1.4314589375234786e-06,None,None,None,None, , , , 
32772, ,2.8660676169482504,1.53436840893001e-06,None,None,None,None, , , , 
32773, ,2.8660676169482504,1.6446761779946631e-06,None,None,None,None, , , , 
32774, ,2.8660676169482504,1.762914118095948e-06,None,None,None,None, , , , 
32775, ,2.8660676169482504,1.8896523396912082e-06,None,None,None,None, , , , 
32776, ,2.8660676169482504,2.0255019392306664e-06,None,None,None,None, , , , 
32777, ,2.8660676169482504,2.171117945694501e-06,None,None,None,None, , , , 
32778, ,2.8660676169482504,2.327202478960408e-06,None,None,None,None, , , , 
32779, ,2.8660676169482504,2.494508135230317e-06,None,None,None,None, , , , 
32780, ,2.8660676169482504,2.673841615839944e-06,None,None,None,None, , , , 
32781, ,2.8660676169482504,2.8660676169482507e-06,None,None,None,None, , , , 
32782, ,2.8660676169482504,3.0721129988617524e-06,None,None,None,None, , , , 
32783, ,2.8660676169482504,3.292971255097148e-06,None,None,None,None, , , , 
32784, ,2.8660676169482504,3.5297073027306505e-06,None,None,None,None, , , , 
32785, ,2.8660676169482504,3.783462617131925e-06,None,None,None,None, , , , 
32786, ,2.8660676169482504,4.0554607358408275e-06,None,None,None,None, , , , 
32787, ,2.8660676169482504,4.3470131581250175e-06,None,None,None,None, , , , 
32788, ,2.8660676169482504,4.6595256686646765e-06,None,None,None,None, , , , 
32789, ,2.8660676169482504,4.99450511585514e-06,None,None,None,None, , , , 
32790, ,2.8660676169482504,5.353566677410719e-06,None,None,None,None, , , , 
32791, ,2.8660676169482504,5.738441648302393e-06,None,None,None,None, , , , 
32792, ,2.8660676169482504,6.150985788580505e-06,None,None,None,None, , , , 
32793, ,2.8660676169482504,6.593188271333541e-06,None,None,None,None, , , , 
32794, ,2.8660676169482504,7.067181273927492e-06,None,None,None,None, , , , 
32795, ,2.8660676169482504,7.575250258771904e-06,None,None,None,None, , , , 
32796, ,2.8660676169482504,8.119844993184007e-06,None,None,None,None, , , , 
32797, ,2.8660676169482504,8.703591361485167e-06,None,None,None,None, , , , 
32798, ,2.8660676169482504,9.329304026284676e-06,None,None,None,None, , , , 
32799, ,2.8660676169482504,1e-05,None,None,None,None, , , , 
32800, ,2.9673024081888686,1e-11,None,None,None,None, , , , 
32801, ,2.9673024081888686,1.0718913192051263e-11,None,None,None,None, , , , 
32802, ,2.9673024081888686,1.1489510001873107e-11,None,None,None,None, , , , 
32803, ,2.9673024081888686,1.2315506032928262e-11,None,None,None,None, , , , 
32804, ,2.9673024081888686,1.3200884008314167e-11,None,None,None,None, , , , 
32805, ,2.9673024081888686,1.4149912974345786e-11,None,None,None,None, , , , 
32806, ,2.9673024081888686,1.5167168884709242e-11,None,None,None,None, , , , 
32807, ,2.9673024081888686,1.6257556664437934e-11,None,None,None,None, , , , 
32808, ,2.9673024081888686,1.7426333860096473e-11,None,None,None,None, , , , 
32809, ,2.9673024081888686,1.8679135990207848e-11,None,None,None,None, , , , 
32810, ,2.9673024081888686,2.0022003718155844e-11,None,None,None,None, , , , 
32811, ,2.9673024081888686,2.1461411978584013e-11,None,None,None,None, , , , 
32812, ,2.9673024081888686,2.300430119772921e-11,None,None,None,None, , , , 
32813, ,2.9673024081888686,2.465811075822604e-11,None,None,None,None, , , , 
32814, ,2.9673024081888686,2.643081486974103e-11,None,None,None,None, , , , 
32815, ,2.9673024081888686,2.8330961018393178e-11,None,None,None,None, , , , 
32816, ,2.9673024081888686,3.036771118035461e-11,None,None,None,None, , , , 
32817, ,2.9673024081888686,3.255088599835057e-11,None,None,None,None, , , , 
32818, ,2.9673024081888686,3.4891012134067674e-11,None,None,None,None, , , , 
32819, ,2.9673024081888686,3.739937302478801e-11,None,None,None,None, , , , 
32820, ,2.9673024081888686,4.0088063288984646e-11,None,None,None,None, , , , 
32821, ,2.9673024081888686,4.297004704320835e-11,None,None,None,None, , , , 
32822, ,2.9673024081888686,4.605922041145113e-11,None,None,None,None, , , , 
32823, ,2.9673024081888686,4.937047852839004e-11,None,None,None,None, , , , 
32824, ,2.9673024081888686,5.2919787359584366e-11,None,None,None,None, , , , 
32825, ,2.9673024081888686,5.672426068491989e-11,None,None,None,None, , , , 
32826, ,2.9673024081888686,6.080224261649427e-11,None,None,None,None, , , , 
32827, ,2.9673024081888686,6.517339604882421e-11,None,None,None,None, , , , 
32828, ,2.9673024081888686,6.985879746785235e-11,None,None,None,None, , , , 
32829, ,2.9673024081888686,7.48810385759003e-11,None,None,None,None, , , , 
32830, ,2.9673024081888686,8.026433522257174e-11,None,None,None,None, , , , 
32831, ,2.9673024081888686,8.603464416684492e-11,None,None,None,None, , , , 
32832, ,2.9673024081888686,9.221978823334341e-11,None,None,None,None, , , , 
32833, ,2.9673024081888686,9.884959046625586e-11,None,None,None,None, , , , 
32834, ,2.9673024081888686,1.0595601792776149e-10,None,None,None,None, , , , 
32835, ,2.9673024081888686,1.1357333583431027e-10,None,None,None,None, , , , 
32836, ,2.9673024081888686,1.217382727739662e-10,None,None,None,None, , , , 
32837, ,2.9673024081888686,1.3049019780144016e-10,None,None,None,None, , , , 
32838, ,2.9673024081888686,1.398713102647236e-10,None,None,None,None, , , , 
32839, ,2.9673024081888686,1.4992684327860468e-10,None,None,None,None, , , , 
32840, ,2.9673024081888686,1.6070528182616384e-10,None,None,None,None, , , , 
32841, ,2.9673024081888686,1.722585965398784e-10,None,None,None,None, , , , 
32842, ,2.9673024081888686,1.8464249428955463e-10,None,None,None,None, , , , 
32843, ,2.9673024081888686,1.9791668678535569e-10,None,None,None,None, , , , 
32844, ,2.9673024081888686,2.121451784910628e-10,None,None,None,None, , , , 
32845, ,2.9673024081888686,2.273965752357932e-10,None,None,None,None, , , , 
32846, ,2.9673024081888686,2.4374441501222216e-10,None,None,None,None, , , , 
32847, ,2.9673024081888686,2.6126752255633265e-10,None,None,None,None, , , , 
32848, ,2.9673024081888686,2.8005038941836253e-10,None,None,None,None, , , , 
32849, ,2.9673024081888686,3.0018358135755917e-10,None,None,None,None, , , , 
32850, ,2.9673024081888686,3.2176417502507347e-10,None,None,None,None, , , , 
32851, ,2.9673024081888686,3.4489622604057533e-10,None,None,None,None, , , , 
32852, ,2.9673024081888686,3.696912707195032e-10,None,None,None,None, , , , 
32853, ,2.9673024081888686,3.9626886387014783e-10,None,None,None,None, , , , 
32854, ,2.9673024081888686,4.2475715525368935e-10,None,None,None,None, , , , 
32855, ,2.9673024081888686,4.552935074866938e-10,None,None,None,None, , , , 
32856, ,2.9673024081888686,4.880251583654433e-10,None,None,None,None, , , , 
32857, ,2.9673024081888686,5.231099308056258e-10,None,None,None,None, , , , 
32858, ,2.9673024081888686,5.60716993820547e-10,None,None,None,None, , , , 
32859, ,2.9673024081888686,6.010276782070387e-10,None,None,None,None, , , , 
32860, ,2.9673024081888686,6.442363508721371e-10,None,None,None,None, , , , 
32861, ,2.9673024081888686,6.905513520162316e-10,None,None,None,None, , , , 
32862, ,2.9673024081888686,7.401959996915653e-10,None,None,None,None, , , , 
32863, ,2.9673024081888686,7.934096665797492e-10,None,None,None,None, , , , 
32864, ,2.9673024081888686,8.504489341802668e-10,None,None,None,None, , , , 
32865, ,2.9673024081888686,9.115888299750837e-10,None,None,None,None, , , , 
32866, ,2.9673024081888686,9.771241535346502e-10,None,None,None,None, , , , 
32867, ,2.9673024081888686,1.0473708979594486e-09,None,None,None,None, , , , 
32868, ,2.9673024081888686,1.1226677735108114e-09,None,None,None,None, , , , 
32869, ,2.9673024081888686,1.2033778407775904e-09,None,None,None,None, , , , 
32870, ,2.9673024081888686,1.289890261253308e-09,None,None,None,None, , , , 
32871, ,2.9673024081888686,1.3826221737646535e-09,None,None,None,None, , , , 
32872, ,2.9673024081888686,1.4820207057988602e-09,None,None,None,None, , , , 
32873, ,2.9673024081888686,1.5885651294280526e-09,None,None,None,None, , , , 
32874, ,2.9673024081888686,1.702769172225898e-09,None,None,None,None, , , , 
32875, ,2.9673024081888686,1.825183494319039e-09,None,None,None,None, , , , 
32876, ,2.9673024081888686,1.956398343517065e-09,None,None,None,None, , , , 
32877, ,2.9673024081888686,2.0970464013232305e-09,None,None,None,None, , , , 
32878, ,2.9673024081888686,2.2478058335487307e-09,None,None,None,None, , , , 
32879, ,2.9673024081888686,2.409403560239527e-09,None,None,None,None, , , , 
32880, ,2.9673024081888686,2.582618760682675e-09,None,None,None,None, , , , 
32881, ,2.9673024081888686,2.768286630392061e-09,None,None,None,None, , , , 
32882, ,2.9673024081888686,2.9673024081888724e-09,None,None,None,None, , , , 
32883, ,2.9673024081888686,3.180625692794119e-09,None,None,None,None, , , , 
32884, ,2.9673024081888686,3.409285069746807e-09,None,None,None,None, , , , 
32885, ,2.9673024081888686,3.654383070957262e-09,None,None,None,None, , , , 
32886, ,2.9673024081888686,3.917101490809261e-09,None,None,None,None, , , , 
32887, ,2.9673024081888686,4.198707084443906e-09,None,None,None,None, , , , 
32888, ,2.9673024081888686,4.500557675700488e-09,None,None,None,None, , , , 
32889, ,2.9673024081888686,4.824108704165374e-09,None,None,None,None, , , , 
32890, ,2.9673024081888686,5.170920242896755e-09,None,None,None,None, , , , 
32891, ,2.9673024081888686,5.542664520663096e-09,None,None,None,None, , , , 
32892, ,2.9673024081888686,5.941133984965041e-09,None,None,None,None, , , , 
32893, ,2.9673024081888686,6.3682499447185856e-09,None,None,None,None, , , , 
32894, ,2.9673024081888686,6.826071834272379e-09,None,None,None,None, , , , 
32895, ,2.9673024081888686,7.316807143427175e-09,None,None,None,None, , , , 
32896, ,2.9673024081888686,7.842822061337681e-09,None,None,None,None, , , , 
32897, ,2.9673024081888686,8.406652885618316e-09,None,None,None,None, , , , 
32898, ,2.9673024081888686,9.011018251665036e-09,None,None,None,None, , , , 
32899, ,2.9673024081888686,9.658832241158707e-09,None,None,None,None, , , , 
32900, ,2.9673024081888686,1.0353218432956616e-08,None,None,None,None, , , , 
32901, ,2.9673024081888686,1.1097524964120722e-08,None,None,None,None, , , , 
32902, ,2.9673024081888686,1.1895340673703208e-08,None,None,None,None, , , , 
32903, ,2.9673024081888686,1.2750512407130128e-08,None,None,None,None, , , , 
32904, ,2.9673024081888686,1.3667163564620044e-08,None,None,None,None, , , , 
32905, ,2.9673024081888686,1.4649713983072853e-08,None,None,None,None, , , , 
32906, ,2.9673024081888686,1.5702901247293774e-08,None,None,None,None, , , , 
32907, ,2.9673024081888686,1.683180353330955e-08,None,None,None,None, , , , 
32908, ,2.9673024081888686,1.8041864093920717e-08,None,None,None,None, , , , 
32909, ,2.9673024081888686,1.933891750455232e-08,None,None,None,None, , , , 
32910, ,2.9673024081888686,2.0729217795953697e-08,None,None,None,None, , , , 
32911, ,2.9673024081888686,2.221946860939524e-08,None,None,None,None, , , , 
32912, ,2.9673024081888686,2.3816855519761606e-08,None,None,None,None, , , , 
32913, ,2.9673024081888686,2.552908068239516e-08,None,None,None,None, , , , 
32914, ,2.9673024081888686,2.7364399970746666e-08,None,None,None,None, , , , 
32915, ,2.9673024081888686,2.933166278390042e-08,None,None,None,None, , , , 
32916, ,2.9673024081888686,3.1440354715915e-08,None,None,None,None, , , , 
32917, ,2.9673024081888686,3.370064329271925e-08,None,None,None,None, , , , 
32918, ,2.9673024081888686,3.612342699709431e-08,None,None,None,None, , , , 
32919, ,2.9673024081888686,3.872038781812557e-08,None,None,None,None, , , , 
32920, ,2.9673024081888686,4.1504047578504727e-08,None,None,None,None, , , , 
32921, ,2.9673024081888686,4.448782831127585e-08,None,None,None,None, , , , 
32922, ,2.9673024081888686,4.768611697714474e-08,None,None,None,None, , , , 
32923, ,2.9673024081888686,5.111433483440165e-08,None,None,None,None, , , , 
32924, ,2.9673024081888686,5.478901179593934e-08,None,None,None,None, , , , 
32925, ,2.9673024081888686,5.872786613189478e-08,None,None,None,None, , , , 
32926, ,2.9673024081888686,6.294988990221888e-08,None,None,None,None, , , , 
32927, ,2.9673024081888686,6.747544053110687e-08,None,None,None,None, , , , 
32928, ,2.9673024081888686,7.232633896483534e-08,None,None,None,None, , , , 
32929, ,2.9673024081888686,7.752597488629465e-08,None,None,None,None, , , , 
32930, ,2.9673024081888686,8.309941949353386e-08,None,None,None,None, , , , 
32931, ,2.9673024081888686,8.907354638610439e-08,None,None,None,None, , , , 
32932, ,2.9673024081888686,9.547716114208066e-08,None,None,None,None, , , , 
32933, ,2.9673024081888686,1.0234114021054528e-07,None,None,None,None, , , , 
32934, ,2.9673024081888686,1.0969857978923841e-07,None,None,None,None, , , , 
32935, ,2.9673024081888686,1.1758495540521555e-07,None,None,None,None, , , , 
32936, ,2.9673024081888686,1.2603829296797277e-07,None,None,None,None, , , , 
32937, ,2.9673024081888686,1.350993521198025e-07,None,None,None,None, , , , 
32938, ,2.9673024081888686,1.4481182276745328e-07,None,None,None,None, , , , 
32939, ,2.9673024081888686,1.552225357427048e-07,None,None,None,None, , , , 
32940, ,2.9673024081888686,1.6638168860761273e-07,None,None,None,None, , , , 
32941, ,2.9673024081888686,1.7834308769319093e-07,None,None,None,None, , , , 
32942, ,2.9673024081888686,1.9116440753857e-07,None,None,None,None, , , , 
32943, ,2.9673024081888686,2.049074689815846e-07,None,None,None,None, , , , 
32944, ,2.9673024081888686,2.1963853724165468e-07,None,None,None,None, , , , 
32945, ,2.9673024081888686,2.3542864143224158e-07,None,None,None,None, , , , 
32946, ,2.9673024081888686,2.523539170434766e-07,None,None,None,None, , , , 
32947, ,2.9673024081888686,2.7049597304631316e-07,None,None,None,None, , , , 
32948, ,2.9673024081888686,2.899422853882875e-07,None,None,None,None, , , , 
32949, ,2.9673024081888686,3.107866187782014e-07,None,None,None,None, , , , 
32950, ,2.9673024081888686,3.33129478793467e-07,None,None,None,None, , , , 
32951, ,2.9673024081888686,3.5707859649004626e-07,None,None,None,None, , , , 
32952, ,2.9673024081888686,3.827494478516307e-07,None,None,None,None, , , , 
32953, ,2.9673024081888686,4.1026581058271904e-07,None,None,None,None, , , , 
32954, ,2.9673024081888686,4.397603609302722e-07,None,None,None,None, , , , 
32955, ,2.9673024081888686,4.7137531341167185e-07,None,None,None,None, , , , 
32956, ,2.9673024081888686,5.052631065335679e-07,None,None,None,None, , , , 
32957, ,2.9673024081888686,5.415871378079465e-07,None,None,None,None, , , , 
32958, ,2.9673024081888686,5.805225516094896e-07,None,None,None,None, , , , 
32959, ,2.9673024081888686,6.222570836730232e-07,None,None,None,None, , , , 
32960, ,2.9673024081888686,6.669919663030115e-07,None,None,None,None, , , , 
32961, ,2.9673024081888686,7.149428986597576e-07,None,None,None,None, , , , 
32962, ,2.9673024081888686,7.663410868007445e-07,None,None,None,None, , , , 
32963, ,2.9673024081888686,8.214343584919422e-07,None,None,None,None, , , , 
32964, ,2.9673024081888686,8.804883581643463e-07,None,None,None,None, , , , 
32965, ,2.9673024081888686,9.437878277775371e-07,None,None,None,None, , , , 
32966, ,2.9673024081888686,1.0116379797662072e-06,None,None,None,None, , , , 
32967, ,2.9673024081888686,1.0843659686896086e-06,None,None,None,None, , , , 
32968, ,2.9673024081888686,1.1623224686798522e-06,None,None,None,None, , , , 
32969, ,2.9673024081888686,1.2458833642950078e-06,None,None,None,None, , , , 
32970, ,2.9673024081888686,1.3354515629298971e-06,None,None,None,None, , , , 
32971, ,2.9673024081888686,1.4314589375234786e-06,None,None,None,None, , , , 
32972, ,2.9673024081888686,1.53436840893001e-06,None,None,None,None, , , , 
32973, ,2.9673024081888686,1.6446761779946631e-06,None,None,None,None, , , , 
32974, ,2.9673024081888686,1.762914118095948e-06,None,None,None,None, , , , 
32975, ,2.9673024081888686,1.8896523396912082e-06,None,None,None,None, , , , 
32976, ,2.9673024081888686,2.0255019392306664e-06,None,None,None,None, , , , 
32977, ,2.9673024081888686,2.171117945694501e-06,None,None,None,None, , , , 
32978, ,2.9673024081888686,2.327202478960408e-06,None,None,None,None, , , , 
32979, ,2.9673024081888686,2.494508135230317e-06,None,None,None,None, , , , 
32980, ,2.9673024081888686,2.673841615839944e-06,None,None,None,None, , , , 
32981, ,2.9673024081888686,2.8660676169482507e-06,None,None,None,None, , , , 
32982, ,2.9673024081888686,3.0721129988617524e-06,None,None,None,None, , , , 
32983, ,2.9673024081888686,3.292971255097148e-06,None,None,None,None, , , , 
32984, ,2.9673024081888686,3.5297073027306505e-06,None,None,None,None, , , , 
32985, ,2.9673024081888686,3.783462617131925e-06,None,None,None,None, , , , 
32986, ,2.9673024081888686,4.0554607358408275e-06,None,None,None,None, , , , 
32987, ,2.9673024081888686,4.3470131581250175e-06,None,None,None,None, , , , 
32988, ,2.9673024081888686,4.6595256686646765e-06,None,None,None,None, , , , 
32989, ,2.9673024081888686,4.99450511585514e-06,None,None,None,None, , , , 
32990, ,2.9673024081888686,5.353566677410719e-06,None,None,None,None, , , , 
32991, ,2.9673024081888686,5.738441648302393e-06,None,None,None,None, , , , 
32992, ,2.9673024081888686,6.150985788580505e-06,None,None,None,None, , , , 
32993, ,2.9673024081888686,6.593188271333541e-06,None,None,None,None, , , , 
32994, ,2.9673024081888686,7.067181273927492e-06,None,None,None,None, , , , 
32995, ,2.9673024081888686,7.575250258771904e-06,None,None,None,None, , , , 
32996, ,2.9673024081888686,8.119844993184007e-06,None,None,None,None, , , , 
32997, ,2.9673024081888686,8.703591361485167e-06,None,None,None,None, , , , 
32998, ,2.9673024081888686,9.329304026284676e-06,None,None,None,None, , , , 
32999, ,2.9673024081888686,1e-05,None,None,None,None, , , , 
33000, ,3.072112998861756,1e-11,None,None,None,None, , , , 
33001, ,3.072112998861756,1.0718913192051263e-11,None,None,None,None, , , , 
33002, ,3.072112998861756,1.1489510001873107e-11,None,None,None,None, , , , 
33003, ,3.072112998861756,1.2315506032928262e-11,None,None,None,None, , , , 
33004, ,3.072112998861756,1.3200884008314167e-11,None,None,None,None, , , , 
33005, ,3.072112998861756,1.4149912974345786e-11,None,None,None,None, , , , 
33006, ,3.072112998861756,1.5167168884709242e-11,None,None,None,None, , , , 
33007, ,3.072112998861756,1.6257556664437934e-11,None,None,None,None, , , , 
33008, ,3.072112998861756,1.7426333860096473e-11,None,None,None,None, , , , 
33009, ,3.072112998861756,1.8679135990207848e-11,None,None,None,None, , , , 
33010, ,3.072112998861756,2.0022003718155844e-11,None,None,None,None, , , , 
33011, ,3.072112998861756,2.1461411978584013e-11,None,None,None,None, , , , 
33012, ,3.072112998861756,2.300430119772921e-11,None,None,None,None, , , , 
33013, ,3.072112998861756,2.465811075822604e-11,None,None,None,None, , , , 
33014, ,3.072112998861756,2.643081486974103e-11,None,None,None,None, , , , 
33015, ,3.072112998861756,2.8330961018393178e-11,None,None,None,None, , , , 
33016, ,3.072112998861756,3.036771118035461e-11,None,None,None,None, , , , 
33017, ,3.072112998861756,3.255088599835057e-11,None,None,None,None, , , , 
33018, ,3.072112998861756,3.4891012134067674e-11,None,None,None,None, , , , 
33019, ,3.072112998861756,3.739937302478801e-11,None,None,None,None, , , , 
33020, ,3.072112998861756,4.0088063288984646e-11,None,None,None,None, , , , 
33021, ,3.072112998861756,4.297004704320835e-11,None,None,None,None, , , , 
33022, ,3.072112998861756,4.605922041145113e-11,None,None,None,None, , , , 
33023, ,3.072112998861756,4.937047852839004e-11,None,None,None,None, , , , 
33024, ,3.072112998861756,5.2919787359584366e-11,None,None,None,None, , , , 
33025, ,3.072112998861756,5.672426068491989e-11,None,None,None,None, , , , 
33026, ,3.072112998861756,6.080224261649427e-11,None,None,None,None, , , , 
33027, ,3.072112998861756,6.517339604882421e-11,None,None,None,None, , , , 
33028, ,3.072112998861756,6.985879746785235e-11,None,None,None,None, , , , 
33029, ,3.072112998861756,7.48810385759003e-11,None,None,None,None, , , , 
33030, ,3.072112998861756,8.026433522257174e-11,None,None,None,None, , , , 
33031, ,3.072112998861756,8.603464416684492e-11,None,None,None,None, , , , 
33032, ,3.072112998861756,9.221978823334341e-11,None,None,None,None, , , , 
33033, ,3.072112998861756,9.884959046625586e-11,None,None,None,None, , , , 
33034, ,3.072112998861756,1.0595601792776149e-10,None,None,None,None, , , , 
33035, ,3.072112998861756,1.1357333583431027e-10,None,None,None,None, , , , 
33036, ,3.072112998861756,1.217382727739662e-10,None,None,None,None, , , , 
33037, ,3.072112998861756,1.3049019780144016e-10,None,None,None,None, , , , 
33038, ,3.072112998861756,1.398713102647236e-10,None,None,None,None, , , , 
33039, ,3.072112998861756,1.4992684327860468e-10,None,None,None,None, , , , 
33040, ,3.072112998861756,1.6070528182616384e-10,None,None,None,None, , , , 
33041, ,3.072112998861756,1.722585965398784e-10,None,None,None,None, , , , 
33042, ,3.072112998861756,1.8464249428955463e-10,None,None,None,None, , , , 
33043, ,3.072112998861756,1.9791668678535569e-10,None,None,None,None, , , , 
33044, ,3.072112998861756,2.121451784910628e-10,None,None,None,None, , , , 
33045, ,3.072112998861756,2.273965752357932e-10,None,None,None,None, , , , 
33046, ,3.072112998861756,2.4374441501222216e-10,None,None,None,None, , , , 
33047, ,3.072112998861756,2.6126752255633265e-10,None,None,None,None, , , , 
33048, ,3.072112998861756,2.8005038941836253e-10,None,None,None,None, , , , 
33049, ,3.072112998861756,3.0018358135755917e-10,None,None,None,None, , , , 
33050, ,3.072112998861756,3.2176417502507347e-10,None,None,None,None, , , , 
33051, ,3.072112998861756,3.4489622604057533e-10,None,None,None,None, , , , 
33052, ,3.072112998861756,3.696912707195032e-10,None,None,None,None, , , , 
33053, ,3.072112998861756,3.9626886387014783e-10,None,None,None,None, , , , 
33054, ,3.072112998861756,4.2475715525368935e-10,None,None,None,None, , , , 
33055, ,3.072112998861756,4.552935074866938e-10,None,None,None,None, , , , 
33056, ,3.072112998861756,4.880251583654433e-10,None,None,None,None, , , , 
33057, ,3.072112998861756,5.231099308056258e-10,None,None,None,None, , , , 
33058, ,3.072112998861756,5.60716993820547e-10,None,None,None,None, , , , 
33059, ,3.072112998861756,6.010276782070387e-10,None,None,None,None, , , , 
33060, ,3.072112998861756,6.442363508721371e-10,None,None,None,None, , , , 
33061, ,3.072112998861756,6.905513520162316e-10,None,None,None,None, , , , 
33062, ,3.072112998861756,7.401959996915653e-10,None,None,None,None, , , , 
33063, ,3.072112998861756,7.934096665797492e-10,None,None,None,None, , , , 
33064, ,3.072112998861756,8.504489341802668e-10,None,None,None,None, , , , 
33065, ,3.072112998861756,9.115888299750837e-10,None,None,None,None, , , , 
33066, ,3.072112998861756,9.771241535346502e-10,None,None,None,None, , , , 
33067, ,3.072112998861756,1.0473708979594486e-09,None,None,None,None, , , , 
33068, ,3.072112998861756,1.1226677735108114e-09,None,None,None,None, , , , 
33069, ,3.072112998861756,1.2033778407775904e-09,None,None,None,None, , , , 
33070, ,3.072112998861756,1.289890261253308e-09,None,None,None,None, , , , 
33071, ,3.072112998861756,1.3826221737646535e-09,None,None,None,None, , , , 
33072, ,3.072112998861756,1.4820207057988602e-09,None,None,None,None, , , , 
33073, ,3.072112998861756,1.5885651294280526e-09,None,None,None,None, , , , 
33074, ,3.072112998861756,1.702769172225898e-09,None,None,None,None, , , , 
33075, ,3.072112998861756,1.825183494319039e-09,None,None,None,None, , , , 
33076, ,3.072112998861756,1.956398343517065e-09,None,None,None,None, , , , 
33077, ,3.072112998861756,2.0970464013232305e-09,None,None,None,None, , , , 
33078, ,3.072112998861756,2.2478058335487307e-09,None,None,None,None, , , , 
33079, ,3.072112998861756,2.409403560239527e-09,None,None,None,None, , , , 
33080, ,3.072112998861756,2.582618760682675e-09,None,None,None,None, , , , 
33081, ,3.072112998861756,2.768286630392061e-09,None,None,None,None, , , , 
33082, ,3.072112998861756,2.9673024081888724e-09,None,None,None,None, , , , 
33083, ,3.072112998861756,3.180625692794119e-09,None,None,None,None, , , , 
33084, ,3.072112998861756,3.409285069746807e-09,None,None,None,None, , , , 
33085, ,3.072112998861756,3.654383070957262e-09,None,None,None,None, , , , 
33086, ,3.072112998861756,3.917101490809261e-09,None,None,None,None, , , , 
33087, ,3.072112998861756,4.198707084443906e-09,None,None,None,None, , , , 
33088, ,3.072112998861756,4.500557675700488e-09,None,None,None,None, , , , 
33089, ,3.072112998861756,4.824108704165374e-09,None,None,None,None, , , , 
33090, ,3.072112998861756,5.170920242896755e-09,None,None,None,None, , , , 
33091, ,3.072112998861756,5.542664520663096e-09,None,None,None,None, , , , 
33092, ,3.072112998861756,5.941133984965041e-09,None,None,None,None, , , , 
33093, ,3.072112998861756,6.3682499447185856e-09,None,None,None,None, , , , 
33094, ,3.072112998861756,6.826071834272379e-09,None,None,None,None, , , , 
33095, ,3.072112998861756,7.316807143427175e-09,None,None,None,None, , , , 
33096, ,3.072112998861756,7.842822061337681e-09,None,None,None,None, , , , 
33097, ,3.072112998861756,8.406652885618316e-09,None,None,None,None, , , , 
33098, ,3.072112998861756,9.011018251665036e-09,None,None,None,None, , , , 
33099, ,3.072112998861756,9.658832241158707e-09,None,None,None,None, , , , 
33100, ,3.072112998861756,1.0353218432956616e-08,None,None,None,None, , , , 
33101, ,3.072112998861756,1.1097524964120722e-08,None,None,None,None, , , , 
33102, ,3.072112998861756,1.1895340673703208e-08,None,None,None,None, , , , 
33103, ,3.072112998861756,1.2750512407130128e-08,None,None,None,None, , , , 
33104, ,3.072112998861756,1.3667163564620044e-08,None,None,None,None, , , , 
33105, ,3.072112998861756,1.4649713983072853e-08,None,None,None,None, , , , 
33106, ,3.072112998861756,1.5702901247293774e-08,None,None,None,None, , , , 
33107, ,3.072112998861756,1.683180353330955e-08,None,None,None,None, , , , 
33108, ,3.072112998861756,1.8041864093920717e-08,None,None,None,None, , , , 
33109, ,3.072112998861756,1.933891750455232e-08,None,None,None,None, , , , 
33110, ,3.072112998861756,2.0729217795953697e-08,None,None,None,None, , , , 
33111, ,3.072112998861756,2.221946860939524e-08,None,None,None,None, , , , 
33112, ,3.072112998861756,2.3816855519761606e-08,None,None,None,None, , , , 
33113, ,3.072112998861756,2.552908068239516e-08,None,None,None,None, , , , 
33114, ,3.072112998861756,2.7364399970746666e-08,None,None,None,None, , , , 
33115, ,3.072112998861756,2.933166278390042e-08,None,None,None,None, , , , 
33116, ,3.072112998861756,3.1440354715915e-08,None,None,None,None, , , , 
33117, ,3.072112998861756,3.370064329271925e-08,None,None,None,None, , , , 
33118, ,3.072112998861756,3.612342699709431e-08,None,None,None,None, , , , 
33119, ,3.072112998861756,3.872038781812557e-08,None,None,None,None, , , , 
33120, ,3.072112998861756,4.1504047578504727e-08,None,None,None,None, , , , 
33121, ,3.072112998861756,4.448782831127585e-08,None,None,None,None, , , , 
33122, ,3.072112998861756,4.768611697714474e-08,None,None,None,None, , , , 
33123, ,3.072112998861756,5.111433483440165e-08,None,None,None,None, , , , 
33124, ,3.072112998861756,5.478901179593934e-08,None,None,None,None, , , , 
33125, ,3.072112998861756,5.872786613189478e-08,None,None,None,None, , , , 
33126, ,3.072112998861756,6.294988990221888e-08,None,None,None,None, , , , 
33127, ,3.072112998861756,6.747544053110687e-08,None,None,None,None, , , , 
33128, ,3.072112998861756,7.232633896483534e-08,None,None,None,None, , , , 
33129, ,3.072112998861756,7.752597488629465e-08,None,None,None,None, , , , 
33130, ,3.072112998861756,8.309941949353386e-08,None,None,None,None, , , , 
33131, ,3.072112998861756,8.907354638610439e-08,None,None,None,None, , , , 
33132, ,3.072112998861756,9.547716114208066e-08,None,None,None,None, , , , 
33133, ,3.072112998861756,1.0234114021054528e-07,None,None,None,None, , , , 
33134, ,3.072112998861756,1.0969857978923841e-07,None,None,None,None, , , , 
33135, ,3.072112998861756,1.1758495540521555e-07,None,None,None,None, , , , 
33136, ,3.072112998861756,1.2603829296797277e-07,None,None,None,None, , , , 
33137, ,3.072112998861756,1.350993521198025e-07,None,None,None,None, , , , 
33138, ,3.072112998861756,1.4481182276745328e-07,None,None,None,None, , , , 
33139, ,3.072112998861756,1.552225357427048e-07,None,None,None,None, , , , 
33140, ,3.072112998861756,1.6638168860761273e-07,None,None,None,None, , , , 
33141, ,3.072112998861756,1.7834308769319093e-07,None,None,None,None, , , , 
33142, ,3.072112998861756,1.9116440753857e-07,None,None,None,None, , , , 
33143, ,3.072112998861756,2.049074689815846e-07,None,None,None,None, , , , 
33144, ,3.072112998861756,2.1963853724165468e-07,None,None,None,None, , , , 
33145, ,3.072112998861756,2.3542864143224158e-07,None,None,None,None, , , , 
33146, ,3.072112998861756,2.523539170434766e-07,None,None,None,None, , , , 
33147, ,3.072112998861756,2.7049597304631316e-07,None,None,None,None, , , , 
33148, ,3.072112998861756,2.899422853882875e-07,None,None,None,None, , , , 
33149, ,3.072112998861756,3.107866187782014e-07,None,None,None,None, , , , 
33150, ,3.072112998861756,3.33129478793467e-07,None,None,None,None, , , , 
33151, ,3.072112998861756,3.5707859649004626e-07,None,None,None,None, , , , 
33152, ,3.072112998861756,3.827494478516307e-07,None,None,None,None, , , , 
33153, ,3.072112998861756,4.1026581058271904e-07,None,None,None,None, , , , 
33154, ,3.072112998861756,4.397603609302722e-07,None,None,None,None, , , , 
33155, ,3.072112998861756,4.7137531341167185e-07,None,None,None,None, , , , 
33156, ,3.072112998861756,5.052631065335679e-07,None,None,None,None, , , , 
33157, ,3.072112998861756,5.415871378079465e-07,None,None,None,None, , , , 
33158, ,3.072112998861756,5.805225516094896e-07,None,None,None,None, , , , 
33159, ,3.072112998861756,6.222570836730232e-07,None,None,None,None, , , , 
33160, ,3.072112998861756,6.669919663030115e-07,None,None,None,None, , , , 
33161, ,3.072112998861756,7.149428986597576e-07,None,None,None,None, , , , 
33162, ,3.072112998861756,7.663410868007445e-07,None,None,None,None, , , , 
33163, ,3.072112998861756,8.214343584919422e-07,None,None,None,None, , , , 
33164, ,3.072112998861756,8.804883581643463e-07,None,None,None,None, , , , 
33165, ,3.072112998861756,9.437878277775371e-07,None,None,None,None, , , , 
33166, ,3.072112998861756,1.0116379797662072e-06,None,None,None,None, , , , 
33167, ,3.072112998861756,1.0843659686896086e-06,None,None,None,None, , , , 
33168, ,3.072112998861756,1.1623224686798522e-06,None,None,None,None, , , , 
33169, ,3.072112998861756,1.2458833642950078e-06,None,None,None,None, , , , 
33170, ,3.072112998861756,1.3354515629298971e-06,None,None,None,None, , , , 
33171, ,3.072112998861756,1.4314589375234786e-06,None,None,None,None, , , , 
33172, ,3.072112998861756,1.53436840893001e-06,None,None,None,None, , , , 
33173, ,3.072112998861756,1.6446761779946631e-06,None,None,None,None, , , , 
33174, ,3.072112998861756,1.762914118095948e-06,None,None,None,None, , , , 
33175, ,3.072112998861756,1.8896523396912082e-06,None,None,None,None, , , , 
33176, ,3.072112998861756,2.0255019392306664e-06,None,None,None,None, , , , 
33177, ,3.072112998861756,2.171117945694501e-06,None,None,None,None, , , , 
33178, ,3.072112998861756,2.327202478960408e-06,None,None,None,None, , , , 
33179, ,3.072112998861756,2.494508135230317e-06,None,None,None,None, , , , 
33180, ,3.072112998861756,2.673841615839944e-06,None,None,None,None, , , , 
33181, ,3.072112998861756,2.8660676169482507e-06,None,None,None,None, , , , 
33182, ,3.072112998861756,3.0721129988617524e-06,None,None,None,None, , , , 
33183, ,3.072112998861756,3.292971255097148e-06,None,None,None,None, , , , 
33184, ,3.072112998861756,3.5297073027306505e-06,None,None,None,None, , , , 
33185, ,3.072112998861756,3.783462617131925e-06,None,None,None,None, , , , 
33186, ,3.072112998861756,4.0554607358408275e-06,None,None,None,None, , , , 
33187, ,3.072112998861756,4.3470131581250175e-06,None,None,None,None, , , , 
33188, ,3.072112998861756,4.6595256686646765e-06,None,None,None,None, , , , 
33189, ,3.072112998861756,4.99450511585514e-06,None,None,None,None, , , , 
33190, ,3.072112998861756,5.353566677410719e-06,None,None,None,None, , , , 
33191, ,3.072112998861756,5.738441648302393e-06,None,None,None,None, , , , 
33192, ,3.072112998861756,6.150985788580505e-06,None,None,None,None, , , , 
33193, ,3.072112998861756,6.593188271333541e-06,None,None,None,None, , , , 
33194, ,3.072112998861756,7.067181273927492e-06,None,None,None,None, , , , 
33195, ,3.072112998861756,7.575250258771904e-06,None,None,None,None, , , , 
33196, ,3.072112998861756,8.119844993184007e-06,None,None,None,None, , , , 
33197, ,3.072112998861756,8.703591361485167e-06,None,None,None,None, , , , 
33198, ,3.072112998861756,9.329304026284676e-06,None,None,None,None, , , , 
33199, ,3.072112998861756,1e-05,None,None,None,None, , , , 
33200, ,3.1806256927941186,1e-11,None,None,None,None, , , , 
33201, ,3.1806256927941186,1.0718913192051263e-11,None,None,None,None, , , , 
33202, ,3.1806256927941186,1.1489510001873107e-11,None,None,None,None, , , , 
33203, ,3.1806256927941186,1.2315506032928262e-11,None,None,None,None, , , , 
33204, ,3.1806256927941186,1.3200884008314167e-11,None,None,None,None, , , , 
33205, ,3.1806256927941186,1.4149912974345786e-11,None,None,None,None, , , , 
33206, ,3.1806256927941186,1.5167168884709242e-11,None,None,None,None, , , , 
33207, ,3.1806256927941186,1.6257556664437934e-11,None,None,None,None, , , , 
33208, ,3.1806256927941186,1.7426333860096473e-11,None,None,None,None, , , , 
33209, ,3.1806256927941186,1.8679135990207848e-11,None,None,None,None, , , , 
33210, ,3.1806256927941186,2.0022003718155844e-11,None,None,None,None, , , , 
33211, ,3.1806256927941186,2.1461411978584013e-11,None,None,None,None, , , , 
33212, ,3.1806256927941186,2.300430119772921e-11,None,None,None,None, , , , 
33213, ,3.1806256927941186,2.465811075822604e-11,None,None,None,None, , , , 
33214, ,3.1806256927941186,2.643081486974103e-11,None,None,None,None, , , , 
33215, ,3.1806256927941186,2.8330961018393178e-11,None,None,None,None, , , , 
33216, ,3.1806256927941186,3.036771118035461e-11,None,None,None,None, , , , 
33217, ,3.1806256927941186,3.255088599835057e-11,None,None,None,None, , , , 
33218, ,3.1806256927941186,3.4891012134067674e-11,None,None,None,None, , , , 
33219, ,3.1806256927941186,3.739937302478801e-11,None,None,None,None, , , , 
33220, ,3.1806256927941186,4.0088063288984646e-11,None,None,None,None, , , , 
33221, ,3.1806256927941186,4.297004704320835e-11,None,None,None,None, , , , 
33222, ,3.1806256927941186,4.605922041145113e-11,None,None,None,None, , , , 
33223, ,3.1806256927941186,4.937047852839004e-11,None,None,None,None, , , , 
33224, ,3.1806256927941186,5.2919787359584366e-11,None,None,None,None, , , , 
33225, ,3.1806256927941186,5.672426068491989e-11,None,None,None,None, , , , 
33226, ,3.1806256927941186,6.080224261649427e-11,None,None,None,None, , , , 
33227, ,3.1806256927941186,6.517339604882421e-11,None,None,None,None, , , , 
33228, ,3.1806256927941186,6.985879746785235e-11,None,None,None,None, , , , 
33229, ,3.1806256927941186,7.48810385759003e-11,None,None,None,None, , , , 
33230, ,3.1806256927941186,8.026433522257174e-11,None,None,None,None, , , , 
33231, ,3.1806256927941186,8.603464416684492e-11,None,None,None,None, , , , 
33232, ,3.1806256927941186,9.221978823334341e-11,None,None,None,None, , , , 
33233, ,3.1806256927941186,9.884959046625586e-11,None,None,None,None, , , , 
33234, ,3.1806256927941186,1.0595601792776149e-10,None,None,None,None, , , , 
33235, ,3.1806256927941186,1.1357333583431027e-10,None,None,None,None, , , , 
33236, ,3.1806256927941186,1.217382727739662e-10,None,None,None,None, , , , 
33237, ,3.1806256927941186,1.3049019780144016e-10,None,None,None,None, , , , 
33238, ,3.1806256927941186,1.398713102647236e-10,None,None,None,None, , , , 
33239, ,3.1806256927941186,1.4992684327860468e-10,None,None,None,None, , , , 
33240, ,3.1806256927941186,1.6070528182616384e-10,None,None,None,None, , , , 
33241, ,3.1806256927941186,1.722585965398784e-10,None,None,None,None, , , , 
33242, ,3.1806256927941186,1.8464249428955463e-10,None,None,None,None, , , , 
33243, ,3.1806256927941186,1.9791668678535569e-10,None,None,None,None, , , , 
33244, ,3.1806256927941186,2.121451784910628e-10,None,None,None,None, , , , 
33245, ,3.1806256927941186,2.273965752357932e-10,None,None,None,None, , , , 
33246, ,3.1806256927941186,2.4374441501222216e-10,None,None,None,None, , , , 
33247, ,3.1806256927941186,2.6126752255633265e-10,None,None,None,None, , , , 
33248, ,3.1806256927941186,2.8005038941836253e-10,None,None,None,None, , , , 
33249, ,3.1806256927941186,3.0018358135755917e-10,None,None,None,None, , , , 
33250, ,3.1806256927941186,3.2176417502507347e-10,None,None,None,None, , , , 
33251, ,3.1806256927941186,3.4489622604057533e-10,None,None,None,None, , , , 
33252, ,3.1806256927941186,3.696912707195032e-10,None,None,None,None, , , , 
33253, ,3.1806256927941186,3.9626886387014783e-10,None,None,None,None, , , , 
33254, ,3.1806256927941186,4.2475715525368935e-10,None,None,None,None, , , , 
33255, ,3.1806256927941186,4.552935074866938e-10,None,None,None,None, , , , 
33256, ,3.1806256927941186,4.880251583654433e-10,None,None,None,None, , , , 
33257, ,3.1806256927941186,5.231099308056258e-10,None,None,None,None, , , , 
33258, ,3.1806256927941186,5.60716993820547e-10,None,None,None,None, , , , 
33259, ,3.1806256927941186,6.010276782070387e-10,None,None,None,None, , , , 
33260, ,3.1806256927941186,6.442363508721371e-10,None,None,None,None, , , , 
33261, ,3.1806256927941186,6.905513520162316e-10,None,None,None,None, , , , 
33262, ,3.1806256927941186,7.401959996915653e-10,None,None,None,None, , , , 
33263, ,3.1806256927941186,7.934096665797492e-10,None,None,None,None, , , , 
33264, ,3.1806256927941186,8.504489341802668e-10,None,None,None,None, , , , 
33265, ,3.1806256927941186,9.115888299750837e-10,None,None,None,None, , , , 
33266, ,3.1806256927941186,9.771241535346502e-10,None,None,None,None, , , , 
33267, ,3.1806256927941186,1.0473708979594486e-09,None,None,None,None, , , , 
33268, ,3.1806256927941186,1.1226677735108114e-09,None,None,None,None, , , , 
33269, ,3.1806256927941186,1.2033778407775904e-09,None,None,None,None, , , , 
33270, ,3.1806256927941186,1.289890261253308e-09,None,None,None,None, , , , 
33271, ,3.1806256927941186,1.3826221737646535e-09,None,None,None,None, , , , 
33272, ,3.1806256927941186,1.4820207057988602e-09,None,None,None,None, , , , 
33273, ,3.1806256927941186,1.5885651294280526e-09,None,None,None,None, , , , 
33274, ,3.1806256927941186,1.702769172225898e-09,None,None,None,None, , , , 
33275, ,3.1806256927941186,1.825183494319039e-09,None,None,None,None, , , , 
33276, ,3.1806256927941186,1.956398343517065e-09,None,None,None,None, , , , 
33277, ,3.1806256927941186,2.0970464013232305e-09,None,None,None,None, , , , 
33278, ,3.1806256927941186,2.2478058335487307e-09,None,None,None,None, , , , 
33279, ,3.1806256927941186,2.409403560239527e-09,None,None,None,None, , , , 
33280, ,3.1806256927941186,2.582618760682675e-09,None,None,None,None, , , , 
33281, ,3.1806256927941186,2.768286630392061e-09,None,None,None,None, , , , 
33282, ,3.1806256927941186,2.9673024081888724e-09,None,None,None,None, , , , 
33283, ,3.1806256927941186,3.180625692794119e-09,None,None,None,None, , , , 
33284, ,3.1806256927941186,3.409285069746807e-09,None,None,None,None, , , , 
33285, ,3.1806256927941186,3.654383070957262e-09,None,None,None,None, , , , 
33286, ,3.1806256927941186,3.917101490809261e-09,None,None,None,None, , , , 
33287, ,3.1806256927941186,4.198707084443906e-09,None,None,None,None, , , , 
33288, ,3.1806256927941186,4.500557675700488e-09,None,None,None,None, , , , 
33289, ,3.1806256927941186,4.824108704165374e-09,None,None,None,None, , , , 
33290, ,3.1806256927941186,5.170920242896755e-09,None,None,None,None, , , , 
33291, ,3.1806256927941186,5.542664520663096e-09,None,None,None,None, , , , 
33292, ,3.1806256927941186,5.941133984965041e-09,None,None,None,None, , , , 
33293, ,3.1806256927941186,6.3682499447185856e-09,None,None,None,None, , , , 
33294, ,3.1806256927941186,6.826071834272379e-09,None,None,None,None, , , , 
33295, ,3.1806256927941186,7.316807143427175e-09,None,None,None,None, , , , 
33296, ,3.1806256927941186,7.842822061337681e-09,None,None,None,None, , , , 
33297, ,3.1806256927941186,8.406652885618316e-09,None,None,None,None, , , , 
33298, ,3.1806256927941186,9.011018251665036e-09,None,None,None,None, , , , 
33299, ,3.1806256927941186,9.658832241158707e-09,None,None,None,None, , , , 
33300, ,3.1806256927941186,1.0353218432956616e-08,None,None,None,None, , , , 
33301, ,3.1806256927941186,1.1097524964120722e-08,None,None,None,None, , , , 
33302, ,3.1806256927941186,1.1895340673703208e-08,None,None,None,None, , , , 
33303, ,3.1806256927941186,1.2750512407130128e-08,None,None,None,None, , , , 
33304, ,3.1806256927941186,1.3667163564620044e-08,None,None,None,None, , , , 
33305, ,3.1806256927941186,1.4649713983072853e-08,None,None,None,None, , , , 
33306, ,3.1806256927941186,1.5702901247293774e-08,None,None,None,None, , , , 
33307, ,3.1806256927941186,1.683180353330955e-08,None,None,None,None, , , , 
33308, ,3.1806256927941186,1.8041864093920717e-08,None,None,None,None, , , , 
33309, ,3.1806256927941186,1.933891750455232e-08,None,None,None,None, , , , 
33310, ,3.1806256927941186,2.0729217795953697e-08,None,None,None,None, , , , 
33311, ,3.1806256927941186,2.221946860939524e-08,None,None,None,None, , , , 
33312, ,3.1806256927941186,2.3816855519761606e-08,None,None,None,None, , , , 
33313, ,3.1806256927941186,2.552908068239516e-08,None,None,None,None, , , , 
33314, ,3.1806256927941186,2.7364399970746666e-08,None,None,None,None, , , , 
33315, ,3.1806256927941186,2.933166278390042e-08,None,None,None,None, , , , 
33316, ,3.1806256927941186,3.1440354715915e-08,None,None,None,None, , , , 
33317, ,3.1806256927941186,3.370064329271925e-08,None,None,None,None, , , , 
33318, ,3.1806256927941186,3.612342699709431e-08,None,None,None,None, , , , 
33319, ,3.1806256927941186,3.872038781812557e-08,None,None,None,None, , , , 
33320, ,3.1806256927941186,4.1504047578504727e-08,None,None,None,None, , , , 
33321, ,3.1806256927941186,4.448782831127585e-08,None,None,None,None, , , , 
33322, ,3.1806256927941186,4.768611697714474e-08,None,None,None,None, , , , 
33323, ,3.1806256927941186,5.111433483440165e-08,None,None,None,None, , , , 
33324, ,3.1806256927941186,5.478901179593934e-08,None,None,None,None, , , , 
33325, ,3.1806256927941186,5.872786613189478e-08,None,None,None,None, , , , 
33326, ,3.1806256927941186,6.294988990221888e-08,None,None,None,None, , , , 
33327, ,3.1806256927941186,6.747544053110687e-08,None,None,None,None, , , , 
33328, ,3.1806256927941186,7.232633896483534e-08,None,None,None,None, , , , 
33329, ,3.1806256927941186,7.752597488629465e-08,None,None,None,None, , , , 
33330, ,3.1806256927941186,8.309941949353386e-08,None,None,None,None, , , , 
33331, ,3.1806256927941186,8.907354638610439e-08,None,None,None,None, , , , 
33332, ,3.1806256927941186,9.547716114208066e-08,None,None,None,None, , , , 
33333, ,3.1806256927941186,1.0234114021054528e-07,None,None,None,None, , , , 
33334, ,3.1806256927941186,1.0969857978923841e-07,None,None,None,None, , , , 
33335, ,3.1806256927941186,1.1758495540521555e-07,None,None,None,None, , , , 
33336, ,3.1806256927941186,1.2603829296797277e-07,None,None,None,None, , , , 
33337, ,3.1806256927941186,1.350993521198025e-07,None,None,None,None, , , , 
33338, ,3.1806256927941186,1.4481182276745328e-07,None,None,None,None, , , , 
33339, ,3.1806256927941186,1.552225357427048e-07,None,None,None,None, , , , 
33340, ,3.1806256927941186,1.6638168860761273e-07,None,None,None,None, , , , 
33341, ,3.1806256927941186,1.7834308769319093e-07,None,None,None,None, , , , 
33342, ,3.1806256927941186,1.9116440753857e-07,None,None,None,None, , , , 
33343, ,3.1806256927941186,2.049074689815846e-07,None,None,None,None, , , , 
33344, ,3.1806256927941186,2.1963853724165468e-07,None,None,None,None, , , , 
33345, ,3.1806256927941186,2.3542864143224158e-07,None,None,None,None, , , , 
33346, ,3.1806256927941186,2.523539170434766e-07,None,None,None,None, , , , 
33347, ,3.1806256927941186,2.7049597304631316e-07,None,None,None,None, , , , 
33348, ,3.1806256927941186,2.899422853882875e-07,None,None,None,None, , , , 
33349, ,3.1806256927941186,3.107866187782014e-07,None,None,None,None, , , , 
33350, ,3.1806256927941186,3.33129478793467e-07,None,None,None,None, , , , 
33351, ,3.1806256927941186,3.5707859649004626e-07,None,None,None,None, , , , 
33352, ,3.1806256927941186,3.827494478516307e-07,None,None,None,None, , , , 
33353, ,3.1806256927941186,4.1026581058271904e-07,None,None,None,None, , , , 
33354, ,3.1806256927941186,4.397603609302722e-07,None,None,None,None, , , , 
33355, ,3.1806256927941186,4.7137531341167185e-07,None,None,None,None, , , , 
33356, ,3.1806256927941186,5.052631065335679e-07,None,None,None,None, , , , 
33357, ,3.1806256927941186,5.415871378079465e-07,None,None,None,None, , , , 
33358, ,3.1806256927941186,5.805225516094896e-07,None,None,None,None, , , , 
33359, ,3.1806256927941186,6.222570836730232e-07,None,None,None,None, , , , 
33360, ,3.1806256927941186,6.669919663030115e-07,None,None,None,None, , , , 
33361, ,3.1806256927941186,7.149428986597576e-07,None,None,None,None, , , , 
33362, ,3.1806256927941186,7.663410868007445e-07,None,None,None,None, , , , 
33363, ,3.1806256927941186,8.214343584919422e-07,None,None,None,None, , , , 
33364, ,3.1806256927941186,8.804883581643463e-07,None,None,None,None, , , , 
33365, ,3.1806256927941186,9.437878277775371e-07,None,None,None,None, , , , 
33366, ,3.1806256927941186,1.0116379797662072e-06,None,None,None,None, , , , 
33367, ,3.1806256927941186,1.0843659686896086e-06,None,None,None,None, , , , 
33368, ,3.1806256927941186,1.1623224686798522e-06,None,None,None,None, , , , 
33369, ,3.1806256927941186,1.2458833642950078e-06,None,None,None,None, , , , 
33370, ,3.1806256927941186,1.3354515629298971e-06,None,None,None,None, , , , 
33371, ,3.1806256927941186,1.4314589375234786e-06,None,None,None,None, , , , 
33372, ,3.1806256927941186,1.53436840893001e-06,None,None,None,None, , , , 
33373, ,3.1806256927941186,1.6446761779946631e-06,None,None,None,None, , , , 
33374, ,3.1806256927941186,1.762914118095948e-06,None,None,None,None, , , , 
33375, ,3.1806256927941186,1.8896523396912082e-06,None,None,None,None, , , , 
33376, ,3.1806256927941186,2.0255019392306664e-06,None,None,None,None, , , , 
33377, ,3.1806256927941186,2.171117945694501e-06,None,None,None,None, , , , 
33378, ,3.1806256927941186,2.327202478960408e-06,None,None,None,None, , , , 
33379, ,3.1806256927941186,2.494508135230317e-06,None,None,None,None, , , , 
33380, ,3.1806256927941186,2.673841615839944e-06,None,None,None,None, , , , 
33381, ,3.1806256927941186,2.8660676169482507e-06,None,None,None,None, , , , 
33382, ,3.1806256927941186,3.0721129988617524e-06,None,None,None,None, , , , 
33383, ,3.1806256927941186,3.292971255097148e-06,None,None,None,None, , , , 
33384, ,3.1806256927941186,3.5297073027306505e-06,None,None,None,None, , , , 
33385, ,3.1806256927941186,3.783462617131925e-06,None,None,None,None, , , , 
33386, ,3.1806256927941186,4.0554607358408275e-06,None,None,None,None, , , , 
33387, ,3.1806256927941186,4.3470131581250175e-06,None,None,None,None, , , , 
33388, ,3.1806256927941186,4.6595256686646765e-06,None,None,None,None, , , , 
33389, ,3.1806256927941186,4.99450511585514e-06,None,None,None,None, , , , 
33390, ,3.1806256927941186,5.353566677410719e-06,None,None,None,None, , , , 
33391, ,3.1806256927941186,5.738441648302393e-06,None,None,None,None, , , , 
33392, ,3.1806256927941186,6.150985788580505e-06,None,None,None,None, , , , 
33393, ,3.1806256927941186,6.593188271333541e-06,None,None,None,None, , , , 
33394, ,3.1806256927941186,7.067181273927492e-06,None,None,None,None, , , , 
33395, ,3.1806256927941186,7.575250258771904e-06,None,None,None,None, , , , 
33396, ,3.1806256927941186,8.119844993184007e-06,None,None,None,None, , , , 
33397, ,3.1806256927941186,8.703591361485167e-06,None,None,None,None, , , , 
33398, ,3.1806256927941186,9.329304026284676e-06,None,None,None,None, , , , 
33399, ,3.1806256927941186,1e-05,None,None,None,None, , , , 
33400, ,3.292971255097148,1e-11,None,None,None,None, , , , 
33401, ,3.292971255097148,1.0718913192051263e-11,None,None,None,None, , , , 
33402, ,3.292971255097148,1.1489510001873107e-11,None,None,None,None, , , , 
33403, ,3.292971255097148,1.2315506032928262e-11,None,None,None,None, , , , 
33404, ,3.292971255097148,1.3200884008314167e-11,None,None,None,None, , , , 
33405, ,3.292971255097148,1.4149912974345786e-11,None,None,None,None, , , , 
33406, ,3.292971255097148,1.5167168884709242e-11,None,None,None,None, , , , 
33407, ,3.292971255097148,1.6257556664437934e-11,None,None,None,None, , , , 
33408, ,3.292971255097148,1.7426333860096473e-11,None,None,None,None, , , , 
33409, ,3.292971255097148,1.8679135990207848e-11,None,None,None,None, , , , 
33410, ,3.292971255097148,2.0022003718155844e-11,None,None,None,None, , , , 
33411, ,3.292971255097148,2.1461411978584013e-11,None,None,None,None, , , , 
33412, ,3.292971255097148,2.300430119772921e-11,None,None,None,None, , , , 
33413, ,3.292971255097148,2.465811075822604e-11,None,None,None,None, , , , 
33414, ,3.292971255097148,2.643081486974103e-11,None,None,None,None, , , , 
33415, ,3.292971255097148,2.8330961018393178e-11,None,None,None,None, , , , 
33416, ,3.292971255097148,3.036771118035461e-11,None,None,None,None, , , , 
33417, ,3.292971255097148,3.255088599835057e-11,None,None,None,None, , , , 
33418, ,3.292971255097148,3.4891012134067674e-11,None,None,None,None, , , , 
33419, ,3.292971255097148,3.739937302478801e-11,None,None,None,None, , , , 
33420, ,3.292971255097148,4.0088063288984646e-11,None,None,None,None, , , , 
33421, ,3.292971255097148,4.297004704320835e-11,None,None,None,None, , , , 
33422, ,3.292971255097148,4.605922041145113e-11,None,None,None,None, , , , 
33423, ,3.292971255097148,4.937047852839004e-11,None,None,None,None, , , , 
33424, ,3.292971255097148,5.2919787359584366e-11,None,None,None,None, , , , 
33425, ,3.292971255097148,5.672426068491989e-11,None,None,None,None, , , , 
33426, ,3.292971255097148,6.080224261649427e-11,None,None,None,None, , , , 
33427, ,3.292971255097148,6.517339604882421e-11,None,None,None,None, , , , 
33428, ,3.292971255097148,6.985879746785235e-11,None,None,None,None, , , , 
33429, ,3.292971255097148,7.48810385759003e-11,None,None,None,None, , , , 
33430, ,3.292971255097148,8.026433522257174e-11,None,None,None,None, , , , 
33431, ,3.292971255097148,8.603464416684492e-11,None,None,None,None, , , , 
33432, ,3.292971255097148,9.221978823334341e-11,None,None,None,None, , , , 
33433, ,3.292971255097148,9.884959046625586e-11,None,None,None,None, , , , 
33434, ,3.292971255097148,1.0595601792776149e-10,None,None,None,None, , , , 
33435, ,3.292971255097148,1.1357333583431027e-10,None,None,None,None, , , , 
33436, ,3.292971255097148,1.217382727739662e-10,None,None,None,None, , , , 
33437, ,3.292971255097148,1.3049019780144016e-10,None,None,None,None, , , , 
33438, ,3.292971255097148,1.398713102647236e-10,None,None,None,None, , , , 
33439, ,3.292971255097148,1.4992684327860468e-10,None,None,None,None, , , , 
33440, ,3.292971255097148,1.6070528182616384e-10,None,None,None,None, , , , 
33441, ,3.292971255097148,1.722585965398784e-10,None,None,None,None, , , , 
33442, ,3.292971255097148,1.8464249428955463e-10,None,None,None,None, , , , 
33443, ,3.292971255097148,1.9791668678535569e-10,None,None,None,None, , , , 
33444, ,3.292971255097148,2.121451784910628e-10,None,None,None,None, , , , 
33445, ,3.292971255097148,2.273965752357932e-10,None,None,None,None, , , , 
33446, ,3.292971255097148,2.4374441501222216e-10,None,None,None,None, , , , 
33447, ,3.292971255097148,2.6126752255633265e-10,None,None,None,None, , , , 
33448, ,3.292971255097148,2.8005038941836253e-10,None,None,None,None, , , , 
33449, ,3.292971255097148,3.0018358135755917e-10,None,None,None,None, , , , 
33450, ,3.292971255097148,3.2176417502507347e-10,None,None,None,None, , , , 
33451, ,3.292971255097148,3.4489622604057533e-10,None,None,None,None, , , , 
33452, ,3.292971255097148,3.696912707195032e-10,None,None,None,None, , , , 
33453, ,3.292971255097148,3.9626886387014783e-10,None,None,None,None, , , , 
33454, ,3.292971255097148,4.2475715525368935e-10,None,None,None,None, , , , 
33455, ,3.292971255097148,4.552935074866938e-10,None,None,None,None, , , , 
33456, ,3.292971255097148,4.880251583654433e-10,None,None,None,None, , , , 
33457, ,3.292971255097148,5.231099308056258e-10,None,None,None,None, , , , 
33458, ,3.292971255097148,5.60716993820547e-10,None,None,None,None, , , , 
33459, ,3.292971255097148,6.010276782070387e-10,None,None,None,None, , , , 
33460, ,3.292971255097148,6.442363508721371e-10,None,None,None,None, , , , 
33461, ,3.292971255097148,6.905513520162316e-10,None,None,None,None, , , , 
33462, ,3.292971255097148,7.401959996915653e-10,None,None,None,None, , , , 
33463, ,3.292971255097148,7.934096665797492e-10,None,None,None,None, , , , 
33464, ,3.292971255097148,8.504489341802668e-10,None,None,None,None, , , , 
33465, ,3.292971255097148,9.115888299750837e-10,None,None,None,None, , , , 
33466, ,3.292971255097148,9.771241535346502e-10,None,None,None,None, , , , 
33467, ,3.292971255097148,1.0473708979594486e-09,None,None,None,None, , , , 
33468, ,3.292971255097148,1.1226677735108114e-09,None,None,None,None, , , , 
33469, ,3.292971255097148,1.2033778407775904e-09,None,None,None,None, , , , 
33470, ,3.292971255097148,1.289890261253308e-09,None,None,None,None, , , , 
33471, ,3.292971255097148,1.3826221737646535e-09,None,None,None,None, , , , 
33472, ,3.292971255097148,1.4820207057988602e-09,None,None,None,None, , , , 
33473, ,3.292971255097148,1.5885651294280526e-09,None,None,None,None, , , , 
33474, ,3.292971255097148,1.702769172225898e-09,None,None,None,None, , , , 
33475, ,3.292971255097148,1.825183494319039e-09,None,None,None,None, , , , 
33476, ,3.292971255097148,1.956398343517065e-09,None,None,None,None, , , , 
33477, ,3.292971255097148,2.0970464013232305e-09,None,None,None,None, , , , 
33478, ,3.292971255097148,2.2478058335487307e-09,None,None,None,None, , , , 
33479, ,3.292971255097148,2.409403560239527e-09,None,None,None,None, , , , 
33480, ,3.292971255097148,2.582618760682675e-09,None,None,None,None, , , , 
33481, ,3.292971255097148,2.768286630392061e-09,None,None,None,None, , , , 
33482, ,3.292971255097148,2.9673024081888724e-09,None,None,None,None, , , , 
33483, ,3.292971255097148,3.180625692794119e-09,None,None,None,None, , , , 
33484, ,3.292971255097148,3.409285069746807e-09,None,None,None,None, , , , 
33485, ,3.292971255097148,3.654383070957262e-09,None,None,None,None, , , , 
33486, ,3.292971255097148,3.917101490809261e-09,None,None,None,None, , , , 
33487, ,3.292971255097148,4.198707084443906e-09,None,None,None,None, , , , 
33488, ,3.292971255097148,4.500557675700488e-09,None,None,None,None, , , , 
33489, ,3.292971255097148,4.824108704165374e-09,None,None,None,None, , , , 
33490, ,3.292971255097148,5.170920242896755e-09,None,None,None,None, , , , 
33491, ,3.292971255097148,5.542664520663096e-09,None,None,None,None, , , , 
33492, ,3.292971255097148,5.941133984965041e-09,None,None,None,None, , , , 
33493, ,3.292971255097148,6.3682499447185856e-09,None,None,None,None, , , , 
33494, ,3.292971255097148,6.826071834272379e-09,None,None,None,None, , , , 
33495, ,3.292971255097148,7.316807143427175e-09,None,None,None,None, , , , 
33496, ,3.292971255097148,7.842822061337681e-09,None,None,None,None, , , , 
33497, ,3.292971255097148,8.406652885618316e-09,None,None,None,None, , , , 
33498, ,3.292971255097148,9.011018251665036e-09,None,None,None,None, , , , 
33499, ,3.292971255097148,9.658832241158707e-09,None,None,None,None, , , , 
33500, ,3.292971255097148,1.0353218432956616e-08,None,None,None,None, , , , 
33501, ,3.292971255097148,1.1097524964120722e-08,None,None,None,None, , , , 
33502, ,3.292971255097148,1.1895340673703208e-08,None,None,None,None, , , , 
33503, ,3.292971255097148,1.2750512407130128e-08,None,None,None,None, , , , 
33504, ,3.292971255097148,1.3667163564620044e-08,None,None,None,None, , , , 
33505, ,3.292971255097148,1.4649713983072853e-08,None,None,None,None, , , , 
33506, ,3.292971255097148,1.5702901247293774e-08,None,None,None,None, , , , 
33507, ,3.292971255097148,1.683180353330955e-08,None,None,None,None, , , , 
33508, ,3.292971255097148,1.8041864093920717e-08,None,None,None,None, , , , 
33509, ,3.292971255097148,1.933891750455232e-08,None,None,None,None, , , , 
33510, ,3.292971255097148,2.0729217795953697e-08,None,None,None,None, , , , 
33511, ,3.292971255097148,2.221946860939524e-08,None,None,None,None, , , , 
33512, ,3.292971255097148,2.3816855519761606e-08,None,None,None,None, , , , 
33513, ,3.292971255097148,2.552908068239516e-08,None,None,None,None, , , , 
33514, ,3.292971255097148,2.7364399970746666e-08,None,None,None,None, , , , 
33515, ,3.292971255097148,2.933166278390042e-08,None,None,None,None, , , , 
33516, ,3.292971255097148,3.1440354715915e-08,None,None,None,None, , , , 
33517, ,3.292971255097148,3.370064329271925e-08,None,None,None,None, , , , 
33518, ,3.292971255097148,3.612342699709431e-08,None,None,None,None, , , , 
33519, ,3.292971255097148,3.872038781812557e-08,None,None,None,None, , , , 
33520, ,3.292971255097148,4.1504047578504727e-08,None,None,None,None, , , , 
33521, ,3.292971255097148,4.448782831127585e-08,None,None,None,None, , , , 
33522, ,3.292971255097148,4.768611697714474e-08,None,None,None,None, , , , 
33523, ,3.292971255097148,5.111433483440165e-08,None,None,None,None, , , , 
33524, ,3.292971255097148,5.478901179593934e-08,None,None,None,None, , , , 
33525, ,3.292971255097148,5.872786613189478e-08,None,None,None,None, , , , 
33526, ,3.292971255097148,6.294988990221888e-08,None,None,None,None, , , , 
33527, ,3.292971255097148,6.747544053110687e-08,None,None,None,None, , , , 
33528, ,3.292971255097148,7.232633896483534e-08,None,None,None,None, , , , 
33529, ,3.292971255097148,7.752597488629465e-08,None,None,None,None, , , , 
33530, ,3.292971255097148,8.309941949353386e-08,None,None,None,None, , , , 
33531, ,3.292971255097148,8.907354638610439e-08,None,None,None,None, , , , 
33532, ,3.292971255097148,9.547716114208066e-08,None,None,None,None, , , , 
33533, ,3.292971255097148,1.0234114021054528e-07,None,None,None,None, , , , 
33534, ,3.292971255097148,1.0969857978923841e-07,None,None,None,None, , , , 
33535, ,3.292971255097148,1.1758495540521555e-07,None,None,None,None, , , , 
33536, ,3.292971255097148,1.2603829296797277e-07,None,None,None,None, , , , 
33537, ,3.292971255097148,1.350993521198025e-07,None,None,None,None, , , , 
33538, ,3.292971255097148,1.4481182276745328e-07,None,None,None,None, , , , 
33539, ,3.292971255097148,1.552225357427048e-07,None,None,None,None, , , , 
33540, ,3.292971255097148,1.6638168860761273e-07,None,None,None,None, , , , 
33541, ,3.292971255097148,1.7834308769319093e-07,None,None,None,None, , , , 
33542, ,3.292971255097148,1.9116440753857e-07,None,None,None,None, , , , 
33543, ,3.292971255097148,2.049074689815846e-07,None,None,None,None, , , , 
33544, ,3.292971255097148,2.1963853724165468e-07,None,None,None,None, , , , 
33545, ,3.292971255097148,2.3542864143224158e-07,None,None,None,None, , , , 
33546, ,3.292971255097148,2.523539170434766e-07,None,None,None,None, , , , 
33547, ,3.292971255097148,2.7049597304631316e-07,None,None,None,None, , , , 
33548, ,3.292971255097148,2.899422853882875e-07,None,None,None,None, , , , 
33549, ,3.292971255097148,3.107866187782014e-07,None,None,None,None, , , , 
33550, ,3.292971255097148,3.33129478793467e-07,None,None,None,None, , , , 
33551, ,3.292971255097148,3.5707859649004626e-07,None,None,None,None, , , , 
33552, ,3.292971255097148,3.827494478516307e-07,None,None,None,None, , , , 
33553, ,3.292971255097148,4.1026581058271904e-07,None,None,None,None, , , , 
33554, ,3.292971255097148,4.397603609302722e-07,None,None,None,None, , , , 
33555, ,3.292971255097148,4.7137531341167185e-07,None,None,None,None, , , , 
33556, ,3.292971255097148,5.052631065335679e-07,None,None,None,None, , , , 
33557, ,3.292971255097148,5.415871378079465e-07,None,None,None,None, , , , 
33558, ,3.292971255097148,5.805225516094896e-07,None,None,None,None, , , , 
33559, ,3.292971255097148,6.222570836730232e-07,None,None,None,None, , , , 
33560, ,3.292971255097148,6.669919663030115e-07,None,None,None,None, , , , 
33561, ,3.292971255097148,7.149428986597576e-07,None,None,None,None, , , , 
33562, ,3.292971255097148,7.663410868007445e-07,None,None,None,None, , , , 
33563, ,3.292971255097148,8.214343584919422e-07,None,None,None,None, , , , 
33564, ,3.292971255097148,8.804883581643463e-07,None,None,None,None, , , , 
33565, ,3.292971255097148,9.437878277775371e-07,None,None,None,None, , , , 
33566, ,3.292971255097148,1.0116379797662072e-06,None,None,None,None, , , , 
33567, ,3.292971255097148,1.0843659686896086e-06,None,None,None,None, , , , 
33568, ,3.292971255097148,1.1623224686798522e-06,None,None,None,None, , , , 
33569, ,3.292971255097148,1.2458833642950078e-06,None,None,None,None, , , , 
33570, ,3.292971255097148,1.3354515629298971e-06,None,None,None,None, , , , 
33571, ,3.292971255097148,1.4314589375234786e-06,None,None,None,None, , , , 
33572, ,3.292971255097148,1.53436840893001e-06,None,None,None,None, , , , 
33573, ,3.292971255097148,1.6446761779946631e-06,None,None,None,None, , , , 
33574, ,3.292971255097148,1.762914118095948e-06,None,None,None,None, , , , 
33575, ,3.292971255097148,1.8896523396912082e-06,None,None,None,None, , , , 
33576, ,3.292971255097148,2.0255019392306664e-06,None,None,None,None, , , , 
33577, ,3.292971255097148,2.171117945694501e-06,None,None,None,None, , , , 
33578, ,3.292971255097148,2.327202478960408e-06,None,None,None,None, , , , 
33579, ,3.292971255097148,2.494508135230317e-06,None,None,None,None, , , , 
33580, ,3.292971255097148,2.673841615839944e-06,None,None,None,None, , , , 
33581, ,3.292971255097148,2.8660676169482507e-06,None,None,None,None, , , , 
33582, ,3.292971255097148,3.0721129988617524e-06,None,None,None,None, , , , 
33583, ,3.292971255097148,3.292971255097148e-06,None,None,None,None, , , , 
33584, ,3.292971255097148,3.5297073027306505e-06,None,None,None,None, , , , 
33585, ,3.292971255097148,3.783462617131925e-06,None,None,None,None, , , , 
33586, ,3.292971255097148,4.0554607358408275e-06,None,None,None,None, , , , 
33587, ,3.292971255097148,4.3470131581250175e-06,None,None,None,None, , , , 
33588, ,3.292971255097148,4.6595256686646765e-06,None,None,None,None, , , , 
33589, ,3.292971255097148,4.99450511585514e-06,None,None,None,None, , , , 
33590, ,3.292971255097148,5.353566677410719e-06,None,None,None,None, , , , 
33591, ,3.292971255097148,5.738441648302393e-06,None,None,None,None, , , , 
33592, ,3.292971255097148,6.150985788580505e-06,None,None,None,None, , , , 
33593, ,3.292971255097148,6.593188271333541e-06,None,None,None,None, , , , 
33594, ,3.292971255097148,7.067181273927492e-06,None,None,None,None, , , , 
33595, ,3.292971255097148,7.575250258771904e-06,None,None,None,None, , , , 
33596, ,3.292971255097148,8.119844993184007e-06,None,None,None,None, , , , 
33597, ,3.292971255097148,8.703591361485167e-06,None,None,None,None, , , , 
33598, ,3.292971255097148,9.329304026284676e-06,None,None,None,None, , , , 
33599, ,3.292971255097148,1e-05,None,None,None,None, , , , 
33600, ,3.4092850697468107,1e-11,None,None,None,None, , , , 
33601, ,3.4092850697468107,1.0718913192051263e-11,None,None,None,None, , , , 
33602, ,3.4092850697468107,1.1489510001873107e-11,None,None,None,None, , , , 
33603, ,3.4092850697468107,1.2315506032928262e-11,None,None,None,None, , , , 
33604, ,3.4092850697468107,1.3200884008314167e-11,None,None,None,None, , , , 
33605, ,3.4092850697468107,1.4149912974345786e-11,None,None,None,None, , , , 
33606, ,3.4092850697468107,1.5167168884709242e-11,None,None,None,None, , , , 
33607, ,3.4092850697468107,1.6257556664437934e-11,None,None,None,None, , , , 
33608, ,3.4092850697468107,1.7426333860096473e-11,None,None,None,None, , , , 
33609, ,3.4092850697468107,1.8679135990207848e-11,None,None,None,None, , , , 
33610, ,3.4092850697468107,2.0022003718155844e-11,None,None,None,None, , , , 
33611, ,3.4092850697468107,2.1461411978584013e-11,None,None,None,None, , , , 
33612, ,3.4092850697468107,2.300430119772921e-11,None,None,None,None, , , , 
33613, ,3.4092850697468107,2.465811075822604e-11,None,None,None,None, , , , 
33614, ,3.4092850697468107,2.643081486974103e-11,None,None,None,None, , , , 
33615, ,3.4092850697468107,2.8330961018393178e-11,None,None,None,None, , , , 
33616, ,3.4092850697468107,3.036771118035461e-11,None,None,None,None, , , , 
33617, ,3.4092850697468107,3.255088599835057e-11,None,None,None,None, , , , 
33618, ,3.4092850697468107,3.4891012134067674e-11,None,None,None,None, , , , 
33619, ,3.4092850697468107,3.739937302478801e-11,None,None,None,None, , , , 
33620, ,3.4092850697468107,4.0088063288984646e-11,None,None,None,None, , , , 
33621, ,3.4092850697468107,4.297004704320835e-11,None,None,None,None, , , , 
33622, ,3.4092850697468107,4.605922041145113e-11,None,None,None,None, , , , 
33623, ,3.4092850697468107,4.937047852839004e-11,None,None,None,None, , , , 
33624, ,3.4092850697468107,5.2919787359584366e-11,None,None,None,None, , , , 
33625, ,3.4092850697468107,5.672426068491989e-11,None,None,None,None, , , , 
33626, ,3.4092850697468107,6.080224261649427e-11,None,None,None,None, , , , 
33627, ,3.4092850697468107,6.517339604882421e-11,None,None,None,None, , , , 
33628, ,3.4092850697468107,6.985879746785235e-11,None,None,None,None, , , , 
33629, ,3.4092850697468107,7.48810385759003e-11,None,None,None,None, , , , 
33630, ,3.4092850697468107,8.026433522257174e-11,None,None,None,None, , , , 
33631, ,3.4092850697468107,8.603464416684492e-11,None,None,None,None, , , , 
33632, ,3.4092850697468107,9.221978823334341e-11,None,None,None,None, , , , 
33633, ,3.4092850697468107,9.884959046625586e-11,None,None,None,None, , , , 
33634, ,3.4092850697468107,1.0595601792776149e-10,None,None,None,None, , , , 
33635, ,3.4092850697468107,1.1357333583431027e-10,None,None,None,None, , , , 
33636, ,3.4092850697468107,1.217382727739662e-10,None,None,None,None, , , , 
33637, ,3.4092850697468107,1.3049019780144016e-10,None,None,None,None, , , , 
33638, ,3.4092850697468107,1.398713102647236e-10,None,None,None,None, , , , 
33639, ,3.4092850697468107,1.4992684327860468e-10,None,None,None,None, , , , 
33640, ,3.4092850697468107,1.6070528182616384e-10,None,None,None,None, , , , 
33641, ,3.4092850697468107,1.722585965398784e-10,None,None,None,None, , , , 
33642, ,3.4092850697468107,1.8464249428955463e-10,None,None,None,None, , , , 
33643, ,3.4092850697468107,1.9791668678535569e-10,None,None,None,None, , , , 
33644, ,3.4092850697468107,2.121451784910628e-10,None,None,None,None, , , , 
33645, ,3.4092850697468107,2.273965752357932e-10,None,None,None,None, , , , 
33646, ,3.4092850697468107,2.4374441501222216e-10,None,None,None,None, , , , 
33647, ,3.4092850697468107,2.6126752255633265e-10,None,None,None,None, , , , 
33648, ,3.4092850697468107,2.8005038941836253e-10,None,None,None,None, , , , 
33649, ,3.4092850697468107,3.0018358135755917e-10,None,None,None,None, , , , 
33650, ,3.4092850697468107,3.2176417502507347e-10,None,None,None,None, , , , 
33651, ,3.4092850697468107,3.4489622604057533e-10,None,None,None,None, , , , 
33652, ,3.4092850697468107,3.696912707195032e-10,None,None,None,None, , , , 
33653, ,3.4092850697468107,3.9626886387014783e-10,None,None,None,None, , , , 
33654, ,3.4092850697468107,4.2475715525368935e-10,None,None,None,None, , , , 
33655, ,3.4092850697468107,4.552935074866938e-10,None,None,None,None, , , , 
33656, ,3.4092850697468107,4.880251583654433e-10,None,None,None,None, , , , 
33657, ,3.4092850697468107,5.231099308056258e-10,None,None,None,None, , , , 
33658, ,3.4092850697468107,5.60716993820547e-10,None,None,None,None, , , , 
33659, ,3.4092850697468107,6.010276782070387e-10,None,None,None,None, , , , 
33660, ,3.4092850697468107,6.442363508721371e-10,None,None,None,None, , , , 
33661, ,3.4092850697468107,6.905513520162316e-10,None,None,None,None, , , , 
33662, ,3.4092850697468107,7.401959996915653e-10,None,None,None,None, , , , 
33663, ,3.4092850697468107,7.934096665797492e-10,None,None,None,None, , , , 
33664, ,3.4092850697468107,8.504489341802668e-10,None,None,None,None, , , , 
33665, ,3.4092850697468107,9.115888299750837e-10,None,None,None,None, , , , 
33666, ,3.4092850697468107,9.771241535346502e-10,None,None,None,None, , , , 
33667, ,3.4092850697468107,1.0473708979594486e-09,None,None,None,None, , , , 
33668, ,3.4092850697468107,1.1226677735108114e-09,None,None,None,None, , , , 
33669, ,3.4092850697468107,1.2033778407775904e-09,None,None,None,None, , , , 
33670, ,3.4092850697468107,1.289890261253308e-09,None,None,None,None, , , , 
33671, ,3.4092850697468107,1.3826221737646535e-09,None,None,None,None, , , , 
33672, ,3.4092850697468107,1.4820207057988602e-09,None,None,None,None, , , , 
33673, ,3.4092850697468107,1.5885651294280526e-09,None,None,None,None, , , , 
33674, ,3.4092850697468107,1.702769172225898e-09,None,None,None,None, , , , 
33675, ,3.4092850697468107,1.825183494319039e-09,None,None,None,None, , , , 
33676, ,3.4092850697468107,1.956398343517065e-09,None,None,None,None, , , , 
33677, ,3.4092850697468107,2.0970464013232305e-09,None,None,None,None, , , , 
33678, ,3.4092850697468107,2.2478058335487307e-09,None,None,None,None, , , , 
33679, ,3.4092850697468107,2.409403560239527e-09,None,None,None,None, , , , 
33680, ,3.4092850697468107,2.582618760682675e-09,None,None,None,None, , , , 
33681, ,3.4092850697468107,2.768286630392061e-09,None,None,None,None, , , , 
33682, ,3.4092850697468107,2.9673024081888724e-09,None,None,None,None, , , , 
33683, ,3.4092850697468107,3.180625692794119e-09,None,None,None,None, , , , 
33684, ,3.4092850697468107,3.409285069746807e-09,None,None,None,None, , , , 
33685, ,3.4092850697468107,3.654383070957262e-09,None,None,None,None, , , , 
33686, ,3.4092850697468107,3.917101490809261e-09,None,None,None,None, , , , 
33687, ,3.4092850697468107,4.198707084443906e-09,None,None,None,None, , , , 
33688, ,3.4092850697468107,4.500557675700488e-09,None,None,None,None, , , , 
33689, ,3.4092850697468107,4.824108704165374e-09,None,None,None,None, , , , 
33690, ,3.4092850697468107,5.170920242896755e-09,None,None,None,None, , , , 
33691, ,3.4092850697468107,5.542664520663096e-09,None,None,None,None, , , , 
33692, ,3.4092850697468107,5.941133984965041e-09,None,None,None,None, , , , 
33693, ,3.4092850697468107,6.3682499447185856e-09,None,None,None,None, , , , 
33694, ,3.4092850697468107,6.826071834272379e-09,None,None,None,None, , , , 
33695, ,3.4092850697468107,7.316807143427175e-09,None,None,None,None, , , , 
33696, ,3.4092850697468107,7.842822061337681e-09,None,None,None,None, , , , 
33697, ,3.4092850697468107,8.406652885618316e-09,None,None,None,None, , , , 
33698, ,3.4092850697468107,9.011018251665036e-09,None,None,None,None, , , , 
33699, ,3.4092850697468107,9.658832241158707e-09,None,None,None,None, , , , 
33700, ,3.4092850697468107,1.0353218432956616e-08,None,None,None,None, , , , 
33701, ,3.4092850697468107,1.1097524964120722e-08,None,None,None,None, , , , 
33702, ,3.4092850697468107,1.1895340673703208e-08,None,None,None,None, , , , 
33703, ,3.4092850697468107,1.2750512407130128e-08,None,None,None,None, , , , 
33704, ,3.4092850697468107,1.3667163564620044e-08,None,None,None,None, , , , 
33705, ,3.4092850697468107,1.4649713983072853e-08,None,None,None,None, , , , 
33706, ,3.4092850697468107,1.5702901247293774e-08,None,None,None,None, , , , 
33707, ,3.4092850697468107,1.683180353330955e-08,None,None,None,None, , , , 
33708, ,3.4092850697468107,1.8041864093920717e-08,None,None,None,None, , , , 
33709, ,3.4092850697468107,1.933891750455232e-08,None,None,None,None, , , , 
33710, ,3.4092850697468107,2.0729217795953697e-08,None,None,None,None, , , , 
33711, ,3.4092850697468107,2.221946860939524e-08,None,None,None,None, , , , 
33712, ,3.4092850697468107,2.3816855519761606e-08,None,None,None,None, , , , 
33713, ,3.4092850697468107,2.552908068239516e-08,None,None,None,None, , , , 
33714, ,3.4092850697468107,2.7364399970746666e-08,None,None,None,None, , , , 
33715, ,3.4092850697468107,2.933166278390042e-08,None,None,None,None, , , , 
33716, ,3.4092850697468107,3.1440354715915e-08,None,None,None,None, , , , 
33717, ,3.4092850697468107,3.370064329271925e-08,None,None,None,None, , , , 
33718, ,3.4092850697468107,3.612342699709431e-08,None,None,None,None, , , , 
33719, ,3.4092850697468107,3.872038781812557e-08,None,None,None,None, , , , 
33720, ,3.4092850697468107,4.1504047578504727e-08,None,None,None,None, , , , 
33721, ,3.4092850697468107,4.448782831127585e-08,None,None,None,None, , , , 
33722, ,3.4092850697468107,4.768611697714474e-08,None,None,None,None, , , , 
33723, ,3.4092850697468107,5.111433483440165e-08,None,None,None,None, , , , 
33724, ,3.4092850697468107,5.478901179593934e-08,None,None,None,None, , , , 
33725, ,3.4092850697468107,5.872786613189478e-08,None,None,None,None, , , , 
33726, ,3.4092850697468107,6.294988990221888e-08,None,None,None,None, , , , 
33727, ,3.4092850697468107,6.747544053110687e-08,None,None,None,None, , , , 
33728, ,3.4092850697468107,7.232633896483534e-08,None,None,None,None, , , , 
33729, ,3.4092850697468107,7.752597488629465e-08,None,None,None,None, , , , 
33730, ,3.4092850697468107,8.309941949353386e-08,None,None,None,None, , , , 
33731, ,3.4092850697468107,8.907354638610439e-08,None,None,None,None, , , , 
33732, ,3.4092850697468107,9.547716114208066e-08,None,None,None,None, , , , 
33733, ,3.4092850697468107,1.0234114021054528e-07,None,None,None,None, , , , 
33734, ,3.4092850697468107,1.0969857978923841e-07,None,None,None,None, , , , 
33735, ,3.4092850697468107,1.1758495540521555e-07,None,None,None,None, , , , 
33736, ,3.4092850697468107,1.2603829296797277e-07,None,None,None,None, , , , 
33737, ,3.4092850697468107,1.350993521198025e-07,None,None,None,None, , , , 
33738, ,3.4092850697468107,1.4481182276745328e-07,None,None,None,None, , , , 
33739, ,3.4092850697468107,1.552225357427048e-07,None,None,None,None, , , , 
33740, ,3.4092850697468107,1.6638168860761273e-07,None,None,None,None, , , , 
33741, ,3.4092850697468107,1.7834308769319093e-07,None,None,None,None, , , , 
33742, ,3.4092850697468107,1.9116440753857e-07,None,None,None,None, , , , 
33743, ,3.4092850697468107,2.049074689815846e-07,None,None,None,None, , , , 
33744, ,3.4092850697468107,2.1963853724165468e-07,None,None,None,None, , , , 
33745, ,3.4092850697468107,2.3542864143224158e-07,None,None,None,None, , , , 
33746, ,3.4092850697468107,2.523539170434766e-07,None,None,None,None, , , , 
33747, ,3.4092850697468107,2.7049597304631316e-07,None,None,None,None, , , , 
33748, ,3.4092850697468107,2.899422853882875e-07,None,None,None,None, , , , 
33749, ,3.4092850697468107,3.107866187782014e-07,None,None,None,None, , , , 
33750, ,3.4092850697468107,3.33129478793467e-07,None,None,None,None, , , , 
33751, ,3.4092850697468107,3.5707859649004626e-07,None,None,None,None, , , , 
33752, ,3.4092850697468107,3.827494478516307e-07,None,None,None,None, , , , 
33753, ,3.4092850697468107,4.1026581058271904e-07,None,None,None,None, , , , 
33754, ,3.4092850697468107,4.397603609302722e-07,None,None,None,None, , , , 
33755, ,3.4092850697468107,4.7137531341167185e-07,None,None,None,None, , , , 
33756, ,3.4092850697468107,5.052631065335679e-07,None,None,None,None, , , , 
33757, ,3.4092850697468107,5.415871378079465e-07,None,None,None,None, , , , 
33758, ,3.4092850697468107,5.805225516094896e-07,None,None,None,None, , , , 
33759, ,3.4092850697468107,6.222570836730232e-07,None,None,None,None, , , , 
33760, ,3.4092850697468107,6.669919663030115e-07,None,None,None,None, , , , 
33761, ,3.4092850697468107,7.149428986597576e-07,None,None,None,None, , , , 
33762, ,3.4092850697468107,7.663410868007445e-07,None,None,None,None, , , , 
33763, ,3.4092850697468107,8.214343584919422e-07,None,None,None,None, , , , 
33764, ,3.4092850697468107,8.804883581643463e-07,None,None,None,None, , , , 
33765, ,3.4092850697468107,9.437878277775371e-07,None,None,None,None, , , , 
33766, ,3.4092850697468107,1.0116379797662072e-06,None,None,None,None, , , , 
33767, ,3.4092850697468107,1.0843659686896086e-06,None,None,None,None, , , , 
33768, ,3.4092850697468107,1.1623224686798522e-06,None,None,None,None, , , , 
33769, ,3.4092850697468107,1.2458833642950078e-06,None,None,None,None, , , , 
33770, ,3.4092850697468107,1.3354515629298971e-06,None,None,None,None, , , , 
33771, ,3.4092850697468107,1.4314589375234786e-06,None,None,None,None, , , , 
33772, ,3.4092850697468107,1.53436840893001e-06,None,None,None,None, , , , 
33773, ,3.4092850697468107,1.6446761779946631e-06,None,None,None,None, , , , 
33774, ,3.4092850697468107,1.762914118095948e-06,None,None,None,None, , , , 
33775, ,3.4092850697468107,1.8896523396912082e-06,None,None,None,None, , , , 
33776, ,3.4092850697468107,2.0255019392306664e-06,None,None,None,None, , , , 
33777, ,3.4092850697468107,2.171117945694501e-06,None,None,None,None, , , , 
33778, ,3.4092850697468107,2.327202478960408e-06,None,None,None,None, , , , 
33779, ,3.4092850697468107,2.494508135230317e-06,None,None,None,None, , , , 
33780, ,3.4092850697468107,2.673841615839944e-06,None,None,None,None, , , , 
33781, ,3.4092850697468107,2.8660676169482507e-06,None,None,None,None, , , , 
33782, ,3.4092850697468107,3.0721129988617524e-06,None,None,None,None, , , , 
33783, ,3.4092850697468107,3.292971255097148e-06,None,None,None,None, , , , 
33784, ,3.4092850697468107,3.5297073027306505e-06,None,None,None,None, , , , 
33785, ,3.4092850697468107,3.783462617131925e-06,None,None,None,None, , , , 
33786, ,3.4092850697468107,4.0554607358408275e-06,None,None,None,None, , , , 
33787, ,3.4092850697468107,4.3470131581250175e-06,None,None,None,None, , , , 
33788, ,3.4092850697468107,4.6595256686646765e-06,None,None,None,None, , , , 
33789, ,3.4092850697468107,4.99450511585514e-06,None,None,None,None, , , , 
33790, ,3.4092850697468107,5.353566677410719e-06,None,None,None,None, , , , 
33791, ,3.4092850697468107,5.738441648302393e-06,None,None,None,None, , , , 
33792, ,3.4092850697468107,6.150985788580505e-06,None,None,None,None, , , , 
33793, ,3.4092850697468107,6.593188271333541e-06,None,None,None,None, , , , 
33794, ,3.4092850697468107,7.067181273927492e-06,None,None,None,None, , , , 
33795, ,3.4092850697468107,7.575250258771904e-06,None,None,None,None, , , , 
33796, ,3.4092850697468107,8.119844993184007e-06,None,None,None,None, , , , 
33797, ,3.4092850697468107,8.703591361485167e-06,None,None,None,None, , , , 
33798, ,3.4092850697468107,9.329304026284676e-06,None,None,None,None, , , , 
33799, ,3.4092850697468107,1e-05,None,None,None,None, , , , 
33800, ,3.5297073027306496,1e-11,None,None,None,None, , , , 
33801, ,3.5297073027306496,1.0718913192051263e-11,None,None,None,None, , , , 
33802, ,3.5297073027306496,1.1489510001873107e-11,None,None,None,None, , , , 
33803, ,3.5297073027306496,1.2315506032928262e-11,None,None,None,None, , , , 
33804, ,3.5297073027306496,1.3200884008314167e-11,None,None,None,None, , , , 
33805, ,3.5297073027306496,1.4149912974345786e-11,None,None,None,None, , , , 
33806, ,3.5297073027306496,1.5167168884709242e-11,None,None,None,None, , , , 
33807, ,3.5297073027306496,1.6257556664437934e-11,None,None,None,None, , , , 
33808, ,3.5297073027306496,1.7426333860096473e-11,None,None,None,None, , , , 
33809, ,3.5297073027306496,1.8679135990207848e-11,None,None,None,None, , , , 
33810, ,3.5297073027306496,2.0022003718155844e-11,None,None,None,None, , , , 
33811, ,3.5297073027306496,2.1461411978584013e-11,None,None,None,None, , , , 
33812, ,3.5297073027306496,2.300430119772921e-11,None,None,None,None, , , , 
33813, ,3.5297073027306496,2.465811075822604e-11,None,None,None,None, , , , 
33814, ,3.5297073027306496,2.643081486974103e-11,None,None,None,None, , , , 
33815, ,3.5297073027306496,2.8330961018393178e-11,None,None,None,None, , , , 
33816, ,3.5297073027306496,3.036771118035461e-11,None,None,None,None, , , , 
33817, ,3.5297073027306496,3.255088599835057e-11,None,None,None,None, , , , 
33818, ,3.5297073027306496,3.4891012134067674e-11,None,None,None,None, , , , 
33819, ,3.5297073027306496,3.739937302478801e-11,None,None,None,None, , , , 
33820, ,3.5297073027306496,4.0088063288984646e-11,None,None,None,None, , , , 
33821, ,3.5297073027306496,4.297004704320835e-11,None,None,None,None, , , , 
33822, ,3.5297073027306496,4.605922041145113e-11,None,None,None,None, , , , 
33823, ,3.5297073027306496,4.937047852839004e-11,None,None,None,None, , , , 
33824, ,3.5297073027306496,5.2919787359584366e-11,None,None,None,None, , , , 
33825, ,3.5297073027306496,5.672426068491989e-11,None,None,None,None, , , , 
33826, ,3.5297073027306496,6.080224261649427e-11,None,None,None,None, , , , 
33827, ,3.5297073027306496,6.517339604882421e-11,None,None,None,None, , , , 
33828, ,3.5297073027306496,6.985879746785235e-11,None,None,None,None, , , , 
33829, ,3.5297073027306496,7.48810385759003e-11,None,None,None,None, , , , 
33830, ,3.5297073027306496,8.026433522257174e-11,None,None,None,None, , , , 
33831, ,3.5297073027306496,8.603464416684492e-11,None,None,None,None, , , , 
33832, ,3.5297073027306496,9.221978823334341e-11,None,None,None,None, , , , 
33833, ,3.5297073027306496,9.884959046625586e-11,None,None,None,None, , , , 
33834, ,3.5297073027306496,1.0595601792776149e-10,None,None,None,None, , , , 
33835, ,3.5297073027306496,1.1357333583431027e-10,None,None,None,None, , , , 
33836, ,3.5297073027306496,1.217382727739662e-10,None,None,None,None, , , , 
33837, ,3.5297073027306496,1.3049019780144016e-10,None,None,None,None, , , , 
33838, ,3.5297073027306496,1.398713102647236e-10,None,None,None,None, , , , 
33839, ,3.5297073027306496,1.4992684327860468e-10,None,None,None,None, , , , 
33840, ,3.5297073027306496,1.6070528182616384e-10,None,None,None,None, , , , 
33841, ,3.5297073027306496,1.722585965398784e-10,None,None,None,None, , , , 
33842, ,3.5297073027306496,1.8464249428955463e-10,None,None,None,None, , , , 
33843, ,3.5297073027306496,1.9791668678535569e-10,None,None,None,None, , , , 
33844, ,3.5297073027306496,2.121451784910628e-10,None,None,None,None, , , , 
33845, ,3.5297073027306496,2.273965752357932e-10,None,None,None,None, , , , 
33846, ,3.5297073027306496,2.4374441501222216e-10,None,None,None,None, , , , 
33847, ,3.5297073027306496,2.6126752255633265e-10,None,None,None,None, , , , 
33848, ,3.5297073027306496,2.8005038941836253e-10,None,None,None,None, , , , 
33849, ,3.5297073027306496,3.0018358135755917e-10,None,None,None,None, , , , 
33850, ,3.5297073027306496,3.2176417502507347e-10,None,None,None,None, , , , 
33851, ,3.5297073027306496,3.4489622604057533e-10,None,None,None,None, , , , 
33852, ,3.5297073027306496,3.696912707195032e-10,None,None,None,None, , , , 
33853, ,3.5297073027306496,3.9626886387014783e-10,None,None,None,None, , , , 
33854, ,3.5297073027306496,4.2475715525368935e-10,None,None,None,None, , , , 
33855, ,3.5297073027306496,4.552935074866938e-10,None,None,None,None, , , , 
33856, ,3.5297073027306496,4.880251583654433e-10,None,None,None,None, , , , 
33857, ,3.5297073027306496,5.231099308056258e-10,None,None,None,None, , , , 
33858, ,3.5297073027306496,5.60716993820547e-10,None,None,None,None, , , , 
33859, ,3.5297073027306496,6.010276782070387e-10,None,None,None,None, , , , 
33860, ,3.5297073027306496,6.442363508721371e-10,None,None,None,None, , , , 
33861, ,3.5297073027306496,6.905513520162316e-10,None,None,None,None, , , , 
33862, ,3.5297073027306496,7.401959996915653e-10,None,None,None,None, , , , 
33863, ,3.5297073027306496,7.934096665797492e-10,None,None,None,None, , , , 
33864, ,3.5297073027306496,8.504489341802668e-10,None,None,None,None, , , , 
33865, ,3.5297073027306496,9.115888299750837e-10,None,None,None,None, , , , 
33866, ,3.5297073027306496,9.771241535346502e-10,None,None,None,None, , , , 
33867, ,3.5297073027306496,1.0473708979594486e-09,None,None,None,None, , , , 
33868, ,3.5297073027306496,1.1226677735108114e-09,None,None,None,None, , , , 
33869, ,3.5297073027306496,1.2033778407775904e-09,None,None,None,None, , , , 
33870, ,3.5297073027306496,1.289890261253308e-09,None,None,None,None, , , , 
33871, ,3.5297073027306496,1.3826221737646535e-09,None,None,None,None, , , , 
33872, ,3.5297073027306496,1.4820207057988602e-09,None,None,None,None, , , , 
33873, ,3.5297073027306496,1.5885651294280526e-09,None,None,None,None, , , , 
33874, ,3.5297073027306496,1.702769172225898e-09,None,None,None,None, , , , 
33875, ,3.5297073027306496,1.825183494319039e-09,None,None,None,None, , , , 
33876, ,3.5297073027306496,1.956398343517065e-09,None,None,None,None, , , , 
33877, ,3.5297073027306496,2.0970464013232305e-09,None,None,None,None, , , , 
33878, ,3.5297073027306496,2.2478058335487307e-09,None,None,None,None, , , , 
33879, ,3.5297073027306496,2.409403560239527e-09,None,None,None,None, , , , 
33880, ,3.5297073027306496,2.582618760682675e-09,None,None,None,None, , , , 
33881, ,3.5297073027306496,2.768286630392061e-09,None,None,None,None, , , , 
33882, ,3.5297073027306496,2.9673024081888724e-09,None,None,None,None, , , , 
33883, ,3.5297073027306496,3.180625692794119e-09,None,None,None,None, , , , 
33884, ,3.5297073027306496,3.409285069746807e-09,None,None,None,None, , , , 
33885, ,3.5297073027306496,3.654383070957262e-09,None,None,None,None, , , , 
33886, ,3.5297073027306496,3.917101490809261e-09,None,None,None,None, , , , 
33887, ,3.5297073027306496,4.198707084443906e-09,None,None,None,None, , , , 
33888, ,3.5297073027306496,4.500557675700488e-09,None,None,None,None, , , , 
33889, ,3.5297073027306496,4.824108704165374e-09,None,None,None,None, , , , 
33890, ,3.5297073027306496,5.170920242896755e-09,None,None,None,None, , , , 
33891, ,3.5297073027306496,5.542664520663096e-09,None,None,None,None, , , , 
33892, ,3.5297073027306496,5.941133984965041e-09,None,None,None,None, , , , 
33893, ,3.5297073027306496,6.3682499447185856e-09,None,None,None,None, , , , 
33894, ,3.5297073027306496,6.826071834272379e-09,None,None,None,None, , , , 
33895, ,3.5297073027306496,7.316807143427175e-09,None,None,None,None, , , , 
33896, ,3.5297073027306496,7.842822061337681e-09,None,None,None,None, , , , 
33897, ,3.5297073027306496,8.406652885618316e-09,None,None,None,None, , , , 
33898, ,3.5297073027306496,9.011018251665036e-09,None,None,None,None, , , , 
33899, ,3.5297073027306496,9.658832241158707e-09,None,None,None,None, , , , 
33900, ,3.5297073027306496,1.0353218432956616e-08,None,None,None,None, , , , 
33901, ,3.5297073027306496,1.1097524964120722e-08,None,None,None,None, , , , 
33902, ,3.5297073027306496,1.1895340673703208e-08,None,None,None,None, , , , 
33903, ,3.5297073027306496,1.2750512407130128e-08,None,None,None,None, , , , 
33904, ,3.5297073027306496,1.3667163564620044e-08,None,None,None,None, , , , 
33905, ,3.5297073027306496,1.4649713983072853e-08,None,None,None,None, , , , 
33906, ,3.5297073027306496,1.5702901247293774e-08,None,None,None,None, , , , 
33907, ,3.5297073027306496,1.683180353330955e-08,None,None,None,None, , , , 
33908, ,3.5297073027306496,1.8041864093920717e-08,None,None,None,None, , , , 
33909, ,3.5297073027306496,1.933891750455232e-08,None,None,None,None, , , , 
33910, ,3.5297073027306496,2.0729217795953697e-08,None,None,None,None, , , , 
33911, ,3.5297073027306496,2.221946860939524e-08,None,None,None,None, , , , 
33912, ,3.5297073027306496,2.3816855519761606e-08,None,None,None,None, , , , 
33913, ,3.5297073027306496,2.552908068239516e-08,None,None,None,None, , , , 
33914, ,3.5297073027306496,2.7364399970746666e-08,None,None,None,None, , , , 
33915, ,3.5297073027306496,2.933166278390042e-08,None,None,None,None, , , , 
33916, ,3.5297073027306496,3.1440354715915e-08,None,None,None,None, , , , 
33917, ,3.5297073027306496,3.370064329271925e-08,None,None,None,None, , , , 
33918, ,3.5297073027306496,3.612342699709431e-08,None,None,None,None, , , , 
33919, ,3.5297073027306496,3.872038781812557e-08,None,None,None,None, , , , 
33920, ,3.5297073027306496,4.1504047578504727e-08,None,None,None,None, , , , 
33921, ,3.5297073027306496,4.448782831127585e-08,None,None,None,None, , , , 
33922, ,3.5297073027306496,4.768611697714474e-08,None,None,None,None, , , , 
33923, ,3.5297073027306496,5.111433483440165e-08,None,None,None,None, , , , 
33924, ,3.5297073027306496,5.478901179593934e-08,None,None,None,None, , , , 
33925, ,3.5297073027306496,5.872786613189478e-08,None,None,None,None, , , , 
33926, ,3.5297073027306496,6.294988990221888e-08,None,None,None,None, , , , 
33927, ,3.5297073027306496,6.747544053110687e-08,None,None,None,None, , , , 
33928, ,3.5297073027306496,7.232633896483534e-08,None,None,None,None, , , , 
33929, ,3.5297073027306496,7.752597488629465e-08,None,None,None,None, , , , 
33930, ,3.5297073027306496,8.309941949353386e-08,None,None,None,None, , , , 
33931, ,3.5297073027306496,8.907354638610439e-08,None,None,None,None, , , , 
33932, ,3.5297073027306496,9.547716114208066e-08,None,None,None,None, , , , 
33933, ,3.5297073027306496,1.0234114021054528e-07,None,None,None,None, , , , 
33934, ,3.5297073027306496,1.0969857978923841e-07,None,None,None,None, , , , 
33935, ,3.5297073027306496,1.1758495540521555e-07,None,None,None,None, , , , 
33936, ,3.5297073027306496,1.2603829296797277e-07,None,None,None,None, , , , 
33937, ,3.5297073027306496,1.350993521198025e-07,None,None,None,None, , , , 
33938, ,3.5297073027306496,1.4481182276745328e-07,None,None,None,None, , , , 
33939, ,3.5297073027306496,1.552225357427048e-07,None,None,None,None, , , , 
33940, ,3.5297073027306496,1.6638168860761273e-07,None,None,None,None, , , , 
33941, ,3.5297073027306496,1.7834308769319093e-07,None,None,None,None, , , , 
33942, ,3.5297073027306496,1.9116440753857e-07,None,None,None,None, , , , 
33943, ,3.5297073027306496,2.049074689815846e-07,None,None,None,None, , , , 
33944, ,3.5297073027306496,2.1963853724165468e-07,None,None,None,None, , , , 
33945, ,3.5297073027306496,2.3542864143224158e-07,None,None,None,None, , , , 
33946, ,3.5297073027306496,2.523539170434766e-07,None,None,None,None, , , , 
33947, ,3.5297073027306496,2.7049597304631316e-07,None,None,None,None, , , , 
33948, ,3.5297073027306496,2.899422853882875e-07,None,None,None,None, , , , 
33949, ,3.5297073027306496,3.107866187782014e-07,None,None,None,None, , , , 
33950, ,3.5297073027306496,3.33129478793467e-07,None,None,None,None, , , , 
33951, ,3.5297073027306496,3.5707859649004626e-07,None,None,None,None, , , , 
33952, ,3.5297073027306496,3.827494478516307e-07,None,None,None,None, , , , 
33953, ,3.5297073027306496,4.1026581058271904e-07,None,None,None,None, , , , 
33954, ,3.5297073027306496,4.397603609302722e-07,None,None,None,None, , , , 
33955, ,3.5297073027306496,4.7137531341167185e-07,None,None,None,None, , , , 
33956, ,3.5297073027306496,5.052631065335679e-07,None,None,None,None, , , , 
33957, ,3.5297073027306496,5.415871378079465e-07,None,None,None,None, , , , 
33958, ,3.5297073027306496,5.805225516094896e-07,None,None,None,None, , , , 
33959, ,3.5297073027306496,6.222570836730232e-07,None,None,None,None, , , , 
33960, ,3.5297073027306496,6.669919663030115e-07,None,None,None,None, , , , 
33961, ,3.5297073027306496,7.149428986597576e-07,None,None,None,None, , , , 
33962, ,3.5297073027306496,7.663410868007445e-07,None,None,None,None, , , , 
33963, ,3.5297073027306496,8.214343584919422e-07,None,None,None,None, , , , 
33964, ,3.5297073027306496,8.804883581643463e-07,None,None,None,None, , , , 
33965, ,3.5297073027306496,9.437878277775371e-07,None,None,None,None, , , , 
33966, ,3.5297073027306496,1.0116379797662072e-06,None,None,None,None, , , , 
33967, ,3.5297073027306496,1.0843659686896086e-06,None,None,None,None, , , , 
33968, ,3.5297073027306496,1.1623224686798522e-06,None,None,None,None, , , , 
33969, ,3.5297073027306496,1.2458833642950078e-06,None,None,None,None, , , , 
33970, ,3.5297073027306496,1.3354515629298971e-06,None,None,None,None, , , , 
33971, ,3.5297073027306496,1.4314589375234786e-06,None,None,None,None, , , , 
33972, ,3.5297073027306496,1.53436840893001e-06,None,None,None,None, , , , 
33973, ,3.5297073027306496,1.6446761779946631e-06,None,None,None,None, , , , 
33974, ,3.5297073027306496,1.762914118095948e-06,None,None,None,None, , , , 
33975, ,3.5297073027306496,1.8896523396912082e-06,None,None,None,None, , , , 
33976, ,3.5297073027306496,2.0255019392306664e-06,None,None,None,None, , , , 
33977, ,3.5297073027306496,2.171117945694501e-06,None,None,None,None, , , , 
33978, ,3.5297073027306496,2.327202478960408e-06,None,None,None,None, , , , 
33979, ,3.5297073027306496,2.494508135230317e-06,None,None,None,None, , , , 
33980, ,3.5297073027306496,2.673841615839944e-06,None,None,None,None, , , , 
33981, ,3.5297073027306496,2.8660676169482507e-06,None,None,None,None, , , , 
33982, ,3.5297073027306496,3.0721129988617524e-06,None,None,None,None, , , , 
33983, ,3.5297073027306496,3.292971255097148e-06,None,None,None,None, , , , 
33984, ,3.5297073027306496,3.5297073027306505e-06,None,None,None,None, , , , 
33985, ,3.5297073027306496,3.783462617131925e-06,None,None,None,None, , , , 
33986, ,3.5297073027306496,4.0554607358408275e-06,None,None,None,None, , , , 
33987, ,3.5297073027306496,4.3470131581250175e-06,None,None,None,None, , , , 
33988, ,3.5297073027306496,4.6595256686646765e-06,None,None,None,None, , , , 
33989, ,3.5297073027306496,4.99450511585514e-06,None,None,None,None, , , , 
33990, ,3.5297073027306496,5.353566677410719e-06,None,None,None,None, , , , 
33991, ,3.5297073027306496,5.738441648302393e-06,None,None,None,None, , , , 
33992, ,3.5297073027306496,6.150985788580505e-06,None,None,None,None, , , , 
33993, ,3.5297073027306496,6.593188271333541e-06,None,None,None,None, , , , 
33994, ,3.5297073027306496,7.067181273927492e-06,None,None,None,None, , , , 
33995, ,3.5297073027306496,7.575250258771904e-06,None,None,None,None, , , , 
33996, ,3.5297073027306496,8.119844993184007e-06,None,None,None,None, , , , 
33997, ,3.5297073027306496,8.703591361485167e-06,None,None,None,None, , , , 
33998, ,3.5297073027306496,9.329304026284676e-06,None,None,None,None, , , , 
33999, ,3.5297073027306496,1e-05,None,None,None,None, , , , 
34000, ,3.6543830709572553,1e-11,None,None,None,None, , , , 
34001, ,3.6543830709572553,1.0718913192051263e-11,None,None,None,None, , , , 
34002, ,3.6543830709572553,1.1489510001873107e-11,None,None,None,None, , , , 
34003, ,3.6543830709572553,1.2315506032928262e-11,None,None,None,None, , , , 
34004, ,3.6543830709572553,1.3200884008314167e-11,None,None,None,None, , , , 
34005, ,3.6543830709572553,1.4149912974345786e-11,None,None,None,None, , , , 
34006, ,3.6543830709572553,1.5167168884709242e-11,None,None,None,None, , , , 
34007, ,3.6543830709572553,1.6257556664437934e-11,None,None,None,None, , , , 
34008, ,3.6543830709572553,1.7426333860096473e-11,None,None,None,None, , , , 
34009, ,3.6543830709572553,1.8679135990207848e-11,None,None,None,None, , , , 
34010, ,3.6543830709572553,2.0022003718155844e-11,None,None,None,None, , , , 
34011, ,3.6543830709572553,2.1461411978584013e-11,None,None,None,None, , , , 
34012, ,3.6543830709572553,2.300430119772921e-11,None,None,None,None, , , , 
34013, ,3.6543830709572553,2.465811075822604e-11,None,None,None,None, , , , 
34014, ,3.6543830709572553,2.643081486974103e-11,None,None,None,None, , , , 
34015, ,3.6543830709572553,2.8330961018393178e-11,None,None,None,None, , , , 
34016, ,3.6543830709572553,3.036771118035461e-11,None,None,None,None, , , , 
34017, ,3.6543830709572553,3.255088599835057e-11,None,None,None,None, , , , 
34018, ,3.6543830709572553,3.4891012134067674e-11,None,None,None,None, , , , 
34019, ,3.6543830709572553,3.739937302478801e-11,None,None,None,None, , , , 
34020, ,3.6543830709572553,4.0088063288984646e-11,None,None,None,None, , , , 
34021, ,3.6543830709572553,4.297004704320835e-11,None,None,None,None, , , , 
34022, ,3.6543830709572553,4.605922041145113e-11,None,None,None,None, , , , 
34023, ,3.6543830709572553,4.937047852839004e-11,None,None,None,None, , , , 
34024, ,3.6543830709572553,5.2919787359584366e-11,None,None,None,None, , , , 
34025, ,3.6543830709572553,5.672426068491989e-11,None,None,None,None, , , , 
34026, ,3.6543830709572553,6.080224261649427e-11,None,None,None,None, , , , 
34027, ,3.6543830709572553,6.517339604882421e-11,None,None,None,None, , , , 
34028, ,3.6543830709572553,6.985879746785235e-11,None,None,None,None, , , , 
34029, ,3.6543830709572553,7.48810385759003e-11,None,None,None,None, , , , 
34030, ,3.6543830709572553,8.026433522257174e-11,None,None,None,None, , , , 
34031, ,3.6543830709572553,8.603464416684492e-11,None,None,None,None, , , , 
34032, ,3.6543830709572553,9.221978823334341e-11,None,None,None,None, , , , 
34033, ,3.6543830709572553,9.884959046625586e-11,None,None,None,None, , , , 
34034, ,3.6543830709572553,1.0595601792776149e-10,None,None,None,None, , , , 
34035, ,3.6543830709572553,1.1357333583431027e-10,None,None,None,None, , , , 
34036, ,3.6543830709572553,1.217382727739662e-10,None,None,None,None, , , , 
34037, ,3.6543830709572553,1.3049019780144016e-10,None,None,None,None, , , , 
34038, ,3.6543830709572553,1.398713102647236e-10,None,None,None,None, , , , 
34039, ,3.6543830709572553,1.4992684327860468e-10,None,None,None,None, , , , 
34040, ,3.6543830709572553,1.6070528182616384e-10,None,None,None,None, , , , 
34041, ,3.6543830709572553,1.722585965398784e-10,None,None,None,None, , , , 
34042, ,3.6543830709572553,1.8464249428955463e-10,None,None,None,None, , , , 
34043, ,3.6543830709572553,1.9791668678535569e-10,None,None,None,None, , , , 
34044, ,3.6543830709572553,2.121451784910628e-10,None,None,None,None, , , , 
34045, ,3.6543830709572553,2.273965752357932e-10,None,None,None,None, , , , 
34046, ,3.6543830709572553,2.4374441501222216e-10,None,None,None,None, , , , 
34047, ,3.6543830709572553,2.6126752255633265e-10,None,None,None,None, , , , 
34048, ,3.6543830709572553,2.8005038941836253e-10,None,None,None,None, , , , 
34049, ,3.6543830709572553,3.0018358135755917e-10,None,None,None,None, , , , 
34050, ,3.6543830709572553,3.2176417502507347e-10,None,None,None,None, , , , 
34051, ,3.6543830709572553,3.4489622604057533e-10,None,None,None,None, , , , 
34052, ,3.6543830709572553,3.696912707195032e-10,None,None,None,None, , , , 
34053, ,3.6543830709572553,3.9626886387014783e-10,None,None,None,None, , , , 
34054, ,3.6543830709572553,4.2475715525368935e-10,None,None,None,None, , , , 
34055, ,3.6543830709572553,4.552935074866938e-10,None,None,None,None, , , , 
34056, ,3.6543830709572553,4.880251583654433e-10,None,None,None,None, , , , 
34057, ,3.6543830709572553,5.231099308056258e-10,None,None,None,None, , , , 
34058, ,3.6543830709572553,5.60716993820547e-10,None,None,None,None, , , , 
34059, ,3.6543830709572553,6.010276782070387e-10,None,None,None,None, , , , 
34060, ,3.6543830709572553,6.442363508721371e-10,None,None,None,None, , , , 
34061, ,3.6543830709572553,6.905513520162316e-10,None,None,None,None, , , , 
34062, ,3.6543830709572553,7.401959996915653e-10,None,None,None,None, , , , 
34063, ,3.6543830709572553,7.934096665797492e-10,None,None,None,None, , , , 
34064, ,3.6543830709572553,8.504489341802668e-10,None,None,None,None, , , , 
34065, ,3.6543830709572553,9.115888299750837e-10,None,None,None,None, , , , 
34066, ,3.6543830709572553,9.771241535346502e-10,None,None,None,None, , , , 
34067, ,3.6543830709572553,1.0473708979594486e-09,None,None,None,None, , , , 
34068, ,3.6543830709572553,1.1226677735108114e-09,None,None,None,None, , , , 
34069, ,3.6543830709572553,1.2033778407775904e-09,None,None,None,None, , , , 
34070, ,3.6543830709572553,1.289890261253308e-09,None,None,None,None, , , , 
34071, ,3.6543830709572553,1.3826221737646535e-09,None,None,None,None, , , , 
34072, ,3.6543830709572553,1.4820207057988602e-09,None,None,None,None, , , , 
34073, ,3.6543830709572553,1.5885651294280526e-09,None,None,None,None, , , , 
34074, ,3.6543830709572553,1.702769172225898e-09,None,None,None,None, , , , 
34075, ,3.6543830709572553,1.825183494319039e-09,None,None,None,None, , , , 
34076, ,3.6543830709572553,1.956398343517065e-09,None,None,None,None, , , , 
34077, ,3.6543830709572553,2.0970464013232305e-09,None,None,None,None, , , , 
34078, ,3.6543830709572553,2.2478058335487307e-09,None,None,None,None, , , , 
34079, ,3.6543830709572553,2.409403560239527e-09,None,None,None,None, , , , 
34080, ,3.6543830709572553,2.582618760682675e-09,None,None,None,None, , , , 
34081, ,3.6543830709572553,2.768286630392061e-09,None,None,None,None, , , , 
34082, ,3.6543830709572553,2.9673024081888724e-09,None,None,None,None, , , , 
34083, ,3.6543830709572553,3.180625692794119e-09,None,None,None,None, , , , 
34084, ,3.6543830709572553,3.409285069746807e-09,None,None,None,None, , , , 
34085, ,3.6543830709572553,3.654383070957262e-09,None,None,None,None, , , , 
34086, ,3.6543830709572553,3.917101490809261e-09,None,None,None,None, , , , 
34087, ,3.6543830709572553,4.198707084443906e-09,None,None,None,None, , , , 
34088, ,3.6543830709572553,4.500557675700488e-09,None,None,None,None, , , , 
34089, ,3.6543830709572553,4.824108704165374e-09,None,None,None,None, , , , 
34090, ,3.6543830709572553,5.170920242896755e-09,None,None,None,None, , , , 
34091, ,3.6543830709572553,5.542664520663096e-09,None,None,None,None, , , , 
34092, ,3.6543830709572553,5.941133984965041e-09,None,None,None,None, , , , 
34093, ,3.6543830709572553,6.3682499447185856e-09,None,None,None,None, , , , 
34094, ,3.6543830709572553,6.826071834272379e-09,None,None,None,None, , , , 
34095, ,3.6543830709572553,7.316807143427175e-09,None,None,None,None, , , , 
34096, ,3.6543830709572553,7.842822061337681e-09,None,None,None,None, , , , 
34097, ,3.6543830709572553,8.406652885618316e-09,None,None,None,None, , , , 
34098, ,3.6543830709572553,9.011018251665036e-09,None,None,None,None, , , , 
34099, ,3.6543830709572553,9.658832241158707e-09,None,None,None,None, , , , 
34100, ,3.6543830709572553,1.0353218432956616e-08,None,None,None,None, , , , 
34101, ,3.6543830709572553,1.1097524964120722e-08,None,None,None,None, , , , 
34102, ,3.6543830709572553,1.1895340673703208e-08,None,None,None,None, , , , 
34103, ,3.6543830709572553,1.2750512407130128e-08,None,None,None,None, , , , 
34104, ,3.6543830709572553,1.3667163564620044e-08,None,None,None,None, , , , 
34105, ,3.6543830709572553,1.4649713983072853e-08,None,None,None,None, , , , 
34106, ,3.6543830709572553,1.5702901247293774e-08,None,None,None,None, , , , 
34107, ,3.6543830709572553,1.683180353330955e-08,None,None,None,None, , , , 
34108, ,3.6543830709572553,1.8041864093920717e-08,None,None,None,None, , , , 
34109, ,3.6543830709572553,1.933891750455232e-08,None,None,None,None, , , , 
34110, ,3.6543830709572553,2.0729217795953697e-08,None,None,None,None, , , , 
34111, ,3.6543830709572553,2.221946860939524e-08,None,None,None,None, , , , 
34112, ,3.6543830709572553,2.3816855519761606e-08,None,None,None,None, , , , 
34113, ,3.6543830709572553,2.552908068239516e-08,None,None,None,None, , , , 
34114, ,3.6543830709572553,2.7364399970746666e-08,None,None,None,None, , , , 
34115, ,3.6543830709572553,2.933166278390042e-08,None,None,None,None, , , , 
34116, ,3.6543830709572553,3.1440354715915e-08,None,None,None,None, , , , 
34117, ,3.6543830709572553,3.370064329271925e-08,None,None,None,None, , , , 
34118, ,3.6543830709572553,3.612342699709431e-08,None,None,None,None, , , , 
34119, ,3.6543830709572553,3.872038781812557e-08,None,None,None,None, , , , 
34120, ,3.6543830709572553,4.1504047578504727e-08,None,None,None,None, , , , 
34121, ,3.6543830709572553,4.448782831127585e-08,None,None,None,None, , , , 
34122, ,3.6543830709572553,4.768611697714474e-08,None,None,None,None, , , , 
34123, ,3.6543830709572553,5.111433483440165e-08,None,None,None,None, , , , 
34124, ,3.6543830709572553,5.478901179593934e-08,None,None,None,None, , , , 
34125, ,3.6543830709572553,5.872786613189478e-08,None,None,None,None, , , , 
34126, ,3.6543830709572553,6.294988990221888e-08,None,None,None,None, , , , 
34127, ,3.6543830709572553,6.747544053110687e-08,None,None,None,None, , , , 
34128, ,3.6543830709572553,7.232633896483534e-08,None,None,None,None, , , , 
34129, ,3.6543830709572553,7.752597488629465e-08,None,None,None,None, , , , 
34130, ,3.6543830709572553,8.309941949353386e-08,None,None,None,None, , , , 
34131, ,3.6543830709572553,8.907354638610439e-08,None,None,None,None, , , , 
34132, ,3.6543830709572553,9.547716114208066e-08,None,None,None,None, , , , 
34133, ,3.6543830709572553,1.0234114021054528e-07,None,None,None,None, , , , 
34134, ,3.6543830709572553,1.0969857978923841e-07,None,None,None,None, , , , 
34135, ,3.6543830709572553,1.1758495540521555e-07,None,None,None,None, , , , 
34136, ,3.6543830709572553,1.2603829296797277e-07,None,None,None,None, , , , 
34137, ,3.6543830709572553,1.350993521198025e-07,None,None,None,None, , , , 
34138, ,3.6543830709572553,1.4481182276745328e-07,None,None,None,None, , , , 
34139, ,3.6543830709572553,1.552225357427048e-07,None,None,None,None, , , , 
34140, ,3.6543830709572553,1.6638168860761273e-07,None,None,None,None, , , , 
34141, ,3.6543830709572553,1.7834308769319093e-07,None,None,None,None, , , , 
34142, ,3.6543830709572553,1.9116440753857e-07,None,None,None,None, , , , 
34143, ,3.6543830709572553,2.049074689815846e-07,None,None,None,None, , , , 
34144, ,3.6543830709572553,2.1963853724165468e-07,None,None,None,None, , , , 
34145, ,3.6543830709572553,2.3542864143224158e-07,None,None,None,None, , , , 
34146, ,3.6543830709572553,2.523539170434766e-07,None,None,None,None, , , , 
34147, ,3.6543830709572553,2.7049597304631316e-07,None,None,None,None, , , , 
34148, ,3.6543830709572553,2.899422853882875e-07,None,None,None,None, , , , 
34149, ,3.6543830709572553,3.107866187782014e-07,None,None,None,None, , , , 
34150, ,3.6543830709572553,3.33129478793467e-07,None,None,None,None, , , , 
34151, ,3.6543830709572553,3.5707859649004626e-07,None,None,None,None, , , , 
34152, ,3.6543830709572553,3.827494478516307e-07,None,None,None,None, , , , 
34153, ,3.6543830709572553,4.1026581058271904e-07,None,None,None,None, , , , 
34154, ,3.6543830709572553,4.397603609302722e-07,None,None,None,None, , , , 
34155, ,3.6543830709572553,4.7137531341167185e-07,None,None,None,None, , , , 
34156, ,3.6543830709572553,5.052631065335679e-07,None,None,None,None, , , , 
34157, ,3.6543830709572553,5.415871378079465e-07,None,None,None,None, , , , 
34158, ,3.6543830709572553,5.805225516094896e-07,None,None,None,None, , , , 
34159, ,3.6543830709572553,6.222570836730232e-07,None,None,None,None, , , , 
34160, ,3.6543830709572553,6.669919663030115e-07,None,None,None,None, , , , 
34161, ,3.6543830709572553,7.149428986597576e-07,None,None,None,None, , , , 
34162, ,3.6543830709572553,7.663410868007445e-07,None,None,None,None, , , , 
34163, ,3.6543830709572553,8.214343584919422e-07,None,None,None,None, , , , 
34164, ,3.6543830709572553,8.804883581643463e-07,None,None,None,None, , , , 
34165, ,3.6543830709572553,9.437878277775371e-07,None,None,None,None, , , , 
34166, ,3.6543830709572553,1.0116379797662072e-06,None,None,None,None, , , , 
34167, ,3.6543830709572553,1.0843659686896086e-06,None,None,None,None, , , , 
34168, ,3.6543830709572553,1.1623224686798522e-06,None,None,None,None, , , , 
34169, ,3.6543830709572553,1.2458833642950078e-06,None,None,None,None, , , , 
34170, ,3.6543830709572553,1.3354515629298971e-06,None,None,None,None, , , , 
34171, ,3.6543830709572553,1.4314589375234786e-06,None,None,None,None, , , , 
34172, ,3.6543830709572553,1.53436840893001e-06,None,None,None,None, , , , 
34173, ,3.6543830709572553,1.6446761779946631e-06,None,None,None,None, , , , 
34174, ,3.6543830709572553,1.762914118095948e-06,None,None,None,None, , , , 
34175, ,3.6543830709572553,1.8896523396912082e-06,None,None,None,None, , , , 
34176, ,3.6543830709572553,2.0255019392306664e-06,None,None,None,None, , , , 
34177, ,3.6543830709572553,2.171117945694501e-06,None,None,None,None, , , , 
34178, ,3.6543830709572553,2.327202478960408e-06,None,None,None,None, , , , 
34179, ,3.6543830709572553,2.494508135230317e-06,None,None,None,None, , , , 
34180, ,3.6543830709572553,2.673841615839944e-06,None,None,None,None, , , , 
34181, ,3.6543830709572553,2.8660676169482507e-06,None,None,None,None, , , , 
34182, ,3.6543830709572553,3.0721129988617524e-06,None,None,None,None, , , , 
34183, ,3.6543830709572553,3.292971255097148e-06,None,None,None,None, , , , 
34184, ,3.6543830709572553,3.5297073027306505e-06,None,None,None,None, , , , 
34185, ,3.6543830709572553,3.783462617131925e-06,None,None,None,None, , , , 
34186, ,3.6543830709572553,4.0554607358408275e-06,None,None,None,None, , , , 
34187, ,3.6543830709572553,4.3470131581250175e-06,None,None,None,None, , , , 
34188, ,3.6543830709572553,4.6595256686646765e-06,None,None,None,None, , , , 
34189, ,3.6543830709572553,4.99450511585514e-06,None,None,None,None, , , , 
34190, ,3.6543830709572553,5.353566677410719e-06,None,None,None,None, , , , 
34191, ,3.6543830709572553,5.738441648302393e-06,None,None,None,None, , , , 
34192, ,3.6543830709572553,6.150985788580505e-06,None,None,None,None, , , , 
34193, ,3.6543830709572553,6.593188271333541e-06,None,None,None,None, , , , 
34194, ,3.6543830709572553,7.067181273927492e-06,None,None,None,None, , , , 
34195, ,3.6543830709572553,7.575250258771904e-06,None,None,None,None, , , , 
34196, ,3.6543830709572553,8.119844993184007e-06,None,None,None,None, , , , 
34197, ,3.6543830709572553,8.703591361485167e-06,None,None,None,None, , , , 
34198, ,3.6543830709572553,9.329304026284676e-06,None,None,None,None, , , , 
34199, ,3.6543830709572553,1e-05,None,None,None,None, , , , 
34200, ,3.7834626171319288,1e-11,None,None,None,None, , , , 
34201, ,3.7834626171319288,1.0718913192051263e-11,None,None,None,None, , , , 
34202, ,3.7834626171319288,1.1489510001873107e-11,None,None,None,None, , , , 
34203, ,3.7834626171319288,1.2315506032928262e-11,None,None,None,None, , , , 
34204, ,3.7834626171319288,1.3200884008314167e-11,None,None,None,None, , , , 
34205, ,3.7834626171319288,1.4149912974345786e-11,None,None,None,None, , , , 
34206, ,3.7834626171319288,1.5167168884709242e-11,None,None,None,None, , , , 
34207, ,3.7834626171319288,1.6257556664437934e-11,None,None,None,None, , , , 
34208, ,3.7834626171319288,1.7426333860096473e-11,None,None,None,None, , , , 
34209, ,3.7834626171319288,1.8679135990207848e-11,None,None,None,None, , , , 
34210, ,3.7834626171319288,2.0022003718155844e-11,None,None,None,None, , , , 
34211, ,3.7834626171319288,2.1461411978584013e-11,None,None,None,None, , , , 
34212, ,3.7834626171319288,2.300430119772921e-11,None,None,None,None, , , , 
34213, ,3.7834626171319288,2.465811075822604e-11,None,None,None,None, , , , 
34214, ,3.7834626171319288,2.643081486974103e-11,None,None,None,None, , , , 
34215, ,3.7834626171319288,2.8330961018393178e-11,None,None,None,None, , , , 
34216, ,3.7834626171319288,3.036771118035461e-11,None,None,None,None, , , , 
34217, ,3.7834626171319288,3.255088599835057e-11,None,None,None,None, , , , 
34218, ,3.7834626171319288,3.4891012134067674e-11,None,None,None,None, , , , 
34219, ,3.7834626171319288,3.739937302478801e-11,None,None,None,None, , , , 
34220, ,3.7834626171319288,4.0088063288984646e-11,None,None,None,None, , , , 
34221, ,3.7834626171319288,4.297004704320835e-11,None,None,None,None, , , , 
34222, ,3.7834626171319288,4.605922041145113e-11,None,None,None,None, , , , 
34223, ,3.7834626171319288,4.937047852839004e-11,None,None,None,None, , , , 
34224, ,3.7834626171319288,5.2919787359584366e-11,None,None,None,None, , , , 
34225, ,3.7834626171319288,5.672426068491989e-11,None,None,None,None, , , , 
34226, ,3.7834626171319288,6.080224261649427e-11,None,None,None,None, , , , 
34227, ,3.7834626171319288,6.517339604882421e-11,None,None,None,None, , , , 
34228, ,3.7834626171319288,6.985879746785235e-11,None,None,None,None, , , , 
34229, ,3.7834626171319288,7.48810385759003e-11,None,None,None,None, , , , 
34230, ,3.7834626171319288,8.026433522257174e-11,None,None,None,None, , , , 
34231, ,3.7834626171319288,8.603464416684492e-11,None,None,None,None, , , , 
34232, ,3.7834626171319288,9.221978823334341e-11,None,None,None,None, , , , 
34233, ,3.7834626171319288,9.884959046625586e-11,None,None,None,None, , , , 
34234, ,3.7834626171319288,1.0595601792776149e-10,None,None,None,None, , , , 
34235, ,3.7834626171319288,1.1357333583431027e-10,None,None,None,None, , , , 
34236, ,3.7834626171319288,1.217382727739662e-10,None,None,None,None, , , , 
34237, ,3.7834626171319288,1.3049019780144016e-10,None,None,None,None, , , , 
34238, ,3.7834626171319288,1.398713102647236e-10,None,None,None,None, , , , 
34239, ,3.7834626171319288,1.4992684327860468e-10,None,None,None,None, , , , 
34240, ,3.7834626171319288,1.6070528182616384e-10,None,None,None,None, , , , 
34241, ,3.7834626171319288,1.722585965398784e-10,None,None,None,None, , , , 
34242, ,3.7834626171319288,1.8464249428955463e-10,None,None,None,None, , , , 
34243, ,3.7834626171319288,1.9791668678535569e-10,None,None,None,None, , , , 
34244, ,3.7834626171319288,2.121451784910628e-10,None,None,None,None, , , , 
34245, ,3.7834626171319288,2.273965752357932e-10,None,None,None,None, , , , 
34246, ,3.7834626171319288,2.4374441501222216e-10,None,None,None,None, , , , 
34247, ,3.7834626171319288,2.6126752255633265e-10,None,None,None,None, , , , 
34248, ,3.7834626171319288,2.8005038941836253e-10,None,None,None,None, , , , 
34249, ,3.7834626171319288,3.0018358135755917e-10,None,None,None,None, , , , 
34250, ,3.7834626171319288,3.2176417502507347e-10,None,None,None,None, , , , 
34251, ,3.7834626171319288,3.4489622604057533e-10,None,None,None,None, , , , 
34252, ,3.7834626171319288,3.696912707195032e-10,None,None,None,None, , , , 
34253, ,3.7834626171319288,3.9626886387014783e-10,None,None,None,None, , , , 
34254, ,3.7834626171319288,4.2475715525368935e-10,None,None,None,None, , , , 
34255, ,3.7834626171319288,4.552935074866938e-10,None,None,None,None, , , , 
34256, ,3.7834626171319288,4.880251583654433e-10,None,None,None,None, , , , 
34257, ,3.7834626171319288,5.231099308056258e-10,None,None,None,None, , , , 
34258, ,3.7834626171319288,5.60716993820547e-10,None,None,None,None, , , , 
34259, ,3.7834626171319288,6.010276782070387e-10,None,None,None,None, , , , 
34260, ,3.7834626171319288,6.442363508721371e-10,None,None,None,None, , , , 
34261, ,3.7834626171319288,6.905513520162316e-10,None,None,None,None, , , , 
34262, ,3.7834626171319288,7.401959996915653e-10,None,None,None,None, , , , 
34263, ,3.7834626171319288,7.934096665797492e-10,None,None,None,None, , , , 
34264, ,3.7834626171319288,8.504489341802668e-10,None,None,None,None, , , , 
34265, ,3.7834626171319288,9.115888299750837e-10,None,None,None,None, , , , 
34266, ,3.7834626171319288,9.771241535346502e-10,None,None,None,None, , , , 
34267, ,3.7834626171319288,1.0473708979594486e-09,None,None,None,None, , , , 
34268, ,3.7834626171319288,1.1226677735108114e-09,None,None,None,None, , , , 
34269, ,3.7834626171319288,1.2033778407775904e-09,None,None,None,None, , , , 
34270, ,3.7834626171319288,1.289890261253308e-09,None,None,None,None, , , , 
34271, ,3.7834626171319288,1.3826221737646535e-09,None,None,None,None, , , , 
34272, ,3.7834626171319288,1.4820207057988602e-09,None,None,None,None, , , , 
34273, ,3.7834626171319288,1.5885651294280526e-09,None,None,None,None, , , , 
34274, ,3.7834626171319288,1.702769172225898e-09,None,None,None,None, , , , 
34275, ,3.7834626171319288,1.825183494319039e-09,None,None,None,None, , , , 
34276, ,3.7834626171319288,1.956398343517065e-09,None,None,None,None, , , , 
34277, ,3.7834626171319288,2.0970464013232305e-09,None,None,None,None, , , , 
34278, ,3.7834626171319288,2.2478058335487307e-09,None,None,None,None, , , , 
34279, ,3.7834626171319288,2.409403560239527e-09,None,None,None,None, , , , 
34280, ,3.7834626171319288,2.582618760682675e-09,None,None,None,None, , , , 
34281, ,3.7834626171319288,2.768286630392061e-09,None,None,None,None, , , , 
34282, ,3.7834626171319288,2.9673024081888724e-09,None,None,None,None, , , , 
34283, ,3.7834626171319288,3.180625692794119e-09,None,None,None,None, , , , 
34284, ,3.7834626171319288,3.409285069746807e-09,None,None,None,None, , , , 
34285, ,3.7834626171319288,3.654383070957262e-09,None,None,None,None, , , , 
34286, ,3.7834626171319288,3.917101490809261e-09,None,None,None,None, , , , 
34287, ,3.7834626171319288,4.198707084443906e-09,None,None,None,None, , , , 
34288, ,3.7834626171319288,4.500557675700488e-09,None,None,None,None, , , , 
34289, ,3.7834626171319288,4.824108704165374e-09,None,None,None,None, , , , 
34290, ,3.7834626171319288,5.170920242896755e-09,None,None,None,None, , , , 
34291, ,3.7834626171319288,5.542664520663096e-09,None,None,None,None, , , , 
34292, ,3.7834626171319288,5.941133984965041e-09,None,None,None,None, , , , 
34293, ,3.7834626171319288,6.3682499447185856e-09,None,None,None,None, , , , 
34294, ,3.7834626171319288,6.826071834272379e-09,None,None,None,None, , , , 
34295, ,3.7834626171319288,7.316807143427175e-09,None,None,None,None, , , , 
34296, ,3.7834626171319288,7.842822061337681e-09,None,None,None,None, , , , 
34297, ,3.7834626171319288,8.406652885618316e-09,None,None,None,None, , , , 
34298, ,3.7834626171319288,9.011018251665036e-09,None,None,None,None, , , , 
34299, ,3.7834626171319288,9.658832241158707e-09,None,None,None,None, , , , 
34300, ,3.7834626171319288,1.0353218432956616e-08,None,None,None,None, , , , 
34301, ,3.7834626171319288,1.1097524964120722e-08,None,None,None,None, , , , 
34302, ,3.7834626171319288,1.1895340673703208e-08,None,None,None,None, , , , 
34303, ,3.7834626171319288,1.2750512407130128e-08,None,None,None,None, , , , 
34304, ,3.7834626171319288,1.3667163564620044e-08,None,None,None,None, , , , 
34305, ,3.7834626171319288,1.4649713983072853e-08,None,None,None,None, , , , 
34306, ,3.7834626171319288,1.5702901247293774e-08,None,None,None,None, , , , 
34307, ,3.7834626171319288,1.683180353330955e-08,None,None,None,None, , , , 
34308, ,3.7834626171319288,1.8041864093920717e-08,None,None,None,None, , , , 
34309, ,3.7834626171319288,1.933891750455232e-08,None,None,None,None, , , , 
34310, ,3.7834626171319288,2.0729217795953697e-08,None,None,None,None, , , , 
34311, ,3.7834626171319288,2.221946860939524e-08,None,None,None,None, , , , 
34312, ,3.7834626171319288,2.3816855519761606e-08,None,None,None,None, , , , 
34313, ,3.7834626171319288,2.552908068239516e-08,None,None,None,None, , , , 
34314, ,3.7834626171319288,2.7364399970746666e-08,None,None,None,None, , , , 
34315, ,3.7834626171319288,2.933166278390042e-08,None,None,None,None, , , , 
34316, ,3.7834626171319288,3.1440354715915e-08,None,None,None,None, , , , 
34317, ,3.7834626171319288,3.370064329271925e-08,None,None,None,None, , , , 
34318, ,3.7834626171319288,3.612342699709431e-08,None,None,None,None, , , , 
34319, ,3.7834626171319288,3.872038781812557e-08,None,None,None,None, , , , 
34320, ,3.7834626171319288,4.1504047578504727e-08,None,None,None,None, , , , 
34321, ,3.7834626171319288,4.448782831127585e-08,None,None,None,None, , , , 
34322, ,3.7834626171319288,4.768611697714474e-08,None,None,None,None, , , , 
34323, ,3.7834626171319288,5.111433483440165e-08,None,None,None,None, , , , 
34324, ,3.7834626171319288,5.478901179593934e-08,None,None,None,None, , , , 
34325, ,3.7834626171319288,5.872786613189478e-08,None,None,None,None, , , , 
34326, ,3.7834626171319288,6.294988990221888e-08,None,None,None,None, , , , 
34327, ,3.7834626171319288,6.747544053110687e-08,None,None,None,None, , , , 
34328, ,3.7834626171319288,7.232633896483534e-08,None,None,None,None, , , , 
34329, ,3.7834626171319288,7.752597488629465e-08,None,None,None,None, , , , 
34330, ,3.7834626171319288,8.309941949353386e-08,None,None,None,None, , , , 
34331, ,3.7834626171319288,8.907354638610439e-08,None,None,None,None, , , , 
34332, ,3.7834626171319288,9.547716114208066e-08,None,None,None,None, , , , 
34333, ,3.7834626171319288,1.0234114021054528e-07,None,None,None,None, , , , 
34334, ,3.7834626171319288,1.0969857978923841e-07,None,None,None,None, , , , 
34335, ,3.7834626171319288,1.1758495540521555e-07,None,None,None,None, , , , 
34336, ,3.7834626171319288,1.2603829296797277e-07,None,None,None,None, , , , 
34337, ,3.7834626171319288,1.350993521198025e-07,None,None,None,None, , , , 
34338, ,3.7834626171319288,1.4481182276745328e-07,None,None,None,None, , , , 
34339, ,3.7834626171319288,1.552225357427048e-07,None,None,None,None, , , , 
34340, ,3.7834626171319288,1.6638168860761273e-07,None,None,None,None, , , , 
34341, ,3.7834626171319288,1.7834308769319093e-07,None,None,None,None, , , , 
34342, ,3.7834626171319288,1.9116440753857e-07,None,None,None,None, , , , 
34343, ,3.7834626171319288,2.049074689815846e-07,None,None,None,None, , , , 
34344, ,3.7834626171319288,2.1963853724165468e-07,None,None,None,None, , , , 
34345, ,3.7834626171319288,2.3542864143224158e-07,None,None,None,None, , , , 
34346, ,3.7834626171319288,2.523539170434766e-07,None,None,None,None, , , , 
34347, ,3.7834626171319288,2.7049597304631316e-07,None,None,None,None, , , , 
34348, ,3.7834626171319288,2.899422853882875e-07,None,None,None,None, , , , 
34349, ,3.7834626171319288,3.107866187782014e-07,None,None,None,None, , , , 
34350, ,3.7834626171319288,3.33129478793467e-07,None,None,None,None, , , , 
34351, ,3.7834626171319288,3.5707859649004626e-07,None,None,None,None, , , , 
34352, ,3.7834626171319288,3.827494478516307e-07,None,None,None,None, , , , 
34353, ,3.7834626171319288,4.1026581058271904e-07,None,None,None,None, , , , 
34354, ,3.7834626171319288,4.397603609302722e-07,None,None,None,None, , , , 
34355, ,3.7834626171319288,4.7137531341167185e-07,None,None,None,None, , , , 
34356, ,3.7834626171319288,5.052631065335679e-07,None,None,None,None, , , , 
34357, ,3.7834626171319288,5.415871378079465e-07,None,None,None,None, , , , 
34358, ,3.7834626171319288,5.805225516094896e-07,None,None,None,None, , , , 
34359, ,3.7834626171319288,6.222570836730232e-07,None,None,None,None, , , , 
34360, ,3.7834626171319288,6.669919663030115e-07,None,None,None,None, , , , 
34361, ,3.7834626171319288,7.149428986597576e-07,None,None,None,None, , , , 
34362, ,3.7834626171319288,7.663410868007445e-07,None,None,None,None, , , , 
34363, ,3.7834626171319288,8.214343584919422e-07,None,None,None,None, , , , 
34364, ,3.7834626171319288,8.804883581643463e-07,None,None,None,None, , , , 
34365, ,3.7834626171319288,9.437878277775371e-07,None,None,None,None, , , , 
34366, ,3.7834626171319288,1.0116379797662072e-06,None,None,None,None, , , , 
34367, ,3.7834626171319288,1.0843659686896086e-06,None,None,None,None, , , , 
34368, ,3.7834626171319288,1.1623224686798522e-06,None,None,None,None, , , , 
34369, ,3.7834626171319288,1.2458833642950078e-06,None,None,None,None, , , , 
34370, ,3.7834626171319288,1.3354515629298971e-06,None,None,None,None, , , , 
34371, ,3.7834626171319288,1.4314589375234786e-06,None,None,None,None, , , , 
34372, ,3.7834626171319288,1.53436840893001e-06,None,None,None,None, , , , 
34373, ,3.7834626171319288,1.6446761779946631e-06,None,None,None,None, , , , 
34374, ,3.7834626171319288,1.762914118095948e-06,None,None,None,None, , , , 
34375, ,3.7834626171319288,1.8896523396912082e-06,None,None,None,None, , , , 
34376, ,3.7834626171319288,2.0255019392306664e-06,None,None,None,None, , , , 
34377, ,3.7834626171319288,2.171117945694501e-06,None,None,None,None, , , , 
34378, ,3.7834626171319288,2.327202478960408e-06,None,None,None,None, , , , 
34379, ,3.7834626171319288,2.494508135230317e-06,None,None,None,None, , , , 
34380, ,3.7834626171319288,2.673841615839944e-06,None,None,None,None, , , , 
34381, ,3.7834626171319288,2.8660676169482507e-06,None,None,None,None, , , , 
34382, ,3.7834626171319288,3.0721129988617524e-06,None,None,None,None, , , , 
34383, ,3.7834626171319288,3.292971255097148e-06,None,None,None,None, , , , 
34384, ,3.7834626171319288,3.5297073027306505e-06,None,None,None,None, , , , 
34385, ,3.7834626171319288,3.783462617131925e-06,None,None,None,None, , , , 
34386, ,3.7834626171319288,4.0554607358408275e-06,None,None,None,None, , , , 
34387, ,3.7834626171319288,4.3470131581250175e-06,None,None,None,None, , , , 
34388, ,3.7834626171319288,4.6595256686646765e-06,None,None,None,None, , , , 
34389, ,3.7834626171319288,4.99450511585514e-06,None,None,None,None, , , , 
34390, ,3.7834626171319288,5.353566677410719e-06,None,None,None,None, , , , 
34391, ,3.7834626171319288,5.738441648302393e-06,None,None,None,None, , , , 
34392, ,3.7834626171319288,6.150985788580505e-06,None,None,None,None, , , , 
34393, ,3.7834626171319288,6.593188271333541e-06,None,None,None,None, , , , 
34394, ,3.7834626171319288,7.067181273927492e-06,None,None,None,None, , , , 
34395, ,3.7834626171319288,7.575250258771904e-06,None,None,None,None, , , , 
34396, ,3.7834626171319288,8.119844993184007e-06,None,None,None,None, , , , 
34397, ,3.7834626171319288,8.703591361485167e-06,None,None,None,None, , , , 
34398, ,3.7834626171319288,9.329304026284676e-06,None,None,None,None, , , , 
34399, ,3.7834626171319288,1e-05,None,None,None,None, , , , 
34400, ,3.917101490809257,1e-11,None,None,None,None, , , , 
34401, ,3.917101490809257,1.0718913192051263e-11,None,None,None,None, , , , 
34402, ,3.917101490809257,1.1489510001873107e-11,None,None,None,None, , , , 
34403, ,3.917101490809257,1.2315506032928262e-11,None,None,None,None, , , , 
34404, ,3.917101490809257,1.3200884008314167e-11,None,None,None,None, , , , 
34405, ,3.917101490809257,1.4149912974345786e-11,None,None,None,None, , , , 
34406, ,3.917101490809257,1.5167168884709242e-11,None,None,None,None, , , , 
34407, ,3.917101490809257,1.6257556664437934e-11,None,None,None,None, , , , 
34408, ,3.917101490809257,1.7426333860096473e-11,None,None,None,None, , , , 
34409, ,3.917101490809257,1.8679135990207848e-11,None,None,None,None, , , , 
34410, ,3.917101490809257,2.0022003718155844e-11,None,None,None,None, , , , 
34411, ,3.917101490809257,2.1461411978584013e-11,None,None,None,None, , , , 
34412, ,3.917101490809257,2.300430119772921e-11,None,None,None,None, , , , 
34413, ,3.917101490809257,2.465811075822604e-11,None,None,None,None, , , , 
34414, ,3.917101490809257,2.643081486974103e-11,None,None,None,None, , , , 
34415, ,3.917101490809257,2.8330961018393178e-11,None,None,None,None, , , , 
34416, ,3.917101490809257,3.036771118035461e-11,None,None,None,None, , , , 
34417, ,3.917101490809257,3.255088599835057e-11,None,None,None,None, , , , 
34418, ,3.917101490809257,3.4891012134067674e-11,None,None,None,None, , , , 
34419, ,3.917101490809257,3.739937302478801e-11,None,None,None,None, , , , 
34420, ,3.917101490809257,4.0088063288984646e-11,None,None,None,None, , , , 
34421, ,3.917101490809257,4.297004704320835e-11,None,None,None,None, , , , 
34422, ,3.917101490809257,4.605922041145113e-11,None,None,None,None, , , , 
34423, ,3.917101490809257,4.937047852839004e-11,None,None,None,None, , , , 
34424, ,3.917101490809257,5.2919787359584366e-11,None,None,None,None, , , , 
34425, ,3.917101490809257,5.672426068491989e-11,None,None,None,None, , , , 
34426, ,3.917101490809257,6.080224261649427e-11,None,None,None,None, , , , 
34427, ,3.917101490809257,6.517339604882421e-11,None,None,None,None, , , , 
34428, ,3.917101490809257,6.985879746785235e-11,None,None,None,None, , , , 
34429, ,3.917101490809257,7.48810385759003e-11,None,None,None,None, , , , 
34430, ,3.917101490809257,8.026433522257174e-11,None,None,None,None, , , , 
34431, ,3.917101490809257,8.603464416684492e-11,None,None,None,None, , , , 
34432, ,3.917101490809257,9.221978823334341e-11,None,None,None,None, , , , 
34433, ,3.917101490809257,9.884959046625586e-11,None,None,None,None, , , , 
34434, ,3.917101490809257,1.0595601792776149e-10,None,None,None,None, , , , 
34435, ,3.917101490809257,1.1357333583431027e-10,None,None,None,None, , , , 
34436, ,3.917101490809257,1.217382727739662e-10,None,None,None,None, , , , 
34437, ,3.917101490809257,1.3049019780144016e-10,None,None,None,None, , , , 
34438, ,3.917101490809257,1.398713102647236e-10,None,None,None,None, , , , 
34439, ,3.917101490809257,1.4992684327860468e-10,None,None,None,None, , , , 
34440, ,3.917101490809257,1.6070528182616384e-10,None,None,None,None, , , , 
34441, ,3.917101490809257,1.722585965398784e-10,None,None,None,None, , , , 
34442, ,3.917101490809257,1.8464249428955463e-10,None,None,None,None, , , , 
34443, ,3.917101490809257,1.9791668678535569e-10,None,None,None,None, , , , 
34444, ,3.917101490809257,2.121451784910628e-10,None,None,None,None, , , , 
34445, ,3.917101490809257,2.273965752357932e-10,None,None,None,None, , , , 
34446, ,3.917101490809257,2.4374441501222216e-10,None,None,None,None, , , , 
34447, ,3.917101490809257,2.6126752255633265e-10,None,None,None,None, , , , 
34448, ,3.917101490809257,2.8005038941836253e-10,None,None,None,None, , , , 
34449, ,3.917101490809257,3.0018358135755917e-10,None,None,None,None, , , , 
34450, ,3.917101490809257,3.2176417502507347e-10,None,None,None,None, , , , 
34451, ,3.917101490809257,3.4489622604057533e-10,None,None,None,None, , , , 
34452, ,3.917101490809257,3.696912707195032e-10,None,None,None,None, , , , 
34453, ,3.917101490809257,3.9626886387014783e-10,None,None,None,None, , , , 
34454, ,3.917101490809257,4.2475715525368935e-10,None,None,None,None, , , , 
34455, ,3.917101490809257,4.552935074866938e-10,None,None,None,None, , , , 
34456, ,3.917101490809257,4.880251583654433e-10,None,None,None,None, , , , 
34457, ,3.917101490809257,5.231099308056258e-10,None,None,None,None, , , , 
34458, ,3.917101490809257,5.60716993820547e-10,None,None,None,None, , , , 
34459, ,3.917101490809257,6.010276782070387e-10,None,None,None,None, , , , 
34460, ,3.917101490809257,6.442363508721371e-10,None,None,None,None, , , , 
34461, ,3.917101490809257,6.905513520162316e-10,None,None,None,None, , , , 
34462, ,3.917101490809257,7.401959996915653e-10,None,None,None,None, , , , 
34463, ,3.917101490809257,7.934096665797492e-10,None,None,None,None, , , , 
34464, ,3.917101490809257,8.504489341802668e-10,None,None,None,None, , , , 
34465, ,3.917101490809257,9.115888299750837e-10,None,None,None,None, , , , 
34466, ,3.917101490809257,9.771241535346502e-10,None,None,None,None, , , , 
34467, ,3.917101490809257,1.0473708979594486e-09,None,None,None,None, , , , 
34468, ,3.917101490809257,1.1226677735108114e-09,None,None,None,None, , , , 
34469, ,3.917101490809257,1.2033778407775904e-09,None,None,None,None, , , , 
34470, ,3.917101490809257,1.289890261253308e-09,None,None,None,None, , , , 
34471, ,3.917101490809257,1.3826221737646535e-09,None,None,None,None, , , , 
34472, ,3.917101490809257,1.4820207057988602e-09,None,None,None,None, , , , 
34473, ,3.917101490809257,1.5885651294280526e-09,None,None,None,None, , , , 
34474, ,3.917101490809257,1.702769172225898e-09,None,None,None,None, , , , 
34475, ,3.917101490809257,1.825183494319039e-09,None,None,None,None, , , , 
34476, ,3.917101490809257,1.956398343517065e-09,None,None,None,None, , , , 
34477, ,3.917101490809257,2.0970464013232305e-09,None,None,None,None, , , , 
34478, ,3.917101490809257,2.2478058335487307e-09,None,None,None,None, , , , 
34479, ,3.917101490809257,2.409403560239527e-09,None,None,None,None, , , , 
34480, ,3.917101490809257,2.582618760682675e-09,None,None,None,None, , , , 
34481, ,3.917101490809257,2.768286630392061e-09,None,None,None,None, , , , 
34482, ,3.917101490809257,2.9673024081888724e-09,None,None,None,None, , , , 
34483, ,3.917101490809257,3.180625692794119e-09,None,None,None,None, , , , 
34484, ,3.917101490809257,3.409285069746807e-09,None,None,None,None, , , , 
34485, ,3.917101490809257,3.654383070957262e-09,None,None,None,None, , , , 
34486, ,3.917101490809257,3.917101490809261e-09,None,None,None,None, , , , 
34487, ,3.917101490809257,4.198707084443906e-09,None,None,None,None, , , , 
34488, ,3.917101490809257,4.500557675700488e-09,None,None,None,None, , , , 
34489, ,3.917101490809257,4.824108704165374e-09,None,None,None,None, , , , 
34490, ,3.917101490809257,5.170920242896755e-09,None,None,None,None, , , , 
34491, ,3.917101490809257,5.542664520663096e-09,None,None,None,None, , , , 
34492, ,3.917101490809257,5.941133984965041e-09,None,None,None,None, , , , 
34493, ,3.917101490809257,6.3682499447185856e-09,None,None,None,None, , , , 
34494, ,3.917101490809257,6.826071834272379e-09,None,None,None,None, , , , 
34495, ,3.917101490809257,7.316807143427175e-09,None,None,None,None, , , , 
34496, ,3.917101490809257,7.842822061337681e-09,None,None,None,None, , , , 
34497, ,3.917101490809257,8.406652885618316e-09,None,None,None,None, , , , 
34498, ,3.917101490809257,9.011018251665036e-09,None,None,None,None, , , , 
34499, ,3.917101490809257,9.658832241158707e-09,None,None,None,None, , , , 
34500, ,3.917101490809257,1.0353218432956616e-08,None,None,None,None, , , , 
34501, ,3.917101490809257,1.1097524964120722e-08,None,None,None,None, , , , 
34502, ,3.917101490809257,1.1895340673703208e-08,None,None,None,None, , , , 
34503, ,3.917101490809257,1.2750512407130128e-08,None,None,None,None, , , , 
34504, ,3.917101490809257,1.3667163564620044e-08,None,None,None,None, , , , 
34505, ,3.917101490809257,1.4649713983072853e-08,None,None,None,None, , , , 
34506, ,3.917101490809257,1.5702901247293774e-08,None,None,None,None, , , , 
34507, ,3.917101490809257,1.683180353330955e-08,None,None,None,None, , , , 
34508, ,3.917101490809257,1.8041864093920717e-08,None,None,None,None, , , , 
34509, ,3.917101490809257,1.933891750455232e-08,None,None,None,None, , , , 
34510, ,3.917101490809257,2.0729217795953697e-08,None,None,None,None, , , , 
34511, ,3.917101490809257,2.221946860939524e-08,None,None,None,None, , , , 
34512, ,3.917101490809257,2.3816855519761606e-08,None,None,None,None, , , , 
34513, ,3.917101490809257,2.552908068239516e-08,None,None,None,None, , , , 
34514, ,3.917101490809257,2.7364399970746666e-08,None,None,None,None, , , , 
34515, ,3.917101490809257,2.933166278390042e-08,None,None,None,None, , , , 
34516, ,3.917101490809257,3.1440354715915e-08,None,None,None,None, , , , 
34517, ,3.917101490809257,3.370064329271925e-08,None,None,None,None, , , , 
34518, ,3.917101490809257,3.612342699709431e-08,None,None,None,None, , , , 
34519, ,3.917101490809257,3.872038781812557e-08,None,None,None,None, , , , 
34520, ,3.917101490809257,4.1504047578504727e-08,None,None,None,None, , , , 
34521, ,3.917101490809257,4.448782831127585e-08,None,None,None,None, , , , 
34522, ,3.917101490809257,4.768611697714474e-08,None,None,None,None, , , , 
34523, ,3.917101490809257,5.111433483440165e-08,None,None,None,None, , , , 
34524, ,3.917101490809257,5.478901179593934e-08,None,None,None,None, , , , 
34525, ,3.917101490809257,5.872786613189478e-08,None,None,None,None, , , , 
34526, ,3.917101490809257,6.294988990221888e-08,None,None,None,None, , , , 
34527, ,3.917101490809257,6.747544053110687e-08,None,None,None,None, , , , 
34528, ,3.917101490809257,7.232633896483534e-08,None,None,None,None, , , , 
34529, ,3.917101490809257,7.752597488629465e-08,None,None,None,None, , , , 
34530, ,3.917101490809257,8.309941949353386e-08,None,None,None,None, , , , 
34531, ,3.917101490809257,8.907354638610439e-08,None,None,None,None, , , , 
34532, ,3.917101490809257,9.547716114208066e-08,None,None,None,None, , , , 
34533, ,3.917101490809257,1.0234114021054528e-07,None,None,None,None, , , , 
34534, ,3.917101490809257,1.0969857978923841e-07,None,None,None,None, , , , 
34535, ,3.917101490809257,1.1758495540521555e-07,None,None,None,None, , , , 
34536, ,3.917101490809257,1.2603829296797277e-07,None,None,None,None, , , , 
34537, ,3.917101490809257,1.350993521198025e-07,None,None,None,None, , , , 
34538, ,3.917101490809257,1.4481182276745328e-07,None,None,None,None, , , , 
34539, ,3.917101490809257,1.552225357427048e-07,None,None,None,None, , , , 
34540, ,3.917101490809257,1.6638168860761273e-07,None,None,None,None, , , , 
34541, ,3.917101490809257,1.7834308769319093e-07,None,None,None,None, , , , 
34542, ,3.917101490809257,1.9116440753857e-07,None,None,None,None, , , , 
34543, ,3.917101490809257,2.049074689815846e-07,None,None,None,None, , , , 
34544, ,3.917101490809257,2.1963853724165468e-07,None,None,None,None, , , , 
34545, ,3.917101490809257,2.3542864143224158e-07,None,None,None,None, , , , 
34546, ,3.917101490809257,2.523539170434766e-07,None,None,None,None, , , , 
34547, ,3.917101490809257,2.7049597304631316e-07,None,None,None,None, , , , 
34548, ,3.917101490809257,2.899422853882875e-07,None,None,None,None, , , , 
34549, ,3.917101490809257,3.107866187782014e-07,None,None,None,None, , , , 
34550, ,3.917101490809257,3.33129478793467e-07,None,None,None,None, , , , 
34551, ,3.917101490809257,3.5707859649004626e-07,None,None,None,None, , , , 
34552, ,3.917101490809257,3.827494478516307e-07,None,None,None,None, , , , 
34553, ,3.917101490809257,4.1026581058271904e-07,None,None,None,None, , , , 
34554, ,3.917101490809257,4.397603609302722e-07,None,None,None,None, , , , 
34555, ,3.917101490809257,4.7137531341167185e-07,None,None,None,None, , , , 
34556, ,3.917101490809257,5.052631065335679e-07,None,None,None,None, , , , 
34557, ,3.917101490809257,5.415871378079465e-07,None,None,None,None, , , , 
34558, ,3.917101490809257,5.805225516094896e-07,None,None,None,None, , , , 
34559, ,3.917101490809257,6.222570836730232e-07,None,None,None,None, , , , 
34560, ,3.917101490809257,6.669919663030115e-07,None,None,None,None, , , , 
34561, ,3.917101490809257,7.149428986597576e-07,None,None,None,None, , , , 
34562, ,3.917101490809257,7.663410868007445e-07,None,None,None,None, , , , 
34563, ,3.917101490809257,8.214343584919422e-07,None,None,None,None, , , , 
34564, ,3.917101490809257,8.804883581643463e-07,None,None,None,None, , , , 
34565, ,3.917101490809257,9.437878277775371e-07,None,None,None,None, , , , 
34566, ,3.917101490809257,1.0116379797662072e-06,None,None,None,None, , , , 
34567, ,3.917101490809257,1.0843659686896086e-06,None,None,None,None, , , , 
34568, ,3.917101490809257,1.1623224686798522e-06,None,None,None,None, , , , 
34569, ,3.917101490809257,1.2458833642950078e-06,None,None,None,None, , , , 
34570, ,3.917101490809257,1.3354515629298971e-06,None,None,None,None, , , , 
34571, ,3.917101490809257,1.4314589375234786e-06,None,None,None,None, , , , 
34572, ,3.917101490809257,1.53436840893001e-06,None,None,None,None, , , , 
34573, ,3.917101490809257,1.6446761779946631e-06,None,None,None,None, , , , 
34574, ,3.917101490809257,1.762914118095948e-06,None,None,None,None, , , , 
34575, ,3.917101490809257,1.8896523396912082e-06,None,None,None,None, , , , 
34576, ,3.917101490809257,2.0255019392306664e-06,None,None,None,None, , , , 
34577, ,3.917101490809257,2.171117945694501e-06,None,None,None,None, , , , 
34578, ,3.917101490809257,2.327202478960408e-06,None,None,None,None, , , , 
34579, ,3.917101490809257,2.494508135230317e-06,None,None,None,None, , , , 
34580, ,3.917101490809257,2.673841615839944e-06,None,None,None,None, , , , 
34581, ,3.917101490809257,2.8660676169482507e-06,None,None,None,None, , , , 
34582, ,3.917101490809257,3.0721129988617524e-06,None,None,None,None, , , , 
34583, ,3.917101490809257,3.292971255097148e-06,None,None,None,None, , , , 
34584, ,3.917101490809257,3.5297073027306505e-06,None,None,None,None, , , , 
34585, ,3.917101490809257,3.783462617131925e-06,None,None,None,None, , , , 
34586, ,3.917101490809257,4.0554607358408275e-06,None,None,None,None, , , , 
34587, ,3.917101490809257,4.3470131581250175e-06,None,None,None,None, , , , 
34588, ,3.917101490809257,4.6595256686646765e-06,None,None,None,None, , , , 
34589, ,3.917101490809257,4.99450511585514e-06,None,None,None,None, , , , 
34590, ,3.917101490809257,5.353566677410719e-06,None,None,None,None, , , , 
34591, ,3.917101490809257,5.738441648302393e-06,None,None,None,None, , , , 
34592, ,3.917101490809257,6.150985788580505e-06,None,None,None,None, , , , 
34593, ,3.917101490809257,6.593188271333541e-06,None,None,None,None, , , , 
34594, ,3.917101490809257,7.067181273927492e-06,None,None,None,None, , , , 
34595, ,3.917101490809257,7.575250258771904e-06,None,None,None,None, , , , 
34596, ,3.917101490809257,8.119844993184007e-06,None,None,None,None, , , , 
34597, ,3.917101490809257,8.703591361485167e-06,None,None,None,None, , , , 
34598, ,3.917101490809257,9.329304026284676e-06,None,None,None,None, , , , 
34599, ,3.917101490809257,1e-05,None,None,None,None, , , , 
34600, ,4.0554607358408274,1e-11,None,None,None,None, , , , 
34601, ,4.0554607358408274,1.0718913192051263e-11,None,None,None,None, , , , 
34602, ,4.0554607358408274,1.1489510001873107e-11,None,None,None,None, , , , 
34603, ,4.0554607358408274,1.2315506032928262e-11,None,None,None,None, , , , 
34604, ,4.0554607358408274,1.3200884008314167e-11,None,None,None,None, , , , 
34605, ,4.0554607358408274,1.4149912974345786e-11,None,None,None,None, , , , 
34606, ,4.0554607358408274,1.5167168884709242e-11,None,None,None,None, , , , 
34607, ,4.0554607358408274,1.6257556664437934e-11,None,None,None,None, , , , 
34608, ,4.0554607358408274,1.7426333860096473e-11,None,None,None,None, , , , 
34609, ,4.0554607358408274,1.8679135990207848e-11,None,None,None,None, , , , 
34610, ,4.0554607358408274,2.0022003718155844e-11,None,None,None,None, , , , 
34611, ,4.0554607358408274,2.1461411978584013e-11,None,None,None,None, , , , 
34612, ,4.0554607358408274,2.300430119772921e-11,None,None,None,None, , , , 
34613, ,4.0554607358408274,2.465811075822604e-11,None,None,None,None, , , , 
34614, ,4.0554607358408274,2.643081486974103e-11,None,None,None,None, , , , 
34615, ,4.0554607358408274,2.8330961018393178e-11,None,None,None,None, , , , 
34616, ,4.0554607358408274,3.036771118035461e-11,None,None,None,None, , , , 
34617, ,4.0554607358408274,3.255088599835057e-11,None,None,None,None, , , , 
34618, ,4.0554607358408274,3.4891012134067674e-11,None,None,None,None, , , , 
34619, ,4.0554607358408274,3.739937302478801e-11,None,None,None,None, , , , 
34620, ,4.0554607358408274,4.0088063288984646e-11,None,None,None,None, , , , 
34621, ,4.0554607358408274,4.297004704320835e-11,None,None,None,None, , , , 
34622, ,4.0554607358408274,4.605922041145113e-11,None,None,None,None, , , , 
34623, ,4.0554607358408274,4.937047852839004e-11,None,None,None,None, , , , 
34624, ,4.0554607358408274,5.2919787359584366e-11,None,None,None,None, , , , 
34625, ,4.0554607358408274,5.672426068491989e-11,None,None,None,None, , , , 
34626, ,4.0554607358408274,6.080224261649427e-11,None,None,None,None, , , , 
34627, ,4.0554607358408274,6.517339604882421e-11,None,None,None,None, , , , 
34628, ,4.0554607358408274,6.985879746785235e-11,None,None,None,None, , , , 
34629, ,4.0554607358408274,7.48810385759003e-11,None,None,None,None, , , , 
34630, ,4.0554607358408274,8.026433522257174e-11,None,None,None,None, , , , 
34631, ,4.0554607358408274,8.603464416684492e-11,None,None,None,None, , , , 
34632, ,4.0554607358408274,9.221978823334341e-11,None,None,None,None, , , , 
34633, ,4.0554607358408274,9.884959046625586e-11,None,None,None,None, , , , 
34634, ,4.0554607358408274,1.0595601792776149e-10,None,None,None,None, , , , 
34635, ,4.0554607358408274,1.1357333583431027e-10,None,None,None,None, , , , 
34636, ,4.0554607358408274,1.217382727739662e-10,None,None,None,None, , , , 
34637, ,4.0554607358408274,1.3049019780144016e-10,None,None,None,None, , , , 
34638, ,4.0554607358408274,1.398713102647236e-10,None,None,None,None, , , , 
34639, ,4.0554607358408274,1.4992684327860468e-10,None,None,None,None, , , , 
34640, ,4.0554607358408274,1.6070528182616384e-10,None,None,None,None, , , , 
34641, ,4.0554607358408274,1.722585965398784e-10,None,None,None,None, , , , 
34642, ,4.0554607358408274,1.8464249428955463e-10,None,None,None,None, , , , 
34643, ,4.0554607358408274,1.9791668678535569e-10,None,None,None,None, , , , 
34644, ,4.0554607358408274,2.121451784910628e-10,None,None,None,None, , , , 
34645, ,4.0554607358408274,2.273965752357932e-10,None,None,None,None, , , , 
34646, ,4.0554607358408274,2.4374441501222216e-10,None,None,None,None, , , , 
34647, ,4.0554607358408274,2.6126752255633265e-10,None,None,None,None, , , , 
34648, ,4.0554607358408274,2.8005038941836253e-10,None,None,None,None, , , , 
34649, ,4.0554607358408274,3.0018358135755917e-10,None,None,None,None, , , , 
34650, ,4.0554607358408274,3.2176417502507347e-10,None,None,None,None, , , , 
34651, ,4.0554607358408274,3.4489622604057533e-10,None,None,None,None, , , , 
34652, ,4.0554607358408274,3.696912707195032e-10,None,None,None,None, , , , 
34653, ,4.0554607358408274,3.9626886387014783e-10,None,None,None,None, , , , 
34654, ,4.0554607358408274,4.2475715525368935e-10,None,None,None,None, , , , 
34655, ,4.0554607358408274,4.552935074866938e-10,None,None,None,None, , , , 
34656, ,4.0554607358408274,4.880251583654433e-10,None,None,None,None, , , , 
34657, ,4.0554607358408274,5.231099308056258e-10,None,None,None,None, , , , 
34658, ,4.0554607358408274,5.60716993820547e-10,None,None,None,None, , , , 
34659, ,4.0554607358408274,6.010276782070387e-10,None,None,None,None, , , , 
34660, ,4.0554607358408274,6.442363508721371e-10,None,None,None,None, , , , 
34661, ,4.0554607358408274,6.905513520162316e-10,None,None,None,None, , , , 
34662, ,4.0554607358408274,7.401959996915653e-10,None,None,None,None, , , , 
34663, ,4.0554607358408274,7.934096665797492e-10,None,None,None,None, , , , 
34664, ,4.0554607358408274,8.504489341802668e-10,None,None,None,None, , , , 
34665, ,4.0554607358408274,9.115888299750837e-10,None,None,None,None, , , , 
34666, ,4.0554607358408274,9.771241535346502e-10,None,None,None,None, , , , 
34667, ,4.0554607358408274,1.0473708979594486e-09,None,None,None,None, , , , 
34668, ,4.0554607358408274,1.1226677735108114e-09,None,None,None,None, , , , 
34669, ,4.0554607358408274,1.2033778407775904e-09,None,None,None,None, , , , 
34670, ,4.0554607358408274,1.289890261253308e-09,None,None,None,None, , , , 
34671, ,4.0554607358408274,1.3826221737646535e-09,None,None,None,None, , , , 
34672, ,4.0554607358408274,1.4820207057988602e-09,None,None,None,None, , , , 
34673, ,4.0554607358408274,1.5885651294280526e-09,None,None,None,None, , , , 
34674, ,4.0554607358408274,1.702769172225898e-09,None,None,None,None, , , , 
34675, ,4.0554607358408274,1.825183494319039e-09,None,None,None,None, , , , 
34676, ,4.0554607358408274,1.956398343517065e-09,None,None,None,None, , , , 
34677, ,4.0554607358408274,2.0970464013232305e-09,None,None,None,None, , , , 
34678, ,4.0554607358408274,2.2478058335487307e-09,None,None,None,None, , , , 
34679, ,4.0554607358408274,2.409403560239527e-09,None,None,None,None, , , , 
34680, ,4.0554607358408274,2.582618760682675e-09,None,None,None,None, , , , 
34681, ,4.0554607358408274,2.768286630392061e-09,None,None,None,None, , , , 
34682, ,4.0554607358408274,2.9673024081888724e-09,None,None,None,None, , , , 
34683, ,4.0554607358408274,3.180625692794119e-09,None,None,None,None, , , , 
34684, ,4.0554607358408274,3.409285069746807e-09,None,None,None,None, , , , 
34685, ,4.0554607358408274,3.654383070957262e-09,None,None,None,None, , , , 
34686, ,4.0554607358408274,3.917101490809261e-09,None,None,None,None, , , , 
34687, ,4.0554607358408274,4.198707084443906e-09,None,None,None,None, , , , 
34688, ,4.0554607358408274,4.500557675700488e-09,None,None,None,None, , , , 
34689, ,4.0554607358408274,4.824108704165374e-09,None,None,None,None, , , , 
34690, ,4.0554607358408274,5.170920242896755e-09,None,None,None,None, , , , 
34691, ,4.0554607358408274,5.542664520663096e-09,None,None,None,None, , , , 
34692, ,4.0554607358408274,5.941133984965041e-09,None,None,None,None, , , , 
34693, ,4.0554607358408274,6.3682499447185856e-09,None,None,None,None, , , , 
34694, ,4.0554607358408274,6.826071834272379e-09,None,None,None,None, , , , 
34695, ,4.0554607358408274,7.316807143427175e-09,None,None,None,None, , , , 
34696, ,4.0554607358408274,7.842822061337681e-09,None,None,None,None, , , , 
34697, ,4.0554607358408274,8.406652885618316e-09,None,None,None,None, , , , 
34698, ,4.0554607358408274,9.011018251665036e-09,None,None,None,None, , , , 
34699, ,4.0554607358408274,9.658832241158707e-09,None,None,None,None, , , , 
34700, ,4.0554607358408274,1.0353218432956616e-08,None,None,None,None, , , , 
34701, ,4.0554607358408274,1.1097524964120722e-08,None,None,None,None, , , , 
34702, ,4.0554607358408274,1.1895340673703208e-08,None,None,None,None, , , , 
34703, ,4.0554607358408274,1.2750512407130128e-08,None,None,None,None, , , , 
34704, ,4.0554607358408274,1.3667163564620044e-08,None,None,None,None, , , , 
34705, ,4.0554607358408274,1.4649713983072853e-08,None,None,None,None, , , , 
34706, ,4.0554607358408274,1.5702901247293774e-08,None,None,None,None, , , , 
34707, ,4.0554607358408274,1.683180353330955e-08,None,None,None,None, , , , 
34708, ,4.0554607358408274,1.8041864093920717e-08,None,None,None,None, , , , 
34709, ,4.0554607358408274,1.933891750455232e-08,None,None,None,None, , , , 
34710, ,4.0554607358408274,2.0729217795953697e-08,None,None,None,None, , , , 
34711, ,4.0554607358408274,2.221946860939524e-08,None,None,None,None, , , , 
34712, ,4.0554607358408274,2.3816855519761606e-08,None,None,None,None, , , , 
34713, ,4.0554607358408274,2.552908068239516e-08,None,None,None,None, , , , 
34714, ,4.0554607358408274,2.7364399970746666e-08,None,None,None,None, , , , 
34715, ,4.0554607358408274,2.933166278390042e-08,None,None,None,None, , , , 
34716, ,4.0554607358408274,3.1440354715915e-08,None,None,None,None, , , , 
34717, ,4.0554607358408274,3.370064329271925e-08,None,None,None,None, , , , 
34718, ,4.0554607358408274,3.612342699709431e-08,None,None,None,None, , , , 
34719, ,4.0554607358408274,3.872038781812557e-08,None,None,None,None, , , , 
34720, ,4.0554607358408274,4.1504047578504727e-08,None,None,None,None, , , , 
34721, ,4.0554607358408274,4.448782831127585e-08,None,None,None,None, , , , 
34722, ,4.0554607358408274,4.768611697714474e-08,None,None,None,None, , , , 
34723, ,4.0554607358408274,5.111433483440165e-08,None,None,None,None, , , , 
34724, ,4.0554607358408274,5.478901179593934e-08,None,None,None,None, , , , 
34725, ,4.0554607358408274,5.872786613189478e-08,None,None,None,None, , , , 
34726, ,4.0554607358408274,6.294988990221888e-08,None,None,None,None, , , , 
34727, ,4.0554607358408274,6.747544053110687e-08,None,None,None,None, , , , 
34728, ,4.0554607358408274,7.232633896483534e-08,None,None,None,None, , , , 
34729, ,4.0554607358408274,7.752597488629465e-08,None,None,None,None, , , , 
34730, ,4.0554607358408274,8.309941949353386e-08,None,None,None,None, , , , 
34731, ,4.0554607358408274,8.907354638610439e-08,None,None,None,None, , , , 
34732, ,4.0554607358408274,9.547716114208066e-08,None,None,None,None, , , , 
34733, ,4.0554607358408274,1.0234114021054528e-07,None,None,None,None, , , , 
34734, ,4.0554607358408274,1.0969857978923841e-07,None,None,None,None, , , , 
34735, ,4.0554607358408274,1.1758495540521555e-07,None,None,None,None, , , , 
34736, ,4.0554607358408274,1.2603829296797277e-07,None,None,None,None, , , , 
34737, ,4.0554607358408274,1.350993521198025e-07,None,None,None,None, , , , 
34738, ,4.0554607358408274,1.4481182276745328e-07,None,None,None,None, , , , 
34739, ,4.0554607358408274,1.552225357427048e-07,None,None,None,None, , , , 
34740, ,4.0554607358408274,1.6638168860761273e-07,None,None,None,None, , , , 
34741, ,4.0554607358408274,1.7834308769319093e-07,None,None,None,None, , , , 
34742, ,4.0554607358408274,1.9116440753857e-07,None,None,None,None, , , , 
34743, ,4.0554607358408274,2.049074689815846e-07,None,None,None,None, , , , 
34744, ,4.0554607358408274,2.1963853724165468e-07,None,None,None,None, , , , 
34745, ,4.0554607358408274,2.3542864143224158e-07,None,None,None,None, , , , 
34746, ,4.0554607358408274,2.523539170434766e-07,None,None,None,None, , , , 
34747, ,4.0554607358408274,2.7049597304631316e-07,None,None,None,None, , , , 
34748, ,4.0554607358408274,2.899422853882875e-07,None,None,None,None, , , , 
34749, ,4.0554607358408274,3.107866187782014e-07,None,None,None,None, , , , 
34750, ,4.0554607358408274,3.33129478793467e-07,None,None,None,None, , , , 
34751, ,4.0554607358408274,3.5707859649004626e-07,None,None,None,None, , , , 
34752, ,4.0554607358408274,3.827494478516307e-07,None,None,None,None, , , , 
34753, ,4.0554607358408274,4.1026581058271904e-07,None,None,None,None, , , , 
34754, ,4.0554607358408274,4.397603609302722e-07,None,None,None,None, , , , 
34755, ,4.0554607358408274,4.7137531341167185e-07,None,None,None,None, , , , 
34756, ,4.0554607358408274,5.052631065335679e-07,None,None,None,None, , , , 
34757, ,4.0554607358408274,5.415871378079465e-07,None,None,None,None, , , , 
34758, ,4.0554607358408274,5.805225516094896e-07,None,None,None,None, , , , 
34759, ,4.0554607358408274,6.222570836730232e-07,None,None,None,None, , , , 
34760, ,4.0554607358408274,6.669919663030115e-07,None,None,None,None, , , , 
34761, ,4.0554607358408274,7.149428986597576e-07,None,None,None,None, , , , 
34762, ,4.0554607358408274,7.663410868007445e-07,None,None,None,None, , , , 
34763, ,4.0554607358408274,8.214343584919422e-07,None,None,None,None, , , , 
34764, ,4.0554607358408274,8.804883581643463e-07,None,None,None,None, , , , 
34765, ,4.0554607358408274,9.437878277775371e-07,None,None,None,None, , , , 
34766, ,4.0554607358408274,1.0116379797662072e-06,None,None,None,None, , , , 
34767, ,4.0554607358408274,1.0843659686896086e-06,None,None,None,None, , , , 
34768, ,4.0554607358408274,1.1623224686798522e-06,None,None,None,None, , , , 
34769, ,4.0554607358408274,1.2458833642950078e-06,None,None,None,None, , , , 
34770, ,4.0554607358408274,1.3354515629298971e-06,None,None,None,None, , , , 
34771, ,4.0554607358408274,1.4314589375234786e-06,None,None,None,None, , , , 
34772, ,4.0554607358408274,1.53436840893001e-06,None,None,None,None, , , , 
34773, ,4.0554607358408274,1.6446761779946631e-06,None,None,None,None, , , , 
34774, ,4.0554607358408274,1.762914118095948e-06,None,None,None,None, , , , 
34775, ,4.0554607358408274,1.8896523396912082e-06,None,None,None,None, , , , 
34776, ,4.0554607358408274,2.0255019392306664e-06,None,None,None,None, , , , 
34777, ,4.0554607358408274,2.171117945694501e-06,None,None,None,None, , , , 
34778, ,4.0554607358408274,2.327202478960408e-06,None,None,None,None, , , , 
34779, ,4.0554607358408274,2.494508135230317e-06,None,None,None,None, , , , 
34780, ,4.0554607358408274,2.673841615839944e-06,None,None,None,None, , , , 
34781, ,4.0554607358408274,2.8660676169482507e-06,None,None,None,None, , , , 
34782, ,4.0554607358408274,3.0721129988617524e-06,None,None,None,None, , , , 
34783, ,4.0554607358408274,3.292971255097148e-06,None,None,None,None, , , , 
34784, ,4.0554607358408274,3.5297073027306505e-06,None,None,None,None, , , , 
34785, ,4.0554607358408274,3.783462617131925e-06,None,None,None,None, , , , 
34786, ,4.0554607358408274,4.0554607358408275e-06,None,None,None,None, , , , 
34787, ,4.0554607358408274,4.3470131581250175e-06,None,None,None,None, , , , 
34788, ,4.0554607358408274,4.6595256686646765e-06,None,None,None,None, , , , 
34789, ,4.0554607358408274,4.99450511585514e-06,None,None,None,None, , , , 
34790, ,4.0554607358408274,5.353566677410719e-06,None,None,None,None, , , , 
34791, ,4.0554607358408274,5.738441648302393e-06,None,None,None,None, , , , 
34792, ,4.0554607358408274,6.150985788580505e-06,None,None,None,None, , , , 
34793, ,4.0554607358408274,6.593188271333541e-06,None,None,None,None, , , , 
34794, ,4.0554607358408274,7.067181273927492e-06,None,None,None,None, , , , 
34795, ,4.0554607358408274,7.575250258771904e-06,None,None,None,None, , , , 
34796, ,4.0554607358408274,8.119844993184007e-06,None,None,None,None, , , , 
34797, ,4.0554607358408274,8.703591361485167e-06,None,None,None,None, , , , 
34798, ,4.0554607358408274,9.329304026284676e-06,None,None,None,None, , , , 
34799, ,4.0554607358408274,1e-05,None,None,None,None, , , , 
34800, ,4.19870708444391,1e-11,None,None,None,None, , , , 
34801, ,4.19870708444391,1.0718913192051263e-11,None,None,None,None, , , , 
34802, ,4.19870708444391,1.1489510001873107e-11,None,None,None,None, , , , 
34803, ,4.19870708444391,1.2315506032928262e-11,None,None,None,None, , , , 
34804, ,4.19870708444391,1.3200884008314167e-11,None,None,None,None, , , , 
34805, ,4.19870708444391,1.4149912974345786e-11,None,None,None,None, , , , 
34806, ,4.19870708444391,1.5167168884709242e-11,None,None,None,None, , , , 
34807, ,4.19870708444391,1.6257556664437934e-11,None,None,None,None, , , , 
34808, ,4.19870708444391,1.7426333860096473e-11,None,None,None,None, , , , 
34809, ,4.19870708444391,1.8679135990207848e-11,None,None,None,None, , , , 
34810, ,4.19870708444391,2.0022003718155844e-11,None,None,None,None, , , , 
34811, ,4.19870708444391,2.1461411978584013e-11,None,None,None,None, , , , 
34812, ,4.19870708444391,2.300430119772921e-11,None,None,None,None, , , , 
34813, ,4.19870708444391,2.465811075822604e-11,None,None,None,None, , , , 
34814, ,4.19870708444391,2.643081486974103e-11,None,None,None,None, , , , 
34815, ,4.19870708444391,2.8330961018393178e-11,None,None,None,None, , , , 
34816, ,4.19870708444391,3.036771118035461e-11,None,None,None,None, , , , 
34817, ,4.19870708444391,3.255088599835057e-11,None,None,None,None, , , , 
34818, ,4.19870708444391,3.4891012134067674e-11,None,None,None,None, , , , 
34819, ,4.19870708444391,3.739937302478801e-11,None,None,None,None, , , , 
34820, ,4.19870708444391,4.0088063288984646e-11,None,None,None,None, , , , 
34821, ,4.19870708444391,4.297004704320835e-11,None,None,None,None, , , , 
34822, ,4.19870708444391,4.605922041145113e-11,None,None,None,None, , , , 
34823, ,4.19870708444391,4.937047852839004e-11,None,None,None,None, , , , 
34824, ,4.19870708444391,5.2919787359584366e-11,None,None,None,None, , , , 
34825, ,4.19870708444391,5.672426068491989e-11,None,None,None,None, , , , 
34826, ,4.19870708444391,6.080224261649427e-11,None,None,None,None, , , , 
34827, ,4.19870708444391,6.517339604882421e-11,None,None,None,None, , , , 
34828, ,4.19870708444391,6.985879746785235e-11,None,None,None,None, , , , 
34829, ,4.19870708444391,7.48810385759003e-11,None,None,None,None, , , , 
34830, ,4.19870708444391,8.026433522257174e-11,None,None,None,None, , , , 
34831, ,4.19870708444391,8.603464416684492e-11,None,None,None,None, , , , 
34832, ,4.19870708444391,9.221978823334341e-11,None,None,None,None, , , , 
34833, ,4.19870708444391,9.884959046625586e-11,None,None,None,None, , , , 
34834, ,4.19870708444391,1.0595601792776149e-10,None,None,None,None, , , , 
34835, ,4.19870708444391,1.1357333583431027e-10,None,None,None,None, , , , 
34836, ,4.19870708444391,1.217382727739662e-10,None,None,None,None, , , , 
34837, ,4.19870708444391,1.3049019780144016e-10,None,None,None,None, , , , 
34838, ,4.19870708444391,1.398713102647236e-10,None,None,None,None, , , , 
34839, ,4.19870708444391,1.4992684327860468e-10,None,None,None,None, , , , 
34840, ,4.19870708444391,1.6070528182616384e-10,None,None,None,None, , , , 
34841, ,4.19870708444391,1.722585965398784e-10,None,None,None,None, , , , 
34842, ,4.19870708444391,1.8464249428955463e-10,None,None,None,None, , , , 
34843, ,4.19870708444391,1.9791668678535569e-10,None,None,None,None, , , , 
34844, ,4.19870708444391,2.121451784910628e-10,None,None,None,None, , , , 
34845, ,4.19870708444391,2.273965752357932e-10,None,None,None,None, , , , 
34846, ,4.19870708444391,2.4374441501222216e-10,None,None,None,None, , , , 
34847, ,4.19870708444391,2.6126752255633265e-10,None,None,None,None, , , , 
34848, ,4.19870708444391,2.8005038941836253e-10,None,None,None,None, , , , 
34849, ,4.19870708444391,3.0018358135755917e-10,None,None,None,None, , , , 
34850, ,4.19870708444391,3.2176417502507347e-10,None,None,None,None, , , , 
34851, ,4.19870708444391,3.4489622604057533e-10,None,None,None,None, , , , 
34852, ,4.19870708444391,3.696912707195032e-10,None,None,None,None, , , , 
34853, ,4.19870708444391,3.9626886387014783e-10,None,None,None,None, , , , 
34854, ,4.19870708444391,4.2475715525368935e-10,None,None,None,None, , , , 
34855, ,4.19870708444391,4.552935074866938e-10,None,None,None,None, , , , 
34856, ,4.19870708444391,4.880251583654433e-10,None,None,None,None, , , , 
34857, ,4.19870708444391,5.231099308056258e-10,None,None,None,None, , , , 
34858, ,4.19870708444391,5.60716993820547e-10,None,None,None,None, , , , 
34859, ,4.19870708444391,6.010276782070387e-10,None,None,None,None, , , , 
34860, ,4.19870708444391,6.442363508721371e-10,None,None,None,None, , , , 
34861, ,4.19870708444391,6.905513520162316e-10,None,None,None,None, , , , 
34862, ,4.19870708444391,7.401959996915653e-10,None,None,None,None, , , , 
34863, ,4.19870708444391,7.934096665797492e-10,None,None,None,None, , , , 
34864, ,4.19870708444391,8.504489341802668e-10,None,None,None,None, , , , 
34865, ,4.19870708444391,9.115888299750837e-10,None,None,None,None, , , , 
34866, ,4.19870708444391,9.771241535346502e-10,None,None,None,None, , , , 
34867, ,4.19870708444391,1.0473708979594486e-09,None,None,None,None, , , , 
34868, ,4.19870708444391,1.1226677735108114e-09,None,None,None,None, , , , 
34869, ,4.19870708444391,1.2033778407775904e-09,None,None,None,None, , , , 
34870, ,4.19870708444391,1.289890261253308e-09,None,None,None,None, , , , 
34871, ,4.19870708444391,1.3826221737646535e-09,None,None,None,None, , , , 
34872, ,4.19870708444391,1.4820207057988602e-09,None,None,None,None, , , , 
34873, ,4.19870708444391,1.5885651294280526e-09,None,None,None,None, , , , 
34874, ,4.19870708444391,1.702769172225898e-09,None,None,None,None, , , , 
34875, ,4.19870708444391,1.825183494319039e-09,None,None,None,None, , , , 
34876, ,4.19870708444391,1.956398343517065e-09,None,None,None,None, , , , 
34877, ,4.19870708444391,2.0970464013232305e-09,None,None,None,None, , , , 
34878, ,4.19870708444391,2.2478058335487307e-09,None,None,None,None, , , , 
34879, ,4.19870708444391,2.409403560239527e-09,None,None,None,None, , , , 
34880, ,4.19870708444391,2.582618760682675e-09,None,None,None,None, , , , 
34881, ,4.19870708444391,2.768286630392061e-09,None,None,None,None, , , , 
34882, ,4.19870708444391,2.9673024081888724e-09,None,None,None,None, , , , 
34883, ,4.19870708444391,3.180625692794119e-09,None,None,None,None, , , , 
34884, ,4.19870708444391,3.409285069746807e-09,None,None,None,None, , , , 
34885, ,4.19870708444391,3.654383070957262e-09,None,None,None,None, , , , 
34886, ,4.19870708444391,3.917101490809261e-09,None,None,None,None, , , , 
34887, ,4.19870708444391,4.198707084443906e-09,None,None,None,None, , , , 
34888, ,4.19870708444391,4.500557675700488e-09,None,None,None,None, , , , 
34889, ,4.19870708444391,4.824108704165374e-09,None,None,None,None, , , , 
34890, ,4.19870708444391,5.170920242896755e-09,None,None,None,None, , , , 
34891, ,4.19870708444391,5.542664520663096e-09,None,None,None,None, , , , 
34892, ,4.19870708444391,5.941133984965041e-09,None,None,None,None, , , , 
34893, ,4.19870708444391,6.3682499447185856e-09,None,None,None,None, , , , 
34894, ,4.19870708444391,6.826071834272379e-09,None,None,None,None, , , , 
34895, ,4.19870708444391,7.316807143427175e-09,None,None,None,None, , , , 
34896, ,4.19870708444391,7.842822061337681e-09,None,None,None,None, , , , 
34897, ,4.19870708444391,8.406652885618316e-09,None,None,None,None, , , , 
34898, ,4.19870708444391,9.011018251665036e-09,None,None,None,None, , , , 
34899, ,4.19870708444391,9.658832241158707e-09,None,None,None,None, , , , 
34900, ,4.19870708444391,1.0353218432956616e-08,None,None,None,None, , , , 
34901, ,4.19870708444391,1.1097524964120722e-08,None,None,None,None, , , , 
34902, ,4.19870708444391,1.1895340673703208e-08,None,None,None,None, , , , 
34903, ,4.19870708444391,1.2750512407130128e-08,None,None,None,None, , , , 
34904, ,4.19870708444391,1.3667163564620044e-08,None,None,None,None, , , , 
34905, ,4.19870708444391,1.4649713983072853e-08,None,None,None,None, , , , 
34906, ,4.19870708444391,1.5702901247293774e-08,None,None,None,None, , , , 
34907, ,4.19870708444391,1.683180353330955e-08,None,None,None,None, , , , 
34908, ,4.19870708444391,1.8041864093920717e-08,None,None,None,None, , , , 
34909, ,4.19870708444391,1.933891750455232e-08,None,None,None,None, , , , 
34910, ,4.19870708444391,2.0729217795953697e-08,None,None,None,None, , , , 
34911, ,4.19870708444391,2.221946860939524e-08,None,None,None,None, , , , 
34912, ,4.19870708444391,2.3816855519761606e-08,None,None,None,None, , , , 
34913, ,4.19870708444391,2.552908068239516e-08,None,None,None,None, , , , 
34914, ,4.19870708444391,2.7364399970746666e-08,None,None,None,None, , , , 
34915, ,4.19870708444391,2.933166278390042e-08,None,None,None,None, , , , 
34916, ,4.19870708444391,3.1440354715915e-08,None,None,None,None, , , , 
34917, ,4.19870708444391,3.370064329271925e-08,None,None,None,None, , , , 
34918, ,4.19870708444391,3.612342699709431e-08,None,None,None,None, , , , 
34919, ,4.19870708444391,3.872038781812557e-08,None,None,None,None, , , , 
34920, ,4.19870708444391,4.1504047578504727e-08,None,None,None,None, , , , 
34921, ,4.19870708444391,4.448782831127585e-08,None,None,None,None, , , , 
34922, ,4.19870708444391,4.768611697714474e-08,None,None,None,None, , , , 
34923, ,4.19870708444391,5.111433483440165e-08,None,None,None,None, , , , 
34924, ,4.19870708444391,5.478901179593934e-08,None,None,None,None, , , , 
34925, ,4.19870708444391,5.872786613189478e-08,None,None,None,None, , , , 
34926, ,4.19870708444391,6.294988990221888e-08,None,None,None,None, , , , 
34927, ,4.19870708444391,6.747544053110687e-08,None,None,None,None, , , , 
34928, ,4.19870708444391,7.232633896483534e-08,None,None,None,None, , , , 
34929, ,4.19870708444391,7.752597488629465e-08,None,None,None,None, , , , 
34930, ,4.19870708444391,8.309941949353386e-08,None,None,None,None, , , , 
34931, ,4.19870708444391,8.907354638610439e-08,None,None,None,None, , , , 
34932, ,4.19870708444391,9.547716114208066e-08,None,None,None,None, , , , 
34933, ,4.19870708444391,1.0234114021054528e-07,None,None,None,None, , , , 
34934, ,4.19870708444391,1.0969857978923841e-07,None,None,None,None, , , , 
34935, ,4.19870708444391,1.1758495540521555e-07,None,None,None,None, , , , 
34936, ,4.19870708444391,1.2603829296797277e-07,None,None,None,None, , , , 
34937, ,4.19870708444391,1.350993521198025e-07,None,None,None,None, , , , 
34938, ,4.19870708444391,1.4481182276745328e-07,None,None,None,None, , , , 
34939, ,4.19870708444391,1.552225357427048e-07,None,None,None,None, , , , 
34940, ,4.19870708444391,1.6638168860761273e-07,None,None,None,None, , , , 
34941, ,4.19870708444391,1.7834308769319093e-07,None,None,None,None, , , , 
34942, ,4.19870708444391,1.9116440753857e-07,None,None,None,None, , , , 
34943, ,4.19870708444391,2.049074689815846e-07,None,None,None,None, , , , 
34944, ,4.19870708444391,2.1963853724165468e-07,None,None,None,None, , , , 
34945, ,4.19870708444391,2.3542864143224158e-07,None,None,None,None, , , , 
34946, ,4.19870708444391,2.523539170434766e-07,None,None,None,None, , , , 
34947, ,4.19870708444391,2.7049597304631316e-07,None,None,None,None, , , , 
34948, ,4.19870708444391,2.899422853882875e-07,None,None,None,None, , , , 
34949, ,4.19870708444391,3.107866187782014e-07,None,None,None,None, , , , 
34950, ,4.19870708444391,3.33129478793467e-07,None,None,None,None, , , , 
34951, ,4.19870708444391,3.5707859649004626e-07,None,None,None,None, , , , 
34952, ,4.19870708444391,3.827494478516307e-07,None,None,None,None, , , , 
34953, ,4.19870708444391,4.1026581058271904e-07,None,None,None,None, , , , 
34954, ,4.19870708444391,4.397603609302722e-07,None,None,None,None, , , , 
34955, ,4.19870708444391,4.7137531341167185e-07,None,None,None,None, , , , 
34956, ,4.19870708444391,5.052631065335679e-07,None,None,None,None, , , , 
34957, ,4.19870708444391,5.415871378079465e-07,None,None,None,None, , , , 
34958, ,4.19870708444391,5.805225516094896e-07,None,None,None,None, , , , 
34959, ,4.19870708444391,6.222570836730232e-07,None,None,None,None, , , , 
34960, ,4.19870708444391,6.669919663030115e-07,None,None,None,None, , , , 
34961, ,4.19870708444391,7.149428986597576e-07,None,None,None,None, , , , 
34962, ,4.19870708444391,7.663410868007445e-07,None,None,None,None, , , , 
34963, ,4.19870708444391,8.214343584919422e-07,None,None,None,None, , , , 
34964, ,4.19870708444391,8.804883581643463e-07,None,None,None,None, , , , 
34965, ,4.19870708444391,9.437878277775371e-07,None,None,None,None, , , , 
34966, ,4.19870708444391,1.0116379797662072e-06,None,None,None,None, , , , 
34967, ,4.19870708444391,1.0843659686896086e-06,None,None,None,None, , , , 
34968, ,4.19870708444391,1.1623224686798522e-06,None,None,None,None, , , , 
34969, ,4.19870708444391,1.2458833642950078e-06,None,None,None,None, , , , 
34970, ,4.19870708444391,1.3354515629298971e-06,None,None,None,None, , , , 
34971, ,4.19870708444391,1.4314589375234786e-06,None,None,None,None, , , , 
34972, ,4.19870708444391,1.53436840893001e-06,None,None,None,None, , , , 
34973, ,4.19870708444391,1.6446761779946631e-06,None,None,None,None, , , , 
34974, ,4.19870708444391,1.762914118095948e-06,None,None,None,None, , , , 
34975, ,4.19870708444391,1.8896523396912082e-06,None,None,None,None, , , , 
34976, ,4.19870708444391,2.0255019392306664e-06,None,None,None,None, , , , 
34977, ,4.19870708444391,2.171117945694501e-06,None,None,None,None, , , , 
34978, ,4.19870708444391,2.327202478960408e-06,None,None,None,None, , , , 
34979, ,4.19870708444391,2.494508135230317e-06,None,None,None,None, , , , 
34980, ,4.19870708444391,2.673841615839944e-06,None,None,None,None, , , , 
34981, ,4.19870708444391,2.8660676169482507e-06,None,None,None,None, , , , 
34982, ,4.19870708444391,3.0721129988617524e-06,None,None,None,None, , , , 
34983, ,4.19870708444391,3.292971255097148e-06,None,None,None,None, , , , 
34984, ,4.19870708444391,3.5297073027306505e-06,None,None,None,None, , , , 
34985, ,4.19870708444391,3.783462617131925e-06,None,None,None,None, , , , 
34986, ,4.19870708444391,4.0554607358408275e-06,None,None,None,None, , , , 
34987, ,4.19870708444391,4.3470131581250175e-06,None,None,None,None, , , , 
34988, ,4.19870708444391,4.6595256686646765e-06,None,None,None,None, , , , 
34989, ,4.19870708444391,4.99450511585514e-06,None,None,None,None, , , , 
34990, ,4.19870708444391,5.353566677410719e-06,None,None,None,None, , , , 
34991, ,4.19870708444391,5.738441648302393e-06,None,None,None,None, , , , 
34992, ,4.19870708444391,6.150985788580505e-06,None,None,None,None, , , , 
34993, ,4.19870708444391,6.593188271333541e-06,None,None,None,None, , , , 
34994, ,4.19870708444391,7.067181273927492e-06,None,None,None,None, , , , 
34995, ,4.19870708444391,7.575250258771904e-06,None,None,None,None, , , , 
34996, ,4.19870708444391,8.119844993184007e-06,None,None,None,None, , , , 
34997, ,4.19870708444391,8.703591361485167e-06,None,None,None,None, , , , 
34998, ,4.19870708444391,9.329304026284676e-06,None,None,None,None, , , , 
34999, ,4.19870708444391,1e-05,None,None,None,None, , , , 
35000, ,4.347013158125022,1e-11,None,None,None,None, , , , 
35001, ,4.347013158125022,1.0718913192051263e-11,None,None,None,None, , , , 
35002, ,4.347013158125022,1.1489510001873107e-11,None,None,None,None, , , , 
35003, ,4.347013158125022,1.2315506032928262e-11,None,None,None,None, , , , 
35004, ,4.347013158125022,1.3200884008314167e-11,None,None,None,None, , , , 
35005, ,4.347013158125022,1.4149912974345786e-11,None,None,None,None, , , , 
35006, ,4.347013158125022,1.5167168884709242e-11,None,None,None,None, , , , 
35007, ,4.347013158125022,1.6257556664437934e-11,None,None,None,None, , , , 
35008, ,4.347013158125022,1.7426333860096473e-11,None,None,None,None, , , , 
35009, ,4.347013158125022,1.8679135990207848e-11,None,None,None,None, , , , 
35010, ,4.347013158125022,2.0022003718155844e-11,None,None,None,None, , , , 
35011, ,4.347013158125022,2.1461411978584013e-11,None,None,None,None, , , , 
35012, ,4.347013158125022,2.300430119772921e-11,None,None,None,None, , , , 
35013, ,4.347013158125022,2.465811075822604e-11,None,None,None,None, , , , 
35014, ,4.347013158125022,2.643081486974103e-11,None,None,None,None, , , , 
35015, ,4.347013158125022,2.8330961018393178e-11,None,None,None,None, , , , 
35016, ,4.347013158125022,3.036771118035461e-11,None,None,None,None, , , , 
35017, ,4.347013158125022,3.255088599835057e-11,None,None,None,None, , , , 
35018, ,4.347013158125022,3.4891012134067674e-11,None,None,None,None, , , , 
35019, ,4.347013158125022,3.739937302478801e-11,None,None,None,None, , , , 
35020, ,4.347013158125022,4.0088063288984646e-11,None,None,None,None, , , , 
35021, ,4.347013158125022,4.297004704320835e-11,None,None,None,None, , , , 
35022, ,4.347013158125022,4.605922041145113e-11,None,None,None,None, , , , 
35023, ,4.347013158125022,4.937047852839004e-11,None,None,None,None, , , , 
35024, ,4.347013158125022,5.2919787359584366e-11,None,None,None,None, , , , 
35025, ,4.347013158125022,5.672426068491989e-11,None,None,None,None, , , , 
35026, ,4.347013158125022,6.080224261649427e-11,None,None,None,None, , , , 
35027, ,4.347013158125022,6.517339604882421e-11,None,None,None,None, , , , 
35028, ,4.347013158125022,6.985879746785235e-11,None,None,None,None, , , , 
35029, ,4.347013158125022,7.48810385759003e-11,None,None,None,None, , , , 
35030, ,4.347013158125022,8.026433522257174e-11,None,None,None,None, , , , 
35031, ,4.347013158125022,8.603464416684492e-11,None,None,None,None, , , , 
35032, ,4.347013158125022,9.221978823334341e-11,None,None,None,None, , , , 
35033, ,4.347013158125022,9.884959046625586e-11,None,None,None,None, , , , 
35034, ,4.347013158125022,1.0595601792776149e-10,None,None,None,None, , , , 
35035, ,4.347013158125022,1.1357333583431027e-10,None,None,None,None, , , , 
35036, ,4.347013158125022,1.217382727739662e-10,None,None,None,None, , , , 
35037, ,4.347013158125022,1.3049019780144016e-10,None,None,None,None, , , , 
35038, ,4.347013158125022,1.398713102647236e-10,None,None,None,None, , , , 
35039, ,4.347013158125022,1.4992684327860468e-10,None,None,None,None, , , , 
35040, ,4.347013158125022,1.6070528182616384e-10,None,None,None,None, , , , 
35041, ,4.347013158125022,1.722585965398784e-10,None,None,None,None, , , , 
35042, ,4.347013158125022,1.8464249428955463e-10,None,None,None,None, , , , 
35043, ,4.347013158125022,1.9791668678535569e-10,None,None,None,None, , , , 
35044, ,4.347013158125022,2.121451784910628e-10,None,None,None,None, , , , 
35045, ,4.347013158125022,2.273965752357932e-10,None,None,None,None, , , , 
35046, ,4.347013158125022,2.4374441501222216e-10,None,None,None,None, , , , 
35047, ,4.347013158125022,2.6126752255633265e-10,None,None,None,None, , , , 
35048, ,4.347013158125022,2.8005038941836253e-10,None,None,None,None, , , , 
35049, ,4.347013158125022,3.0018358135755917e-10,None,None,None,None, , , , 
35050, ,4.347013158125022,3.2176417502507347e-10,None,None,None,None, , , , 
35051, ,4.347013158125022,3.4489622604057533e-10,None,None,None,None, , , , 
35052, ,4.347013158125022,3.696912707195032e-10,None,None,None,None, , , , 
35053, ,4.347013158125022,3.9626886387014783e-10,None,None,None,None, , , , 
35054, ,4.347013158125022,4.2475715525368935e-10,None,None,None,None, , , , 
35055, ,4.347013158125022,4.552935074866938e-10,None,None,None,None, , , , 
35056, ,4.347013158125022,4.880251583654433e-10,None,None,None,None, , , , 
35057, ,4.347013158125022,5.231099308056258e-10,None,None,None,None, , , , 
35058, ,4.347013158125022,5.60716993820547e-10,None,None,None,None, , , , 
35059, ,4.347013158125022,6.010276782070387e-10,None,None,None,None, , , , 
35060, ,4.347013158125022,6.442363508721371e-10,None,None,None,None, , , , 
35061, ,4.347013158125022,6.905513520162316e-10,None,None,None,None, , , , 
35062, ,4.347013158125022,7.401959996915653e-10,None,None,None,None, , , , 
35063, ,4.347013158125022,7.934096665797492e-10,None,None,None,None, , , , 
35064, ,4.347013158125022,8.504489341802668e-10,None,None,None,None, , , , 
35065, ,4.347013158125022,9.115888299750837e-10,None,None,None,None, , , , 
35066, ,4.347013158125022,9.771241535346502e-10,None,None,None,None, , , , 
35067, ,4.347013158125022,1.0473708979594486e-09,None,None,None,None, , , , 
35068, ,4.347013158125022,1.1226677735108114e-09,None,None,None,None, , , , 
35069, ,4.347013158125022,1.2033778407775904e-09,None,None,None,None, , , , 
35070, ,4.347013158125022,1.289890261253308e-09,None,None,None,None, , , , 
35071, ,4.347013158125022,1.3826221737646535e-09,None,None,None,None, , , , 
35072, ,4.347013158125022,1.4820207057988602e-09,None,None,None,None, , , , 
35073, ,4.347013158125022,1.5885651294280526e-09,None,None,None,None, , , , 
35074, ,4.347013158125022,1.702769172225898e-09,None,None,None,None, , , , 
35075, ,4.347013158125022,1.825183494319039e-09,None,None,None,None, , , , 
35076, ,4.347013158125022,1.956398343517065e-09,None,None,None,None, , , , 
35077, ,4.347013158125022,2.0970464013232305e-09,None,None,None,None, , , , 
35078, ,4.347013158125022,2.2478058335487307e-09,None,None,None,None, , , , 
35079, ,4.347013158125022,2.409403560239527e-09,None,None,None,None, , , , 
35080, ,4.347013158125022,2.582618760682675e-09,None,None,None,None, , , , 
35081, ,4.347013158125022,2.768286630392061e-09,None,None,None,None, , , , 
35082, ,4.347013158125022,2.9673024081888724e-09,None,None,None,None, , , , 
35083, ,4.347013158125022,3.180625692794119e-09,None,None,None,None, , , , 
35084, ,4.347013158125022,3.409285069746807e-09,None,None,None,None, , , , 
35085, ,4.347013158125022,3.654383070957262e-09,None,None,None,None, , , , 
35086, ,4.347013158125022,3.917101490809261e-09,None,None,None,None, , , , 
35087, ,4.347013158125022,4.198707084443906e-09,None,None,None,None, , , , 
35088, ,4.347013158125022,4.500557675700488e-09,None,None,None,None, , , , 
35089, ,4.347013158125022,4.824108704165374e-09,None,None,None,None, , , , 
35090, ,4.347013158125022,5.170920242896755e-09,None,None,None,None, , , , 
35091, ,4.347013158125022,5.542664520663096e-09,None,None,None,None, , , , 
35092, ,4.347013158125022,5.941133984965041e-09,None,None,None,None, , , , 
35093, ,4.347013158125022,6.3682499447185856e-09,None,None,None,None, , , , 
35094, ,4.347013158125022,6.826071834272379e-09,None,None,None,None, , , , 
35095, ,4.347013158125022,7.316807143427175e-09,None,None,None,None, , , , 
35096, ,4.347013158125022,7.842822061337681e-09,None,None,None,None, , , , 
35097, ,4.347013158125022,8.406652885618316e-09,None,None,None,None, , , , 
35098, ,4.347013158125022,9.011018251665036e-09,None,None,None,None, , , , 
35099, ,4.347013158125022,9.658832241158707e-09,None,None,None,None, , , , 
35100, ,4.347013158125022,1.0353218432956616e-08,None,None,None,None, , , , 
35101, ,4.347013158125022,1.1097524964120722e-08,None,None,None,None, , , , 
35102, ,4.347013158125022,1.1895340673703208e-08,None,None,None,None, , , , 
35103, ,4.347013158125022,1.2750512407130128e-08,None,None,None,None, , , , 
35104, ,4.347013158125022,1.3667163564620044e-08,None,None,None,None, , , , 
35105, ,4.347013158125022,1.4649713983072853e-08,None,None,None,None, , , , 
35106, ,4.347013158125022,1.5702901247293774e-08,None,None,None,None, , , , 
35107, ,4.347013158125022,1.683180353330955e-08,None,None,None,None, , , , 
35108, ,4.347013158125022,1.8041864093920717e-08,None,None,None,None, , , , 
35109, ,4.347013158125022,1.933891750455232e-08,None,None,None,None, , , , 
35110, ,4.347013158125022,2.0729217795953697e-08,None,None,None,None, , , , 
35111, ,4.347013158125022,2.221946860939524e-08,None,None,None,None, , , , 
35112, ,4.347013158125022,2.3816855519761606e-08,None,None,None,None, , , , 
35113, ,4.347013158125022,2.552908068239516e-08,None,None,None,None, , , , 
35114, ,4.347013158125022,2.7364399970746666e-08,None,None,None,None, , , , 
35115, ,4.347013158125022,2.933166278390042e-08,None,None,None,None, , , , 
35116, ,4.347013158125022,3.1440354715915e-08,None,None,None,None, , , , 
35117, ,4.347013158125022,3.370064329271925e-08,None,None,None,None, , , , 
35118, ,4.347013158125022,3.612342699709431e-08,None,None,None,None, , , , 
35119, ,4.347013158125022,3.872038781812557e-08,None,None,None,None, , , , 
35120, ,4.347013158125022,4.1504047578504727e-08,None,None,None,None, , , , 
35121, ,4.347013158125022,4.448782831127585e-08,None,None,None,None, , , , 
35122, ,4.347013158125022,4.768611697714474e-08,None,None,None,None, , , , 
35123, ,4.347013158125022,5.111433483440165e-08,None,None,None,None, , , , 
35124, ,4.347013158125022,5.478901179593934e-08,None,None,None,None, , , , 
35125, ,4.347013158125022,5.872786613189478e-08,None,None,None,None, , , , 
35126, ,4.347013158125022,6.294988990221888e-08,None,None,None,None, , , , 
35127, ,4.347013158125022,6.747544053110687e-08,None,None,None,None, , , , 
35128, ,4.347013158125022,7.232633896483534e-08,None,None,None,None, , , , 
35129, ,4.347013158125022,7.752597488629465e-08,None,None,None,None, , , , 
35130, ,4.347013158125022,8.309941949353386e-08,None,None,None,None, , , , 
35131, ,4.347013158125022,8.907354638610439e-08,None,None,None,None, , , , 
35132, ,4.347013158125022,9.547716114208066e-08,None,None,None,None, , , , 
35133, ,4.347013158125022,1.0234114021054528e-07,None,None,None,None, , , , 
35134, ,4.347013158125022,1.0969857978923841e-07,None,None,None,None, , , , 
35135, ,4.347013158125022,1.1758495540521555e-07,None,None,None,None, , , , 
35136, ,4.347013158125022,1.2603829296797277e-07,None,None,None,None, , , , 
35137, ,4.347013158125022,1.350993521198025e-07,None,None,None,None, , , , 
35138, ,4.347013158125022,1.4481182276745328e-07,None,None,None,None, , , , 
35139, ,4.347013158125022,1.552225357427048e-07,None,None,None,None, , , , 
35140, ,4.347013158125022,1.6638168860761273e-07,None,None,None,None, , , , 
35141, ,4.347013158125022,1.7834308769319093e-07,None,None,None,None, , , , 
35142, ,4.347013158125022,1.9116440753857e-07,None,None,None,None, , , , 
35143, ,4.347013158125022,2.049074689815846e-07,None,None,None,None, , , , 
35144, ,4.347013158125022,2.1963853724165468e-07,None,None,None,None, , , , 
35145, ,4.347013158125022,2.3542864143224158e-07,None,None,None,None, , , , 
35146, ,4.347013158125022,2.523539170434766e-07,None,None,None,None, , , , 
35147, ,4.347013158125022,2.7049597304631316e-07,None,None,None,None, , , , 
35148, ,4.347013158125022,2.899422853882875e-07,None,None,None,None, , , , 
35149, ,4.347013158125022,3.107866187782014e-07,None,None,None,None, , , , 
35150, ,4.347013158125022,3.33129478793467e-07,None,None,None,None, , , , 
35151, ,4.347013158125022,3.5707859649004626e-07,None,None,None,None, , , , 
35152, ,4.347013158125022,3.827494478516307e-07,None,None,None,None, , , , 
35153, ,4.347013158125022,4.1026581058271904e-07,None,None,None,None, , , , 
35154, ,4.347013158125022,4.397603609302722e-07,None,None,None,None, , , , 
35155, ,4.347013158125022,4.7137531341167185e-07,None,None,None,None, , , , 
35156, ,4.347013158125022,5.052631065335679e-07,None,None,None,None, , , , 
35157, ,4.347013158125022,5.415871378079465e-07,None,None,None,None, , , , 
35158, ,4.347013158125022,5.805225516094896e-07,None,None,None,None, , , , 
35159, ,4.347013158125022,6.222570836730232e-07,None,None,None,None, , , , 
35160, ,4.347013158125022,6.669919663030115e-07,None,None,None,None, , , , 
35161, ,4.347013158125022,7.149428986597576e-07,None,None,None,None, , , , 
35162, ,4.347013158125022,7.663410868007445e-07,None,None,None,None, , , , 
35163, ,4.347013158125022,8.214343584919422e-07,None,None,None,None, , , , 
35164, ,4.347013158125022,8.804883581643463e-07,None,None,None,None, , , , 
35165, ,4.347013158125022,9.437878277775371e-07,None,None,None,None, , , , 
35166, ,4.347013158125022,1.0116379797662072e-06,None,None,None,None, , , , 
35167, ,4.347013158125022,1.0843659686896086e-06,None,None,None,None, , , , 
35168, ,4.347013158125022,1.1623224686798522e-06,None,None,None,None, , , , 
35169, ,4.347013158125022,1.2458833642950078e-06,None,None,None,None, , , , 
35170, ,4.347013158125022,1.3354515629298971e-06,None,None,None,None, , , , 
35171, ,4.347013158125022,1.4314589375234786e-06,None,None,None,None, , , , 
35172, ,4.347013158125022,1.53436840893001e-06,None,None,None,None, , , , 
35173, ,4.347013158125022,1.6446761779946631e-06,None,None,None,None, , , , 
35174, ,4.347013158125022,1.762914118095948e-06,None,None,None,None, , , , 
35175, ,4.347013158125022,1.8896523396912082e-06,None,None,None,None, , , , 
35176, ,4.347013158125022,2.0255019392306664e-06,None,None,None,None, , , , 
35177, ,4.347013158125022,2.171117945694501e-06,None,None,None,None, , , , 
35178, ,4.347013158125022,2.327202478960408e-06,None,None,None,None, , , , 
35179, ,4.347013158125022,2.494508135230317e-06,None,None,None,None, , , , 
35180, ,4.347013158125022,2.673841615839944e-06,None,None,None,None, , , , 
35181, ,4.347013158125022,2.8660676169482507e-06,None,None,None,None, , , , 
35182, ,4.347013158125022,3.0721129988617524e-06,None,None,None,None, , , , 
35183, ,4.347013158125022,3.292971255097148e-06,None,None,None,None, , , , 
35184, ,4.347013158125022,3.5297073027306505e-06,None,None,None,None, , , , 
35185, ,4.347013158125022,3.783462617131925e-06,None,None,None,None, , , , 
35186, ,4.347013158125022,4.0554607358408275e-06,None,None,None,None, , , , 
35187, ,4.347013158125022,4.3470131581250175e-06,None,None,None,None, , , , 
35188, ,4.347013158125022,4.6595256686646765e-06,None,None,None,None, , , , 
35189, ,4.347013158125022,4.99450511585514e-06,None,None,None,None, , , , 
35190, ,4.347013158125022,5.353566677410719e-06,None,None,None,None, , , , 
35191, ,4.347013158125022,5.738441648302393e-06,None,None,None,None, , , , 
35192, ,4.347013158125022,6.150985788580505e-06,None,None,None,None, , , , 
35193, ,4.347013158125022,6.593188271333541e-06,None,None,None,None, , , , 
35194, ,4.347013158125022,7.067181273927492e-06,None,None,None,None, , , , 
35195, ,4.347013158125022,7.575250258771904e-06,None,None,None,None, , , , 
35196, ,4.347013158125022,8.119844993184007e-06,None,None,None,None, , , , 
35197, ,4.347013158125022,8.703591361485167e-06,None,None,None,None, , , , 
35198, ,4.347013158125022,9.329304026284676e-06,None,None,None,None, , , , 
35199, ,4.347013158125022,1e-05,None,None,None,None, , , , 
35200, ,4.500557675700498,1e-11,None,None,None,None, , , , 
35201, ,4.500557675700498,1.0718913192051263e-11,None,None,None,None, , , , 
35202, ,4.500557675700498,1.1489510001873107e-11,None,None,None,None, , , , 
35203, ,4.500557675700498,1.2315506032928262e-11,None,None,None,None, , , , 
35204, ,4.500557675700498,1.3200884008314167e-11,None,None,None,None, , , , 
35205, ,4.500557675700498,1.4149912974345786e-11,None,None,None,None, , , , 
35206, ,4.500557675700498,1.5167168884709242e-11,None,None,None,None, , , , 
35207, ,4.500557675700498,1.6257556664437934e-11,None,None,None,None, , , , 
35208, ,4.500557675700498,1.7426333860096473e-11,None,None,None,None, , , , 
35209, ,4.500557675700498,1.8679135990207848e-11,None,None,None,None, , , , 
35210, ,4.500557675700498,2.0022003718155844e-11,None,None,None,None, , , , 
35211, ,4.500557675700498,2.1461411978584013e-11,None,None,None,None, , , , 
35212, ,4.500557675700498,2.300430119772921e-11,None,None,None,None, , , , 
35213, ,4.500557675700498,2.465811075822604e-11,None,None,None,None, , , , 
35214, ,4.500557675700498,2.643081486974103e-11,None,None,None,None, , , , 
35215, ,4.500557675700498,2.8330961018393178e-11,None,None,None,None, , , , 
35216, ,4.500557675700498,3.036771118035461e-11,None,None,None,None, , , , 
35217, ,4.500557675700498,3.255088599835057e-11,None,None,None,None, , , , 
35218, ,4.500557675700498,3.4891012134067674e-11,None,None,None,None, , , , 
35219, ,4.500557675700498,3.739937302478801e-11,None,None,None,None, , , , 
35220, ,4.500557675700498,4.0088063288984646e-11,None,None,None,None, , , , 
35221, ,4.500557675700498,4.297004704320835e-11,None,None,None,None, , , , 
35222, ,4.500557675700498,4.605922041145113e-11,None,None,None,None, , , , 
35223, ,4.500557675700498,4.937047852839004e-11,None,None,None,None, , , , 
35224, ,4.500557675700498,5.2919787359584366e-11,None,None,None,None, , , , 
35225, ,4.500557675700498,5.672426068491989e-11,None,None,None,None, , , , 
35226, ,4.500557675700498,6.080224261649427e-11,None,None,None,None, , , , 
35227, ,4.500557675700498,6.517339604882421e-11,None,None,None,None, , , , 
35228, ,4.500557675700498,6.985879746785235e-11,None,None,None,None, , , , 
35229, ,4.500557675700498,7.48810385759003e-11,None,None,None,None, , , , 
35230, ,4.500557675700498,8.026433522257174e-11,None,None,None,None, , , , 
35231, ,4.500557675700498,8.603464416684492e-11,None,None,None,None, , , , 
35232, ,4.500557675700498,9.221978823334341e-11,None,None,None,None, , , , 
35233, ,4.500557675700498,9.884959046625586e-11,None,None,None,None, , , , 
35234, ,4.500557675700498,1.0595601792776149e-10,None,None,None,None, , , , 
35235, ,4.500557675700498,1.1357333583431027e-10,None,None,None,None, , , , 
35236, ,4.500557675700498,1.217382727739662e-10,None,None,None,None, , , , 
35237, ,4.500557675700498,1.3049019780144016e-10,None,None,None,None, , , , 
35238, ,4.500557675700498,1.398713102647236e-10,None,None,None,None, , , , 
35239, ,4.500557675700498,1.4992684327860468e-10,None,None,None,None, , , , 
35240, ,4.500557675700498,1.6070528182616384e-10,None,None,None,None, , , , 
35241, ,4.500557675700498,1.722585965398784e-10,None,None,None,None, , , , 
35242, ,4.500557675700498,1.8464249428955463e-10,None,None,None,None, , , , 
35243, ,4.500557675700498,1.9791668678535569e-10,None,None,None,None, , , , 
35244, ,4.500557675700498,2.121451784910628e-10,None,None,None,None, , , , 
35245, ,4.500557675700498,2.273965752357932e-10,None,None,None,None, , , , 
35246, ,4.500557675700498,2.4374441501222216e-10,None,None,None,None, , , , 
35247, ,4.500557675700498,2.6126752255633265e-10,None,None,None,None, , , , 
35248, ,4.500557675700498,2.8005038941836253e-10,None,None,None,None, , , , 
35249, ,4.500557675700498,3.0018358135755917e-10,None,None,None,None, , , , 
35250, ,4.500557675700498,3.2176417502507347e-10,None,None,None,None, , , , 
35251, ,4.500557675700498,3.4489622604057533e-10,None,None,None,None, , , , 
35252, ,4.500557675700498,3.696912707195032e-10,None,None,None,None, , , , 
35253, ,4.500557675700498,3.9626886387014783e-10,None,None,None,None, , , , 
35254, ,4.500557675700498,4.2475715525368935e-10,None,None,None,None, , , , 
35255, ,4.500557675700498,4.552935074866938e-10,None,None,None,None, , , , 
35256, ,4.500557675700498,4.880251583654433e-10,None,None,None,None, , , , 
35257, ,4.500557675700498,5.231099308056258e-10,None,None,None,None, , , , 
35258, ,4.500557675700498,5.60716993820547e-10,None,None,None,None, , , , 
35259, ,4.500557675700498,6.010276782070387e-10,None,None,None,None, , , , 
35260, ,4.500557675700498,6.442363508721371e-10,None,None,None,None, , , , 
35261, ,4.500557675700498,6.905513520162316e-10,None,None,None,None, , , , 
35262, ,4.500557675700498,7.401959996915653e-10,None,None,None,None, , , , 
35263, ,4.500557675700498,7.934096665797492e-10,None,None,None,None, , , , 
35264, ,4.500557675700498,8.504489341802668e-10,None,None,None,None, , , , 
35265, ,4.500557675700498,9.115888299750837e-10,None,None,None,None, , , , 
35266, ,4.500557675700498,9.771241535346502e-10,None,None,None,None, , , , 
35267, ,4.500557675700498,1.0473708979594486e-09,None,None,None,None, , , , 
35268, ,4.500557675700498,1.1226677735108114e-09,None,None,None,None, , , , 
35269, ,4.500557675700498,1.2033778407775904e-09,None,None,None,None, , , , 
35270, ,4.500557675700498,1.289890261253308e-09,None,None,None,None, , , , 
35271, ,4.500557675700498,1.3826221737646535e-09,None,None,None,None, , , , 
35272, ,4.500557675700498,1.4820207057988602e-09,None,None,None,None, , , , 
35273, ,4.500557675700498,1.5885651294280526e-09,None,None,None,None, , , , 
35274, ,4.500557675700498,1.702769172225898e-09,None,None,None,None, , , , 
35275, ,4.500557675700498,1.825183494319039e-09,None,None,None,None, , , , 
35276, ,4.500557675700498,1.956398343517065e-09,None,None,None,None, , , , 
35277, ,4.500557675700498,2.0970464013232305e-09,None,None,None,None, , , , 
35278, ,4.500557675700498,2.2478058335487307e-09,None,None,None,None, , , , 
35279, ,4.500557675700498,2.409403560239527e-09,None,None,None,None, , , , 
35280, ,4.500557675700498,2.582618760682675e-09,None,None,None,None, , , , 
35281, ,4.500557675700498,2.768286630392061e-09,None,None,None,None, , , , 
35282, ,4.500557675700498,2.9673024081888724e-09,None,None,None,None, , , , 
35283, ,4.500557675700498,3.180625692794119e-09,None,None,None,None, , , , 
35284, ,4.500557675700498,3.409285069746807e-09,None,None,None,None, , , , 
35285, ,4.500557675700498,3.654383070957262e-09,None,None,None,None, , , , 
35286, ,4.500557675700498,3.917101490809261e-09,None,None,None,None, , , , 
35287, ,4.500557675700498,4.198707084443906e-09,None,None,None,None, , , , 
35288, ,4.500557675700498,4.500557675700488e-09,None,None,None,None, , , , 
35289, ,4.500557675700498,4.824108704165374e-09,None,None,None,None, , , , 
35290, ,4.500557675700498,5.170920242896755e-09,None,None,None,None, , , , 
35291, ,4.500557675700498,5.542664520663096e-09,None,None,None,None, , , , 
35292, ,4.500557675700498,5.941133984965041e-09,None,None,None,None, , , , 
35293, ,4.500557675700498,6.3682499447185856e-09,None,None,None,None, , , , 
35294, ,4.500557675700498,6.826071834272379e-09,None,None,None,None, , , , 
35295, ,4.500557675700498,7.316807143427175e-09,None,None,None,None, , , , 
35296, ,4.500557675700498,7.842822061337681e-09,None,None,None,None, , , , 
35297, ,4.500557675700498,8.406652885618316e-09,None,None,None,None, , , , 
35298, ,4.500557675700498,9.011018251665036e-09,None,None,None,None, , , , 
35299, ,4.500557675700498,9.658832241158707e-09,None,None,None,None, , , , 
35300, ,4.500557675700498,1.0353218432956616e-08,None,None,None,None, , , , 
35301, ,4.500557675700498,1.1097524964120722e-08,None,None,None,None, , , , 
35302, ,4.500557675700498,1.1895340673703208e-08,None,None,None,None, , , , 
35303, ,4.500557675700498,1.2750512407130128e-08,None,None,None,None, , , , 
35304, ,4.500557675700498,1.3667163564620044e-08,None,None,None,None, , , , 
35305, ,4.500557675700498,1.4649713983072853e-08,None,None,None,None, , , , 
35306, ,4.500557675700498,1.5702901247293774e-08,None,None,None,None, , , , 
35307, ,4.500557675700498,1.683180353330955e-08,None,None,None,None, , , , 
35308, ,4.500557675700498,1.8041864093920717e-08,None,None,None,None, , , , 
35309, ,4.500557675700498,1.933891750455232e-08,None,None,None,None, , , , 
35310, ,4.500557675700498,2.0729217795953697e-08,None,None,None,None, , , , 
35311, ,4.500557675700498,2.221946860939524e-08,None,None,None,None, , , , 
35312, ,4.500557675700498,2.3816855519761606e-08,None,None,None,None, , , , 
35313, ,4.500557675700498,2.552908068239516e-08,None,None,None,None, , , , 
35314, ,4.500557675700498,2.7364399970746666e-08,None,None,None,None, , , , 
35315, ,4.500557675700498,2.933166278390042e-08,None,None,None,None, , , , 
35316, ,4.500557675700498,3.1440354715915e-08,None,None,None,None, , , , 
35317, ,4.500557675700498,3.370064329271925e-08,None,None,None,None, , , , 
35318, ,4.500557675700498,3.612342699709431e-08,None,None,None,None, , , , 
35319, ,4.500557675700498,3.872038781812557e-08,None,None,None,None, , , , 
35320, ,4.500557675700498,4.1504047578504727e-08,None,None,None,None, , , , 
35321, ,4.500557675700498,4.448782831127585e-08,None,None,None,None, , , , 
35322, ,4.500557675700498,4.768611697714474e-08,None,None,None,None, , , , 
35323, ,4.500557675700498,5.111433483440165e-08,None,None,None,None, , , , 
35324, ,4.500557675700498,5.478901179593934e-08,None,None,None,None, , , , 
35325, ,4.500557675700498,5.872786613189478e-08,None,None,None,None, , , , 
35326, ,4.500557675700498,6.294988990221888e-08,None,None,None,None, , , , 
35327, ,4.500557675700498,6.747544053110687e-08,None,None,None,None, , , , 
35328, ,4.500557675700498,7.232633896483534e-08,None,None,None,None, , , , 
35329, ,4.500557675700498,7.752597488629465e-08,None,None,None,None, , , , 
35330, ,4.500557675700498,8.309941949353386e-08,None,None,None,None, , , , 
35331, ,4.500557675700498,8.907354638610439e-08,None,None,None,None, , , , 
35332, ,4.500557675700498,9.547716114208066e-08,None,None,None,None, , , , 
35333, ,4.500557675700498,1.0234114021054528e-07,None,None,None,None, , , , 
35334, ,4.500557675700498,1.0969857978923841e-07,None,None,None,None, , , , 
35335, ,4.500557675700498,1.1758495540521555e-07,None,None,None,None, , , , 
35336, ,4.500557675700498,1.2603829296797277e-07,None,None,None,None, , , , 
35337, ,4.500557675700498,1.350993521198025e-07,None,None,None,None, , , , 
35338, ,4.500557675700498,1.4481182276745328e-07,None,None,None,None, , , , 
35339, ,4.500557675700498,1.552225357427048e-07,None,None,None,None, , , , 
35340, ,4.500557675700498,1.6638168860761273e-07,None,None,None,None, , , , 
35341, ,4.500557675700498,1.7834308769319093e-07,None,None,None,None, , , , 
35342, ,4.500557675700498,1.9116440753857e-07,None,None,None,None, , , , 
35343, ,4.500557675700498,2.049074689815846e-07,None,None,None,None, , , , 
35344, ,4.500557675700498,2.1963853724165468e-07,None,None,None,None, , , , 
35345, ,4.500557675700498,2.3542864143224158e-07,None,None,None,None, , , , 
35346, ,4.500557675700498,2.523539170434766e-07,None,None,None,None, , , , 
35347, ,4.500557675700498,2.7049597304631316e-07,None,None,None,None, , , , 
35348, ,4.500557675700498,2.899422853882875e-07,None,None,None,None, , , , 
35349, ,4.500557675700498,3.107866187782014e-07,None,None,None,None, , , , 
35350, ,4.500557675700498,3.33129478793467e-07,None,None,None,None, , , , 
35351, ,4.500557675700498,3.5707859649004626e-07,None,None,None,None, , , , 
35352, ,4.500557675700498,3.827494478516307e-07,None,None,None,None, , , , 
35353, ,4.500557675700498,4.1026581058271904e-07,None,None,None,None, , , , 
35354, ,4.500557675700498,4.397603609302722e-07,None,None,None,None, , , , 
35355, ,4.500557675700498,4.7137531341167185e-07,None,None,None,None, , , , 
35356, ,4.500557675700498,5.052631065335679e-07,None,None,None,None, , , , 
35357, ,4.500557675700498,5.415871378079465e-07,None,None,None,None, , , , 
35358, ,4.500557675700498,5.805225516094896e-07,None,None,None,None, , , , 
35359, ,4.500557675700498,6.222570836730232e-07,None,None,None,None, , , , 
35360, ,4.500557675700498,6.669919663030115e-07,None,None,None,None, , , , 
35361, ,4.500557675700498,7.149428986597576e-07,None,None,None,None, , , , 
35362, ,4.500557675700498,7.663410868007445e-07,None,None,None,None, , , , 
35363, ,4.500557675700498,8.214343584919422e-07,None,None,None,None, , , , 
35364, ,4.500557675700498,8.804883581643463e-07,None,None,None,None, , , , 
35365, ,4.500557675700498,9.437878277775371e-07,None,None,None,None, , , , 
35366, ,4.500557675700498,1.0116379797662072e-06,None,None,None,None, , , , 
35367, ,4.500557675700498,1.0843659686896086e-06,None,None,None,None, , , , 
35368, ,4.500557675700498,1.1623224686798522e-06,None,None,None,None, , , , 
35369, ,4.500557675700498,1.2458833642950078e-06,None,None,None,None, , , , 
35370, ,4.500557675700498,1.3354515629298971e-06,None,None,None,None, , , , 
35371, ,4.500557675700498,1.4314589375234786e-06,None,None,None,None, , , , 
35372, ,4.500557675700498,1.53436840893001e-06,None,None,None,None, , , , 
35373, ,4.500557675700498,1.6446761779946631e-06,None,None,None,None, , , , 
35374, ,4.500557675700498,1.762914118095948e-06,None,None,None,None, , , , 
35375, ,4.500557675700498,1.8896523396912082e-06,None,None,None,None, , , , 
35376, ,4.500557675700498,2.0255019392306664e-06,None,None,None,None, , , , 
35377, ,4.500557675700498,2.171117945694501e-06,None,None,None,None, , , , 
35378, ,4.500557675700498,2.327202478960408e-06,None,None,None,None, , , , 
35379, ,4.500557675700498,2.494508135230317e-06,None,None,None,None, , , , 
35380, ,4.500557675700498,2.673841615839944e-06,None,None,None,None, , , , 
35381, ,4.500557675700498,2.8660676169482507e-06,None,None,None,None, , , , 
35382, ,4.500557675700498,3.0721129988617524e-06,None,None,None,None, , , , 
35383, ,4.500557675700498,3.292971255097148e-06,None,None,None,None, , , , 
35384, ,4.500557675700498,3.5297073027306505e-06,None,None,None,None, , , , 
35385, ,4.500557675700498,3.783462617131925e-06,None,None,None,None, , , , 
35386, ,4.500557675700498,4.0554607358408275e-06,None,None,None,None, , , , 
35387, ,4.500557675700498,4.3470131581250175e-06,None,None,None,None, , , , 
35388, ,4.500557675700498,4.6595256686646765e-06,None,None,None,None, , , , 
35389, ,4.500557675700498,4.99450511585514e-06,None,None,None,None, , , , 
35390, ,4.500557675700498,5.353566677410719e-06,None,None,None,None, , , , 
35391, ,4.500557675700498,5.738441648302393e-06,None,None,None,None, , , , 
35392, ,4.500557675700498,6.150985788580505e-06,None,None,None,None, , , , 
35393, ,4.500557675700498,6.593188271333541e-06,None,None,None,None, , , , 
35394, ,4.500557675700498,7.067181273927492e-06,None,None,None,None, , , , 
35395, ,4.500557675700498,7.575250258771904e-06,None,None,None,None, , , , 
35396, ,4.500557675700498,8.119844993184007e-06,None,None,None,None, , , , 
35397, ,4.500557675700498,8.703591361485167e-06,None,None,None,None, , , , 
35398, ,4.500557675700498,9.329304026284676e-06,None,None,None,None, , , , 
35399, ,4.500557675700498,1e-05,None,None,None,None, , , , 
35400, ,4.659525668664678,1e-11,None,None,None,None, , , , 
35401, ,4.659525668664678,1.0718913192051263e-11,None,None,None,None, , , , 
35402, ,4.659525668664678,1.1489510001873107e-11,None,None,None,None, , , , 
35403, ,4.659525668664678,1.2315506032928262e-11,None,None,None,None, , , , 
35404, ,4.659525668664678,1.3200884008314167e-11,None,None,None,None, , , , 
35405, ,4.659525668664678,1.4149912974345786e-11,None,None,None,None, , , , 
35406, ,4.659525668664678,1.5167168884709242e-11,None,None,None,None, , , , 
35407, ,4.659525668664678,1.6257556664437934e-11,None,None,None,None, , , , 
35408, ,4.659525668664678,1.7426333860096473e-11,None,None,None,None, , , , 
35409, ,4.659525668664678,1.8679135990207848e-11,None,None,None,None, , , , 
35410, ,4.659525668664678,2.0022003718155844e-11,None,None,None,None, , , , 
35411, ,4.659525668664678,2.1461411978584013e-11,None,None,None,None, , , , 
35412, ,4.659525668664678,2.300430119772921e-11,None,None,None,None, , , , 
35413, ,4.659525668664678,2.465811075822604e-11,None,None,None,None, , , , 
35414, ,4.659525668664678,2.643081486974103e-11,None,None,None,None, , , , 
35415, ,4.659525668664678,2.8330961018393178e-11,None,None,None,None, , , , 
35416, ,4.659525668664678,3.036771118035461e-11,None,None,None,None, , , , 
35417, ,4.659525668664678,3.255088599835057e-11,None,None,None,None, , , , 
35418, ,4.659525668664678,3.4891012134067674e-11,None,None,None,None, , , , 
35419, ,4.659525668664678,3.739937302478801e-11,None,None,None,None, , , , 
35420, ,4.659525668664678,4.0088063288984646e-11,None,None,None,None, , , , 
35421, ,4.659525668664678,4.297004704320835e-11,None,None,None,None, , , , 
35422, ,4.659525668664678,4.605922041145113e-11,None,None,None,None, , , , 
35423, ,4.659525668664678,4.937047852839004e-11,None,None,None,None, , , , 
35424, ,4.659525668664678,5.2919787359584366e-11,None,None,None,None, , , , 
35425, ,4.659525668664678,5.672426068491989e-11,None,None,None,None, , , , 
35426, ,4.659525668664678,6.080224261649427e-11,None,None,None,None, , , , 
35427, ,4.659525668664678,6.517339604882421e-11,None,None,None,None, , , , 
35428, ,4.659525668664678,6.985879746785235e-11,None,None,None,None, , , , 
35429, ,4.659525668664678,7.48810385759003e-11,None,None,None,None, , , , 
35430, ,4.659525668664678,8.026433522257174e-11,None,None,None,None, , , , 
35431, ,4.659525668664678,8.603464416684492e-11,None,None,None,None, , , , 
35432, ,4.659525668664678,9.221978823334341e-11,None,None,None,None, , , , 
35433, ,4.659525668664678,9.884959046625586e-11,None,None,None,None, , , , 
35434, ,4.659525668664678,1.0595601792776149e-10,None,None,None,None, , , , 
35435, ,4.659525668664678,1.1357333583431027e-10,None,None,None,None, , , , 
35436, ,4.659525668664678,1.217382727739662e-10,None,None,None,None, , , , 
35437, ,4.659525668664678,1.3049019780144016e-10,None,None,None,None, , , , 
35438, ,4.659525668664678,1.398713102647236e-10,None,None,None,None, , , , 
35439, ,4.659525668664678,1.4992684327860468e-10,None,None,None,None, , , , 
35440, ,4.659525668664678,1.6070528182616384e-10,None,None,None,None, , , , 
35441, ,4.659525668664678,1.722585965398784e-10,None,None,None,None, , , , 
35442, ,4.659525668664678,1.8464249428955463e-10,None,None,None,None, , , , 
35443, ,4.659525668664678,1.9791668678535569e-10,None,None,None,None, , , , 
35444, ,4.659525668664678,2.121451784910628e-10,None,None,None,None, , , , 
35445, ,4.659525668664678,2.273965752357932e-10,None,None,None,None, , , , 
35446, ,4.659525668664678,2.4374441501222216e-10,None,None,None,None, , , , 
35447, ,4.659525668664678,2.6126752255633265e-10,None,None,None,None, , , , 
35448, ,4.659525668664678,2.8005038941836253e-10,None,None,None,None, , , , 
35449, ,4.659525668664678,3.0018358135755917e-10,None,None,None,None, , , , 
35450, ,4.659525668664678,3.2176417502507347e-10,None,None,None,None, , , , 
35451, ,4.659525668664678,3.4489622604057533e-10,None,None,None,None, , , , 
35452, ,4.659525668664678,3.696912707195032e-10,None,None,None,None, , , , 
35453, ,4.659525668664678,3.9626886387014783e-10,None,None,None,None, , , , 
35454, ,4.659525668664678,4.2475715525368935e-10,None,None,None,None, , , , 
35455, ,4.659525668664678,4.552935074866938e-10,None,None,None,None, , , , 
35456, ,4.659525668664678,4.880251583654433e-10,None,None,None,None, , , , 
35457, ,4.659525668664678,5.231099308056258e-10,None,None,None,None, , , , 
35458, ,4.659525668664678,5.60716993820547e-10,None,None,None,None, , , , 
35459, ,4.659525668664678,6.010276782070387e-10,None,None,None,None, , , , 
35460, ,4.659525668664678,6.442363508721371e-10,None,None,None,None, , , , 
35461, ,4.659525668664678,6.905513520162316e-10,None,None,None,None, , , , 
35462, ,4.659525668664678,7.401959996915653e-10,None,None,None,None, , , , 
35463, ,4.659525668664678,7.934096665797492e-10,None,None,None,None, , , , 
35464, ,4.659525668664678,8.504489341802668e-10,None,None,None,None, , , , 
35465, ,4.659525668664678,9.115888299750837e-10,None,None,None,None, , , , 
35466, ,4.659525668664678,9.771241535346502e-10,None,None,None,None, , , , 
35467, ,4.659525668664678,1.0473708979594486e-09,None,None,None,None, , , , 
35468, ,4.659525668664678,1.1226677735108114e-09,None,None,None,None, , , , 
35469, ,4.659525668664678,1.2033778407775904e-09,None,None,None,None, , , , 
35470, ,4.659525668664678,1.289890261253308e-09,None,None,None,None, , , , 
35471, ,4.659525668664678,1.3826221737646535e-09,None,None,None,None, , , , 
35472, ,4.659525668664678,1.4820207057988602e-09,None,None,None,None, , , , 
35473, ,4.659525668664678,1.5885651294280526e-09,None,None,None,None, , , , 
35474, ,4.659525668664678,1.702769172225898e-09,None,None,None,None, , , , 
35475, ,4.659525668664678,1.825183494319039e-09,None,None,None,None, , , , 
35476, ,4.659525668664678,1.956398343517065e-09,None,None,None,None, , , , 
35477, ,4.659525668664678,2.0970464013232305e-09,None,None,None,None, , , , 
35478, ,4.659525668664678,2.2478058335487307e-09,None,None,None,None, , , , 
35479, ,4.659525668664678,2.409403560239527e-09,None,None,None,None, , , , 
35480, ,4.659525668664678,2.582618760682675e-09,None,None,None,None, , , , 
35481, ,4.659525668664678,2.768286630392061e-09,None,None,None,None, , , , 
35482, ,4.659525668664678,2.9673024081888724e-09,None,None,None,None, , , , 
35483, ,4.659525668664678,3.180625692794119e-09,None,None,None,None, , , , 
35484, ,4.659525668664678,3.409285069746807e-09,None,None,None,None, , , , 
35485, ,4.659525668664678,3.654383070957262e-09,None,None,None,None, , , , 
35486, ,4.659525668664678,3.917101490809261e-09,None,None,None,None, , , , 
35487, ,4.659525668664678,4.198707084443906e-09,None,None,None,None, , , , 
35488, ,4.659525668664678,4.500557675700488e-09,None,None,None,None, , , , 
35489, ,4.659525668664678,4.824108704165374e-09,None,None,None,None, , , , 
35490, ,4.659525668664678,5.170920242896755e-09,None,None,None,None, , , , 
35491, ,4.659525668664678,5.542664520663096e-09,None,None,None,None, , , , 
35492, ,4.659525668664678,5.941133984965041e-09,None,None,None,None, , , , 
35493, ,4.659525668664678,6.3682499447185856e-09,None,None,None,None, , , , 
35494, ,4.659525668664678,6.826071834272379e-09,None,None,None,None, , , , 
35495, ,4.659525668664678,7.316807143427175e-09,None,None,None,None, , , , 
35496, ,4.659525668664678,7.842822061337681e-09,None,None,None,None, , , , 
35497, ,4.659525668664678,8.406652885618316e-09,None,None,None,None, , , , 
35498, ,4.659525668664678,9.011018251665036e-09,None,None,None,None, , , , 
35499, ,4.659525668664678,9.658832241158707e-09,None,None,None,None, , , , 
35500, ,4.659525668664678,1.0353218432956616e-08,None,None,None,None, , , , 
35501, ,4.659525668664678,1.1097524964120722e-08,None,None,None,None, , , , 
35502, ,4.659525668664678,1.1895340673703208e-08,None,None,None,None, , , , 
35503, ,4.659525668664678,1.2750512407130128e-08,None,None,None,None, , , , 
35504, ,4.659525668664678,1.3667163564620044e-08,None,None,None,None, , , , 
35505, ,4.659525668664678,1.4649713983072853e-08,None,None,None,None, , , , 
35506, ,4.659525668664678,1.5702901247293774e-08,None,None,None,None, , , , 
35507, ,4.659525668664678,1.683180353330955e-08,None,None,None,None, , , , 
35508, ,4.659525668664678,1.8041864093920717e-08,None,None,None,None, , , , 
35509, ,4.659525668664678,1.933891750455232e-08,None,None,None,None, , , , 
35510, ,4.659525668664678,2.0729217795953697e-08,None,None,None,None, , , , 
35511, ,4.659525668664678,2.221946860939524e-08,None,None,None,None, , , , 
35512, ,4.659525668664678,2.3816855519761606e-08,None,None,None,None, , , , 
35513, ,4.659525668664678,2.552908068239516e-08,None,None,None,None, , , , 
35514, ,4.659525668664678,2.7364399970746666e-08,None,None,None,None, , , , 
35515, ,4.659525668664678,2.933166278390042e-08,None,None,None,None, , , , 
35516, ,4.659525668664678,3.1440354715915e-08,None,None,None,None, , , , 
35517, ,4.659525668664678,3.370064329271925e-08,None,None,None,None, , , , 
35518, ,4.659525668664678,3.612342699709431e-08,None,None,None,None, , , , 
35519, ,4.659525668664678,3.872038781812557e-08,None,None,None,None, , , , 
35520, ,4.659525668664678,4.1504047578504727e-08,None,None,None,None, , , , 
35521, ,4.659525668664678,4.448782831127585e-08,None,None,None,None, , , , 
35522, ,4.659525668664678,4.768611697714474e-08,None,None,None,None, , , , 
35523, ,4.659525668664678,5.111433483440165e-08,None,None,None,None, , , , 
35524, ,4.659525668664678,5.478901179593934e-08,None,None,None,None, , , , 
35525, ,4.659525668664678,5.872786613189478e-08,None,None,None,None, , , , 
35526, ,4.659525668664678,6.294988990221888e-08,None,None,None,None, , , , 
35527, ,4.659525668664678,6.747544053110687e-08,None,None,None,None, , , , 
35528, ,4.659525668664678,7.232633896483534e-08,None,None,None,None, , , , 
35529, ,4.659525668664678,7.752597488629465e-08,None,None,None,None, , , , 
35530, ,4.659525668664678,8.309941949353386e-08,None,None,None,None, , , , 
35531, ,4.659525668664678,8.907354638610439e-08,None,None,None,None, , , , 
35532, ,4.659525668664678,9.547716114208066e-08,None,None,None,None, , , , 
35533, ,4.659525668664678,1.0234114021054528e-07,None,None,None,None, , , , 
35534, ,4.659525668664678,1.0969857978923841e-07,None,None,None,None, , , , 
35535, ,4.659525668664678,1.1758495540521555e-07,None,None,None,None, , , , 
35536, ,4.659525668664678,1.2603829296797277e-07,None,None,None,None, , , , 
35537, ,4.659525668664678,1.350993521198025e-07,None,None,None,None, , , , 
35538, ,4.659525668664678,1.4481182276745328e-07,None,None,None,None, , , , 
35539, ,4.659525668664678,1.552225357427048e-07,None,None,None,None, , , , 
35540, ,4.659525668664678,1.6638168860761273e-07,None,None,None,None, , , , 
35541, ,4.659525668664678,1.7834308769319093e-07,None,None,None,None, , , , 
35542, ,4.659525668664678,1.9116440753857e-07,None,None,None,None, , , , 
35543, ,4.659525668664678,2.049074689815846e-07,None,None,None,None, , , , 
35544, ,4.659525668664678,2.1963853724165468e-07,None,None,None,None, , , , 
35545, ,4.659525668664678,2.3542864143224158e-07,None,None,None,None, , , , 
35546, ,4.659525668664678,2.523539170434766e-07,None,None,None,None, , , , 
35547, ,4.659525668664678,2.7049597304631316e-07,None,None,None,None, , , , 
35548, ,4.659525668664678,2.899422853882875e-07,None,None,None,None, , , , 
35549, ,4.659525668664678,3.107866187782014e-07,None,None,None,None, , , , 
35550, ,4.659525668664678,3.33129478793467e-07,None,None,None,None, , , , 
35551, ,4.659525668664678,3.5707859649004626e-07,None,None,None,None, , , , 
35552, ,4.659525668664678,3.827494478516307e-07,None,None,None,None, , , , 
35553, ,4.659525668664678,4.1026581058271904e-07,None,None,None,None, , , , 
35554, ,4.659525668664678,4.397603609302722e-07,None,None,None,None, , , , 
35555, ,4.659525668664678,4.7137531341167185e-07,None,None,None,None, , , , 
35556, ,4.659525668664678,5.052631065335679e-07,None,None,None,None, , , , 
35557, ,4.659525668664678,5.415871378079465e-07,None,None,None,None, , , , 
35558, ,4.659525668664678,5.805225516094896e-07,None,None,None,None, , , , 
35559, ,4.659525668664678,6.222570836730232e-07,None,None,None,None, , , , 
35560, ,4.659525668664678,6.669919663030115e-07,None,None,None,None, , , , 
35561, ,4.659525668664678,7.149428986597576e-07,None,None,None,None, , , , 
35562, ,4.659525668664678,7.663410868007445e-07,None,None,None,None, , , , 
35563, ,4.659525668664678,8.214343584919422e-07,None,None,None,None, , , , 
35564, ,4.659525668664678,8.804883581643463e-07,None,None,None,None, , , , 
35565, ,4.659525668664678,9.437878277775371e-07,None,None,None,None, , , , 
35566, ,4.659525668664678,1.0116379797662072e-06,None,None,None,None, , , , 
35567, ,4.659525668664678,1.0843659686896086e-06,None,None,None,None, , , , 
35568, ,4.659525668664678,1.1623224686798522e-06,None,None,None,None, , , , 
35569, ,4.659525668664678,1.2458833642950078e-06,None,None,None,None, , , , 
35570, ,4.659525668664678,1.3354515629298971e-06,None,None,None,None, , , , 
35571, ,4.659525668664678,1.4314589375234786e-06,None,None,None,None, , , , 
35572, ,4.659525668664678,1.53436840893001e-06,None,None,None,None, , , , 
35573, ,4.659525668664678,1.6446761779946631e-06,None,None,None,None, , , , 
35574, ,4.659525668664678,1.762914118095948e-06,None,None,None,None, , , , 
35575, ,4.659525668664678,1.8896523396912082e-06,None,None,None,None, , , , 
35576, ,4.659525668664678,2.0255019392306664e-06,None,None,None,None, , , , 
35577, ,4.659525668664678,2.171117945694501e-06,None,None,None,None, , , , 
35578, ,4.659525668664678,2.327202478960408e-06,None,None,None,None, , , , 
35579, ,4.659525668664678,2.494508135230317e-06,None,None,None,None, , , , 
35580, ,4.659525668664678,2.673841615839944e-06,None,None,None,None, , , , 
35581, ,4.659525668664678,2.8660676169482507e-06,None,None,None,None, , , , 
35582, ,4.659525668664678,3.0721129988617524e-06,None,None,None,None, , , , 
35583, ,4.659525668664678,3.292971255097148e-06,None,None,None,None, , , , 
35584, ,4.659525668664678,3.5297073027306505e-06,None,None,None,None, , , , 
35585, ,4.659525668664678,3.783462617131925e-06,None,None,None,None, , , , 
35586, ,4.659525668664678,4.0554607358408275e-06,None,None,None,None, , , , 
35587, ,4.659525668664678,4.3470131581250175e-06,None,None,None,None, , , , 
35588, ,4.659525668664678,4.6595256686646765e-06,None,None,None,None, , , , 
35589, ,4.659525668664678,4.99450511585514e-06,None,None,None,None, , , , 
35590, ,4.659525668664678,5.353566677410719e-06,None,None,None,None, , , , 
35591, ,4.659525668664678,5.738441648302393e-06,None,None,None,None, , , , 
35592, ,4.659525668664678,6.150985788580505e-06,None,None,None,None, , , , 
35593, ,4.659525668664678,6.593188271333541e-06,None,None,None,None, , , , 
35594, ,4.659525668664678,7.067181273927492e-06,None,None,None,None, , , , 
35595, ,4.659525668664678,7.575250258771904e-06,None,None,None,None, , , , 
35596, ,4.659525668664678,8.119844993184007e-06,None,None,None,None, , , , 
35597, ,4.659525668664678,8.703591361485167e-06,None,None,None,None, , , , 
35598, ,4.659525668664678,9.329304026284676e-06,None,None,None,None, , , , 
35599, ,4.659525668664678,1e-05,None,None,None,None, , , , 
35600, ,4.8241087041653685,1e-11,None,None,None,None, , , , 
35601, ,4.8241087041653685,1.0718913192051263e-11,None,None,None,None, , , , 
35602, ,4.8241087041653685,1.1489510001873107e-11,None,None,None,None, , , , 
35603, ,4.8241087041653685,1.2315506032928262e-11,None,None,None,None, , , , 
35604, ,4.8241087041653685,1.3200884008314167e-11,None,None,None,None, , , , 
35605, ,4.8241087041653685,1.4149912974345786e-11,None,None,None,None, , , , 
35606, ,4.8241087041653685,1.5167168884709242e-11,None,None,None,None, , , , 
35607, ,4.8241087041653685,1.6257556664437934e-11,None,None,None,None, , , , 
35608, ,4.8241087041653685,1.7426333860096473e-11,None,None,None,None, , , , 
35609, ,4.8241087041653685,1.8679135990207848e-11,None,None,None,None, , , , 
35610, ,4.8241087041653685,2.0022003718155844e-11,None,None,None,None, , , , 
35611, ,4.8241087041653685,2.1461411978584013e-11,None,None,None,None, , , , 
35612, ,4.8241087041653685,2.300430119772921e-11,None,None,None,None, , , , 
35613, ,4.8241087041653685,2.465811075822604e-11,None,None,None,None, , , , 
35614, ,4.8241087041653685,2.643081486974103e-11,None,None,None,None, , , , 
35615, ,4.8241087041653685,2.8330961018393178e-11,None,None,None,None, , , , 
35616, ,4.8241087041653685,3.036771118035461e-11,None,None,None,None, , , , 
35617, ,4.8241087041653685,3.255088599835057e-11,None,None,None,None, , , , 
35618, ,4.8241087041653685,3.4891012134067674e-11,None,None,None,None, , , , 
35619, ,4.8241087041653685,3.739937302478801e-11,None,None,None,None, , , , 
35620, ,4.8241087041653685,4.0088063288984646e-11,None,None,None,None, , , , 
35621, ,4.8241087041653685,4.297004704320835e-11,None,None,None,None, , , , 
35622, ,4.8241087041653685,4.605922041145113e-11,None,None,None,None, , , , 
35623, ,4.8241087041653685,4.937047852839004e-11,None,None,None,None, , , , 
35624, ,4.8241087041653685,5.2919787359584366e-11,None,None,None,None, , , , 
35625, ,4.8241087041653685,5.672426068491989e-11,None,None,None,None, , , , 
35626, ,4.8241087041653685,6.080224261649427e-11,None,None,None,None, , , , 
35627, ,4.8241087041653685,6.517339604882421e-11,None,None,None,None, , , , 
35628, ,4.8241087041653685,6.985879746785235e-11,None,None,None,None, , , , 
35629, ,4.8241087041653685,7.48810385759003e-11,None,None,None,None, , , , 
35630, ,4.8241087041653685,8.026433522257174e-11,None,None,None,None, , , , 
35631, ,4.8241087041653685,8.603464416684492e-11,None,None,None,None, , , , 
35632, ,4.8241087041653685,9.221978823334341e-11,None,None,None,None, , , , 
35633, ,4.8241087041653685,9.884959046625586e-11,None,None,None,None, , , , 
35634, ,4.8241087041653685,1.0595601792776149e-10,None,None,None,None, , , , 
35635, ,4.8241087041653685,1.1357333583431027e-10,None,None,None,None, , , , 
35636, ,4.8241087041653685,1.217382727739662e-10,None,None,None,None, , , , 
35637, ,4.8241087041653685,1.3049019780144016e-10,None,None,None,None, , , , 
35638, ,4.8241087041653685,1.398713102647236e-10,None,None,None,None, , , , 
35639, ,4.8241087041653685,1.4992684327860468e-10,None,None,None,None, , , , 
35640, ,4.8241087041653685,1.6070528182616384e-10,None,None,None,None, , , , 
35641, ,4.8241087041653685,1.722585965398784e-10,None,None,None,None, , , , 
35642, ,4.8241087041653685,1.8464249428955463e-10,None,None,None,None, , , , 
35643, ,4.8241087041653685,1.9791668678535569e-10,None,None,None,None, , , , 
35644, ,4.8241087041653685,2.121451784910628e-10,None,None,None,None, , , , 
35645, ,4.8241087041653685,2.273965752357932e-10,None,None,None,None, , , , 
35646, ,4.8241087041653685,2.4374441501222216e-10,None,None,None,None, , , , 
35647, ,4.8241087041653685,2.6126752255633265e-10,None,None,None,None, , , , 
35648, ,4.8241087041653685,2.8005038941836253e-10,None,None,None,None, , , , 
35649, ,4.8241087041653685,3.0018358135755917e-10,None,None,None,None, , , , 
35650, ,4.8241087041653685,3.2176417502507347e-10,None,None,None,None, , , , 
35651, ,4.8241087041653685,3.4489622604057533e-10,None,None,None,None, , , , 
35652, ,4.8241087041653685,3.696912707195032e-10,None,None,None,None, , , , 
35653, ,4.8241087041653685,3.9626886387014783e-10,None,None,None,None, , , , 
35654, ,4.8241087041653685,4.2475715525368935e-10,None,None,None,None, , , , 
35655, ,4.8241087041653685,4.552935074866938e-10,None,None,None,None, , , , 
35656, ,4.8241087041653685,4.880251583654433e-10,None,None,None,None, , , , 
35657, ,4.8241087041653685,5.231099308056258e-10,None,None,None,None, , , , 
35658, ,4.8241087041653685,5.60716993820547e-10,None,None,None,None, , , , 
35659, ,4.8241087041653685,6.010276782070387e-10,None,None,None,None, , , , 
35660, ,4.8241087041653685,6.442363508721371e-10,None,None,None,None, , , , 
35661, ,4.8241087041653685,6.905513520162316e-10,None,None,None,None, , , , 
35662, ,4.8241087041653685,7.401959996915653e-10,None,None,None,None, , , , 
35663, ,4.8241087041653685,7.934096665797492e-10,None,None,None,None, , , , 
35664, ,4.8241087041653685,8.504489341802668e-10,None,None,None,None, , , , 
35665, ,4.8241087041653685,9.115888299750837e-10,None,None,None,None, , , , 
35666, ,4.8241087041653685,9.771241535346502e-10,None,None,None,None, , , , 
35667, ,4.8241087041653685,1.0473708979594486e-09,None,None,None,None, , , , 
35668, ,4.8241087041653685,1.1226677735108114e-09,None,None,None,None, , , , 
35669, ,4.8241087041653685,1.2033778407775904e-09,None,None,None,None, , , , 
35670, ,4.8241087041653685,1.289890261253308e-09,None,None,None,None, , , , 
35671, ,4.8241087041653685,1.3826221737646535e-09,None,None,None,None, , , , 
35672, ,4.8241087041653685,1.4820207057988602e-09,None,None,None,None, , , , 
35673, ,4.8241087041653685,1.5885651294280526e-09,None,None,None,None, , , , 
35674, ,4.8241087041653685,1.702769172225898e-09,None,None,None,None, , , , 
35675, ,4.8241087041653685,1.825183494319039e-09,None,None,None,None, , , , 
35676, ,4.8241087041653685,1.956398343517065e-09,None,None,None,None, , , , 
35677, ,4.8241087041653685,2.0970464013232305e-09,None,None,None,None, , , , 
35678, ,4.8241087041653685,2.2478058335487307e-09,None,None,None,None, , , , 
35679, ,4.8241087041653685,2.409403560239527e-09,None,None,None,None, , , , 
35680, ,4.8241087041653685,2.582618760682675e-09,None,None,None,None, , , , 
35681, ,4.8241087041653685,2.768286630392061e-09,None,None,None,None, , , , 
35682, ,4.8241087041653685,2.9673024081888724e-09,None,None,None,None, , , , 
35683, ,4.8241087041653685,3.180625692794119e-09,None,None,None,None, , , , 
35684, ,4.8241087041653685,3.409285069746807e-09,None,None,None,None, , , , 
35685, ,4.8241087041653685,3.654383070957262e-09,None,None,None,None, , , , 
35686, ,4.8241087041653685,3.917101490809261e-09,None,None,None,None, , , , 
35687, ,4.8241087041653685,4.198707084443906e-09,None,None,None,None, , , , 
35688, ,4.8241087041653685,4.500557675700488e-09,None,None,None,None, , , , 
35689, ,4.8241087041653685,4.824108704165374e-09,None,None,None,None, , , , 
35690, ,4.8241087041653685,5.170920242896755e-09,None,None,None,None, , , , 
35691, ,4.8241087041653685,5.542664520663096e-09,None,None,None,None, , , , 
35692, ,4.8241087041653685,5.941133984965041e-09,None,None,None,None, , , , 
35693, ,4.8241087041653685,6.3682499447185856e-09,None,None,None,None, , , , 
35694, ,4.8241087041653685,6.826071834272379e-09,None,None,None,None, , , , 
35695, ,4.8241087041653685,7.316807143427175e-09,None,None,None,None, , , , 
35696, ,4.8241087041653685,7.842822061337681e-09,None,None,None,None, , , , 
35697, ,4.8241087041653685,8.406652885618316e-09,None,None,None,None, , , , 
35698, ,4.8241087041653685,9.011018251665036e-09,None,None,None,None, , , , 
35699, ,4.8241087041653685,9.658832241158707e-09,None,None,None,None, , , , 
35700, ,4.8241087041653685,1.0353218432956616e-08,None,None,None,None, , , , 
35701, ,4.8241087041653685,1.1097524964120722e-08,None,None,None,None, , , , 
35702, ,4.8241087041653685,1.1895340673703208e-08,None,None,None,None, , , , 
35703, ,4.8241087041653685,1.2750512407130128e-08,None,None,None,None, , , , 
35704, ,4.8241087041653685,1.3667163564620044e-08,None,None,None,None, , , , 
35705, ,4.8241087041653685,1.4649713983072853e-08,None,None,None,None, , , , 
35706, ,4.8241087041653685,1.5702901247293774e-08,None,None,None,None, , , , 
35707, ,4.8241087041653685,1.683180353330955e-08,None,None,None,None, , , , 
35708, ,4.8241087041653685,1.8041864093920717e-08,None,None,None,None, , , , 
35709, ,4.8241087041653685,1.933891750455232e-08,None,None,None,None, , , , 
35710, ,4.8241087041653685,2.0729217795953697e-08,None,None,None,None, , , , 
35711, ,4.8241087041653685,2.221946860939524e-08,None,None,None,None, , , , 
35712, ,4.8241087041653685,2.3816855519761606e-08,None,None,None,None, , , , 
35713, ,4.8241087041653685,2.552908068239516e-08,None,None,None,None, , , , 
35714, ,4.8241087041653685,2.7364399970746666e-08,None,None,None,None, , , , 
35715, ,4.8241087041653685,2.933166278390042e-08,None,None,None,None, , , , 
35716, ,4.8241087041653685,3.1440354715915e-08,None,None,None,None, , , , 
35717, ,4.8241087041653685,3.370064329271925e-08,None,None,None,None, , , , 
35718, ,4.8241087041653685,3.612342699709431e-08,None,None,None,None, , , , 
35719, ,4.8241087041653685,3.872038781812557e-08,None,None,None,None, , , , 
35720, ,4.8241087041653685,4.1504047578504727e-08,None,None,None,None, , , , 
35721, ,4.8241087041653685,4.448782831127585e-08,None,None,None,None, , , , 
35722, ,4.8241087041653685,4.768611697714474e-08,None,None,None,None, , , , 
35723, ,4.8241087041653685,5.111433483440165e-08,None,None,None,None, , , , 
35724, ,4.8241087041653685,5.478901179593934e-08,None,None,None,None, , , , 
35725, ,4.8241087041653685,5.872786613189478e-08,None,None,None,None, , , , 
35726, ,4.8241087041653685,6.294988990221888e-08,None,None,None,None, , , , 
35727, ,4.8241087041653685,6.747544053110687e-08,None,None,None,None, , , , 
35728, ,4.8241087041653685,7.232633896483534e-08,None,None,None,None, , , , 
35729, ,4.8241087041653685,7.752597488629465e-08,None,None,None,None, , , , 
35730, ,4.8241087041653685,8.309941949353386e-08,None,None,None,None, , , , 
35731, ,4.8241087041653685,8.907354638610439e-08,None,None,None,None, , , , 
35732, ,4.8241087041653685,9.547716114208066e-08,None,None,None,None, , , , 
35733, ,4.8241087041653685,1.0234114021054528e-07,None,None,None,None, , , , 
35734, ,4.8241087041653685,1.0969857978923841e-07,None,None,None,None, , , , 
35735, ,4.8241087041653685,1.1758495540521555e-07,None,None,None,None, , , , 
35736, ,4.8241087041653685,1.2603829296797277e-07,None,None,None,None, , , , 
35737, ,4.8241087041653685,1.350993521198025e-07,None,None,None,None, , , , 
35738, ,4.8241087041653685,1.4481182276745328e-07,None,None,None,None, , , , 
35739, ,4.8241087041653685,1.552225357427048e-07,None,None,None,None, , , , 
35740, ,4.8241087041653685,1.6638168860761273e-07,None,None,None,None, , , , 
35741, ,4.8241087041653685,1.7834308769319093e-07,None,None,None,None, , , , 
35742, ,4.8241087041653685,1.9116440753857e-07,None,None,None,None, , , , 
35743, ,4.8241087041653685,2.049074689815846e-07,None,None,None,None, , , , 
35744, ,4.8241087041653685,2.1963853724165468e-07,None,None,None,None, , , , 
35745, ,4.8241087041653685,2.3542864143224158e-07,None,None,None,None, , , , 
35746, ,4.8241087041653685,2.523539170434766e-07,None,None,None,None, , , , 
35747, ,4.8241087041653685,2.7049597304631316e-07,None,None,None,None, , , , 
35748, ,4.8241087041653685,2.899422853882875e-07,None,None,None,None, , , , 
35749, ,4.8241087041653685,3.107866187782014e-07,None,None,None,None, , , , 
35750, ,4.8241087041653685,3.33129478793467e-07,None,None,None,None, , , , 
35751, ,4.8241087041653685,3.5707859649004626e-07,None,None,None,None, , , , 
35752, ,4.8241087041653685,3.827494478516307e-07,None,None,None,None, , , , 
35753, ,4.8241087041653685,4.1026581058271904e-07,None,None,None,None, , , , 
35754, ,4.8241087041653685,4.397603609302722e-07,None,None,None,None, , , , 
35755, ,4.8241087041653685,4.7137531341167185e-07,None,None,None,None, , , , 
35756, ,4.8241087041653685,5.052631065335679e-07,None,None,None,None, , , , 
35757, ,4.8241087041653685,5.415871378079465e-07,None,None,None,None, , , , 
35758, ,4.8241087041653685,5.805225516094896e-07,None,None,None,None, , , , 
35759, ,4.8241087041653685,6.222570836730232e-07,None,None,None,None, , , , 
35760, ,4.8241087041653685,6.669919663030115e-07,None,None,None,None, , , , 
35761, ,4.8241087041653685,7.149428986597576e-07,None,None,None,None, , , , 
35762, ,4.8241087041653685,7.663410868007445e-07,None,None,None,None, , , , 
35763, ,4.8241087041653685,8.214343584919422e-07,None,None,None,None, , , , 
35764, ,4.8241087041653685,8.804883581643463e-07,None,None,None,None, , , , 
35765, ,4.8241087041653685,9.437878277775371e-07,None,None,None,None, , , , 
35766, ,4.8241087041653685,1.0116379797662072e-06,None,None,None,None, , , , 
35767, ,4.8241087041653685,1.0843659686896086e-06,None,None,None,None, , , , 
35768, ,4.8241087041653685,1.1623224686798522e-06,None,None,None,None, , , , 
35769, ,4.8241087041653685,1.2458833642950078e-06,None,None,None,None, , , , 
35770, ,4.8241087041653685,1.3354515629298971e-06,None,None,None,None, , , , 
35771, ,4.8241087041653685,1.4314589375234786e-06,None,None,None,None, , , , 
35772, ,4.8241087041653685,1.53436840893001e-06,None,None,None,None, , , , 
35773, ,4.8241087041653685,1.6446761779946631e-06,None,None,None,None, , , , 
35774, ,4.8241087041653685,1.762914118095948e-06,None,None,None,None, , , , 
35775, ,4.8241087041653685,1.8896523396912082e-06,None,None,None,None, , , , 
35776, ,4.8241087041653685,2.0255019392306664e-06,None,None,None,None, , , , 
35777, ,4.8241087041653685,2.171117945694501e-06,None,None,None,None, , , , 
35778, ,4.8241087041653685,2.327202478960408e-06,None,None,None,None, , , , 
35779, ,4.8241087041653685,2.494508135230317e-06,None,None,None,None, , , , 
35780, ,4.8241087041653685,2.673841615839944e-06,None,None,None,None, , , , 
35781, ,4.8241087041653685,2.8660676169482507e-06,None,None,None,None, , , , 
35782, ,4.8241087041653685,3.0721129988617524e-06,None,None,None,None, , , , 
35783, ,4.8241087041653685,3.292971255097148e-06,None,None,None,None, , , , 
35784, ,4.8241087041653685,3.5297073027306505e-06,None,None,None,None, , , , 
35785, ,4.8241087041653685,3.783462617131925e-06,None,None,None,None, , , , 
35786, ,4.8241087041653685,4.0554607358408275e-06,None,None,None,None, , , , 
35787, ,4.8241087041653685,4.3470131581250175e-06,None,None,None,None, , , , 
35788, ,4.8241087041653685,4.6595256686646765e-06,None,None,None,None, , , , 
35789, ,4.8241087041653685,4.99450511585514e-06,None,None,None,None, , , , 
35790, ,4.8241087041653685,5.353566677410719e-06,None,None,None,None, , , , 
35791, ,4.8241087041653685,5.738441648302393e-06,None,None,None,None, , , , 
35792, ,4.8241087041653685,6.150985788580505e-06,None,None,None,None, , , , 
35793, ,4.8241087041653685,6.593188271333541e-06,None,None,None,None, , , , 
35794, ,4.8241087041653685,7.067181273927492e-06,None,None,None,None, , , , 
35795, ,4.8241087041653685,7.575250258771904e-06,None,None,None,None, , , , 
35796, ,4.8241087041653685,8.119844993184007e-06,None,None,None,None, , , , 
35797, ,4.8241087041653685,8.703591361485167e-06,None,None,None,None, , , , 
35798, ,4.8241087041653685,9.329304026284676e-06,None,None,None,None, , , , 
35799, ,4.8241087041653685,1e-05,None,None,None,None, , , , 
35800, ,4.99450511585514,1e-11,None,None,None,None, , , , 
35801, ,4.99450511585514,1.0718913192051263e-11,None,None,None,None, , , , 
35802, ,4.99450511585514,1.1489510001873107e-11,None,None,None,None, , , , 
35803, ,4.99450511585514,1.2315506032928262e-11,None,None,None,None, , , , 
35804, ,4.99450511585514,1.3200884008314167e-11,None,None,None,None, , , , 
35805, ,4.99450511585514,1.4149912974345786e-11,None,None,None,None, , , , 
35806, ,4.99450511585514,1.5167168884709242e-11,None,None,None,None, , , , 
35807, ,4.99450511585514,1.6257556664437934e-11,None,None,None,None, , , , 
35808, ,4.99450511585514,1.7426333860096473e-11,None,None,None,None, , , , 
35809, ,4.99450511585514,1.8679135990207848e-11,None,None,None,None, , , , 
35810, ,4.99450511585514,2.0022003718155844e-11,None,None,None,None, , , , 
35811, ,4.99450511585514,2.1461411978584013e-11,None,None,None,None, , , , 
35812, ,4.99450511585514,2.300430119772921e-11,None,None,None,None, , , , 
35813, ,4.99450511585514,2.465811075822604e-11,None,None,None,None, , , , 
35814, ,4.99450511585514,2.643081486974103e-11,None,None,None,None, , , , 
35815, ,4.99450511585514,2.8330961018393178e-11,None,None,None,None, , , , 
35816, ,4.99450511585514,3.036771118035461e-11,None,None,None,None, , , , 
35817, ,4.99450511585514,3.255088599835057e-11,None,None,None,None, , , , 
35818, ,4.99450511585514,3.4891012134067674e-11,None,None,None,None, , , , 
35819, ,4.99450511585514,3.739937302478801e-11,None,None,None,None, , , , 
35820, ,4.99450511585514,4.0088063288984646e-11,None,None,None,None, , , , 
35821, ,4.99450511585514,4.297004704320835e-11,None,None,None,None, , , , 
35822, ,4.99450511585514,4.605922041145113e-11,None,None,None,None, , , , 
35823, ,4.99450511585514,4.937047852839004e-11,None,None,None,None, , , , 
35824, ,4.99450511585514,5.2919787359584366e-11,None,None,None,None, , , , 
35825, ,4.99450511585514,5.672426068491989e-11,None,None,None,None, , , , 
35826, ,4.99450511585514,6.080224261649427e-11,None,None,None,None, , , , 
35827, ,4.99450511585514,6.517339604882421e-11,None,None,None,None, , , , 
35828, ,4.99450511585514,6.985879746785235e-11,None,None,None,None, , , , 
35829, ,4.99450511585514,7.48810385759003e-11,None,None,None,None, , , , 
35830, ,4.99450511585514,8.026433522257174e-11,None,None,None,None, , , , 
35831, ,4.99450511585514,8.603464416684492e-11,None,None,None,None, , , , 
35832, ,4.99450511585514,9.221978823334341e-11,None,None,None,None, , , , 
35833, ,4.99450511585514,9.884959046625586e-11,None,None,None,None, , , , 
35834, ,4.99450511585514,1.0595601792776149e-10,None,None,None,None, , , , 
35835, ,4.99450511585514,1.1357333583431027e-10,None,None,None,None, , , , 
35836, ,4.99450511585514,1.217382727739662e-10,None,None,None,None, , , , 
35837, ,4.99450511585514,1.3049019780144016e-10,None,None,None,None, , , , 
35838, ,4.99450511585514,1.398713102647236e-10,None,None,None,None, , , , 
35839, ,4.99450511585514,1.4992684327860468e-10,None,None,None,None, , , , 
35840, ,4.99450511585514,1.6070528182616384e-10,None,None,None,None, , , , 
35841, ,4.99450511585514,1.722585965398784e-10,None,None,None,None, , , , 
35842, ,4.99450511585514,1.8464249428955463e-10,None,None,None,None, , , , 
35843, ,4.99450511585514,1.9791668678535569e-10,None,None,None,None, , , , 
35844, ,4.99450511585514,2.121451784910628e-10,None,None,None,None, , , , 
35845, ,4.99450511585514,2.273965752357932e-10,None,None,None,None, , , , 
35846, ,4.99450511585514,2.4374441501222216e-10,None,None,None,None, , , , 
35847, ,4.99450511585514,2.6126752255633265e-10,None,None,None,None, , , , 
35848, ,4.99450511585514,2.8005038941836253e-10,None,None,None,None, , , , 
35849, ,4.99450511585514,3.0018358135755917e-10,None,None,None,None, , , , 
35850, ,4.99450511585514,3.2176417502507347e-10,None,None,None,None, , , , 
35851, ,4.99450511585514,3.4489622604057533e-10,None,None,None,None, , , , 
35852, ,4.99450511585514,3.696912707195032e-10,None,None,None,None, , , , 
35853, ,4.99450511585514,3.9626886387014783e-10,None,None,None,None, , , , 
35854, ,4.99450511585514,4.2475715525368935e-10,None,None,None,None, , , , 
35855, ,4.99450511585514,4.552935074866938e-10,None,None,None,None, , , , 
35856, ,4.99450511585514,4.880251583654433e-10,None,None,None,None, , , , 
35857, ,4.99450511585514,5.231099308056258e-10,None,None,None,None, , , , 
35858, ,4.99450511585514,5.60716993820547e-10,None,None,None,None, , , , 
35859, ,4.99450511585514,6.010276782070387e-10,None,None,None,None, , , , 
35860, ,4.99450511585514,6.442363508721371e-10,None,None,None,None, , , , 
35861, ,4.99450511585514,6.905513520162316e-10,None,None,None,None, , , , 
35862, ,4.99450511585514,7.401959996915653e-10,None,None,None,None, , , , 
35863, ,4.99450511585514,7.934096665797492e-10,None,None,None,None, , , , 
35864, ,4.99450511585514,8.504489341802668e-10,None,None,None,None, , , , 
35865, ,4.99450511585514,9.115888299750837e-10,None,None,None,None, , , , 
35866, ,4.99450511585514,9.771241535346502e-10,None,None,None,None, , , , 
35867, ,4.99450511585514,1.0473708979594486e-09,None,None,None,None, , , , 
35868, ,4.99450511585514,1.1226677735108114e-09,None,None,None,None, , , , 
35869, ,4.99450511585514,1.2033778407775904e-09,None,None,None,None, , , , 
35870, ,4.99450511585514,1.289890261253308e-09,None,None,None,None, , , , 
35871, ,4.99450511585514,1.3826221737646535e-09,None,None,None,None, , , , 
35872, ,4.99450511585514,1.4820207057988602e-09,None,None,None,None, , , , 
35873, ,4.99450511585514,1.5885651294280526e-09,None,None,None,None, , , , 
35874, ,4.99450511585514,1.702769172225898e-09,None,None,None,None, , , , 
35875, ,4.99450511585514,1.825183494319039e-09,None,None,None,None, , , , 
35876, ,4.99450511585514,1.956398343517065e-09,None,None,None,None, , , , 
35877, ,4.99450511585514,2.0970464013232305e-09,None,None,None,None, , , , 
35878, ,4.99450511585514,2.2478058335487307e-09,None,None,None,None, , , , 
35879, ,4.99450511585514,2.409403560239527e-09,None,None,None,None, , , , 
35880, ,4.99450511585514,2.582618760682675e-09,None,None,None,None, , , , 
35881, ,4.99450511585514,2.768286630392061e-09,None,None,None,None, , , , 
35882, ,4.99450511585514,2.9673024081888724e-09,None,None,None,None, , , , 
35883, ,4.99450511585514,3.180625692794119e-09,None,None,None,None, , , , 
35884, ,4.99450511585514,3.409285069746807e-09,None,None,None,None, , , , 
35885, ,4.99450511585514,3.654383070957262e-09,None,None,None,None, , , , 
35886, ,4.99450511585514,3.917101490809261e-09,None,None,None,None, , , , 
35887, ,4.99450511585514,4.198707084443906e-09,None,None,None,None, , , , 
35888, ,4.99450511585514,4.500557675700488e-09,None,None,None,None, , , , 
35889, ,4.99450511585514,4.824108704165374e-09,None,None,None,None, , , , 
35890, ,4.99450511585514,5.170920242896755e-09,None,None,None,None, , , , 
35891, ,4.99450511585514,5.542664520663096e-09,None,None,None,None, , , , 
35892, ,4.99450511585514,5.941133984965041e-09,None,None,None,None, , , , 
35893, ,4.99450511585514,6.3682499447185856e-09,None,None,None,None, , , , 
35894, ,4.99450511585514,6.826071834272379e-09,None,None,None,None, , , , 
35895, ,4.99450511585514,7.316807143427175e-09,None,None,None,None, , , , 
35896, ,4.99450511585514,7.842822061337681e-09,None,None,None,None, , , , 
35897, ,4.99450511585514,8.406652885618316e-09,None,None,None,None, , , , 
35898, ,4.99450511585514,9.011018251665036e-09,None,None,None,None, , , , 
35899, ,4.99450511585514,9.658832241158707e-09,None,None,None,None, , , , 
35900, ,4.99450511585514,1.0353218432956616e-08,None,None,None,None, , , , 
35901, ,4.99450511585514,1.1097524964120722e-08,None,None,None,None, , , , 
35902, ,4.99450511585514,1.1895340673703208e-08,None,None,None,None, , , , 
35903, ,4.99450511585514,1.2750512407130128e-08,None,None,None,None, , , , 
35904, ,4.99450511585514,1.3667163564620044e-08,None,None,None,None, , , , 
35905, ,4.99450511585514,1.4649713983072853e-08,None,None,None,None, , , , 
35906, ,4.99450511585514,1.5702901247293774e-08,None,None,None,None, , , , 
35907, ,4.99450511585514,1.683180353330955e-08,None,None,None,None, , , , 
35908, ,4.99450511585514,1.8041864093920717e-08,None,None,None,None, , , , 
35909, ,4.99450511585514,1.933891750455232e-08,None,None,None,None, , , , 
35910, ,4.99450511585514,2.0729217795953697e-08,None,None,None,None, , , , 
35911, ,4.99450511585514,2.221946860939524e-08,None,None,None,None, , , , 
35912, ,4.99450511585514,2.3816855519761606e-08,None,None,None,None, , , , 
35913, ,4.99450511585514,2.552908068239516e-08,None,None,None,None, , , , 
35914, ,4.99450511585514,2.7364399970746666e-08,None,None,None,None, , , , 
35915, ,4.99450511585514,2.933166278390042e-08,None,None,None,None, , , , 
35916, ,4.99450511585514,3.1440354715915e-08,None,None,None,None, , , , 
35917, ,4.99450511585514,3.370064329271925e-08,None,None,None,None, , , , 
35918, ,4.99450511585514,3.612342699709431e-08,None,None,None,None, , , , 
35919, ,4.99450511585514,3.872038781812557e-08,None,None,None,None, , , , 
35920, ,4.99450511585514,4.1504047578504727e-08,None,None,None,None, , , , 
35921, ,4.99450511585514,4.448782831127585e-08,None,None,None,None, , , , 
35922, ,4.99450511585514,4.768611697714474e-08,None,None,None,None, , , , 
35923, ,4.99450511585514,5.111433483440165e-08,None,None,None,None, , , , 
35924, ,4.99450511585514,5.478901179593934e-08,None,None,None,None, , , , 
35925, ,4.99450511585514,5.872786613189478e-08,None,None,None,None, , , , 
35926, ,4.99450511585514,6.294988990221888e-08,None,None,None,None, , , , 
35927, ,4.99450511585514,6.747544053110687e-08,None,None,None,None, , , , 
35928, ,4.99450511585514,7.232633896483534e-08,None,None,None,None, , , , 
35929, ,4.99450511585514,7.752597488629465e-08,None,None,None,None, , , , 
35930, ,4.99450511585514,8.309941949353386e-08,None,None,None,None, , , , 
35931, ,4.99450511585514,8.907354638610439e-08,None,None,None,None, , , , 
35932, ,4.99450511585514,9.547716114208066e-08,None,None,None,None, , , , 
35933, ,4.99450511585514,1.0234114021054528e-07,None,None,None,None, , , , 
35934, ,4.99450511585514,1.0969857978923841e-07,None,None,None,None, , , , 
35935, ,4.99450511585514,1.1758495540521555e-07,None,None,None,None, , , , 
35936, ,4.99450511585514,1.2603829296797277e-07,None,None,None,None, , , , 
35937, ,4.99450511585514,1.350993521198025e-07,None,None,None,None, , , , 
35938, ,4.99450511585514,1.4481182276745328e-07,None,None,None,None, , , , 
35939, ,4.99450511585514,1.552225357427048e-07,None,None,None,None, , , , 
35940, ,4.99450511585514,1.6638168860761273e-07,None,None,None,None, , , , 
35941, ,4.99450511585514,1.7834308769319093e-07,None,None,None,None, , , , 
35942, ,4.99450511585514,1.9116440753857e-07,None,None,None,None, , , , 
35943, ,4.99450511585514,2.049074689815846e-07,None,None,None,None, , , , 
35944, ,4.99450511585514,2.1963853724165468e-07,None,None,None,None, , , , 
35945, ,4.99450511585514,2.3542864143224158e-07,None,None,None,None, , , , 
35946, ,4.99450511585514,2.523539170434766e-07,None,None,None,None, , , , 
35947, ,4.99450511585514,2.7049597304631316e-07,None,None,None,None, , , , 
35948, ,4.99450511585514,2.899422853882875e-07,None,None,None,None, , , , 
35949, ,4.99450511585514,3.107866187782014e-07,None,None,None,None, , , , 
35950, ,4.99450511585514,3.33129478793467e-07,None,None,None,None, , , , 
35951, ,4.99450511585514,3.5707859649004626e-07,None,None,None,None, , , , 
35952, ,4.99450511585514,3.827494478516307e-07,None,None,None,None, , , , 
35953, ,4.99450511585514,4.1026581058271904e-07,None,None,None,None, , , , 
35954, ,4.99450511585514,4.397603609302722e-07,None,None,None,None, , , , 
35955, ,4.99450511585514,4.7137531341167185e-07,None,None,None,None, , , , 
35956, ,4.99450511585514,5.052631065335679e-07,None,None,None,None, , , , 
35957, ,4.99450511585514,5.415871378079465e-07,None,None,None,None, , , , 
35958, ,4.99450511585514,5.805225516094896e-07,None,None,None,None, , , , 
35959, ,4.99450511585514,6.222570836730232e-07,None,None,None,None, , , , 
35960, ,4.99450511585514,6.669919663030115e-07,None,None,None,None, , , , 
35961, ,4.99450511585514,7.149428986597576e-07,None,None,None,None, , , , 
35962, ,4.99450511585514,7.663410868007445e-07,None,None,None,None, , , , 
35963, ,4.99450511585514,8.214343584919422e-07,None,None,None,None, , , , 
35964, ,4.99450511585514,8.804883581643463e-07,None,None,None,None, , , , 
35965, ,4.99450511585514,9.437878277775371e-07,None,None,None,None, , , , 
35966, ,4.99450511585514,1.0116379797662072e-06,None,None,None,None, , , , 
35967, ,4.99450511585514,1.0843659686896086e-06,None,None,None,None, , , , 
35968, ,4.99450511585514,1.1623224686798522e-06,None,None,None,None, , , , 
35969, ,4.99450511585514,1.2458833642950078e-06,None,None,None,None, , , , 
35970, ,4.99450511585514,1.3354515629298971e-06,None,None,None,None, , , , 
35971, ,4.99450511585514,1.4314589375234786e-06,None,None,None,None, , , , 
35972, ,4.99450511585514,1.53436840893001e-06,None,None,None,None, , , , 
35973, ,4.99450511585514,1.6446761779946631e-06,None,None,None,None, , , , 
35974, ,4.99450511585514,1.762914118095948e-06,None,None,None,None, , , , 
35975, ,4.99450511585514,1.8896523396912082e-06,None,None,None,None, , , , 
35976, ,4.99450511585514,2.0255019392306664e-06,None,None,None,None, , , , 
35977, ,4.99450511585514,2.171117945694501e-06,None,None,None,None, , , , 
35978, ,4.99450511585514,2.327202478960408e-06,None,None,None,None, , , , 
35979, ,4.99450511585514,2.494508135230317e-06,None,None,None,None, , , , 
35980, ,4.99450511585514,2.673841615839944e-06,None,None,None,None, , , , 
35981, ,4.99450511585514,2.8660676169482507e-06,None,None,None,None, , , , 
35982, ,4.99450511585514,3.0721129988617524e-06,None,None,None,None, , , , 
35983, ,4.99450511585514,3.292971255097148e-06,None,None,None,None, , , , 
35984, ,4.99450511585514,3.5297073027306505e-06,None,None,None,None, , , , 
35985, ,4.99450511585514,3.783462617131925e-06,None,None,None,None, , , , 
35986, ,4.99450511585514,4.0554607358408275e-06,None,None,None,None, , , , 
35987, ,4.99450511585514,4.3470131581250175e-06,None,None,None,None, , , , 
35988, ,4.99450511585514,4.6595256686646765e-06,None,None,None,None, , , , 
35989, ,4.99450511585514,4.99450511585514e-06,None,None,None,None, , , , 
35990, ,4.99450511585514,5.353566677410719e-06,None,None,None,None, , , , 
35991, ,4.99450511585514,5.738441648302393e-06,None,None,None,None, , , , 
35992, ,4.99450511585514,6.150985788580505e-06,None,None,None,None, , , , 
35993, ,4.99450511585514,6.593188271333541e-06,None,None,None,None, , , , 
35994, ,4.99450511585514,7.067181273927492e-06,None,None,None,None, , , , 
35995, ,4.99450511585514,7.575250258771904e-06,None,None,None,None, , , , 
35996, ,4.99450511585514,8.119844993184007e-06,None,None,None,None, , , , 
35997, ,4.99450511585514,8.703591361485167e-06,None,None,None,None, , , , 
35998, ,4.99450511585514,9.329304026284676e-06,None,None,None,None, , , , 
35999, ,4.99450511585514,1e-05,None,None,None,None, , , , 
36000, ,5.170920242896756,1e-11,None,None,None,None, , , , 
36001, ,5.170920242896756,1.0718913192051263e-11,None,None,None,None, , , , 
36002, ,5.170920242896756,1.1489510001873107e-11,None,None,None,None, , , , 
36003, ,5.170920242896756,1.2315506032928262e-11,None,None,None,None, , , , 
36004, ,5.170920242896756,1.3200884008314167e-11,None,None,None,None, , , , 
36005, ,5.170920242896756,1.4149912974345786e-11,None,None,None,None, , , , 
36006, ,5.170920242896756,1.5167168884709242e-11,None,None,None,None, , , , 
36007, ,5.170920242896756,1.6257556664437934e-11,None,None,None,None, , , , 
36008, ,5.170920242896756,1.7426333860096473e-11,None,None,None,None, , , , 
36009, ,5.170920242896756,1.8679135990207848e-11,None,None,None,None, , , , 
36010, ,5.170920242896756,2.0022003718155844e-11,None,None,None,None, , , , 
36011, ,5.170920242896756,2.1461411978584013e-11,None,None,None,None, , , , 
36012, ,5.170920242896756,2.300430119772921e-11,None,None,None,None, , , , 
36013, ,5.170920242896756,2.465811075822604e-11,None,None,None,None, , , , 
36014, ,5.170920242896756,2.643081486974103e-11,None,None,None,None, , , , 
36015, ,5.170920242896756,2.8330961018393178e-11,None,None,None,None, , , , 
36016, ,5.170920242896756,3.036771118035461e-11,None,None,None,None, , , , 
36017, ,5.170920242896756,3.255088599835057e-11,None,None,None,None, , , , 
36018, ,5.170920242896756,3.4891012134067674e-11,None,None,None,None, , , , 
36019, ,5.170920242896756,3.739937302478801e-11,None,None,None,None, , , , 
36020, ,5.170920242896756,4.0088063288984646e-11,None,None,None,None, , , , 
36021, ,5.170920242896756,4.297004704320835e-11,None,None,None,None, , , , 
36022, ,5.170920242896756,4.605922041145113e-11,None,None,None,None, , , , 
36023, ,5.170920242896756,4.937047852839004e-11,None,None,None,None, , , , 
36024, ,5.170920242896756,5.2919787359584366e-11,None,None,None,None, , , , 
36025, ,5.170920242896756,5.672426068491989e-11,None,None,None,None, , , , 
36026, ,5.170920242896756,6.080224261649427e-11,None,None,None,None, , , , 
36027, ,5.170920242896756,6.517339604882421e-11,None,None,None,None, , , , 
36028, ,5.170920242896756,6.985879746785235e-11,None,None,None,None, , , , 
36029, ,5.170920242896756,7.48810385759003e-11,None,None,None,None, , , , 
36030, ,5.170920242896756,8.026433522257174e-11,None,None,None,None, , , , 
36031, ,5.170920242896756,8.603464416684492e-11,None,None,None,None, , , , 
36032, ,5.170920242896756,9.221978823334341e-11,None,None,None,None, , , , 
36033, ,5.170920242896756,9.884959046625586e-11,None,None,None,None, , , , 
36034, ,5.170920242896756,1.0595601792776149e-10,None,None,None,None, , , , 
36035, ,5.170920242896756,1.1357333583431027e-10,None,None,None,None, , , , 
36036, ,5.170920242896756,1.217382727739662e-10,None,None,None,None, , , , 
36037, ,5.170920242896756,1.3049019780144016e-10,None,None,None,None, , , , 
36038, ,5.170920242896756,1.398713102647236e-10,None,None,None,None, , , , 
36039, ,5.170920242896756,1.4992684327860468e-10,None,None,None,None, , , , 
36040, ,5.170920242896756,1.6070528182616384e-10,None,None,None,None, , , , 
36041, ,5.170920242896756,1.722585965398784e-10,None,None,None,None, , , , 
36042, ,5.170920242896756,1.8464249428955463e-10,None,None,None,None, , , , 
36043, ,5.170920242896756,1.9791668678535569e-10,None,None,None,None, , , , 
36044, ,5.170920242896756,2.121451784910628e-10,None,None,None,None, , , , 
36045, ,5.170920242896756,2.273965752357932e-10,None,None,None,None, , , , 
36046, ,5.170920242896756,2.4374441501222216e-10,None,None,None,None, , , , 
36047, ,5.170920242896756,2.6126752255633265e-10,None,None,None,None, , , , 
36048, ,5.170920242896756,2.8005038941836253e-10,None,None,None,None, , , , 
36049, ,5.170920242896756,3.0018358135755917e-10,None,None,None,None, , , , 
36050, ,5.170920242896756,3.2176417502507347e-10,None,None,None,None, , , , 
36051, ,5.170920242896756,3.4489622604057533e-10,None,None,None,None, , , , 
36052, ,5.170920242896756,3.696912707195032e-10,None,None,None,None, , , , 
36053, ,5.170920242896756,3.9626886387014783e-10,None,None,None,None, , , , 
36054, ,5.170920242896756,4.2475715525368935e-10,None,None,None,None, , , , 
36055, ,5.170920242896756,4.552935074866938e-10,None,None,None,None, , , , 
36056, ,5.170920242896756,4.880251583654433e-10,None,None,None,None, , , , 
36057, ,5.170920242896756,5.231099308056258e-10,None,None,None,None, , , , 
36058, ,5.170920242896756,5.60716993820547e-10,None,None,None,None, , , , 
36059, ,5.170920242896756,6.010276782070387e-10,None,None,None,None, , , , 
36060, ,5.170920242896756,6.442363508721371e-10,None,None,None,None, , , , 
36061, ,5.170920242896756,6.905513520162316e-10,None,None,None,None, , , , 
36062, ,5.170920242896756,7.401959996915653e-10,None,None,None,None, , , , 
36063, ,5.170920242896756,7.934096665797492e-10,None,None,None,None, , , , 
36064, ,5.170920242896756,8.504489341802668e-10,None,None,None,None, , , , 
36065, ,5.170920242896756,9.115888299750837e-10,None,None,None,None, , , , 
36066, ,5.170920242896756,9.771241535346502e-10,None,None,None,None, , , , 
36067, ,5.170920242896756,1.0473708979594486e-09,None,None,None,None, , , , 
36068, ,5.170920242896756,1.1226677735108114e-09,None,None,None,None, , , , 
36069, ,5.170920242896756,1.2033778407775904e-09,None,None,None,None, , , , 
36070, ,5.170920242896756,1.289890261253308e-09,None,None,None,None, , , , 
36071, ,5.170920242896756,1.3826221737646535e-09,None,None,None,None, , , , 
36072, ,5.170920242896756,1.4820207057988602e-09,None,None,None,None, , , , 
36073, ,5.170920242896756,1.5885651294280526e-09,None,None,None,None, , , , 
36074, ,5.170920242896756,1.702769172225898e-09,None,None,None,None, , , , 
36075, ,5.170920242896756,1.825183494319039e-09,None,None,None,None, , , , 
36076, ,5.170920242896756,1.956398343517065e-09,None,None,None,None, , , , 
36077, ,5.170920242896756,2.0970464013232305e-09,None,None,None,None, , , , 
36078, ,5.170920242896756,2.2478058335487307e-09,None,None,None,None, , , , 
36079, ,5.170920242896756,2.409403560239527e-09,None,None,None,None, , , , 
36080, ,5.170920242896756,2.582618760682675e-09,None,None,None,None, , , , 
36081, ,5.170920242896756,2.768286630392061e-09,None,None,None,None, , , , 
36082, ,5.170920242896756,2.9673024081888724e-09,None,None,None,None, , , , 
36083, ,5.170920242896756,3.180625692794119e-09,None,None,None,None, , , , 
36084, ,5.170920242896756,3.409285069746807e-09,None,None,None,None, , , , 
36085, ,5.170920242896756,3.654383070957262e-09,None,None,None,None, , , , 
36086, ,5.170920242896756,3.917101490809261e-09,None,None,None,None, , , , 
36087, ,5.170920242896756,4.198707084443906e-09,None,None,None,None, , , , 
36088, ,5.170920242896756,4.500557675700488e-09,None,None,None,None, , , , 
36089, ,5.170920242896756,4.824108704165374e-09,None,None,None,None, , , , 
36090, ,5.170920242896756,5.170920242896755e-09,None,None,None,None, , , , 
36091, ,5.170920242896756,5.542664520663096e-09,None,None,None,None, , , , 
36092, ,5.170920242896756,5.941133984965041e-09,None,None,None,None, , , , 
36093, ,5.170920242896756,6.3682499447185856e-09,None,None,None,None, , , , 
36094, ,5.170920242896756,6.826071834272379e-09,None,None,None,None, , , , 
36095, ,5.170920242896756,7.316807143427175e-09,None,None,None,None, , , , 
36096, ,5.170920242896756,7.842822061337681e-09,None,None,None,None, , , , 
36097, ,5.170920242896756,8.406652885618316e-09,None,None,None,None, , , , 
36098, ,5.170920242896756,9.011018251665036e-09,None,None,None,None, , , , 
36099, ,5.170920242896756,9.658832241158707e-09,None,None,None,None, , , , 
36100, ,5.170920242896756,1.0353218432956616e-08,None,None,None,None, , , , 
36101, ,5.170920242896756,1.1097524964120722e-08,None,None,None,None, , , , 
36102, ,5.170920242896756,1.1895340673703208e-08,None,None,None,None, , , , 
36103, ,5.170920242896756,1.2750512407130128e-08,None,None,None,None, , , , 
36104, ,5.170920242896756,1.3667163564620044e-08,None,None,None,None, , , , 
36105, ,5.170920242896756,1.4649713983072853e-08,None,None,None,None, , , , 
36106, ,5.170920242896756,1.5702901247293774e-08,None,None,None,None, , , , 
36107, ,5.170920242896756,1.683180353330955e-08,None,None,None,None, , , , 
36108, ,5.170920242896756,1.8041864093920717e-08,None,None,None,None, , , , 
36109, ,5.170920242896756,1.933891750455232e-08,None,None,None,None, , , , 
36110, ,5.170920242896756,2.0729217795953697e-08,None,None,None,None, , , , 
36111, ,5.170920242896756,2.221946860939524e-08,None,None,None,None, , , , 
36112, ,5.170920242896756,2.3816855519761606e-08,None,None,None,None, , , , 
36113, ,5.170920242896756,2.552908068239516e-08,None,None,None,None, , , , 
36114, ,5.170920242896756,2.7364399970746666e-08,None,None,None,None, , , , 
36115, ,5.170920242896756,2.933166278390042e-08,None,None,None,None, , , , 
36116, ,5.170920242896756,3.1440354715915e-08,None,None,None,None, , , , 
36117, ,5.170920242896756,3.370064329271925e-08,None,None,None,None, , , , 
36118, ,5.170920242896756,3.612342699709431e-08,None,None,None,None, , , , 
36119, ,5.170920242896756,3.872038781812557e-08,None,None,None,None, , , , 
36120, ,5.170920242896756,4.1504047578504727e-08,None,None,None,None, , , , 
36121, ,5.170920242896756,4.448782831127585e-08,None,None,None,None, , , , 
36122, ,5.170920242896756,4.768611697714474e-08,None,None,None,None, , , , 
36123, ,5.170920242896756,5.111433483440165e-08,None,None,None,None, , , , 
36124, ,5.170920242896756,5.478901179593934e-08,None,None,None,None, , , , 
36125, ,5.170920242896756,5.872786613189478e-08,None,None,None,None, , , , 
36126, ,5.170920242896756,6.294988990221888e-08,None,None,None,None, , , , 
36127, ,5.170920242896756,6.747544053110687e-08,None,None,None,None, , , , 
36128, ,5.170920242896756,7.232633896483534e-08,None,None,None,None, , , , 
36129, ,5.170920242896756,7.752597488629465e-08,None,None,None,None, , , , 
36130, ,5.170920242896756,8.309941949353386e-08,None,None,None,None, , , , 
36131, ,5.170920242896756,8.907354638610439e-08,None,None,None,None, , , , 
36132, ,5.170920242896756,9.547716114208066e-08,None,None,None,None, , , , 
36133, ,5.170920242896756,1.0234114021054528e-07,None,None,None,None, , , , 
36134, ,5.170920242896756,1.0969857978923841e-07,None,None,None,None, , , , 
36135, ,5.170920242896756,1.1758495540521555e-07,None,None,None,None, , , , 
36136, ,5.170920242896756,1.2603829296797277e-07,None,None,None,None, , , , 
36137, ,5.170920242896756,1.350993521198025e-07,None,None,None,None, , , , 
36138, ,5.170920242896756,1.4481182276745328e-07,None,None,None,None, , , , 
36139, ,5.170920242896756,1.552225357427048e-07,None,None,None,None, , , , 
36140, ,5.170920242896756,1.6638168860761273e-07,None,None,None,None, , , , 
36141, ,5.170920242896756,1.7834308769319093e-07,None,None,None,None, , , , 
36142, ,5.170920242896756,1.9116440753857e-07,None,None,None,None, , , , 
36143, ,5.170920242896756,2.049074689815846e-07,None,None,None,None, , , , 
36144, ,5.170920242896756,2.1963853724165468e-07,None,None,None,None, , , , 
36145, ,5.170920242896756,2.3542864143224158e-07,None,None,None,None, , , , 
36146, ,5.170920242896756,2.523539170434766e-07,None,None,None,None, , , , 
36147, ,5.170920242896756,2.7049597304631316e-07,None,None,None,None, , , , 
36148, ,5.170920242896756,2.899422853882875e-07,None,None,None,None, , , , 
36149, ,5.170920242896756,3.107866187782014e-07,None,None,None,None, , , , 
36150, ,5.170920242896756,3.33129478793467e-07,None,None,None,None, , , , 
36151, ,5.170920242896756,3.5707859649004626e-07,None,None,None,None, , , , 
36152, ,5.170920242896756,3.827494478516307e-07,None,None,None,None, , , , 
36153, ,5.170920242896756,4.1026581058271904e-07,None,None,None,None, , , , 
36154, ,5.170920242896756,4.397603609302722e-07,None,None,None,None, , , , 
36155, ,5.170920242896756,4.7137531341167185e-07,None,None,None,None, , , , 
36156, ,5.170920242896756,5.052631065335679e-07,None,None,None,None, , , , 
36157, ,5.170920242896756,5.415871378079465e-07,None,None,None,None, , , , 
36158, ,5.170920242896756,5.805225516094896e-07,None,None,None,None, , , , 
36159, ,5.170920242896756,6.222570836730232e-07,None,None,None,None, , , , 
36160, ,5.170920242896756,6.669919663030115e-07,None,None,None,None, , , , 
36161, ,5.170920242896756,7.149428986597576e-07,None,None,None,None, , , , 
36162, ,5.170920242896756,7.663410868007445e-07,None,None,None,None, , , , 
36163, ,5.170920242896756,8.214343584919422e-07,None,None,None,None, , , , 
36164, ,5.170920242896756,8.804883581643463e-07,None,None,None,None, , , , 
36165, ,5.170920242896756,9.437878277775371e-07,None,None,None,None, , , , 
36166, ,5.170920242896756,1.0116379797662072e-06,None,None,None,None, , , , 
36167, ,5.170920242896756,1.0843659686896086e-06,None,None,None,None, , , , 
36168, ,5.170920242896756,1.1623224686798522e-06,None,None,None,None, , , , 
36169, ,5.170920242896756,1.2458833642950078e-06,None,None,None,None, , , , 
36170, ,5.170920242896756,1.3354515629298971e-06,None,None,None,None, , , , 
36171, ,5.170920242896756,1.4314589375234786e-06,None,None,None,None, , , , 
36172, ,5.170920242896756,1.53436840893001e-06,None,None,None,None, , , , 
36173, ,5.170920242896756,1.6446761779946631e-06,None,None,None,None, , , , 
36174, ,5.170920242896756,1.762914118095948e-06,None,None,None,None, , , , 
36175, ,5.170920242896756,1.8896523396912082e-06,None,None,None,None, , , , 
36176, ,5.170920242896756,2.0255019392306664e-06,None,None,None,None, , , , 
36177, ,5.170920242896756,2.171117945694501e-06,None,None,None,None, , , , 
36178, ,5.170920242896756,2.327202478960408e-06,None,None,None,None, , , , 
36179, ,5.170920242896756,2.494508135230317e-06,None,None,None,None, , , , 
36180, ,5.170920242896756,2.673841615839944e-06,None,None,None,None, , , , 
36181, ,5.170920242896756,2.8660676169482507e-06,None,None,None,None, , , , 
36182, ,5.170920242896756,3.0721129988617524e-06,None,None,None,None, , , , 
36183, ,5.170920242896756,3.292971255097148e-06,None,None,None,None, , , , 
36184, ,5.170920242896756,3.5297073027306505e-06,None,None,None,None, , , , 
36185, ,5.170920242896756,3.783462617131925e-06,None,None,None,None, , , , 
36186, ,5.170920242896756,4.0554607358408275e-06,None,None,None,None, , , , 
36187, ,5.170920242896756,4.3470131581250175e-06,None,None,None,None, , , , 
36188, ,5.170920242896756,4.6595256686646765e-06,None,None,None,None, , , , 
36189, ,5.170920242896756,4.99450511585514e-06,None,None,None,None, , , , 
36190, ,5.170920242896756,5.353566677410719e-06,None,None,None,None, , , , 
36191, ,5.170920242896756,5.738441648302393e-06,None,None,None,None, , , , 
36192, ,5.170920242896756,6.150985788580505e-06,None,None,None,None, , , , 
36193, ,5.170920242896756,6.593188271333541e-06,None,None,None,None, , , , 
36194, ,5.170920242896756,7.067181273927492e-06,None,None,None,None, , , , 
36195, ,5.170920242896756,7.575250258771904e-06,None,None,None,None, , , , 
36196, ,5.170920242896756,8.119844993184007e-06,None,None,None,None, , , , 
36197, ,5.170920242896756,8.703591361485167e-06,None,None,None,None, , , , 
36198, ,5.170920242896756,9.329304026284676e-06,None,None,None,None, , , , 
36199, ,5.170920242896756,1e-05,None,None,None,None, , , , 
36200, ,5.353566677410725,1e-11,None,None,None,None, , , , 
36201, ,5.353566677410725,1.0718913192051263e-11,None,None,None,None, , , , 
36202, ,5.353566677410725,1.1489510001873107e-11,None,None,None,None, , , , 
36203, ,5.353566677410725,1.2315506032928262e-11,None,None,None,None, , , , 
36204, ,5.353566677410725,1.3200884008314167e-11,None,None,None,None, , , , 
36205, ,5.353566677410725,1.4149912974345786e-11,None,None,None,None, , , , 
36206, ,5.353566677410725,1.5167168884709242e-11,None,None,None,None, , , , 
36207, ,5.353566677410725,1.6257556664437934e-11,None,None,None,None, , , , 
36208, ,5.353566677410725,1.7426333860096473e-11,None,None,None,None, , , , 
36209, ,5.353566677410725,1.8679135990207848e-11,None,None,None,None, , , , 
36210, ,5.353566677410725,2.0022003718155844e-11,None,None,None,None, , , , 
36211, ,5.353566677410725,2.1461411978584013e-11,None,None,None,None, , , , 
36212, ,5.353566677410725,2.300430119772921e-11,None,None,None,None, , , , 
36213, ,5.353566677410725,2.465811075822604e-11,None,None,None,None, , , , 
36214, ,5.353566677410725,2.643081486974103e-11,None,None,None,None, , , , 
36215, ,5.353566677410725,2.8330961018393178e-11,None,None,None,None, , , , 
36216, ,5.353566677410725,3.036771118035461e-11,None,None,None,None, , , , 
36217, ,5.353566677410725,3.255088599835057e-11,None,None,None,None, , , , 
36218, ,5.353566677410725,3.4891012134067674e-11,None,None,None,None, , , , 
36219, ,5.353566677410725,3.739937302478801e-11,None,None,None,None, , , , 
36220, ,5.353566677410725,4.0088063288984646e-11,None,None,None,None, , , , 
36221, ,5.353566677410725,4.297004704320835e-11,None,None,None,None, , , , 
36222, ,5.353566677410725,4.605922041145113e-11,None,None,None,None, , , , 
36223, ,5.353566677410725,4.937047852839004e-11,None,None,None,None, , , , 
36224, ,5.353566677410725,5.2919787359584366e-11,None,None,None,None, , , , 
36225, ,5.353566677410725,5.672426068491989e-11,None,None,None,None, , , , 
36226, ,5.353566677410725,6.080224261649427e-11,None,None,None,None, , , , 
36227, ,5.353566677410725,6.517339604882421e-11,None,None,None,None, , , , 
36228, ,5.353566677410725,6.985879746785235e-11,None,None,None,None, , , , 
36229, ,5.353566677410725,7.48810385759003e-11,None,None,None,None, , , , 
36230, ,5.353566677410725,8.026433522257174e-11,None,None,None,None, , , , 
36231, ,5.353566677410725,8.603464416684492e-11,None,None,None,None, , , , 
36232, ,5.353566677410725,9.221978823334341e-11,None,None,None,None, , , , 
36233, ,5.353566677410725,9.884959046625586e-11,None,None,None,None, , , , 
36234, ,5.353566677410725,1.0595601792776149e-10,None,None,None,None, , , , 
36235, ,5.353566677410725,1.1357333583431027e-10,None,None,None,None, , , , 
36236, ,5.353566677410725,1.217382727739662e-10,None,None,None,None, , , , 
36237, ,5.353566677410725,1.3049019780144016e-10,None,None,None,None, , , , 
36238, ,5.353566677410725,1.398713102647236e-10,None,None,None,None, , , , 
36239, ,5.353566677410725,1.4992684327860468e-10,None,None,None,None, , , , 
36240, ,5.353566677410725,1.6070528182616384e-10,None,None,None,None, , , , 
36241, ,5.353566677410725,1.722585965398784e-10,None,None,None,None, , , , 
36242, ,5.353566677410725,1.8464249428955463e-10,None,None,None,None, , , , 
36243, ,5.353566677410725,1.9791668678535569e-10,None,None,None,None, , , , 
36244, ,5.353566677410725,2.121451784910628e-10,None,None,None,None, , , , 
36245, ,5.353566677410725,2.273965752357932e-10,None,None,None,None, , , , 
36246, ,5.353566677410725,2.4374441501222216e-10,None,None,None,None, , , , 
36247, ,5.353566677410725,2.6126752255633265e-10,None,None,None,None, , , , 
36248, ,5.353566677410725,2.8005038941836253e-10,None,None,None,None, , , , 
36249, ,5.353566677410725,3.0018358135755917e-10,None,None,None,None, , , , 
36250, ,5.353566677410725,3.2176417502507347e-10,None,None,None,None, , , , 
36251, ,5.353566677410725,3.4489622604057533e-10,None,None,None,None, , , , 
36252, ,5.353566677410725,3.696912707195032e-10,None,None,None,None, , , , 
36253, ,5.353566677410725,3.9626886387014783e-10,None,None,None,None, , , , 
36254, ,5.353566677410725,4.2475715525368935e-10,None,None,None,None, , , , 
36255, ,5.353566677410725,4.552935074866938e-10,None,None,None,None, , , , 
36256, ,5.353566677410725,4.880251583654433e-10,None,None,None,None, , , , 
36257, ,5.353566677410725,5.231099308056258e-10,None,None,None,None, , , , 
36258, ,5.353566677410725,5.60716993820547e-10,None,None,None,None, , , , 
36259, ,5.353566677410725,6.010276782070387e-10,None,None,None,None, , , , 
36260, ,5.353566677410725,6.442363508721371e-10,None,None,None,None, , , , 
36261, ,5.353566677410725,6.905513520162316e-10,None,None,None,None, , , , 
36262, ,5.353566677410725,7.401959996915653e-10,None,None,None,None, , , , 
36263, ,5.353566677410725,7.934096665797492e-10,None,None,None,None, , , , 
36264, ,5.353566677410725,8.504489341802668e-10,None,None,None,None, , , , 
36265, ,5.353566677410725,9.115888299750837e-10,None,None,None,None, , , , 
36266, ,5.353566677410725,9.771241535346502e-10,None,None,None,None, , , , 
36267, ,5.353566677410725,1.0473708979594486e-09,None,None,None,None, , , , 
36268, ,5.353566677410725,1.1226677735108114e-09,None,None,None,None, , , , 
36269, ,5.353566677410725,1.2033778407775904e-09,None,None,None,None, , , , 
36270, ,5.353566677410725,1.289890261253308e-09,None,None,None,None, , , , 
36271, ,5.353566677410725,1.3826221737646535e-09,None,None,None,None, , , , 
36272, ,5.353566677410725,1.4820207057988602e-09,None,None,None,None, , , , 
36273, ,5.353566677410725,1.5885651294280526e-09,None,None,None,None, , , , 
36274, ,5.353566677410725,1.702769172225898e-09,None,None,None,None, , , , 
36275, ,5.353566677410725,1.825183494319039e-09,None,None,None,None, , , , 
36276, ,5.353566677410725,1.956398343517065e-09,None,None,None,None, , , , 
36277, ,5.353566677410725,2.0970464013232305e-09,None,None,None,None, , , , 
36278, ,5.353566677410725,2.2478058335487307e-09,None,None,None,None, , , , 
36279, ,5.353566677410725,2.409403560239527e-09,None,None,None,None, , , , 
36280, ,5.353566677410725,2.582618760682675e-09,None,None,None,None, , , , 
36281, ,5.353566677410725,2.768286630392061e-09,None,None,None,None, , , , 
36282, ,5.353566677410725,2.9673024081888724e-09,None,None,None,None, , , , 
36283, ,5.353566677410725,3.180625692794119e-09,None,None,None,None, , , , 
36284, ,5.353566677410725,3.409285069746807e-09,None,None,None,None, , , , 
36285, ,5.353566677410725,3.654383070957262e-09,None,None,None,None, , , , 
36286, ,5.353566677410725,3.917101490809261e-09,None,None,None,None, , , , 
36287, ,5.353566677410725,4.198707084443906e-09,None,None,None,None, , , , 
36288, ,5.353566677410725,4.500557675700488e-09,None,None,None,None, , , , 
36289, ,5.353566677410725,4.824108704165374e-09,None,None,None,None, , , , 
36290, ,5.353566677410725,5.170920242896755e-09,None,None,None,None, , , , 
36291, ,5.353566677410725,5.542664520663096e-09,None,None,None,None, , , , 
36292, ,5.353566677410725,5.941133984965041e-09,None,None,None,None, , , , 
36293, ,5.353566677410725,6.3682499447185856e-09,None,None,None,None, , , , 
36294, ,5.353566677410725,6.826071834272379e-09,None,None,None,None, , , , 
36295, ,5.353566677410725,7.316807143427175e-09,None,None,None,None, , , , 
36296, ,5.353566677410725,7.842822061337681e-09,None,None,None,None, , , , 
36297, ,5.353566677410725,8.406652885618316e-09,None,None,None,None, , , , 
36298, ,5.353566677410725,9.011018251665036e-09,None,None,None,None, , , , 
36299, ,5.353566677410725,9.658832241158707e-09,None,None,None,None, , , , 
36300, ,5.353566677410725,1.0353218432956616e-08,None,None,None,None, , , , 
36301, ,5.353566677410725,1.1097524964120722e-08,None,None,None,None, , , , 
36302, ,5.353566677410725,1.1895340673703208e-08,None,None,None,None, , , , 
36303, ,5.353566677410725,1.2750512407130128e-08,None,None,None,None, , , , 
36304, ,5.353566677410725,1.3667163564620044e-08,None,None,None,None, , , , 
36305, ,5.353566677410725,1.4649713983072853e-08,None,None,None,None, , , , 
36306, ,5.353566677410725,1.5702901247293774e-08,None,None,None,None, , , , 
36307, ,5.353566677410725,1.683180353330955e-08,None,None,None,None, , , , 
36308, ,5.353566677410725,1.8041864093920717e-08,None,None,None,None, , , , 
36309, ,5.353566677410725,1.933891750455232e-08,None,None,None,None, , , , 
36310, ,5.353566677410725,2.0729217795953697e-08,None,None,None,None, , , , 
36311, ,5.353566677410725,2.221946860939524e-08,None,None,None,None, , , , 
36312, ,5.353566677410725,2.3816855519761606e-08,None,None,None,None, , , , 
36313, ,5.353566677410725,2.552908068239516e-08,None,None,None,None, , , , 
36314, ,5.353566677410725,2.7364399970746666e-08,None,None,None,None, , , , 
36315, ,5.353566677410725,2.933166278390042e-08,None,None,None,None, , , , 
36316, ,5.353566677410725,3.1440354715915e-08,None,None,None,None, , , , 
36317, ,5.353566677410725,3.370064329271925e-08,None,None,None,None, , , , 
36318, ,5.353566677410725,3.612342699709431e-08,None,None,None,None, , , , 
36319, ,5.353566677410725,3.872038781812557e-08,None,None,None,None, , , , 
36320, ,5.353566677410725,4.1504047578504727e-08,None,None,None,None, , , , 
36321, ,5.353566677410725,4.448782831127585e-08,None,None,None,None, , , , 
36322, ,5.353566677410725,4.768611697714474e-08,None,None,None,None, , , , 
36323, ,5.353566677410725,5.111433483440165e-08,None,None,None,None, , , , 
36324, ,5.353566677410725,5.478901179593934e-08,None,None,None,None, , , , 
36325, ,5.353566677410725,5.872786613189478e-08,None,None,None,None, , , , 
36326, ,5.353566677410725,6.294988990221888e-08,None,None,None,None, , , , 
36327, ,5.353566677410725,6.747544053110687e-08,None,None,None,None, , , , 
36328, ,5.353566677410725,7.232633896483534e-08,None,None,None,None, , , , 
36329, ,5.353566677410725,7.752597488629465e-08,None,None,None,None, , , , 
36330, ,5.353566677410725,8.309941949353386e-08,None,None,None,None, , , , 
36331, ,5.353566677410725,8.907354638610439e-08,None,None,None,None, , , , 
36332, ,5.353566677410725,9.547716114208066e-08,None,None,None,None, , , , 
36333, ,5.353566677410725,1.0234114021054528e-07,None,None,None,None, , , , 
36334, ,5.353566677410725,1.0969857978923841e-07,None,None,None,None, , , , 
36335, ,5.353566677410725,1.1758495540521555e-07,None,None,None,None, , , , 
36336, ,5.353566677410725,1.2603829296797277e-07,None,None,None,None, , , , 
36337, ,5.353566677410725,1.350993521198025e-07,None,None,None,None, , , , 
36338, ,5.353566677410725,1.4481182276745328e-07,None,None,None,None, , , , 
36339, ,5.353566677410725,1.552225357427048e-07,None,None,None,None, , , , 
36340, ,5.353566677410725,1.6638168860761273e-07,None,None,None,None, , , , 
36341, ,5.353566677410725,1.7834308769319093e-07,None,None,None,None, , , , 
36342, ,5.353566677410725,1.9116440753857e-07,None,None,None,None, , , , 
36343, ,5.353566677410725,2.049074689815846e-07,None,None,None,None, , , , 
36344, ,5.353566677410725,2.1963853724165468e-07,None,None,None,None, , , , 
36345, ,5.353566677410725,2.3542864143224158e-07,None,None,None,None, , , , 
36346, ,5.353566677410725,2.523539170434766e-07,None,None,None,None, , , , 
36347, ,5.353566677410725,2.7049597304631316e-07,None,None,None,None, , , , 
36348, ,5.353566677410725,2.899422853882875e-07,None,None,None,None, , , , 
36349, ,5.353566677410725,3.107866187782014e-07,None,None,None,None, , , , 
36350, ,5.353566677410725,3.33129478793467e-07,None,None,None,None, , , , 
36351, ,5.353566677410725,3.5707859649004626e-07,None,None,None,None, , , , 
36352, ,5.353566677410725,3.827494478516307e-07,None,None,None,None, , , , 
36353, ,5.353566677410725,4.1026581058271904e-07,None,None,None,None, , , , 
36354, ,5.353566677410725,4.397603609302722e-07,None,None,None,None, , , , 
36355, ,5.353566677410725,4.7137531341167185e-07,None,None,None,None, , , , 
36356, ,5.353566677410725,5.052631065335679e-07,None,None,None,None, , , , 
36357, ,5.353566677410725,5.415871378079465e-07,None,None,None,None, , , , 
36358, ,5.353566677410725,5.805225516094896e-07,None,None,None,None, , , , 
36359, ,5.353566677410725,6.222570836730232e-07,None,None,None,None, , , , 
36360, ,5.353566677410725,6.669919663030115e-07,None,None,None,None, , , , 
36361, ,5.353566677410725,7.149428986597576e-07,None,None,None,None, , , , 
36362, ,5.353566677410725,7.663410868007445e-07,None,None,None,None, , , , 
36363, ,5.353566677410725,8.214343584919422e-07,None,None,None,None, , , , 
36364, ,5.353566677410725,8.804883581643463e-07,None,None,None,None, , , , 
36365, ,5.353566677410725,9.437878277775371e-07,None,None,None,None, , , , 
36366, ,5.353566677410725,1.0116379797662072e-06,None,None,None,None, , , , 
36367, ,5.353566677410725,1.0843659686896086e-06,None,None,None,None, , , , 
36368, ,5.353566677410725,1.1623224686798522e-06,None,None,None,None, , , , 
36369, ,5.353566677410725,1.2458833642950078e-06,None,None,None,None, , , , 
36370, ,5.353566677410725,1.3354515629298971e-06,None,None,None,None, , , , 
36371, ,5.353566677410725,1.4314589375234786e-06,None,None,None,None, , , , 
36372, ,5.353566677410725,1.53436840893001e-06,None,None,None,None, , , , 
36373, ,5.353566677410725,1.6446761779946631e-06,None,None,None,None, , , , 
36374, ,5.353566677410725,1.762914118095948e-06,None,None,None,None, , , , 
36375, ,5.353566677410725,1.8896523396912082e-06,None,None,None,None, , , , 
36376, ,5.353566677410725,2.0255019392306664e-06,None,None,None,None, , , , 
36377, ,5.353566677410725,2.171117945694501e-06,None,None,None,None, , , , 
36378, ,5.353566677410725,2.327202478960408e-06,None,None,None,None, , , , 
36379, ,5.353566677410725,2.494508135230317e-06,None,None,None,None, , , , 
36380, ,5.353566677410725,2.673841615839944e-06,None,None,None,None, , , , 
36381, ,5.353566677410725,2.8660676169482507e-06,None,None,None,None, , , , 
36382, ,5.353566677410725,3.0721129988617524e-06,None,None,None,None, , , , 
36383, ,5.353566677410725,3.292971255097148e-06,None,None,None,None, , , , 
36384, ,5.353566677410725,3.5297073027306505e-06,None,None,None,None, , , , 
36385, ,5.353566677410725,3.783462617131925e-06,None,None,None,None, , , , 
36386, ,5.353566677410725,4.0554607358408275e-06,None,None,None,None, , , , 
36387, ,5.353566677410725,4.3470131581250175e-06,None,None,None,None, , , , 
36388, ,5.353566677410725,4.6595256686646765e-06,None,None,None,None, , , , 
36389, ,5.353566677410725,4.99450511585514e-06,None,None,None,None, , , , 
36390, ,5.353566677410725,5.353566677410719e-06,None,None,None,None, , , , 
36391, ,5.353566677410725,5.738441648302393e-06,None,None,None,None, , , , 
36392, ,5.353566677410725,6.150985788580505e-06,None,None,None,None, , , , 
36393, ,5.353566677410725,6.593188271333541e-06,None,None,None,None, , , , 
36394, ,5.353566677410725,7.067181273927492e-06,None,None,None,None, , , , 
36395, ,5.353566677410725,7.575250258771904e-06,None,None,None,None, , , , 
36396, ,5.353566677410725,8.119844993184007e-06,None,None,None,None, , , , 
36397, ,5.353566677410725,8.703591361485167e-06,None,None,None,None, , , , 
36398, ,5.353566677410725,9.329304026284676e-06,None,None,None,None, , , , 
36399, ,5.353566677410725,1e-05,None,None,None,None, , , , 
36400, ,5.542664520663101,1e-11,None,None,None,None, , , , 
36401, ,5.542664520663101,1.0718913192051263e-11,None,None,None,None, , , , 
36402, ,5.542664520663101,1.1489510001873107e-11,None,None,None,None, , , , 
36403, ,5.542664520663101,1.2315506032928262e-11,None,None,None,None, , , , 
36404, ,5.542664520663101,1.3200884008314167e-11,None,None,None,None, , , , 
36405, ,5.542664520663101,1.4149912974345786e-11,None,None,None,None, , , , 
36406, ,5.542664520663101,1.5167168884709242e-11,None,None,None,None, , , , 
36407, ,5.542664520663101,1.6257556664437934e-11,None,None,None,None, , , , 
36408, ,5.542664520663101,1.7426333860096473e-11,None,None,None,None, , , , 
36409, ,5.542664520663101,1.8679135990207848e-11,None,None,None,None, , , , 
36410, ,5.542664520663101,2.0022003718155844e-11,None,None,None,None, , , , 
36411, ,5.542664520663101,2.1461411978584013e-11,None,None,None,None, , , , 
36412, ,5.542664520663101,2.300430119772921e-11,None,None,None,None, , , , 
36413, ,5.542664520663101,2.465811075822604e-11,None,None,None,None, , , , 
36414, ,5.542664520663101,2.643081486974103e-11,None,None,None,None, , , , 
36415, ,5.542664520663101,2.8330961018393178e-11,None,None,None,None, , , , 
36416, ,5.542664520663101,3.036771118035461e-11,None,None,None,None, , , , 
36417, ,5.542664520663101,3.255088599835057e-11,None,None,None,None, , , , 
36418, ,5.542664520663101,3.4891012134067674e-11,None,None,None,None, , , , 
36419, ,5.542664520663101,3.739937302478801e-11,None,None,None,None, , , , 
36420, ,5.542664520663101,4.0088063288984646e-11,None,None,None,None, , , , 
36421, ,5.542664520663101,4.297004704320835e-11,None,None,None,None, , , , 
36422, ,5.542664520663101,4.605922041145113e-11,None,None,None,None, , , , 
36423, ,5.542664520663101,4.937047852839004e-11,None,None,None,None, , , , 
36424, ,5.542664520663101,5.2919787359584366e-11,None,None,None,None, , , , 
36425, ,5.542664520663101,5.672426068491989e-11,None,None,None,None, , , , 
36426, ,5.542664520663101,6.080224261649427e-11,None,None,None,None, , , , 
36427, ,5.542664520663101,6.517339604882421e-11,None,None,None,None, , , , 
36428, ,5.542664520663101,6.985879746785235e-11,None,None,None,None, , , , 
36429, ,5.542664520663101,7.48810385759003e-11,None,None,None,None, , , , 
36430, ,5.542664520663101,8.026433522257174e-11,None,None,None,None, , , , 
36431, ,5.542664520663101,8.603464416684492e-11,None,None,None,None, , , , 
36432, ,5.542664520663101,9.221978823334341e-11,None,None,None,None, , , , 
36433, ,5.542664520663101,9.884959046625586e-11,None,None,None,None, , , , 
36434, ,5.542664520663101,1.0595601792776149e-10,None,None,None,None, , , , 
36435, ,5.542664520663101,1.1357333583431027e-10,None,None,None,None, , , , 
36436, ,5.542664520663101,1.217382727739662e-10,None,None,None,None, , , , 
36437, ,5.542664520663101,1.3049019780144016e-10,None,None,None,None, , , , 
36438, ,5.542664520663101,1.398713102647236e-10,None,None,None,None, , , , 
36439, ,5.542664520663101,1.4992684327860468e-10,None,None,None,None, , , , 
36440, ,5.542664520663101,1.6070528182616384e-10,None,None,None,None, , , , 
36441, ,5.542664520663101,1.722585965398784e-10,None,None,None,None, , , , 
36442, ,5.542664520663101,1.8464249428955463e-10,None,None,None,None, , , , 
36443, ,5.542664520663101,1.9791668678535569e-10,None,None,None,None, , , , 
36444, ,5.542664520663101,2.121451784910628e-10,None,None,None,None, , , , 
36445, ,5.542664520663101,2.273965752357932e-10,None,None,None,None, , , , 
36446, ,5.542664520663101,2.4374441501222216e-10,None,None,None,None, , , , 
36447, ,5.542664520663101,2.6126752255633265e-10,None,None,None,None, , , , 
36448, ,5.542664520663101,2.8005038941836253e-10,None,None,None,None, , , , 
36449, ,5.542664520663101,3.0018358135755917e-10,None,None,None,None, , , , 
36450, ,5.542664520663101,3.2176417502507347e-10,None,None,None,None, , , , 
36451, ,5.542664520663101,3.4489622604057533e-10,None,None,None,None, , , , 
36452, ,5.542664520663101,3.696912707195032e-10,None,None,None,None, , , , 
36453, ,5.542664520663101,3.9626886387014783e-10,None,None,None,None, , , , 
36454, ,5.542664520663101,4.2475715525368935e-10,None,None,None,None, , , , 
36455, ,5.542664520663101,4.552935074866938e-10,None,None,None,None, , , , 
36456, ,5.542664520663101,4.880251583654433e-10,None,None,None,None, , , , 
36457, ,5.542664520663101,5.231099308056258e-10,None,None,None,None, , , , 
36458, ,5.542664520663101,5.60716993820547e-10,None,None,None,None, , , , 
36459, ,5.542664520663101,6.010276782070387e-10,None,None,None,None, , , , 
36460, ,5.542664520663101,6.442363508721371e-10,None,None,None,None, , , , 
36461, ,5.542664520663101,6.905513520162316e-10,None,None,None,None, , , , 
36462, ,5.542664520663101,7.401959996915653e-10,None,None,None,None, , , , 
36463, ,5.542664520663101,7.934096665797492e-10,None,None,None,None, , , , 
36464, ,5.542664520663101,8.504489341802668e-10,None,None,None,None, , , , 
36465, ,5.542664520663101,9.115888299750837e-10,None,None,None,None, , , , 
36466, ,5.542664520663101,9.771241535346502e-10,None,None,None,None, , , , 
36467, ,5.542664520663101,1.0473708979594486e-09,None,None,None,None, , , , 
36468, ,5.542664520663101,1.1226677735108114e-09,None,None,None,None, , , , 
36469, ,5.542664520663101,1.2033778407775904e-09,None,None,None,None, , , , 
36470, ,5.542664520663101,1.289890261253308e-09,None,None,None,None, , , , 
36471, ,5.542664520663101,1.3826221737646535e-09,None,None,None,None, , , , 
36472, ,5.542664520663101,1.4820207057988602e-09,None,None,None,None, , , , 
36473, ,5.542664520663101,1.5885651294280526e-09,None,None,None,None, , , , 
36474, ,5.542664520663101,1.702769172225898e-09,None,None,None,None, , , , 
36475, ,5.542664520663101,1.825183494319039e-09,None,None,None,None, , , , 
36476, ,5.542664520663101,1.956398343517065e-09,None,None,None,None, , , , 
36477, ,5.542664520663101,2.0970464013232305e-09,None,None,None,None, , , , 
36478, ,5.542664520663101,2.2478058335487307e-09,None,None,None,None, , , , 
36479, ,5.542664520663101,2.409403560239527e-09,None,None,None,None, , , , 
36480, ,5.542664520663101,2.582618760682675e-09,None,None,None,None, , , , 
36481, ,5.542664520663101,2.768286630392061e-09,None,None,None,None, , , , 
36482, ,5.542664520663101,2.9673024081888724e-09,None,None,None,None, , , , 
36483, ,5.542664520663101,3.180625692794119e-09,None,None,None,None, , , , 
36484, ,5.542664520663101,3.409285069746807e-09,None,None,None,None, , , , 
36485, ,5.542664520663101,3.654383070957262e-09,None,None,None,None, , , , 
36486, ,5.542664520663101,3.917101490809261e-09,None,None,None,None, , , , 
36487, ,5.542664520663101,4.198707084443906e-09,None,None,None,None, , , , 
36488, ,5.542664520663101,4.500557675700488e-09,None,None,None,None, , , , 
36489, ,5.542664520663101,4.824108704165374e-09,None,None,None,None, , , , 
36490, ,5.542664520663101,5.170920242896755e-09,None,None,None,None, , , , 
36491, ,5.542664520663101,5.542664520663096e-09,None,None,None,None, , , , 
36492, ,5.542664520663101,5.941133984965041e-09,None,None,None,None, , , , 
36493, ,5.542664520663101,6.3682499447185856e-09,None,None,None,None, , , , 
36494, ,5.542664520663101,6.826071834272379e-09,None,None,None,None, , , , 
36495, ,5.542664520663101,7.316807143427175e-09,None,None,None,None, , , , 
36496, ,5.542664520663101,7.842822061337681e-09,None,None,None,None, , , , 
36497, ,5.542664520663101,8.406652885618316e-09,None,None,None,None, , , , 
36498, ,5.542664520663101,9.011018251665036e-09,None,None,None,None, , , , 
36499, ,5.542664520663101,9.658832241158707e-09,None,None,None,None, , , , 
36500, ,5.542664520663101,1.0353218432956616e-08,None,None,None,None, , , , 
36501, ,5.542664520663101,1.1097524964120722e-08,None,None,None,None, , , , 
36502, ,5.542664520663101,1.1895340673703208e-08,None,None,None,None, , , , 
36503, ,5.542664520663101,1.2750512407130128e-08,None,None,None,None, , , , 
36504, ,5.542664520663101,1.3667163564620044e-08,None,None,None,None, , , , 
36505, ,5.542664520663101,1.4649713983072853e-08,None,None,None,None, , , , 
36506, ,5.542664520663101,1.5702901247293774e-08,None,None,None,None, , , , 
36507, ,5.542664520663101,1.683180353330955e-08,None,None,None,None, , , , 
36508, ,5.542664520663101,1.8041864093920717e-08,None,None,None,None, , , , 
36509, ,5.542664520663101,1.933891750455232e-08,None,None,None,None, , , , 
36510, ,5.542664520663101,2.0729217795953697e-08,None,None,None,None, , , , 
36511, ,5.542664520663101,2.221946860939524e-08,None,None,None,None, , , , 
36512, ,5.542664520663101,2.3816855519761606e-08,None,None,None,None, , , , 
36513, ,5.542664520663101,2.552908068239516e-08,None,None,None,None, , , , 
36514, ,5.542664520663101,2.7364399970746666e-08,None,None,None,None, , , , 
36515, ,5.542664520663101,2.933166278390042e-08,None,None,None,None, , , , 
36516, ,5.542664520663101,3.1440354715915e-08,None,None,None,None, , , , 
36517, ,5.542664520663101,3.370064329271925e-08,None,None,None,None, , , , 
36518, ,5.542664520663101,3.612342699709431e-08,None,None,None,None, , , , 
36519, ,5.542664520663101,3.872038781812557e-08,None,None,None,None, , , , 
36520, ,5.542664520663101,4.1504047578504727e-08,None,None,None,None, , , , 
36521, ,5.542664520663101,4.448782831127585e-08,None,None,None,None, , , , 
36522, ,5.542664520663101,4.768611697714474e-08,None,None,None,None, , , , 
36523, ,5.542664520663101,5.111433483440165e-08,None,None,None,None, , , , 
36524, ,5.542664520663101,5.478901179593934e-08,None,None,None,None, , , , 
36525, ,5.542664520663101,5.872786613189478e-08,None,None,None,None, , , , 
36526, ,5.542664520663101,6.294988990221888e-08,None,None,None,None, , , , 
36527, ,5.542664520663101,6.747544053110687e-08,None,None,None,None, , , , 
36528, ,5.542664520663101,7.232633896483534e-08,None,None,None,None, , , , 
36529, ,5.542664520663101,7.752597488629465e-08,None,None,None,None, , , , 
36530, ,5.542664520663101,8.309941949353386e-08,None,None,None,None, , , , 
36531, ,5.542664520663101,8.907354638610439e-08,None,None,None,None, , , , 
36532, ,5.542664520663101,9.547716114208066e-08,None,None,None,None, , , , 
36533, ,5.542664520663101,1.0234114021054528e-07,None,None,None,None, , , , 
36534, ,5.542664520663101,1.0969857978923841e-07,None,None,None,None, , , , 
36535, ,5.542664520663101,1.1758495540521555e-07,None,None,None,None, , , , 
36536, ,5.542664520663101,1.2603829296797277e-07,None,None,None,None, , , , 
36537, ,5.542664520663101,1.350993521198025e-07,None,None,None,None, , , , 
36538, ,5.542664520663101,1.4481182276745328e-07,None,None,None,None, , , , 
36539, ,5.542664520663101,1.552225357427048e-07,None,None,None,None, , , , 
36540, ,5.542664520663101,1.6638168860761273e-07,None,None,None,None, , , , 
36541, ,5.542664520663101,1.7834308769319093e-07,None,None,None,None, , , , 
36542, ,5.542664520663101,1.9116440753857e-07,None,None,None,None, , , , 
36543, ,5.542664520663101,2.049074689815846e-07,None,None,None,None, , , , 
36544, ,5.542664520663101,2.1963853724165468e-07,None,None,None,None, , , , 
36545, ,5.542664520663101,2.3542864143224158e-07,None,None,None,None, , , , 
36546, ,5.542664520663101,2.523539170434766e-07,None,None,None,None, , , , 
36547, ,5.542664520663101,2.7049597304631316e-07,None,None,None,None, , , , 
36548, ,5.542664520663101,2.899422853882875e-07,None,None,None,None, , , , 
36549, ,5.542664520663101,3.107866187782014e-07,None,None,None,None, , , , 
36550, ,5.542664520663101,3.33129478793467e-07,None,None,None,None, , , , 
36551, ,5.542664520663101,3.5707859649004626e-07,None,None,None,None, , , , 
36552, ,5.542664520663101,3.827494478516307e-07,None,None,None,None, , , , 
36553, ,5.542664520663101,4.1026581058271904e-07,None,None,None,None, , , , 
36554, ,5.542664520663101,4.397603609302722e-07,None,None,None,None, , , , 
36555, ,5.542664520663101,4.7137531341167185e-07,None,None,None,None, , , , 
36556, ,5.542664520663101,5.052631065335679e-07,None,None,None,None, , , , 
36557, ,5.542664520663101,5.415871378079465e-07,None,None,None,None, , , , 
36558, ,5.542664520663101,5.805225516094896e-07,None,None,None,None, , , , 
36559, ,5.542664520663101,6.222570836730232e-07,None,None,None,None, , , , 
36560, ,5.542664520663101,6.669919663030115e-07,None,None,None,None, , , , 
36561, ,5.542664520663101,7.149428986597576e-07,None,None,None,None, , , , 
36562, ,5.542664520663101,7.663410868007445e-07,None,None,None,None, , , , 
36563, ,5.542664520663101,8.214343584919422e-07,None,None,None,None, , , , 
36564, ,5.542664520663101,8.804883581643463e-07,None,None,None,None, , , , 
36565, ,5.542664520663101,9.437878277775371e-07,None,None,None,None, , , , 
36566, ,5.542664520663101,1.0116379797662072e-06,None,None,None,None, , , , 
36567, ,5.542664520663101,1.0843659686896086e-06,None,None,None,None, , , , 
36568, ,5.542664520663101,1.1623224686798522e-06,None,None,None,None, , , , 
36569, ,5.542664520663101,1.2458833642950078e-06,None,None,None,None, , , , 
36570, ,5.542664520663101,1.3354515629298971e-06,None,None,None,None, , , , 
36571, ,5.542664520663101,1.4314589375234786e-06,None,None,None,None, , , , 
36572, ,5.542664520663101,1.53436840893001e-06,None,None,None,None, , , , 
36573, ,5.542664520663101,1.6446761779946631e-06,None,None,None,None, , , , 
36574, ,5.542664520663101,1.762914118095948e-06,None,None,None,None, , , , 
36575, ,5.542664520663101,1.8896523396912082e-06,None,None,None,None, , , , 
36576, ,5.542664520663101,2.0255019392306664e-06,None,None,None,None, , , , 
36577, ,5.542664520663101,2.171117945694501e-06,None,None,None,None, , , , 
36578, ,5.542664520663101,2.327202478960408e-06,None,None,None,None, , , , 
36579, ,5.542664520663101,2.494508135230317e-06,None,None,None,None, , , , 
36580, ,5.542664520663101,2.673841615839944e-06,None,None,None,None, , , , 
36581, ,5.542664520663101,2.8660676169482507e-06,None,None,None,None, , , , 
36582, ,5.542664520663101,3.0721129988617524e-06,None,None,None,None, , , , 
36583, ,5.542664520663101,3.292971255097148e-06,None,None,None,None, , , , 
36584, ,5.542664520663101,3.5297073027306505e-06,None,None,None,None, , , , 
36585, ,5.542664520663101,3.783462617131925e-06,None,None,None,None, , , , 
36586, ,5.542664520663101,4.0554607358408275e-06,None,None,None,None, , , , 
36587, ,5.542664520663101,4.3470131581250175e-06,None,None,None,None, , , , 
36588, ,5.542664520663101,4.6595256686646765e-06,None,None,None,None, , , , 
36589, ,5.542664520663101,4.99450511585514e-06,None,None,None,None, , , , 
36590, ,5.542664520663101,5.353566677410719e-06,None,None,None,None, , , , 
36591, ,5.542664520663101,5.738441648302393e-06,None,None,None,None, , , , 
36592, ,5.542664520663101,6.150985788580505e-06,None,None,None,None, , , , 
36593, ,5.542664520663101,6.593188271333541e-06,None,None,None,None, , , , 
36594, ,5.542664520663101,7.067181273927492e-06,None,None,None,None, , , , 
36595, ,5.542664520663101,7.575250258771904e-06,None,None,None,None, , , , 
36596, ,5.542664520663101,8.119844993184007e-06,None,None,None,None, , , , 
36597, ,5.542664520663101,8.703591361485167e-06,None,None,None,None, , , , 
36598, ,5.542664520663101,9.329304026284676e-06,None,None,None,None, , , , 
36599, ,5.542664520663101,1e-05,None,None,None,None, , , , 
36600, ,5.738441648302393,1e-11,None,None,None,None, , , , 
36601, ,5.738441648302393,1.0718913192051263e-11,None,None,None,None, , , , 
36602, ,5.738441648302393,1.1489510001873107e-11,None,None,None,None, , , , 
36603, ,5.738441648302393,1.2315506032928262e-11,None,None,None,None, , , , 
36604, ,5.738441648302393,1.3200884008314167e-11,None,None,None,None, , , , 
36605, ,5.738441648302393,1.4149912974345786e-11,None,None,None,None, , , , 
36606, ,5.738441648302393,1.5167168884709242e-11,None,None,None,None, , , , 
36607, ,5.738441648302393,1.6257556664437934e-11,None,None,None,None, , , , 
36608, ,5.738441648302393,1.7426333860096473e-11,None,None,None,None, , , , 
36609, ,5.738441648302393,1.8679135990207848e-11,None,None,None,None, , , , 
36610, ,5.738441648302393,2.0022003718155844e-11,None,None,None,None, , , , 
36611, ,5.738441648302393,2.1461411978584013e-11,None,None,None,None, , , , 
36612, ,5.738441648302393,2.300430119772921e-11,None,None,None,None, , , , 
36613, ,5.738441648302393,2.465811075822604e-11,None,None,None,None, , , , 
36614, ,5.738441648302393,2.643081486974103e-11,None,None,None,None, , , , 
36615, ,5.738441648302393,2.8330961018393178e-11,None,None,None,None, , , , 
36616, ,5.738441648302393,3.036771118035461e-11,None,None,None,None, , , , 
36617, ,5.738441648302393,3.255088599835057e-11,None,None,None,None, , , , 
36618, ,5.738441648302393,3.4891012134067674e-11,None,None,None,None, , , , 
36619, ,5.738441648302393,3.739937302478801e-11,None,None,None,None, , , , 
36620, ,5.738441648302393,4.0088063288984646e-11,None,None,None,None, , , , 
36621, ,5.738441648302393,4.297004704320835e-11,None,None,None,None, , , , 
36622, ,5.738441648302393,4.605922041145113e-11,None,None,None,None, , , , 
36623, ,5.738441648302393,4.937047852839004e-11,None,None,None,None, , , , 
36624, ,5.738441648302393,5.2919787359584366e-11,None,None,None,None, , , , 
36625, ,5.738441648302393,5.672426068491989e-11,None,None,None,None, , , , 
36626, ,5.738441648302393,6.080224261649427e-11,None,None,None,None, , , , 
36627, ,5.738441648302393,6.517339604882421e-11,None,None,None,None, , , , 
36628, ,5.738441648302393,6.985879746785235e-11,None,None,None,None, , , , 
36629, ,5.738441648302393,7.48810385759003e-11,None,None,None,None, , , , 
36630, ,5.738441648302393,8.026433522257174e-11,None,None,None,None, , , , 
36631, ,5.738441648302393,8.603464416684492e-11,None,None,None,None, , , , 
36632, ,5.738441648302393,9.221978823334341e-11,None,None,None,None, , , , 
36633, ,5.738441648302393,9.884959046625586e-11,None,None,None,None, , , , 
36634, ,5.738441648302393,1.0595601792776149e-10,None,None,None,None, , , , 
36635, ,5.738441648302393,1.1357333583431027e-10,None,None,None,None, , , , 
36636, ,5.738441648302393,1.217382727739662e-10,None,None,None,None, , , , 
36637, ,5.738441648302393,1.3049019780144016e-10,None,None,None,None, , , , 
36638, ,5.738441648302393,1.398713102647236e-10,None,None,None,None, , , , 
36639, ,5.738441648302393,1.4992684327860468e-10,None,None,None,None, , , , 
36640, ,5.738441648302393,1.6070528182616384e-10,None,None,None,None, , , , 
36641, ,5.738441648302393,1.722585965398784e-10,None,None,None,None, , , , 
36642, ,5.738441648302393,1.8464249428955463e-10,None,None,None,None, , , , 
36643, ,5.738441648302393,1.9791668678535569e-10,None,None,None,None, , , , 
36644, ,5.738441648302393,2.121451784910628e-10,None,None,None,None, , , , 
36645, ,5.738441648302393,2.273965752357932e-10,None,None,None,None, , , , 
36646, ,5.738441648302393,2.4374441501222216e-10,None,None,None,None, , , , 
36647, ,5.738441648302393,2.6126752255633265e-10,None,None,None,None, , , , 
36648, ,5.738441648302393,2.8005038941836253e-10,None,None,None,None, , , , 
36649, ,5.738441648302393,3.0018358135755917e-10,None,None,None,None, , , , 
36650, ,5.738441648302393,3.2176417502507347e-10,None,None,None,None, , , , 
36651, ,5.738441648302393,3.4489622604057533e-10,None,None,None,None, , , , 
36652, ,5.738441648302393,3.696912707195032e-10,None,None,None,None, , , , 
36653, ,5.738441648302393,3.9626886387014783e-10,None,None,None,None, , , , 
36654, ,5.738441648302393,4.2475715525368935e-10,None,None,None,None, , , , 
36655, ,5.738441648302393,4.552935074866938e-10,None,None,None,None, , , , 
36656, ,5.738441648302393,4.880251583654433e-10,None,None,None,None, , , , 
36657, ,5.738441648302393,5.231099308056258e-10,None,None,None,None, , , , 
36658, ,5.738441648302393,5.60716993820547e-10,None,None,None,None, , , , 
36659, ,5.738441648302393,6.010276782070387e-10,None,None,None,None, , , , 
36660, ,5.738441648302393,6.442363508721371e-10,None,None,None,None, , , , 
36661, ,5.738441648302393,6.905513520162316e-10,None,None,None,None, , , , 
36662, ,5.738441648302393,7.401959996915653e-10,None,None,None,None, , , , 
36663, ,5.738441648302393,7.934096665797492e-10,None,None,None,None, , , , 
36664, ,5.738441648302393,8.504489341802668e-10,None,None,None,None, , , , 
36665, ,5.738441648302393,9.115888299750837e-10,None,None,None,None, , , , 
36666, ,5.738441648302393,9.771241535346502e-10,None,None,None,None, , , , 
36667, ,5.738441648302393,1.0473708979594486e-09,None,None,None,None, , , , 
36668, ,5.738441648302393,1.1226677735108114e-09,None,None,None,None, , , , 
36669, ,5.738441648302393,1.2033778407775904e-09,None,None,None,None, , , , 
36670, ,5.738441648302393,1.289890261253308e-09,None,None,None,None, , , , 
36671, ,5.738441648302393,1.3826221737646535e-09,None,None,None,None, , , , 
36672, ,5.738441648302393,1.4820207057988602e-09,None,None,None,None, , , , 
36673, ,5.738441648302393,1.5885651294280526e-09,None,None,None,None, , , , 
36674, ,5.738441648302393,1.702769172225898e-09,None,None,None,None, , , , 
36675, ,5.738441648302393,1.825183494319039e-09,None,None,None,None, , , , 
36676, ,5.738441648302393,1.956398343517065e-09,None,None,None,None, , , , 
36677, ,5.738441648302393,2.0970464013232305e-09,None,None,None,None, , , , 
36678, ,5.738441648302393,2.2478058335487307e-09,None,None,None,None, , , , 
36679, ,5.738441648302393,2.409403560239527e-09,None,None,None,None, , , , 
36680, ,5.738441648302393,2.582618760682675e-09,None,None,None,None, , , , 
36681, ,5.738441648302393,2.768286630392061e-09,None,None,None,None, , , , 
36682, ,5.738441648302393,2.9673024081888724e-09,None,None,None,None, , , , 
36683, ,5.738441648302393,3.180625692794119e-09,None,None,None,None, , , , 
36684, ,5.738441648302393,3.409285069746807e-09,None,None,None,None, , , , 
36685, ,5.738441648302393,3.654383070957262e-09,None,None,None,None, , , , 
36686, ,5.738441648302393,3.917101490809261e-09,None,None,None,None, , , , 
36687, ,5.738441648302393,4.198707084443906e-09,None,None,None,None, , , , 
36688, ,5.738441648302393,4.500557675700488e-09,None,None,None,None, , , , 
36689, ,5.738441648302393,4.824108704165374e-09,None,None,None,None, , , , 
36690, ,5.738441648302393,5.170920242896755e-09,None,None,None,None, , , , 
36691, ,5.738441648302393,5.542664520663096e-09,None,None,None,None, , , , 
36692, ,5.738441648302393,5.941133984965041e-09,None,None,None,None, , , , 
36693, ,5.738441648302393,6.3682499447185856e-09,None,None,None,None, , , , 
36694, ,5.738441648302393,6.826071834272379e-09,None,None,None,None, , , , 
36695, ,5.738441648302393,7.316807143427175e-09,None,None,None,None, , , , 
36696, ,5.738441648302393,7.842822061337681e-09,None,None,None,None, , , , 
36697, ,5.738441648302393,8.406652885618316e-09,None,None,None,None, , , , 
36698, ,5.738441648302393,9.011018251665036e-09,None,None,None,None, , , , 
36699, ,5.738441648302393,9.658832241158707e-09,None,None,None,None, , , , 
36700, ,5.738441648302393,1.0353218432956616e-08,None,None,None,None, , , , 
36701, ,5.738441648302393,1.1097524964120722e-08,None,None,None,None, , , , 
36702, ,5.738441648302393,1.1895340673703208e-08,None,None,None,None, , , , 
36703, ,5.738441648302393,1.2750512407130128e-08,None,None,None,None, , , , 
36704, ,5.738441648302393,1.3667163564620044e-08,None,None,None,None, , , , 
36705, ,5.738441648302393,1.4649713983072853e-08,None,None,None,None, , , , 
36706, ,5.738441648302393,1.5702901247293774e-08,None,None,None,None, , , , 
36707, ,5.738441648302393,1.683180353330955e-08,None,None,None,None, , , , 
36708, ,5.738441648302393,1.8041864093920717e-08,None,None,None,None, , , , 
36709, ,5.738441648302393,1.933891750455232e-08,None,None,None,None, , , , 
36710, ,5.738441648302393,2.0729217795953697e-08,None,None,None,None, , , , 
36711, ,5.738441648302393,2.221946860939524e-08,None,None,None,None, , , , 
36712, ,5.738441648302393,2.3816855519761606e-08,None,None,None,None, , , , 
36713, ,5.738441648302393,2.552908068239516e-08,None,None,None,None, , , , 
36714, ,5.738441648302393,2.7364399970746666e-08,None,None,None,None, , , , 
36715, ,5.738441648302393,2.933166278390042e-08,None,None,None,None, , , , 
36716, ,5.738441648302393,3.1440354715915e-08,None,None,None,None, , , , 
36717, ,5.738441648302393,3.370064329271925e-08,None,None,None,None, , , , 
36718, ,5.738441648302393,3.612342699709431e-08,None,None,None,None, , , , 
36719, ,5.738441648302393,3.872038781812557e-08,None,None,None,None, , , , 
36720, ,5.738441648302393,4.1504047578504727e-08,None,None,None,None, , , , 
36721, ,5.738441648302393,4.448782831127585e-08,None,None,None,None, , , , 
36722, ,5.738441648302393,4.768611697714474e-08,None,None,None,None, , , , 
36723, ,5.738441648302393,5.111433483440165e-08,None,None,None,None, , , , 
36724, ,5.738441648302393,5.478901179593934e-08,None,None,None,None, , , , 
36725, ,5.738441648302393,5.872786613189478e-08,None,None,None,None, , , , 
36726, ,5.738441648302393,6.294988990221888e-08,None,None,None,None, , , , 
36727, ,5.738441648302393,6.747544053110687e-08,None,None,None,None, , , , 
36728, ,5.738441648302393,7.232633896483534e-08,None,None,None,None, , , , 
36729, ,5.738441648302393,7.752597488629465e-08,None,None,None,None, , , , 
36730, ,5.738441648302393,8.309941949353386e-08,None,None,None,None, , , , 
36731, ,5.738441648302393,8.907354638610439e-08,None,None,None,None, , , , 
36732, ,5.738441648302393,9.547716114208066e-08,None,None,None,None, , , , 
36733, ,5.738441648302393,1.0234114021054528e-07,None,None,None,None, , , , 
36734, ,5.738441648302393,1.0969857978923841e-07,None,None,None,None, , , , 
36735, ,5.738441648302393,1.1758495540521555e-07,None,None,None,None, , , , 
36736, ,5.738441648302393,1.2603829296797277e-07,None,None,None,None, , , , 
36737, ,5.738441648302393,1.350993521198025e-07,None,None,None,None, , , , 
36738, ,5.738441648302393,1.4481182276745328e-07,None,None,None,None, , , , 
36739, ,5.738441648302393,1.552225357427048e-07,None,None,None,None, , , , 
36740, ,5.738441648302393,1.6638168860761273e-07,None,None,None,None, , , , 
36741, ,5.738441648302393,1.7834308769319093e-07,None,None,None,None, , , , 
36742, ,5.738441648302393,1.9116440753857e-07,None,None,None,None, , , , 
36743, ,5.738441648302393,2.049074689815846e-07,None,None,None,None, , , , 
36744, ,5.738441648302393,2.1963853724165468e-07,None,None,None,None, , , , 
36745, ,5.738441648302393,2.3542864143224158e-07,None,None,None,None, , , , 
36746, ,5.738441648302393,2.523539170434766e-07,None,None,None,None, , , , 
36747, ,5.738441648302393,2.7049597304631316e-07,None,None,None,None, , , , 
36748, ,5.738441648302393,2.899422853882875e-07,None,None,None,None, , , , 
36749, ,5.738441648302393,3.107866187782014e-07,None,None,None,None, , , , 
36750, ,5.738441648302393,3.33129478793467e-07,None,None,None,None, , , , 
36751, ,5.738441648302393,3.5707859649004626e-07,None,None,None,None, , , , 
36752, ,5.738441648302393,3.827494478516307e-07,None,None,None,None, , , , 
36753, ,5.738441648302393,4.1026581058271904e-07,None,None,None,None, , , , 
36754, ,5.738441648302393,4.397603609302722e-07,None,None,None,None, , , , 
36755, ,5.738441648302393,4.7137531341167185e-07,None,None,None,None, , , , 
36756, ,5.738441648302393,5.052631065335679e-07,None,None,None,None, , , , 
36757, ,5.738441648302393,5.415871378079465e-07,None,None,None,None, , , , 
36758, ,5.738441648302393,5.805225516094896e-07,None,None,None,None, , , , 
36759, ,5.738441648302393,6.222570836730232e-07,None,None,None,None, , , , 
36760, ,5.738441648302393,6.669919663030115e-07,None,None,None,None, , , , 
36761, ,5.738441648302393,7.149428986597576e-07,None,None,None,None, , , , 
36762, ,5.738441648302393,7.663410868007445e-07,None,None,None,None, , , , 
36763, ,5.738441648302393,8.214343584919422e-07,None,None,None,None, , , , 
36764, ,5.738441648302393,8.804883581643463e-07,None,None,None,None, , , , 
36765, ,5.738441648302393,9.437878277775371e-07,None,None,None,None, , , , 
36766, ,5.738441648302393,1.0116379797662072e-06,None,None,None,None, , , , 
36767, ,5.738441648302393,1.0843659686896086e-06,None,None,None,None, , , , 
36768, ,5.738441648302393,1.1623224686798522e-06,None,None,None,None, , , , 
36769, ,5.738441648302393,1.2458833642950078e-06,None,None,None,None, , , , 
36770, ,5.738441648302393,1.3354515629298971e-06,None,None,None,None, , , , 
36771, ,5.738441648302393,1.4314589375234786e-06,None,None,None,None, , , , 
36772, ,5.738441648302393,1.53436840893001e-06,None,None,None,None, , , , 
36773, ,5.738441648302393,1.6446761779946631e-06,None,None,None,None, , , , 
36774, ,5.738441648302393,1.762914118095948e-06,None,None,None,None, , , , 
36775, ,5.738441648302393,1.8896523396912082e-06,None,None,None,None, , , , 
36776, ,5.738441648302393,2.0255019392306664e-06,None,None,None,None, , , , 
36777, ,5.738441648302393,2.171117945694501e-06,None,None,None,None, , , , 
36778, ,5.738441648302393,2.327202478960408e-06,None,None,None,None, , , , 
36779, ,5.738441648302393,2.494508135230317e-06,None,None,None,None, , , , 
36780, ,5.738441648302393,2.673841615839944e-06,None,None,None,None, , , , 
36781, ,5.738441648302393,2.8660676169482507e-06,None,None,None,None, , , , 
36782, ,5.738441648302393,3.0721129988617524e-06,None,None,None,None, , , , 
36783, ,5.738441648302393,3.292971255097148e-06,None,None,None,None, , , , 
36784, ,5.738441648302393,3.5297073027306505e-06,None,None,None,None, , , , 
36785, ,5.738441648302393,3.783462617131925e-06,None,None,None,None, , , , 
36786, ,5.738441648302393,4.0554607358408275e-06,None,None,None,None, , , , 
36787, ,5.738441648302393,4.3470131581250175e-06,None,None,None,None, , , , 
36788, ,5.738441648302393,4.6595256686646765e-06,None,None,None,None, , , , 
36789, ,5.738441648302393,4.99450511585514e-06,None,None,None,None, , , , 
36790, ,5.738441648302393,5.353566677410719e-06,None,None,None,None, , , , 
36791, ,5.738441648302393,5.738441648302393e-06,None,None,None,None, , , , 
36792, ,5.738441648302393,6.150985788580505e-06,None,None,None,None, , , , 
36793, ,5.738441648302393,6.593188271333541e-06,None,None,None,None, , , , 
36794, ,5.738441648302393,7.067181273927492e-06,None,None,None,None, , , , 
36795, ,5.738441648302393,7.575250258771904e-06,None,None,None,None, , , , 
36796, ,5.738441648302393,8.119844993184007e-06,None,None,None,None, , , , 
36797, ,5.738441648302393,8.703591361485167e-06,None,None,None,None, , , , 
36798, ,5.738441648302393,9.329304026284676e-06,None,None,None,None, , , , 
36799, ,5.738441648302393,1e-05,None,None,None,None, , , , 
36800, ,5.941133984965035,1e-11,None,None,None,None, , , , 
36801, ,5.941133984965035,1.0718913192051263e-11,None,None,None,None, , , , 
36802, ,5.941133984965035,1.1489510001873107e-11,None,None,None,None, , , , 
36803, ,5.941133984965035,1.2315506032928262e-11,None,None,None,None, , , , 
36804, ,5.941133984965035,1.3200884008314167e-11,None,None,None,None, , , , 
36805, ,5.941133984965035,1.4149912974345786e-11,None,None,None,None, , , , 
36806, ,5.941133984965035,1.5167168884709242e-11,None,None,None,None, , , , 
36807, ,5.941133984965035,1.6257556664437934e-11,None,None,None,None, , , , 
36808, ,5.941133984965035,1.7426333860096473e-11,None,None,None,None, , , , 
36809, ,5.941133984965035,1.8679135990207848e-11,None,None,None,None, , , , 
36810, ,5.941133984965035,2.0022003718155844e-11,None,None,None,None, , , , 
36811, ,5.941133984965035,2.1461411978584013e-11,None,None,None,None, , , , 
36812, ,5.941133984965035,2.300430119772921e-11,None,None,None,None, , , , 
36813, ,5.941133984965035,2.465811075822604e-11,None,None,None,None, , , , 
36814, ,5.941133984965035,2.643081486974103e-11,None,None,None,None, , , , 
36815, ,5.941133984965035,2.8330961018393178e-11,None,None,None,None, , , , 
36816, ,5.941133984965035,3.036771118035461e-11,None,None,None,None, , , , 
36817, ,5.941133984965035,3.255088599835057e-11,None,None,None,None, , , , 
36818, ,5.941133984965035,3.4891012134067674e-11,None,None,None,None, , , , 
36819, ,5.941133984965035,3.739937302478801e-11,None,None,None,None, , , , 
36820, ,5.941133984965035,4.0088063288984646e-11,None,None,None,None, , , , 
36821, ,5.941133984965035,4.297004704320835e-11,None,None,None,None, , , , 
36822, ,5.941133984965035,4.605922041145113e-11,None,None,None,None, , , , 
36823, ,5.941133984965035,4.937047852839004e-11,None,None,None,None, , , , 
36824, ,5.941133984965035,5.2919787359584366e-11,None,None,None,None, , , , 
36825, ,5.941133984965035,5.672426068491989e-11,None,None,None,None, , , , 
36826, ,5.941133984965035,6.080224261649427e-11,None,None,None,None, , , , 
36827, ,5.941133984965035,6.517339604882421e-11,None,None,None,None, , , , 
36828, ,5.941133984965035,6.985879746785235e-11,None,None,None,None, , , , 
36829, ,5.941133984965035,7.48810385759003e-11,None,None,None,None, , , , 
36830, ,5.941133984965035,8.026433522257174e-11,None,None,None,None, , , , 
36831, ,5.941133984965035,8.603464416684492e-11,None,None,None,None, , , , 
36832, ,5.941133984965035,9.221978823334341e-11,None,None,None,None, , , , 
36833, ,5.941133984965035,9.884959046625586e-11,None,None,None,None, , , , 
36834, ,5.941133984965035,1.0595601792776149e-10,None,None,None,None, , , , 
36835, ,5.941133984965035,1.1357333583431027e-10,None,None,None,None, , , , 
36836, ,5.941133984965035,1.217382727739662e-10,None,None,None,None, , , , 
36837, ,5.941133984965035,1.3049019780144016e-10,None,None,None,None, , , , 
36838, ,5.941133984965035,1.398713102647236e-10,None,None,None,None, , , , 
36839, ,5.941133984965035,1.4992684327860468e-10,None,None,None,None, , , , 
36840, ,5.941133984965035,1.6070528182616384e-10,None,None,None,None, , , , 
36841, ,5.941133984965035,1.722585965398784e-10,None,None,None,None, , , , 
36842, ,5.941133984965035,1.8464249428955463e-10,None,None,None,None, , , , 
36843, ,5.941133984965035,1.9791668678535569e-10,None,None,None,None, , , , 
36844, ,5.941133984965035,2.121451784910628e-10,None,None,None,None, , , , 
36845, ,5.941133984965035,2.273965752357932e-10,None,None,None,None, , , , 
36846, ,5.941133984965035,2.4374441501222216e-10,None,None,None,None, , , , 
36847, ,5.941133984965035,2.6126752255633265e-10,None,None,None,None, , , , 
36848, ,5.941133984965035,2.8005038941836253e-10,None,None,None,None, , , , 
36849, ,5.941133984965035,3.0018358135755917e-10,None,None,None,None, , , , 
36850, ,5.941133984965035,3.2176417502507347e-10,None,None,None,None, , , , 
36851, ,5.941133984965035,3.4489622604057533e-10,None,None,None,None, , , , 
36852, ,5.941133984965035,3.696912707195032e-10,None,None,None,None, , , , 
36853, ,5.941133984965035,3.9626886387014783e-10,None,None,None,None, , , , 
36854, ,5.941133984965035,4.2475715525368935e-10,None,None,None,None, , , , 
36855, ,5.941133984965035,4.552935074866938e-10,None,None,None,None, , , , 
36856, ,5.941133984965035,4.880251583654433e-10,None,None,None,None, , , , 
36857, ,5.941133984965035,5.231099308056258e-10,None,None,None,None, , , , 
36858, ,5.941133984965035,5.60716993820547e-10,None,None,None,None, , , , 
36859, ,5.941133984965035,6.010276782070387e-10,None,None,None,None, , , , 
36860, ,5.941133984965035,6.442363508721371e-10,None,None,None,None, , , , 
36861, ,5.941133984965035,6.905513520162316e-10,None,None,None,None, , , , 
36862, ,5.941133984965035,7.401959996915653e-10,None,None,None,None, , , , 
36863, ,5.941133984965035,7.934096665797492e-10,None,None,None,None, , , , 
36864, ,5.941133984965035,8.504489341802668e-10,None,None,None,None, , , , 
36865, ,5.941133984965035,9.115888299750837e-10,None,None,None,None, , , , 
36866, ,5.941133984965035,9.771241535346502e-10,None,None,None,None, , , , 
36867, ,5.941133984965035,1.0473708979594486e-09,None,None,None,None, , , , 
36868, ,5.941133984965035,1.1226677735108114e-09,None,None,None,None, , , , 
36869, ,5.941133984965035,1.2033778407775904e-09,None,None,None,None, , , , 
36870, ,5.941133984965035,1.289890261253308e-09,None,None,None,None, , , , 
36871, ,5.941133984965035,1.3826221737646535e-09,None,None,None,None, , , , 
36872, ,5.941133984965035,1.4820207057988602e-09,None,None,None,None, , , , 
36873, ,5.941133984965035,1.5885651294280526e-09,None,None,None,None, , , , 
36874, ,5.941133984965035,1.702769172225898e-09,None,None,None,None, , , , 
36875, ,5.941133984965035,1.825183494319039e-09,None,None,None,None, , , , 
36876, ,5.941133984965035,1.956398343517065e-09,None,None,None,None, , , , 
36877, ,5.941133984965035,2.0970464013232305e-09,None,None,None,None, , , , 
36878, ,5.941133984965035,2.2478058335487307e-09,None,None,None,None, , , , 
36879, ,5.941133984965035,2.409403560239527e-09,None,None,None,None, , , , 
36880, ,5.941133984965035,2.582618760682675e-09,None,None,None,None, , , , 
36881, ,5.941133984965035,2.768286630392061e-09,None,None,None,None, , , , 
36882, ,5.941133984965035,2.9673024081888724e-09,None,None,None,None, , , , 
36883, ,5.941133984965035,3.180625692794119e-09,None,None,None,None, , , , 
36884, ,5.941133984965035,3.409285069746807e-09,None,None,None,None, , , , 
36885, ,5.941133984965035,3.654383070957262e-09,None,None,None,None, , , , 
36886, ,5.941133984965035,3.917101490809261e-09,None,None,None,None, , , , 
36887, ,5.941133984965035,4.198707084443906e-09,None,None,None,None, , , , 
36888, ,5.941133984965035,4.500557675700488e-09,None,None,None,None, , , , 
36889, ,5.941133984965035,4.824108704165374e-09,None,None,None,None, , , , 
36890, ,5.941133984965035,5.170920242896755e-09,None,None,None,None, , , , 
36891, ,5.941133984965035,5.542664520663096e-09,None,None,None,None, , , , 
36892, ,5.941133984965035,5.941133984965041e-09,None,None,None,None, , , , 
36893, ,5.941133984965035,6.3682499447185856e-09,None,None,None,None, , , , 
36894, ,5.941133984965035,6.826071834272379e-09,None,None,None,None, , , , 
36895, ,5.941133984965035,7.316807143427175e-09,None,None,None,None, , , , 
36896, ,5.941133984965035,7.842822061337681e-09,None,None,None,None, , , , 
36897, ,5.941133984965035,8.406652885618316e-09,None,None,None,None, , , , 
36898, ,5.941133984965035,9.011018251665036e-09,None,None,None,None, , , , 
36899, ,5.941133984965035,9.658832241158707e-09,None,None,None,None, , , , 
36900, ,5.941133984965035,1.0353218432956616e-08,None,None,None,None, , , , 
36901, ,5.941133984965035,1.1097524964120722e-08,None,None,None,None, , , , 
36902, ,5.941133984965035,1.1895340673703208e-08,None,None,None,None, , , , 
36903, ,5.941133984965035,1.2750512407130128e-08,None,None,None,None, , , , 
36904, ,5.941133984965035,1.3667163564620044e-08,None,None,None,None, , , , 
36905, ,5.941133984965035,1.4649713983072853e-08,None,None,None,None, , , , 
36906, ,5.941133984965035,1.5702901247293774e-08,None,None,None,None, , , , 
36907, ,5.941133984965035,1.683180353330955e-08,None,None,None,None, , , , 
36908, ,5.941133984965035,1.8041864093920717e-08,None,None,None,None, , , , 
36909, ,5.941133984965035,1.933891750455232e-08,None,None,None,None, , , , 
36910, ,5.941133984965035,2.0729217795953697e-08,None,None,None,None, , , , 
36911, ,5.941133984965035,2.221946860939524e-08,None,None,None,None, , , , 
36912, ,5.941133984965035,2.3816855519761606e-08,None,None,None,None, , , , 
36913, ,5.941133984965035,2.552908068239516e-08,None,None,None,None, , , , 
36914, ,5.941133984965035,2.7364399970746666e-08,None,None,None,None, , , , 
36915, ,5.941133984965035,2.933166278390042e-08,None,None,None,None, , , , 
36916, ,5.941133984965035,3.1440354715915e-08,None,None,None,None, , , , 
36917, ,5.941133984965035,3.370064329271925e-08,None,None,None,None, , , , 
36918, ,5.941133984965035,3.612342699709431e-08,None,None,None,None, , , , 
36919, ,5.941133984965035,3.872038781812557e-08,None,None,None,None, , , , 
36920, ,5.941133984965035,4.1504047578504727e-08,None,None,None,None, , , , 
36921, ,5.941133984965035,4.448782831127585e-08,None,None,None,None, , , , 
36922, ,5.941133984965035,4.768611697714474e-08,None,None,None,None, , , , 
36923, ,5.941133984965035,5.111433483440165e-08,None,None,None,None, , , , 
36924, ,5.941133984965035,5.478901179593934e-08,None,None,None,None, , , , 
36925, ,5.941133984965035,5.872786613189478e-08,None,None,None,None, , , , 
36926, ,5.941133984965035,6.294988990221888e-08,None,None,None,None, , , , 
36927, ,5.941133984965035,6.747544053110687e-08,None,None,None,None, , , , 
36928, ,5.941133984965035,7.232633896483534e-08,None,None,None,None, , , , 
36929, ,5.941133984965035,7.752597488629465e-08,None,None,None,None, , , , 
36930, ,5.941133984965035,8.309941949353386e-08,None,None,None,None, , , , 
36931, ,5.941133984965035,8.907354638610439e-08,None,None,None,None, , , , 
36932, ,5.941133984965035,9.547716114208066e-08,None,None,None,None, , , , 
36933, ,5.941133984965035,1.0234114021054528e-07,None,None,None,None, , , , 
36934, ,5.941133984965035,1.0969857978923841e-07,None,None,None,None, , , , 
36935, ,5.941133984965035,1.1758495540521555e-07,None,None,None,None, , , , 
36936, ,5.941133984965035,1.2603829296797277e-07,None,None,None,None, , , , 
36937, ,5.941133984965035,1.350993521198025e-07,None,None,None,None, , , , 
36938, ,5.941133984965035,1.4481182276745328e-07,None,None,None,None, , , , 
36939, ,5.941133984965035,1.552225357427048e-07,None,None,None,None, , , , 
36940, ,5.941133984965035,1.6638168860761273e-07,None,None,None,None, , , , 
36941, ,5.941133984965035,1.7834308769319093e-07,None,None,None,None, , , , 
36942, ,5.941133984965035,1.9116440753857e-07,None,None,None,None, , , , 
36943, ,5.941133984965035,2.049074689815846e-07,None,None,None,None, , , , 
36944, ,5.941133984965035,2.1963853724165468e-07,None,None,None,None, , , , 
36945, ,5.941133984965035,2.3542864143224158e-07,None,None,None,None, , , , 
36946, ,5.941133984965035,2.523539170434766e-07,None,None,None,None, , , , 
36947, ,5.941133984965035,2.7049597304631316e-07,None,None,None,None, , , , 
36948, ,5.941133984965035,2.899422853882875e-07,None,None,None,None, , , , 
36949, ,5.941133984965035,3.107866187782014e-07,None,None,None,None, , , , 
36950, ,5.941133984965035,3.33129478793467e-07,None,None,None,None, , , , 
36951, ,5.941133984965035,3.5707859649004626e-07,None,None,None,None, , , , 
36952, ,5.941133984965035,3.827494478516307e-07,None,None,None,None, , , , 
36953, ,5.941133984965035,4.1026581058271904e-07,None,None,None,None, , , , 
36954, ,5.941133984965035,4.397603609302722e-07,None,None,None,None, , , , 
36955, ,5.941133984965035,4.7137531341167185e-07,None,None,None,None, , , , 
36956, ,5.941133984965035,5.052631065335679e-07,None,None,None,None, , , , 
36957, ,5.941133984965035,5.415871378079465e-07,None,None,None,None, , , , 
36958, ,5.941133984965035,5.805225516094896e-07,None,None,None,None, , , , 
36959, ,5.941133984965035,6.222570836730232e-07,None,None,None,None, , , , 
36960, ,5.941133984965035,6.669919663030115e-07,None,None,None,None, , , , 
36961, ,5.941133984965035,7.149428986597576e-07,None,None,None,None, , , , 
36962, ,5.941133984965035,7.663410868007445e-07,None,None,None,None, , , , 
36963, ,5.941133984965035,8.214343584919422e-07,None,None,None,None, , , , 
36964, ,5.941133984965035,8.804883581643463e-07,None,None,None,None, , , , 
36965, ,5.941133984965035,9.437878277775371e-07,None,None,None,None, , , , 
36966, ,5.941133984965035,1.0116379797662072e-06,None,None,None,None, , , , 
36967, ,5.941133984965035,1.0843659686896086e-06,None,None,None,None, , , , 
36968, ,5.941133984965035,1.1623224686798522e-06,None,None,None,None, , , , 
36969, ,5.941133984965035,1.2458833642950078e-06,None,None,None,None, , , , 
36970, ,5.941133984965035,1.3354515629298971e-06,None,None,None,None, , , , 
36971, ,5.941133984965035,1.4314589375234786e-06,None,None,None,None, , , , 
36972, ,5.941133984965035,1.53436840893001e-06,None,None,None,None, , , , 
36973, ,5.941133984965035,1.6446761779946631e-06,None,None,None,None, , , , 
36974, ,5.941133984965035,1.762914118095948e-06,None,None,None,None, , , , 
36975, ,5.941133984965035,1.8896523396912082e-06,None,None,None,None, , , , 
36976, ,5.941133984965035,2.0255019392306664e-06,None,None,None,None, , , , 
36977, ,5.941133984965035,2.171117945694501e-06,None,None,None,None, , , , 
36978, ,5.941133984965035,2.327202478960408e-06,None,None,None,None, , , , 
36979, ,5.941133984965035,2.494508135230317e-06,None,None,None,None, , , , 
36980, ,5.941133984965035,2.673841615839944e-06,None,None,None,None, , , , 
36981, ,5.941133984965035,2.8660676169482507e-06,None,None,None,None, , , , 
36982, ,5.941133984965035,3.0721129988617524e-06,None,None,None,None, , , , 
36983, ,5.941133984965035,3.292971255097148e-06,None,None,None,None, , , , 
36984, ,5.941133984965035,3.5297073027306505e-06,None,None,None,None, , , , 
36985, ,5.941133984965035,3.783462617131925e-06,None,None,None,None, , , , 
36986, ,5.941133984965035,4.0554607358408275e-06,None,None,None,None, , , , 
36987, ,5.941133984965035,4.3470131581250175e-06,None,None,None,None, , , , 
36988, ,5.941133984965035,4.6595256686646765e-06,None,None,None,None, , , , 
36989, ,5.941133984965035,4.99450511585514e-06,None,None,None,None, , , , 
36990, ,5.941133984965035,5.353566677410719e-06,None,None,None,None, , , , 
36991, ,5.941133984965035,5.738441648302393e-06,None,None,None,None, , , , 
36992, ,5.941133984965035,6.150985788580505e-06,None,None,None,None, , , , 
36993, ,5.941133984965035,6.593188271333541e-06,None,None,None,None, , , , 
36994, ,5.941133984965035,7.067181273927492e-06,None,None,None,None, , , , 
36995, ,5.941133984965035,7.575250258771904e-06,None,None,None,None, , , , 
36996, ,5.941133984965035,8.119844993184007e-06,None,None,None,None, , , , 
36997, ,5.941133984965035,8.703591361485167e-06,None,None,None,None, , , , 
36998, ,5.941133984965035,9.329304026284676e-06,None,None,None,None, , , , 
36999, ,5.941133984965035,1e-05,None,None,None,None, , , , 
37000, ,6.150985788580497,1e-11,None,None,None,None, , , , 
37001, ,6.150985788580497,1.0718913192051263e-11,None,None,None,None, , , , 
37002, ,6.150985788580497,1.1489510001873107e-11,None,None,None,None, , , , 
37003, ,6.150985788580497,1.2315506032928262e-11,None,None,None,None, , , , 
37004, ,6.150985788580497,1.3200884008314167e-11,None,None,None,None, , , , 
37005, ,6.150985788580497,1.4149912974345786e-11,None,None,None,None, , , , 
37006, ,6.150985788580497,1.5167168884709242e-11,None,None,None,None, , , , 
37007, ,6.150985788580497,1.6257556664437934e-11,None,None,None,None, , , , 
37008, ,6.150985788580497,1.7426333860096473e-11,None,None,None,None, , , , 
37009, ,6.150985788580497,1.8679135990207848e-11,None,None,None,None, , , , 
37010, ,6.150985788580497,2.0022003718155844e-11,None,None,None,None, , , , 
37011, ,6.150985788580497,2.1461411978584013e-11,None,None,None,None, , , , 
37012, ,6.150985788580497,2.300430119772921e-11,None,None,None,None, , , , 
37013, ,6.150985788580497,2.465811075822604e-11,None,None,None,None, , , , 
37014, ,6.150985788580497,2.643081486974103e-11,None,None,None,None, , , , 
37015, ,6.150985788580497,2.8330961018393178e-11,None,None,None,None, , , , 
37016, ,6.150985788580497,3.036771118035461e-11,None,None,None,None, , , , 
37017, ,6.150985788580497,3.255088599835057e-11,None,None,None,None, , , , 
37018, ,6.150985788580497,3.4891012134067674e-11,None,None,None,None, , , , 
37019, ,6.150985788580497,3.739937302478801e-11,None,None,None,None, , , , 
37020, ,6.150985788580497,4.0088063288984646e-11,None,None,None,None, , , , 
37021, ,6.150985788580497,4.297004704320835e-11,None,None,None,None, , , , 
37022, ,6.150985788580497,4.605922041145113e-11,None,None,None,None, , , , 
37023, ,6.150985788580497,4.937047852839004e-11,None,None,None,None, , , , 
37024, ,6.150985788580497,5.2919787359584366e-11,None,None,None,None, , , , 
37025, ,6.150985788580497,5.672426068491989e-11,None,None,None,None, , , , 
37026, ,6.150985788580497,6.080224261649427e-11,None,None,None,None, , , , 
37027, ,6.150985788580497,6.517339604882421e-11,None,None,None,None, , , , 
37028, ,6.150985788580497,6.985879746785235e-11,None,None,None,None, , , , 
37029, ,6.150985788580497,7.48810385759003e-11,None,None,None,None, , , , 
37030, ,6.150985788580497,8.026433522257174e-11,None,None,None,None, , , , 
37031, ,6.150985788580497,8.603464416684492e-11,None,None,None,None, , , , 
37032, ,6.150985788580497,9.221978823334341e-11,None,None,None,None, , , , 
37033, ,6.150985788580497,9.884959046625586e-11,None,None,None,None, , , , 
37034, ,6.150985788580497,1.0595601792776149e-10,None,None,None,None, , , , 
37035, ,6.150985788580497,1.1357333583431027e-10,None,None,None,None, , , , 
37036, ,6.150985788580497,1.217382727739662e-10,None,None,None,None, , , , 
37037, ,6.150985788580497,1.3049019780144016e-10,None,None,None,None, , , , 
37038, ,6.150985788580497,1.398713102647236e-10,None,None,None,None, , , , 
37039, ,6.150985788580497,1.4992684327860468e-10,None,None,None,None, , , , 
37040, ,6.150985788580497,1.6070528182616384e-10,None,None,None,None, , , , 
37041, ,6.150985788580497,1.722585965398784e-10,None,None,None,None, , , , 
37042, ,6.150985788580497,1.8464249428955463e-10,None,None,None,None, , , , 
37043, ,6.150985788580497,1.9791668678535569e-10,None,None,None,None, , , , 
37044, ,6.150985788580497,2.121451784910628e-10,None,None,None,None, , , , 
37045, ,6.150985788580497,2.273965752357932e-10,None,None,None,None, , , , 
37046, ,6.150985788580497,2.4374441501222216e-10,None,None,None,None, , , , 
37047, ,6.150985788580497,2.6126752255633265e-10,None,None,None,None, , , , 
37048, ,6.150985788580497,2.8005038941836253e-10,None,None,None,None, , , , 
37049, ,6.150985788580497,3.0018358135755917e-10,None,None,None,None, , , , 
37050, ,6.150985788580497,3.2176417502507347e-10,None,None,None,None, , , , 
37051, ,6.150985788580497,3.4489622604057533e-10,None,None,None,None, , , , 
37052, ,6.150985788580497,3.696912707195032e-10,None,None,None,None, , , , 
37053, ,6.150985788580497,3.9626886387014783e-10,None,None,None,None, , , , 
37054, ,6.150985788580497,4.2475715525368935e-10,None,None,None,None, , , , 
37055, ,6.150985788580497,4.552935074866938e-10,None,None,None,None, , , , 
37056, ,6.150985788580497,4.880251583654433e-10,None,None,None,None, , , , 
37057, ,6.150985788580497,5.231099308056258e-10,None,None,None,None, , , , 
37058, ,6.150985788580497,5.60716993820547e-10,None,None,None,None, , , , 
37059, ,6.150985788580497,6.010276782070387e-10,None,None,None,None, , , , 
37060, ,6.150985788580497,6.442363508721371e-10,None,None,None,None, , , , 
37061, ,6.150985788580497,6.905513520162316e-10,None,None,None,None, , , , 
37062, ,6.150985788580497,7.401959996915653e-10,None,None,None,None, , , , 
37063, ,6.150985788580497,7.934096665797492e-10,None,None,None,None, , , , 
37064, ,6.150985788580497,8.504489341802668e-10,None,None,None,None, , , , 
37065, ,6.150985788580497,9.115888299750837e-10,None,None,None,None, , , , 
37066, ,6.150985788580497,9.771241535346502e-10,None,None,None,None, , , , 
37067, ,6.150985788580497,1.0473708979594486e-09,None,None,None,None, , , , 
37068, ,6.150985788580497,1.1226677735108114e-09,None,None,None,None, , , , 
37069, ,6.150985788580497,1.2033778407775904e-09,None,None,None,None, , , , 
37070, ,6.150985788580497,1.289890261253308e-09,None,None,None,None, , , , 
37071, ,6.150985788580497,1.3826221737646535e-09,None,None,None,None, , , , 
37072, ,6.150985788580497,1.4820207057988602e-09,None,None,None,None, , , , 
37073, ,6.150985788580497,1.5885651294280526e-09,None,None,None,None, , , , 
37074, ,6.150985788580497,1.702769172225898e-09,None,None,None,None, , , , 
37075, ,6.150985788580497,1.825183494319039e-09,None,None,None,None, , , , 
37076, ,6.150985788580497,1.956398343517065e-09,None,None,None,None, , , , 
37077, ,6.150985788580497,2.0970464013232305e-09,None,None,None,None, , , , 
37078, ,6.150985788580497,2.2478058335487307e-09,None,None,None,None, , , , 
37079, ,6.150985788580497,2.409403560239527e-09,None,None,None,None, , , , 
37080, ,6.150985788580497,2.582618760682675e-09,None,None,None,None, , , , 
37081, ,6.150985788580497,2.768286630392061e-09,None,None,None,None, , , , 
37082, ,6.150985788580497,2.9673024081888724e-09,None,None,None,None, , , , 
37083, ,6.150985788580497,3.180625692794119e-09,None,None,None,None, , , , 
37084, ,6.150985788580497,3.409285069746807e-09,None,None,None,None, , , , 
37085, ,6.150985788580497,3.654383070957262e-09,None,None,None,None, , , , 
37086, ,6.150985788580497,3.917101490809261e-09,None,None,None,None, , , , 
37087, ,6.150985788580497,4.198707084443906e-09,None,None,None,None, , , , 
37088, ,6.150985788580497,4.500557675700488e-09,None,None,None,None, , , , 
37089, ,6.150985788580497,4.824108704165374e-09,None,None,None,None, , , , 
37090, ,6.150985788580497,5.170920242896755e-09,None,None,None,None, , , , 
37091, ,6.150985788580497,5.542664520663096e-09,None,None,None,None, , , , 
37092, ,6.150985788580497,5.941133984965041e-09,None,None,None,None, , , , 
37093, ,6.150985788580497,6.3682499447185856e-09,None,None,None,None, , , , 
37094, ,6.150985788580497,6.826071834272379e-09,None,None,None,None, , , , 
37095, ,6.150985788580497,7.316807143427175e-09,None,None,None,None, , , , 
37096, ,6.150985788580497,7.842822061337681e-09,None,None,None,None, , , , 
37097, ,6.150985788580497,8.406652885618316e-09,None,None,None,None, , , , 
37098, ,6.150985788580497,9.011018251665036e-09,None,None,None,None, , , , 
37099, ,6.150985788580497,9.658832241158707e-09,None,None,None,None, , , , 
37100, ,6.150985788580497,1.0353218432956616e-08,None,None,None,None, , , , 
37101, ,6.150985788580497,1.1097524964120722e-08,None,None,None,None, , , , 
37102, ,6.150985788580497,1.1895340673703208e-08,None,None,None,None, , , , 
37103, ,6.150985788580497,1.2750512407130128e-08,None,None,None,None, , , , 
37104, ,6.150985788580497,1.3667163564620044e-08,None,None,None,None, , , , 
37105, ,6.150985788580497,1.4649713983072853e-08,None,None,None,None, , , , 
37106, ,6.150985788580497,1.5702901247293774e-08,None,None,None,None, , , , 
37107, ,6.150985788580497,1.683180353330955e-08,None,None,None,None, , , , 
37108, ,6.150985788580497,1.8041864093920717e-08,None,None,None,None, , , , 
37109, ,6.150985788580497,1.933891750455232e-08,None,None,None,None, , , , 
37110, ,6.150985788580497,2.0729217795953697e-08,None,None,None,None, , , , 
37111, ,6.150985788580497,2.221946860939524e-08,None,None,None,None, , , , 
37112, ,6.150985788580497,2.3816855519761606e-08,None,None,None,None, , , , 
37113, ,6.150985788580497,2.552908068239516e-08,None,None,None,None, , , , 
37114, ,6.150985788580497,2.7364399970746666e-08,None,None,None,None, , , , 
37115, ,6.150985788580497,2.933166278390042e-08,None,None,None,None, , , , 
37116, ,6.150985788580497,3.1440354715915e-08,None,None,None,None, , , , 
37117, ,6.150985788580497,3.370064329271925e-08,None,None,None,None, , , , 
37118, ,6.150985788580497,3.612342699709431e-08,None,None,None,None, , , , 
37119, ,6.150985788580497,3.872038781812557e-08,None,None,None,None, , , , 
37120, ,6.150985788580497,4.1504047578504727e-08,None,None,None,None, , , , 
37121, ,6.150985788580497,4.448782831127585e-08,None,None,None,None, , , , 
37122, ,6.150985788580497,4.768611697714474e-08,None,None,None,None, , , , 
37123, ,6.150985788580497,5.111433483440165e-08,None,None,None,None, , , , 
37124, ,6.150985788580497,5.478901179593934e-08,None,None,None,None, , , , 
37125, ,6.150985788580497,5.872786613189478e-08,None,None,None,None, , , , 
37126, ,6.150985788580497,6.294988990221888e-08,None,None,None,None, , , , 
37127, ,6.150985788580497,6.747544053110687e-08,None,None,None,None, , , , 
37128, ,6.150985788580497,7.232633896483534e-08,None,None,None,None, , , , 
37129, ,6.150985788580497,7.752597488629465e-08,None,None,None,None, , , , 
37130, ,6.150985788580497,8.309941949353386e-08,None,None,None,None, , , , 
37131, ,6.150985788580497,8.907354638610439e-08,None,None,None,None, , , , 
37132, ,6.150985788580497,9.547716114208066e-08,None,None,None,None, , , , 
37133, ,6.150985788580497,1.0234114021054528e-07,None,None,None,None, , , , 
37134, ,6.150985788580497,1.0969857978923841e-07,None,None,None,None, , , , 
37135, ,6.150985788580497,1.1758495540521555e-07,None,None,None,None, , , , 
37136, ,6.150985788580497,1.2603829296797277e-07,None,None,None,None, , , , 
37137, ,6.150985788580497,1.350993521198025e-07,None,None,None,None, , , , 
37138, ,6.150985788580497,1.4481182276745328e-07,None,None,None,None, , , , 
37139, ,6.150985788580497,1.552225357427048e-07,None,None,None,None, , , , 
37140, ,6.150985788580497,1.6638168860761273e-07,None,None,None,None, , , , 
37141, ,6.150985788580497,1.7834308769319093e-07,None,None,None,None, , , , 
37142, ,6.150985788580497,1.9116440753857e-07,None,None,None,None, , , , 
37143, ,6.150985788580497,2.049074689815846e-07,None,None,None,None, , , , 
37144, ,6.150985788580497,2.1963853724165468e-07,None,None,None,None, , , , 
37145, ,6.150985788580497,2.3542864143224158e-07,None,None,None,None, , , , 
37146, ,6.150985788580497,2.523539170434766e-07,None,None,None,None, , , , 
37147, ,6.150985788580497,2.7049597304631316e-07,None,None,None,None, , , , 
37148, ,6.150985788580497,2.899422853882875e-07,None,None,None,None, , , , 
37149, ,6.150985788580497,3.107866187782014e-07,None,None,None,None, , , , 
37150, ,6.150985788580497,3.33129478793467e-07,None,None,None,None, , , , 
37151, ,6.150985788580497,3.5707859649004626e-07,None,None,None,None, , , , 
37152, ,6.150985788580497,3.827494478516307e-07,None,None,None,None, , , , 
37153, ,6.150985788580497,4.1026581058271904e-07,None,None,None,None, , , , 
37154, ,6.150985788580497,4.397603609302722e-07,None,None,None,None, , , , 
37155, ,6.150985788580497,4.7137531341167185e-07,None,None,None,None, , , , 
37156, ,6.150985788580497,5.052631065335679e-07,None,None,None,None, , , , 
37157, ,6.150985788580497,5.415871378079465e-07,None,None,None,None, , , , 
37158, ,6.150985788580497,5.805225516094896e-07,None,None,None,None, , , , 
37159, ,6.150985788580497,6.222570836730232e-07,None,None,None,None, , , , 
37160, ,6.150985788580497,6.669919663030115e-07,None,None,None,None, , , , 
37161, ,6.150985788580497,7.149428986597576e-07,None,None,None,None, , , , 
37162, ,6.150985788580497,7.663410868007445e-07,None,None,None,None, , , , 
37163, ,6.150985788580497,8.214343584919422e-07,None,None,None,None, , , , 
37164, ,6.150985788580497,8.804883581643463e-07,None,None,None,None, , , , 
37165, ,6.150985788580497,9.437878277775371e-07,None,None,None,None, , , , 
37166, ,6.150985788580497,1.0116379797662072e-06,None,None,None,None, , , , 
37167, ,6.150985788580497,1.0843659686896086e-06,None,None,None,None, , , , 
37168, ,6.150985788580497,1.1623224686798522e-06,None,None,None,None, , , , 
37169, ,6.150985788580497,1.2458833642950078e-06,None,None,None,None, , , , 
37170, ,6.150985788580497,1.3354515629298971e-06,None,None,None,None, , , , 
37171, ,6.150985788580497,1.4314589375234786e-06,None,None,None,None, , , , 
37172, ,6.150985788580497,1.53436840893001e-06,None,None,None,None, , , , 
37173, ,6.150985788580497,1.6446761779946631e-06,None,None,None,None, , , , 
37174, ,6.150985788580497,1.762914118095948e-06,None,None,None,None, , , , 
37175, ,6.150985788580497,1.8896523396912082e-06,None,None,None,None, , , , 
37176, ,6.150985788580497,2.0255019392306664e-06,None,None,None,None, , , , 
37177, ,6.150985788580497,2.171117945694501e-06,None,None,None,None, , , , 
37178, ,6.150985788580497,2.327202478960408e-06,None,None,None,None, , , , 
37179, ,6.150985788580497,2.494508135230317e-06,None,None,None,None, , , , 
37180, ,6.150985788580497,2.673841615839944e-06,None,None,None,None, , , , 
37181, ,6.150985788580497,2.8660676169482507e-06,None,None,None,None, , , , 
37182, ,6.150985788580497,3.0721129988617524e-06,None,None,None,None, , , , 
37183, ,6.150985788580497,3.292971255097148e-06,None,None,None,None, , , , 
37184, ,6.150985788580497,3.5297073027306505e-06,None,None,None,None, , , , 
37185, ,6.150985788580497,3.783462617131925e-06,None,None,None,None, , , , 
37186, ,6.150985788580497,4.0554607358408275e-06,None,None,None,None, , , , 
37187, ,6.150985788580497,4.3470131581250175e-06,None,None,None,None, , , , 
37188, ,6.150985788580497,4.6595256686646765e-06,None,None,None,None, , , , 
37189, ,6.150985788580497,4.99450511585514e-06,None,None,None,None, , , , 
37190, ,6.150985788580497,5.353566677410719e-06,None,None,None,None, , , , 
37191, ,6.150985788580497,5.738441648302393e-06,None,None,None,None, , , , 
37192, ,6.150985788580497,6.150985788580505e-06,None,None,None,None, , , , 
37193, ,6.150985788580497,6.593188271333541e-06,None,None,None,None, , , , 
37194, ,6.150985788580497,7.067181273927492e-06,None,None,None,None, , , , 
37195, ,6.150985788580497,7.575250258771904e-06,None,None,None,None, , , , 
37196, ,6.150985788580497,8.119844993184007e-06,None,None,None,None, , , , 
37197, ,6.150985788580497,8.703591361485167e-06,None,None,None,None, , , , 
37198, ,6.150985788580497,9.329304026284676e-06,None,None,None,None, , , , 
37199, ,6.150985788580497,1e-05,None,None,None,None, , , , 
37200, ,6.3682499447185865,1e-11,None,None,None,None, , , , 
37201, ,6.3682499447185865,1.0718913192051263e-11,None,None,None,None, , , , 
37202, ,6.3682499447185865,1.1489510001873107e-11,None,None,None,None, , , , 
37203, ,6.3682499447185865,1.2315506032928262e-11,None,None,None,None, , , , 
37204, ,6.3682499447185865,1.3200884008314167e-11,None,None,None,None, , , , 
37205, ,6.3682499447185865,1.4149912974345786e-11,None,None,None,None, , , , 
37206, ,6.3682499447185865,1.5167168884709242e-11,None,None,None,None, , , , 
37207, ,6.3682499447185865,1.6257556664437934e-11,None,None,None,None, , , , 
37208, ,6.3682499447185865,1.7426333860096473e-11,None,None,None,None, , , , 
37209, ,6.3682499447185865,1.8679135990207848e-11,None,None,None,None, , , , 
37210, ,6.3682499447185865,2.0022003718155844e-11,None,None,None,None, , , , 
37211, ,6.3682499447185865,2.1461411978584013e-11,None,None,None,None, , , , 
37212, ,6.3682499447185865,2.300430119772921e-11,None,None,None,None, , , , 
37213, ,6.3682499447185865,2.465811075822604e-11,None,None,None,None, , , , 
37214, ,6.3682499447185865,2.643081486974103e-11,None,None,None,None, , , , 
37215, ,6.3682499447185865,2.8330961018393178e-11,None,None,None,None, , , , 
37216, ,6.3682499447185865,3.036771118035461e-11,None,None,None,None, , , , 
37217, ,6.3682499447185865,3.255088599835057e-11,None,None,None,None, , , , 
37218, ,6.3682499447185865,3.4891012134067674e-11,None,None,None,None, , , , 
37219, ,6.3682499447185865,3.739937302478801e-11,None,None,None,None, , , , 
37220, ,6.3682499447185865,4.0088063288984646e-11,None,None,None,None, , , , 
37221, ,6.3682499447185865,4.297004704320835e-11,None,None,None,None, , , , 
37222, ,6.3682499447185865,4.605922041145113e-11,None,None,None,None, , , , 
37223, ,6.3682499447185865,4.937047852839004e-11,None,None,None,None, , , , 
37224, ,6.3682499447185865,5.2919787359584366e-11,None,None,None,None, , , , 
37225, ,6.3682499447185865,5.672426068491989e-11,None,None,None,None, , , , 
37226, ,6.3682499447185865,6.080224261649427e-11,None,None,None,None, , , , 
37227, ,6.3682499447185865,6.517339604882421e-11,None,None,None,None, , , , 
37228, ,6.3682499447185865,6.985879746785235e-11,None,None,None,None, , , , 
37229, ,6.3682499447185865,7.48810385759003e-11,None,None,None,None, , , , 
37230, ,6.3682499447185865,8.026433522257174e-11,None,None,None,None, , , , 
37231, ,6.3682499447185865,8.603464416684492e-11,None,None,None,None, , , , 
37232, ,6.3682499447185865,9.221978823334341e-11,None,None,None,None, , , , 
37233, ,6.3682499447185865,9.884959046625586e-11,None,None,None,None, , , , 
37234, ,6.3682499447185865,1.0595601792776149e-10,None,None,None,None, , , , 
37235, ,6.3682499447185865,1.1357333583431027e-10,None,None,None,None, , , , 
37236, ,6.3682499447185865,1.217382727739662e-10,None,None,None,None, , , , 
37237, ,6.3682499447185865,1.3049019780144016e-10,None,None,None,None, , , , 
37238, ,6.3682499447185865,1.398713102647236e-10,None,None,None,None, , , , 
37239, ,6.3682499447185865,1.4992684327860468e-10,None,None,None,None, , , , 
37240, ,6.3682499447185865,1.6070528182616384e-10,None,None,None,None, , , , 
37241, ,6.3682499447185865,1.722585965398784e-10,None,None,None,None, , , , 
37242, ,6.3682499447185865,1.8464249428955463e-10,None,None,None,None, , , , 
37243, ,6.3682499447185865,1.9791668678535569e-10,None,None,None,None, , , , 
37244, ,6.3682499447185865,2.121451784910628e-10,None,None,None,None, , , , 
37245, ,6.3682499447185865,2.273965752357932e-10,None,None,None,None, , , , 
37246, ,6.3682499447185865,2.4374441501222216e-10,None,None,None,None, , , , 
37247, ,6.3682499447185865,2.6126752255633265e-10,None,None,None,None, , , , 
37248, ,6.3682499447185865,2.8005038941836253e-10,None,None,None,None, , , , 
37249, ,6.3682499447185865,3.0018358135755917e-10,None,None,None,None, , , , 
37250, ,6.3682499447185865,3.2176417502507347e-10,None,None,None,None, , , , 
37251, ,6.3682499447185865,3.4489622604057533e-10,None,None,None,None, , , , 
37252, ,6.3682499447185865,3.696912707195032e-10,None,None,None,None, , , , 
37253, ,6.3682499447185865,3.9626886387014783e-10,None,None,None,None, , , , 
37254, ,6.3682499447185865,4.2475715525368935e-10,None,None,None,None, , , , 
37255, ,6.3682499447185865,4.552935074866938e-10,None,None,None,None, , , , 
37256, ,6.3682499447185865,4.880251583654433e-10,None,None,None,None, , , , 
37257, ,6.3682499447185865,5.231099308056258e-10,None,None,None,None, , , , 
37258, ,6.3682499447185865,5.60716993820547e-10,None,None,None,None, , , , 
37259, ,6.3682499447185865,6.010276782070387e-10,None,None,None,None, , , , 
37260, ,6.3682499447185865,6.442363508721371e-10,None,None,None,None, , , , 
37261, ,6.3682499447185865,6.905513520162316e-10,None,None,None,None, , , , 
37262, ,6.3682499447185865,7.401959996915653e-10,None,None,None,None, , , , 
37263, ,6.3682499447185865,7.934096665797492e-10,None,None,None,None, , , , 
37264, ,6.3682499447185865,8.504489341802668e-10,None,None,None,None, , , , 
37265, ,6.3682499447185865,9.115888299750837e-10,None,None,None,None, , , , 
37266, ,6.3682499447185865,9.771241535346502e-10,None,None,None,None, , , , 
37267, ,6.3682499447185865,1.0473708979594486e-09,None,None,None,None, , , , 
37268, ,6.3682499447185865,1.1226677735108114e-09,None,None,None,None, , , , 
37269, ,6.3682499447185865,1.2033778407775904e-09,None,None,None,None, , , , 
37270, ,6.3682499447185865,1.289890261253308e-09,None,None,None,None, , , , 
37271, ,6.3682499447185865,1.3826221737646535e-09,None,None,None,None, , , , 
37272, ,6.3682499447185865,1.4820207057988602e-09,None,None,None,None, , , , 
37273, ,6.3682499447185865,1.5885651294280526e-09,None,None,None,None, , , , 
37274, ,6.3682499447185865,1.702769172225898e-09,None,None,None,None, , , , 
37275, ,6.3682499447185865,1.825183494319039e-09,None,None,None,None, , , , 
37276, ,6.3682499447185865,1.956398343517065e-09,None,None,None,None, , , , 
37277, ,6.3682499447185865,2.0970464013232305e-09,None,None,None,None, , , , 
37278, ,6.3682499447185865,2.2478058335487307e-09,None,None,None,None, , , , 
37279, ,6.3682499447185865,2.409403560239527e-09,None,None,None,None, , , , 
37280, ,6.3682499447185865,2.582618760682675e-09,None,None,None,None, , , , 
37281, ,6.3682499447185865,2.768286630392061e-09,None,None,None,None, , , , 
37282, ,6.3682499447185865,2.9673024081888724e-09,None,None,None,None, , , , 
37283, ,6.3682499447185865,3.180625692794119e-09,None,None,None,None, , , , 
37284, ,6.3682499447185865,3.409285069746807e-09,None,None,None,None, , , , 
37285, ,6.3682499447185865,3.654383070957262e-09,None,None,None,None, , , , 
37286, ,6.3682499447185865,3.917101490809261e-09,None,None,None,None, , , , 
37287, ,6.3682499447185865,4.198707084443906e-09,None,None,None,None, , , , 
37288, ,6.3682499447185865,4.500557675700488e-09,None,None,None,None, , , , 
37289, ,6.3682499447185865,4.824108704165374e-09,None,None,None,None, , , , 
37290, ,6.3682499447185865,5.170920242896755e-09,None,None,None,None, , , , 
37291, ,6.3682499447185865,5.542664520663096e-09,None,None,None,None, , , , 
37292, ,6.3682499447185865,5.941133984965041e-09,None,None,None,None, , , , 
37293, ,6.3682499447185865,6.3682499447185856e-09,None,None,None,None, , , , 
37294, ,6.3682499447185865,6.826071834272379e-09,None,None,None,None, , , , 
37295, ,6.3682499447185865,7.316807143427175e-09,None,None,None,None, , , , 
37296, ,6.3682499447185865,7.842822061337681e-09,None,None,None,None, , , , 
37297, ,6.3682499447185865,8.406652885618316e-09,None,None,None,None, , , , 
37298, ,6.3682499447185865,9.011018251665036e-09,None,None,None,None, , , , 
37299, ,6.3682499447185865,9.658832241158707e-09,None,None,None,None, , , , 
37300, ,6.3682499447185865,1.0353218432956616e-08,None,None,None,None, , , , 
37301, ,6.3682499447185865,1.1097524964120722e-08,None,None,None,None, , , , 
37302, ,6.3682499447185865,1.1895340673703208e-08,None,None,None,None, , , , 
37303, ,6.3682499447185865,1.2750512407130128e-08,None,None,None,None, , , , 
37304, ,6.3682499447185865,1.3667163564620044e-08,None,None,None,None, , , , 
37305, ,6.3682499447185865,1.4649713983072853e-08,None,None,None,None, , , , 
37306, ,6.3682499447185865,1.5702901247293774e-08,None,None,None,None, , , , 
37307, ,6.3682499447185865,1.683180353330955e-08,None,None,None,None, , , , 
37308, ,6.3682499447185865,1.8041864093920717e-08,None,None,None,None, , , , 
37309, ,6.3682499447185865,1.933891750455232e-08,None,None,None,None, , , , 
37310, ,6.3682499447185865,2.0729217795953697e-08,None,None,None,None, , , , 
37311, ,6.3682499447185865,2.221946860939524e-08,None,None,None,None, , , , 
37312, ,6.3682499447185865,2.3816855519761606e-08,None,None,None,None, , , , 
37313, ,6.3682499447185865,2.552908068239516e-08,None,None,None,None, , , , 
37314, ,6.3682499447185865,2.7364399970746666e-08,None,None,None,None, , , , 
37315, ,6.3682499447185865,2.933166278390042e-08,None,None,None,None, , , , 
37316, ,6.3682499447185865,3.1440354715915e-08,None,None,None,None, , , , 
37317, ,6.3682499447185865,3.370064329271925e-08,None,None,None,None, , , , 
37318, ,6.3682499447185865,3.612342699709431e-08,None,None,None,None, , , , 
37319, ,6.3682499447185865,3.872038781812557e-08,None,None,None,None, , , , 
37320, ,6.3682499447185865,4.1504047578504727e-08,None,None,None,None, , , , 
37321, ,6.3682499447185865,4.448782831127585e-08,None,None,None,None, , , , 
37322, ,6.3682499447185865,4.768611697714474e-08,None,None,None,None, , , , 
37323, ,6.3682499447185865,5.111433483440165e-08,None,None,None,None, , , , 
37324, ,6.3682499447185865,5.478901179593934e-08,None,None,None,None, , , , 
37325, ,6.3682499447185865,5.872786613189478e-08,None,None,None,None, , , , 
37326, ,6.3682499447185865,6.294988990221888e-08,None,None,None,None, , , , 
37327, ,6.3682499447185865,6.747544053110687e-08,None,None,None,None, , , , 
37328, ,6.3682499447185865,7.232633896483534e-08,None,None,None,None, , , , 
37329, ,6.3682499447185865,7.752597488629465e-08,None,None,None,None, , , , 
37330, ,6.3682499447185865,8.309941949353386e-08,None,None,None,None, , , , 
37331, ,6.3682499447185865,8.907354638610439e-08,None,None,None,None, , , , 
37332, ,6.3682499447185865,9.547716114208066e-08,None,None,None,None, , , , 
37333, ,6.3682499447185865,1.0234114021054528e-07,None,None,None,None, , , , 
37334, ,6.3682499447185865,1.0969857978923841e-07,None,None,None,None, , , , 
37335, ,6.3682499447185865,1.1758495540521555e-07,None,None,None,None, , , , 
37336, ,6.3682499447185865,1.2603829296797277e-07,None,None,None,None, , , , 
37337, ,6.3682499447185865,1.350993521198025e-07,None,None,None,None, , , , 
37338, ,6.3682499447185865,1.4481182276745328e-07,None,None,None,None, , , , 
37339, ,6.3682499447185865,1.552225357427048e-07,None,None,None,None, , , , 
37340, ,6.3682499447185865,1.6638168860761273e-07,None,None,None,None, , , , 
37341, ,6.3682499447185865,1.7834308769319093e-07,None,None,None,None, , , , 
37342, ,6.3682499447185865,1.9116440753857e-07,None,None,None,None, , , , 
37343, ,6.3682499447185865,2.049074689815846e-07,None,None,None,None, , , , 
37344, ,6.3682499447185865,2.1963853724165468e-07,None,None,None,None, , , , 
37345, ,6.3682499447185865,2.3542864143224158e-07,None,None,None,None, , , , 
37346, ,6.3682499447185865,2.523539170434766e-07,None,None,None,None, , , , 
37347, ,6.3682499447185865,2.7049597304631316e-07,None,None,None,None, , , , 
37348, ,6.3682499447185865,2.899422853882875e-07,None,None,None,None, , , , 
37349, ,6.3682499447185865,3.107866187782014e-07,None,None,None,None, , , , 
37350, ,6.3682499447185865,3.33129478793467e-07,None,None,None,None, , , , 
37351, ,6.3682499447185865,3.5707859649004626e-07,None,None,None,None, , , , 
37352, ,6.3682499447185865,3.827494478516307e-07,None,None,None,None, , , , 
37353, ,6.3682499447185865,4.1026581058271904e-07,None,None,None,None, , , , 
37354, ,6.3682499447185865,4.397603609302722e-07,None,None,None,None, , , , 
37355, ,6.3682499447185865,4.7137531341167185e-07,None,None,None,None, , , , 
37356, ,6.3682499447185865,5.052631065335679e-07,None,None,None,None, , , , 
37357, ,6.3682499447185865,5.415871378079465e-07,None,None,None,None, , , , 
37358, ,6.3682499447185865,5.805225516094896e-07,None,None,None,None, , , , 
37359, ,6.3682499447185865,6.222570836730232e-07,None,None,None,None, , , , 
37360, ,6.3682499447185865,6.669919663030115e-07,None,None,None,None, , , , 
37361, ,6.3682499447185865,7.149428986597576e-07,None,None,None,None, , , , 
37362, ,6.3682499447185865,7.663410868007445e-07,None,None,None,None, , , , 
37363, ,6.3682499447185865,8.214343584919422e-07,None,None,None,None, , , , 
37364, ,6.3682499447185865,8.804883581643463e-07,None,None,None,None, , , , 
37365, ,6.3682499447185865,9.437878277775371e-07,None,None,None,None, , , , 
37366, ,6.3682499447185865,1.0116379797662072e-06,None,None,None,None, , , , 
37367, ,6.3682499447185865,1.0843659686896086e-06,None,None,None,None, , , , 
37368, ,6.3682499447185865,1.1623224686798522e-06,None,None,None,None, , , , 
37369, ,6.3682499447185865,1.2458833642950078e-06,None,None,None,None, , , , 
37370, ,6.3682499447185865,1.3354515629298971e-06,None,None,None,None, , , , 
37371, ,6.3682499447185865,1.4314589375234786e-06,None,None,None,None, , , , 
37372, ,6.3682499447185865,1.53436840893001e-06,None,None,None,None, , , , 
37373, ,6.3682499447185865,1.6446761779946631e-06,None,None,None,None, , , , 
37374, ,6.3682499447185865,1.762914118095948e-06,None,None,None,None, , , , 
37375, ,6.3682499447185865,1.8896523396912082e-06,None,None,None,None, , , , 
37376, ,6.3682499447185865,2.0255019392306664e-06,None,None,None,None, , , , 
37377, ,6.3682499447185865,2.171117945694501e-06,None,None,None,None, , , , 
37378, ,6.3682499447185865,2.327202478960408e-06,None,None,None,None, , , , 
37379, ,6.3682499447185865,2.494508135230317e-06,None,None,None,None, , , , 
37380, ,6.3682499447185865,2.673841615839944e-06,None,None,None,None, , , , 
37381, ,6.3682499447185865,2.8660676169482507e-06,None,None,None,None, , , , 
37382, ,6.3682499447185865,3.0721129988617524e-06,None,None,None,None, , , , 
37383, ,6.3682499447185865,3.292971255097148e-06,None,None,None,None, , , , 
37384, ,6.3682499447185865,3.5297073027306505e-06,None,None,None,None, , , , 
37385, ,6.3682499447185865,3.783462617131925e-06,None,None,None,None, , , , 
37386, ,6.3682499447185865,4.0554607358408275e-06,None,None,None,None, , , , 
37387, ,6.3682499447185865,4.3470131581250175e-06,None,None,None,None, , , , 
37388, ,6.3682499447185865,4.6595256686646765e-06,None,None,None,None, , , , 
37389, ,6.3682499447185865,4.99450511585514e-06,None,None,None,None, , , , 
37390, ,6.3682499447185865,5.353566677410719e-06,None,None,None,None, , , , 
37391, ,6.3682499447185865,5.738441648302393e-06,None,None,None,None, , , , 
37392, ,6.3682499447185865,6.150985788580505e-06,None,None,None,None, , , , 
37393, ,6.3682499447185865,6.593188271333541e-06,None,None,None,None, , , , 
37394, ,6.3682499447185865,7.067181273927492e-06,None,None,None,None, , , , 
37395, ,6.3682499447185865,7.575250258771904e-06,None,None,None,None, , , , 
37396, ,6.3682499447185865,8.119844993184007e-06,None,None,None,None, , , , 
37397, ,6.3682499447185865,8.703591361485167e-06,None,None,None,None, , , , 
37398, ,6.3682499447185865,9.329304026284676e-06,None,None,None,None, , , , 
37399, ,6.3682499447185865,1e-05,None,None,None,None, , , , 
37400, ,6.593188271333543,1e-11,None,None,None,None, , , , 
37401, ,6.593188271333543,1.0718913192051263e-11,None,None,None,None, , , , 
37402, ,6.593188271333543,1.1489510001873107e-11,None,None,None,None, , , , 
37403, ,6.593188271333543,1.2315506032928262e-11,None,None,None,None, , , , 
37404, ,6.593188271333543,1.3200884008314167e-11,None,None,None,None, , , , 
37405, ,6.593188271333543,1.4149912974345786e-11,None,None,None,None, , , , 
37406, ,6.593188271333543,1.5167168884709242e-11,None,None,None,None, , , , 
37407, ,6.593188271333543,1.6257556664437934e-11,None,None,None,None, , , , 
37408, ,6.593188271333543,1.7426333860096473e-11,None,None,None,None, , , , 
37409, ,6.593188271333543,1.8679135990207848e-11,None,None,None,None, , , , 
37410, ,6.593188271333543,2.0022003718155844e-11,None,None,None,None, , , , 
37411, ,6.593188271333543,2.1461411978584013e-11,None,None,None,None, , , , 
37412, ,6.593188271333543,2.300430119772921e-11,None,None,None,None, , , , 
37413, ,6.593188271333543,2.465811075822604e-11,None,None,None,None, , , , 
37414, ,6.593188271333543,2.643081486974103e-11,None,None,None,None, , , , 
37415, ,6.593188271333543,2.8330961018393178e-11,None,None,None,None, , , , 
37416, ,6.593188271333543,3.036771118035461e-11,None,None,None,None, , , , 
37417, ,6.593188271333543,3.255088599835057e-11,None,None,None,None, , , , 
37418, ,6.593188271333543,3.4891012134067674e-11,None,None,None,None, , , , 
37419, ,6.593188271333543,3.739937302478801e-11,None,None,None,None, , , , 
37420, ,6.593188271333543,4.0088063288984646e-11,None,None,None,None, , , , 
37421, ,6.593188271333543,4.297004704320835e-11,None,None,None,None, , , , 
37422, ,6.593188271333543,4.605922041145113e-11,None,None,None,None, , , , 
37423, ,6.593188271333543,4.937047852839004e-11,None,None,None,None, , , , 
37424, ,6.593188271333543,5.2919787359584366e-11,None,None,None,None, , , , 
37425, ,6.593188271333543,5.672426068491989e-11,None,None,None,None, , , , 
37426, ,6.593188271333543,6.080224261649427e-11,None,None,None,None, , , , 
37427, ,6.593188271333543,6.517339604882421e-11,None,None,None,None, , , , 
37428, ,6.593188271333543,6.985879746785235e-11,None,None,None,None, , , , 
37429, ,6.593188271333543,7.48810385759003e-11,None,None,None,None, , , , 
37430, ,6.593188271333543,8.026433522257174e-11,None,None,None,None, , , , 
37431, ,6.593188271333543,8.603464416684492e-11,None,None,None,None, , , , 
37432, ,6.593188271333543,9.221978823334341e-11,None,None,None,None, , , , 
37433, ,6.593188271333543,9.884959046625586e-11,None,None,None,None, , , , 
37434, ,6.593188271333543,1.0595601792776149e-10,None,None,None,None, , , , 
37435, ,6.593188271333543,1.1357333583431027e-10,None,None,None,None, , , , 
37436, ,6.593188271333543,1.217382727739662e-10,None,None,None,None, , , , 
37437, ,6.593188271333543,1.3049019780144016e-10,None,None,None,None, , , , 
37438, ,6.593188271333543,1.398713102647236e-10,None,None,None,None, , , , 
37439, ,6.593188271333543,1.4992684327860468e-10,None,None,None,None, , , , 
37440, ,6.593188271333543,1.6070528182616384e-10,None,None,None,None, , , , 
37441, ,6.593188271333543,1.722585965398784e-10,None,None,None,None, , , , 
37442, ,6.593188271333543,1.8464249428955463e-10,None,None,None,None, , , , 
37443, ,6.593188271333543,1.9791668678535569e-10,None,None,None,None, , , , 
37444, ,6.593188271333543,2.121451784910628e-10,None,None,None,None, , , , 
37445, ,6.593188271333543,2.273965752357932e-10,None,None,None,None, , , , 
37446, ,6.593188271333543,2.4374441501222216e-10,None,None,None,None, , , , 
37447, ,6.593188271333543,2.6126752255633265e-10,None,None,None,None, , , , 
37448, ,6.593188271333543,2.8005038941836253e-10,None,None,None,None, , , , 
37449, ,6.593188271333543,3.0018358135755917e-10,None,None,None,None, , , , 
37450, ,6.593188271333543,3.2176417502507347e-10,None,None,None,None, , , , 
37451, ,6.593188271333543,3.4489622604057533e-10,None,None,None,None, , , , 
37452, ,6.593188271333543,3.696912707195032e-10,None,None,None,None, , , , 
37453, ,6.593188271333543,3.9626886387014783e-10,None,None,None,None, , , , 
37454, ,6.593188271333543,4.2475715525368935e-10,None,None,None,None, , , , 
37455, ,6.593188271333543,4.552935074866938e-10,None,None,None,None, , , , 
37456, ,6.593188271333543,4.880251583654433e-10,None,None,None,None, , , , 
37457, ,6.593188271333543,5.231099308056258e-10,None,None,None,None, , , , 
37458, ,6.593188271333543,5.60716993820547e-10,None,None,None,None, , , , 
37459, ,6.593188271333543,6.010276782070387e-10,None,None,None,None, , , , 
37460, ,6.593188271333543,6.442363508721371e-10,None,None,None,None, , , , 
37461, ,6.593188271333543,6.905513520162316e-10,None,None,None,None, , , , 
37462, ,6.593188271333543,7.401959996915653e-10,None,None,None,None, , , , 
37463, ,6.593188271333543,7.934096665797492e-10,None,None,None,None, , , , 
37464, ,6.593188271333543,8.504489341802668e-10,None,None,None,None, , , , 
37465, ,6.593188271333543,9.115888299750837e-10,None,None,None,None, , , , 
37466, ,6.593188271333543,9.771241535346502e-10,None,None,None,None, , , , 
37467, ,6.593188271333543,1.0473708979594486e-09,None,None,None,None, , , , 
37468, ,6.593188271333543,1.1226677735108114e-09,None,None,None,None, , , , 
37469, ,6.593188271333543,1.2033778407775904e-09,None,None,None,None, , , , 
37470, ,6.593188271333543,1.289890261253308e-09,None,None,None,None, , , , 
37471, ,6.593188271333543,1.3826221737646535e-09,None,None,None,None, , , , 
37472, ,6.593188271333543,1.4820207057988602e-09,None,None,None,None, , , , 
37473, ,6.593188271333543,1.5885651294280526e-09,None,None,None,None, , , , 
37474, ,6.593188271333543,1.702769172225898e-09,None,None,None,None, , , , 
37475, ,6.593188271333543,1.825183494319039e-09,None,None,None,None, , , , 
37476, ,6.593188271333543,1.956398343517065e-09,None,None,None,None, , , , 
37477, ,6.593188271333543,2.0970464013232305e-09,None,None,None,None, , , , 
37478, ,6.593188271333543,2.2478058335487307e-09,None,None,None,None, , , , 
37479, ,6.593188271333543,2.409403560239527e-09,None,None,None,None, , , , 
37480, ,6.593188271333543,2.582618760682675e-09,None,None,None,None, , , , 
37481, ,6.593188271333543,2.768286630392061e-09,None,None,None,None, , , , 
37482, ,6.593188271333543,2.9673024081888724e-09,None,None,None,None, , , , 
37483, ,6.593188271333543,3.180625692794119e-09,None,None,None,None, , , , 
37484, ,6.593188271333543,3.409285069746807e-09,None,None,None,None, , , , 
37485, ,6.593188271333543,3.654383070957262e-09,None,None,None,None, , , , 
37486, ,6.593188271333543,3.917101490809261e-09,None,None,None,None, , , , 
37487, ,6.593188271333543,4.198707084443906e-09,None,None,None,None, , , , 
37488, ,6.593188271333543,4.500557675700488e-09,None,None,None,None, , , , 
37489, ,6.593188271333543,4.824108704165374e-09,None,None,None,None, , , , 
37490, ,6.593188271333543,5.170920242896755e-09,None,None,None,None, , , , 
37491, ,6.593188271333543,5.542664520663096e-09,None,None,None,None, , , , 
37492, ,6.593188271333543,5.941133984965041e-09,None,None,None,None, , , , 
37493, ,6.593188271333543,6.3682499447185856e-09,None,None,None,None, , , , 
37494, ,6.593188271333543,6.826071834272379e-09,None,None,None,None, , , , 
37495, ,6.593188271333543,7.316807143427175e-09,None,None,None,None, , , , 
37496, ,6.593188271333543,7.842822061337681e-09,None,None,None,None, , , , 
37497, ,6.593188271333543,8.406652885618316e-09,None,None,None,None, , , , 
37498, ,6.593188271333543,9.011018251665036e-09,None,None,None,None, , , , 
37499, ,6.593188271333543,9.658832241158707e-09,None,None,None,None, , , , 
37500, ,6.593188271333543,1.0353218432956616e-08,None,None,None,None, , , , 
37501, ,6.593188271333543,1.1097524964120722e-08,None,None,None,None, , , , 
37502, ,6.593188271333543,1.1895340673703208e-08,None,None,None,None, , , , 
37503, ,6.593188271333543,1.2750512407130128e-08,None,None,None,None, , , , 
37504, ,6.593188271333543,1.3667163564620044e-08,None,None,None,None, , , , 
37505, ,6.593188271333543,1.4649713983072853e-08,None,None,None,None, , , , 
37506, ,6.593188271333543,1.5702901247293774e-08,None,None,None,None, , , , 
37507, ,6.593188271333543,1.683180353330955e-08,None,None,None,None, , , , 
37508, ,6.593188271333543,1.8041864093920717e-08,None,None,None,None, , , , 
37509, ,6.593188271333543,1.933891750455232e-08,None,None,None,None, , , , 
37510, ,6.593188271333543,2.0729217795953697e-08,None,None,None,None, , , , 
37511, ,6.593188271333543,2.221946860939524e-08,None,None,None,None, , , , 
37512, ,6.593188271333543,2.3816855519761606e-08,None,None,None,None, , , , 
37513, ,6.593188271333543,2.552908068239516e-08,None,None,None,None, , , , 
37514, ,6.593188271333543,2.7364399970746666e-08,None,None,None,None, , , , 
37515, ,6.593188271333543,2.933166278390042e-08,None,None,None,None, , , , 
37516, ,6.593188271333543,3.1440354715915e-08,None,None,None,None, , , , 
37517, ,6.593188271333543,3.370064329271925e-08,None,None,None,None, , , , 
37518, ,6.593188271333543,3.612342699709431e-08,None,None,None,None, , , , 
37519, ,6.593188271333543,3.872038781812557e-08,None,None,None,None, , , , 
37520, ,6.593188271333543,4.1504047578504727e-08,None,None,None,None, , , , 
37521, ,6.593188271333543,4.448782831127585e-08,None,None,None,None, , , , 
37522, ,6.593188271333543,4.768611697714474e-08,None,None,None,None, , , , 
37523, ,6.593188271333543,5.111433483440165e-08,None,None,None,None, , , , 
37524, ,6.593188271333543,5.478901179593934e-08,None,None,None,None, , , , 
37525, ,6.593188271333543,5.872786613189478e-08,None,None,None,None, , , , 
37526, ,6.593188271333543,6.294988990221888e-08,None,None,None,None, , , , 
37527, ,6.593188271333543,6.747544053110687e-08,None,None,None,None, , , , 
37528, ,6.593188271333543,7.232633896483534e-08,None,None,None,None, , , , 
37529, ,6.593188271333543,7.752597488629465e-08,None,None,None,None, , , , 
37530, ,6.593188271333543,8.309941949353386e-08,None,None,None,None, , , , 
37531, ,6.593188271333543,8.907354638610439e-08,None,None,None,None, , , , 
37532, ,6.593188271333543,9.547716114208066e-08,None,None,None,None, , , , 
37533, ,6.593188271333543,1.0234114021054528e-07,None,None,None,None, , , , 
37534, ,6.593188271333543,1.0969857978923841e-07,None,None,None,None, , , , 
37535, ,6.593188271333543,1.1758495540521555e-07,None,None,None,None, , , , 
37536, ,6.593188271333543,1.2603829296797277e-07,None,None,None,None, , , , 
37537, ,6.593188271333543,1.350993521198025e-07,None,None,None,None, , , , 
37538, ,6.593188271333543,1.4481182276745328e-07,None,None,None,None, , , , 
37539, ,6.593188271333543,1.552225357427048e-07,None,None,None,None, , , , 
37540, ,6.593188271333543,1.6638168860761273e-07,None,None,None,None, , , , 
37541, ,6.593188271333543,1.7834308769319093e-07,None,None,None,None, , , , 
37542, ,6.593188271333543,1.9116440753857e-07,None,None,None,None, , , , 
37543, ,6.593188271333543,2.049074689815846e-07,None,None,None,None, , , , 
37544, ,6.593188271333543,2.1963853724165468e-07,None,None,None,None, , , , 
37545, ,6.593188271333543,2.3542864143224158e-07,None,None,None,None, , , , 
37546, ,6.593188271333543,2.523539170434766e-07,None,None,None,None, , , , 
37547, ,6.593188271333543,2.7049597304631316e-07,None,None,None,None, , , , 
37548, ,6.593188271333543,2.899422853882875e-07,None,None,None,None, , , , 
37549, ,6.593188271333543,3.107866187782014e-07,None,None,None,None, , , , 
37550, ,6.593188271333543,3.33129478793467e-07,None,None,None,None, , , , 
37551, ,6.593188271333543,3.5707859649004626e-07,None,None,None,None, , , , 
37552, ,6.593188271333543,3.827494478516307e-07,None,None,None,None, , , , 
37553, ,6.593188271333543,4.1026581058271904e-07,None,None,None,None, , , , 
37554, ,6.593188271333543,4.397603609302722e-07,None,None,None,None, , , , 
37555, ,6.593188271333543,4.7137531341167185e-07,None,None,None,None, , , , 
37556, ,6.593188271333543,5.052631065335679e-07,None,None,None,None, , , , 
37557, ,6.593188271333543,5.415871378079465e-07,None,None,None,None, , , , 
37558, ,6.593188271333543,5.805225516094896e-07,None,None,None,None, , , , 
37559, ,6.593188271333543,6.222570836730232e-07,None,None,None,None, , , , 
37560, ,6.593188271333543,6.669919663030115e-07,None,None,None,None, , , , 
37561, ,6.593188271333543,7.149428986597576e-07,None,None,None,None, , , , 
37562, ,6.593188271333543,7.663410868007445e-07,None,None,None,None, , , , 
37563, ,6.593188271333543,8.214343584919422e-07,None,None,None,None, , , , 
37564, ,6.593188271333543,8.804883581643463e-07,None,None,None,None, , , , 
37565, ,6.593188271333543,9.437878277775371e-07,None,None,None,None, , , , 
37566, ,6.593188271333543,1.0116379797662072e-06,None,None,None,None, , , , 
37567, ,6.593188271333543,1.0843659686896086e-06,None,None,None,None, , , , 
37568, ,6.593188271333543,1.1623224686798522e-06,None,None,None,None, , , , 
37569, ,6.593188271333543,1.2458833642950078e-06,None,None,None,None, , , , 
37570, ,6.593188271333543,1.3354515629298971e-06,None,None,None,None, , , , 
37571, ,6.593188271333543,1.4314589375234786e-06,None,None,None,None, , , , 
37572, ,6.593188271333543,1.53436840893001e-06,None,None,None,None, , , , 
37573, ,6.593188271333543,1.6446761779946631e-06,None,None,None,None, , , , 
37574, ,6.593188271333543,1.762914118095948e-06,None,None,None,None, , , , 
37575, ,6.593188271333543,1.8896523396912082e-06,None,None,None,None, , , , 
37576, ,6.593188271333543,2.0255019392306664e-06,None,None,None,None, , , , 
37577, ,6.593188271333543,2.171117945694501e-06,None,None,None,None, , , , 
37578, ,6.593188271333543,2.327202478960408e-06,None,None,None,None, , , , 
37579, ,6.593188271333543,2.494508135230317e-06,None,None,None,None, , , , 
37580, ,6.593188271333543,2.673841615839944e-06,None,None,None,None, , , , 
37581, ,6.593188271333543,2.8660676169482507e-06,None,None,None,None, , , , 
37582, ,6.593188271333543,3.0721129988617524e-06,None,None,None,None, , , , 
37583, ,6.593188271333543,3.292971255097148e-06,None,None,None,None, , , , 
37584, ,6.593188271333543,3.5297073027306505e-06,None,None,None,None, , , , 
37585, ,6.593188271333543,3.783462617131925e-06,None,None,None,None, , , , 
37586, ,6.593188271333543,4.0554607358408275e-06,None,None,None,None, , , , 
37587, ,6.593188271333543,4.3470131581250175e-06,None,None,None,None, , , , 
37588, ,6.593188271333543,4.6595256686646765e-06,None,None,None,None, , , , 
37589, ,6.593188271333543,4.99450511585514e-06,None,None,None,None, , , , 
37590, ,6.593188271333543,5.353566677410719e-06,None,None,None,None, , , , 
37591, ,6.593188271333543,5.738441648302393e-06,None,None,None,None, , , , 
37592, ,6.593188271333543,6.150985788580505e-06,None,None,None,None, , , , 
37593, ,6.593188271333543,6.593188271333541e-06,None,None,None,None, , , , 
37594, ,6.593188271333543,7.067181273927492e-06,None,None,None,None, , , , 
37595, ,6.593188271333543,7.575250258771904e-06,None,None,None,None, , , , 
37596, ,6.593188271333543,8.119844993184007e-06,None,None,None,None, , , , 
37597, ,6.593188271333543,8.703591361485167e-06,None,None,None,None, , , , 
37598, ,6.593188271333543,9.329304026284676e-06,None,None,None,None, , , , 
37599, ,6.593188271333543,1e-05,None,None,None,None, , , , 
37600, ,6.826071834272388,1e-11,None,None,None,None, , , , 
37601, ,6.826071834272388,1.0718913192051263e-11,None,None,None,None, , , , 
37602, ,6.826071834272388,1.1489510001873107e-11,None,None,None,None, , , , 
37603, ,6.826071834272388,1.2315506032928262e-11,None,None,None,None, , , , 
37604, ,6.826071834272388,1.3200884008314167e-11,None,None,None,None, , , , 
37605, ,6.826071834272388,1.4149912974345786e-11,None,None,None,None, , , , 
37606, ,6.826071834272388,1.5167168884709242e-11,None,None,None,None, , , , 
37607, ,6.826071834272388,1.6257556664437934e-11,None,None,None,None, , , , 
37608, ,6.826071834272388,1.7426333860096473e-11,None,None,None,None, , , , 
37609, ,6.826071834272388,1.8679135990207848e-11,None,None,None,None, , , , 
37610, ,6.826071834272388,2.0022003718155844e-11,None,None,None,None, , , , 
37611, ,6.826071834272388,2.1461411978584013e-11,None,None,None,None, , , , 
37612, ,6.826071834272388,2.300430119772921e-11,None,None,None,None, , , , 
37613, ,6.826071834272388,2.465811075822604e-11,None,None,None,None, , , , 
37614, ,6.826071834272388,2.643081486974103e-11,None,None,None,None, , , , 
37615, ,6.826071834272388,2.8330961018393178e-11,None,None,None,None, , , , 
37616, ,6.826071834272388,3.036771118035461e-11,None,None,None,None, , , , 
37617, ,6.826071834272388,3.255088599835057e-11,None,None,None,None, , , , 
37618, ,6.826071834272388,3.4891012134067674e-11,None,None,None,None, , , , 
37619, ,6.826071834272388,3.739937302478801e-11,None,None,None,None, , , , 
37620, ,6.826071834272388,4.0088063288984646e-11,None,None,None,None, , , , 
37621, ,6.826071834272388,4.297004704320835e-11,None,None,None,None, , , , 
37622, ,6.826071834272388,4.605922041145113e-11,None,None,None,None, , , , 
37623, ,6.826071834272388,4.937047852839004e-11,None,None,None,None, , , , 
37624, ,6.826071834272388,5.2919787359584366e-11,None,None,None,None, , , , 
37625, ,6.826071834272388,5.672426068491989e-11,None,None,None,None, , , , 
37626, ,6.826071834272388,6.080224261649427e-11,None,None,None,None, , , , 
37627, ,6.826071834272388,6.517339604882421e-11,None,None,None,None, , , , 
37628, ,6.826071834272388,6.985879746785235e-11,None,None,None,None, , , , 
37629, ,6.826071834272388,7.48810385759003e-11,None,None,None,None, , , , 
37630, ,6.826071834272388,8.026433522257174e-11,None,None,None,None, , , , 
37631, ,6.826071834272388,8.603464416684492e-11,None,None,None,None, , , , 
37632, ,6.826071834272388,9.221978823334341e-11,None,None,None,None, , , , 
37633, ,6.826071834272388,9.884959046625586e-11,None,None,None,None, , , , 
37634, ,6.826071834272388,1.0595601792776149e-10,None,None,None,None, , , , 
37635, ,6.826071834272388,1.1357333583431027e-10,None,None,None,None, , , , 
37636, ,6.826071834272388,1.217382727739662e-10,None,None,None,None, , , , 
37637, ,6.826071834272388,1.3049019780144016e-10,None,None,None,None, , , , 
37638, ,6.826071834272388,1.398713102647236e-10,None,None,None,None, , , , 
37639, ,6.826071834272388,1.4992684327860468e-10,None,None,None,None, , , , 
37640, ,6.826071834272388,1.6070528182616384e-10,None,None,None,None, , , , 
37641, ,6.826071834272388,1.722585965398784e-10,None,None,None,None, , , , 
37642, ,6.826071834272388,1.8464249428955463e-10,None,None,None,None, , , , 
37643, ,6.826071834272388,1.9791668678535569e-10,None,None,None,None, , , , 
37644, ,6.826071834272388,2.121451784910628e-10,None,None,None,None, , , , 
37645, ,6.826071834272388,2.273965752357932e-10,None,None,None,None, , , , 
37646, ,6.826071834272388,2.4374441501222216e-10,None,None,None,None, , , , 
37647, ,6.826071834272388,2.6126752255633265e-10,None,None,None,None, , , , 
37648, ,6.826071834272388,2.8005038941836253e-10,None,None,None,None, , , , 
37649, ,6.826071834272388,3.0018358135755917e-10,None,None,None,None, , , , 
37650, ,6.826071834272388,3.2176417502507347e-10,None,None,None,None, , , , 
37651, ,6.826071834272388,3.4489622604057533e-10,None,None,None,None, , , , 
37652, ,6.826071834272388,3.696912707195032e-10,None,None,None,None, , , , 
37653, ,6.826071834272388,3.9626886387014783e-10,None,None,None,None, , , , 
37654, ,6.826071834272388,4.2475715525368935e-10,None,None,None,None, , , , 
37655, ,6.826071834272388,4.552935074866938e-10,None,None,None,None, , , , 
37656, ,6.826071834272388,4.880251583654433e-10,None,None,None,None, , , , 
37657, ,6.826071834272388,5.231099308056258e-10,None,None,None,None, , , , 
37658, ,6.826071834272388,5.60716993820547e-10,None,None,None,None, , , , 
37659, ,6.826071834272388,6.010276782070387e-10,None,None,None,None, , , , 
37660, ,6.826071834272388,6.442363508721371e-10,None,None,None,None, , , , 
37661, ,6.826071834272388,6.905513520162316e-10,None,None,None,None, , , , 
37662, ,6.826071834272388,7.401959996915653e-10,None,None,None,None, , , , 
37663, ,6.826071834272388,7.934096665797492e-10,None,None,None,None, , , , 
37664, ,6.826071834272388,8.504489341802668e-10,None,None,None,None, , , , 
37665, ,6.826071834272388,9.115888299750837e-10,None,None,None,None, , , , 
37666, ,6.826071834272388,9.771241535346502e-10,None,None,None,None, , , , 
37667, ,6.826071834272388,1.0473708979594486e-09,None,None,None,None, , , , 
37668, ,6.826071834272388,1.1226677735108114e-09,None,None,None,None, , , , 
37669, ,6.826071834272388,1.2033778407775904e-09,None,None,None,None, , , , 
37670, ,6.826071834272388,1.289890261253308e-09,None,None,None,None, , , , 
37671, ,6.826071834272388,1.3826221737646535e-09,None,None,None,None, , , , 
37672, ,6.826071834272388,1.4820207057988602e-09,None,None,None,None, , , , 
37673, ,6.826071834272388,1.5885651294280526e-09,None,None,None,None, , , , 
37674, ,6.826071834272388,1.702769172225898e-09,None,None,None,None, , , , 
37675, ,6.826071834272388,1.825183494319039e-09,None,None,None,None, , , , 
37676, ,6.826071834272388,1.956398343517065e-09,None,None,None,None, , , , 
37677, ,6.826071834272388,2.0970464013232305e-09,None,None,None,None, , , , 
37678, ,6.826071834272388,2.2478058335487307e-09,None,None,None,None, , , , 
37679, ,6.826071834272388,2.409403560239527e-09,None,None,None,None, , , , 
37680, ,6.826071834272388,2.582618760682675e-09,None,None,None,None, , , , 
37681, ,6.826071834272388,2.768286630392061e-09,None,None,None,None, , , , 
37682, ,6.826071834272388,2.9673024081888724e-09,None,None,None,None, , , , 
37683, ,6.826071834272388,3.180625692794119e-09,None,None,None,None, , , , 
37684, ,6.826071834272388,3.409285069746807e-09,None,None,None,None, , , , 
37685, ,6.826071834272388,3.654383070957262e-09,None,None,None,None, , , , 
37686, ,6.826071834272388,3.917101490809261e-09,None,None,None,None, , , , 
37687, ,6.826071834272388,4.198707084443906e-09,None,None,None,None, , , , 
37688, ,6.826071834272388,4.500557675700488e-09,None,None,None,None, , , , 
37689, ,6.826071834272388,4.824108704165374e-09,None,None,None,None, , , , 
37690, ,6.826071834272388,5.170920242896755e-09,None,None,None,None, , , , 
37691, ,6.826071834272388,5.542664520663096e-09,None,None,None,None, , , , 
37692, ,6.826071834272388,5.941133984965041e-09,None,None,None,None, , , , 
37693, ,6.826071834272388,6.3682499447185856e-09,None,None,None,None, , , , 
37694, ,6.826071834272388,6.826071834272379e-09,None,None,None,None, , , , 
37695, ,6.826071834272388,7.316807143427175e-09,None,None,None,None, , , , 
37696, ,6.826071834272388,7.842822061337681e-09,None,None,None,None, , , , 
37697, ,6.826071834272388,8.406652885618316e-09,None,None,None,None, , , , 
37698, ,6.826071834272388,9.011018251665036e-09,None,None,None,None, , , , 
37699, ,6.826071834272388,9.658832241158707e-09,None,None,None,None, , , , 
37700, ,6.826071834272388,1.0353218432956616e-08,None,None,None,None, , , , 
37701, ,6.826071834272388,1.1097524964120722e-08,None,None,None,None, , , , 
37702, ,6.826071834272388,1.1895340673703208e-08,None,None,None,None, , , , 
37703, ,6.826071834272388,1.2750512407130128e-08,None,None,None,None, , , , 
37704, ,6.826071834272388,1.3667163564620044e-08,None,None,None,None, , , , 
37705, ,6.826071834272388,1.4649713983072853e-08,None,None,None,None, , , , 
37706, ,6.826071834272388,1.5702901247293774e-08,None,None,None,None, , , , 
37707, ,6.826071834272388,1.683180353330955e-08,None,None,None,None, , , , 
37708, ,6.826071834272388,1.8041864093920717e-08,None,None,None,None, , , , 
37709, ,6.826071834272388,1.933891750455232e-08,None,None,None,None, , , , 
37710, ,6.826071834272388,2.0729217795953697e-08,None,None,None,None, , , , 
37711, ,6.826071834272388,2.221946860939524e-08,None,None,None,None, , , , 
37712, ,6.826071834272388,2.3816855519761606e-08,None,None,None,None, , , , 
37713, ,6.826071834272388,2.552908068239516e-08,None,None,None,None, , , , 
37714, ,6.826071834272388,2.7364399970746666e-08,None,None,None,None, , , , 
37715, ,6.826071834272388,2.933166278390042e-08,None,None,None,None, , , , 
37716, ,6.826071834272388,3.1440354715915e-08,None,None,None,None, , , , 
37717, ,6.826071834272388,3.370064329271925e-08,None,None,None,None, , , , 
37718, ,6.826071834272388,3.612342699709431e-08,None,None,None,None, , , , 
37719, ,6.826071834272388,3.872038781812557e-08,None,None,None,None, , , , 
37720, ,6.826071834272388,4.1504047578504727e-08,None,None,None,None, , , , 
37721, ,6.826071834272388,4.448782831127585e-08,None,None,None,None, , , , 
37722, ,6.826071834272388,4.768611697714474e-08,None,None,None,None, , , , 
37723, ,6.826071834272388,5.111433483440165e-08,None,None,None,None, , , , 
37724, ,6.826071834272388,5.478901179593934e-08,None,None,None,None, , , , 
37725, ,6.826071834272388,5.872786613189478e-08,None,None,None,None, , , , 
37726, ,6.826071834272388,6.294988990221888e-08,None,None,None,None, , , , 
37727, ,6.826071834272388,6.747544053110687e-08,None,None,None,None, , , , 
37728, ,6.826071834272388,7.232633896483534e-08,None,None,None,None, , , , 
37729, ,6.826071834272388,7.752597488629465e-08,None,None,None,None, , , , 
37730, ,6.826071834272388,8.309941949353386e-08,None,None,None,None, , , , 
37731, ,6.826071834272388,8.907354638610439e-08,None,None,None,None, , , , 
37732, ,6.826071834272388,9.547716114208066e-08,None,None,None,None, , , , 
37733, ,6.826071834272388,1.0234114021054528e-07,None,None,None,None, , , , 
37734, ,6.826071834272388,1.0969857978923841e-07,None,None,None,None, , , , 
37735, ,6.826071834272388,1.1758495540521555e-07,None,None,None,None, , , , 
37736, ,6.826071834272388,1.2603829296797277e-07,None,None,None,None, , , , 
37737, ,6.826071834272388,1.350993521198025e-07,None,None,None,None, , , , 
37738, ,6.826071834272388,1.4481182276745328e-07,None,None,None,None, , , , 
37739, ,6.826071834272388,1.552225357427048e-07,None,None,None,None, , , , 
37740, ,6.826071834272388,1.6638168860761273e-07,None,None,None,None, , , , 
37741, ,6.826071834272388,1.7834308769319093e-07,None,None,None,None, , , , 
37742, ,6.826071834272388,1.9116440753857e-07,None,None,None,None, , , , 
37743, ,6.826071834272388,2.049074689815846e-07,None,None,None,None, , , , 
37744, ,6.826071834272388,2.1963853724165468e-07,None,None,None,None, , , , 
37745, ,6.826071834272388,2.3542864143224158e-07,None,None,None,None, , , , 
37746, ,6.826071834272388,2.523539170434766e-07,None,None,None,None, , , , 
37747, ,6.826071834272388,2.7049597304631316e-07,None,None,None,None, , , , 
37748, ,6.826071834272388,2.899422853882875e-07,None,None,None,None, , , , 
37749, ,6.826071834272388,3.107866187782014e-07,None,None,None,None, , , , 
37750, ,6.826071834272388,3.33129478793467e-07,None,None,None,None, , , , 
37751, ,6.826071834272388,3.5707859649004626e-07,None,None,None,None, , , , 
37752, ,6.826071834272388,3.827494478516307e-07,None,None,None,None, , , , 
37753, ,6.826071834272388,4.1026581058271904e-07,None,None,None,None, , , , 
37754, ,6.826071834272388,4.397603609302722e-07,None,None,None,None, , , , 
37755, ,6.826071834272388,4.7137531341167185e-07,None,None,None,None, , , , 
37756, ,6.826071834272388,5.052631065335679e-07,None,None,None,None, , , , 
37757, ,6.826071834272388,5.415871378079465e-07,None,None,None,None, , , , 
37758, ,6.826071834272388,5.805225516094896e-07,None,None,None,None, , , , 
37759, ,6.826071834272388,6.222570836730232e-07,None,None,None,None, , , , 
37760, ,6.826071834272388,6.669919663030115e-07,None,None,None,None, , , , 
37761, ,6.826071834272388,7.149428986597576e-07,None,None,None,None, , , , 
37762, ,6.826071834272388,7.663410868007445e-07,None,None,None,None, , , , 
37763, ,6.826071834272388,8.214343584919422e-07,None,None,None,None, , , , 
37764, ,6.826071834272388,8.804883581643463e-07,None,None,None,None, , , , 
37765, ,6.826071834272388,9.437878277775371e-07,None,None,None,None, , , , 
37766, ,6.826071834272388,1.0116379797662072e-06,None,None,None,None, , , , 
37767, ,6.826071834272388,1.0843659686896086e-06,None,None,None,None, , , , 
37768, ,6.826071834272388,1.1623224686798522e-06,None,None,None,None, , , , 
37769, ,6.826071834272388,1.2458833642950078e-06,None,None,None,None, , , , 
37770, ,6.826071834272388,1.3354515629298971e-06,None,None,None,None, , , , 
37771, ,6.826071834272388,1.4314589375234786e-06,None,None,None,None, , , , 
37772, ,6.826071834272388,1.53436840893001e-06,None,None,None,None, , , , 
37773, ,6.826071834272388,1.6446761779946631e-06,None,None,None,None, , , , 
37774, ,6.826071834272388,1.762914118095948e-06,None,None,None,None, , , , 
37775, ,6.826071834272388,1.8896523396912082e-06,None,None,None,None, , , , 
37776, ,6.826071834272388,2.0255019392306664e-06,None,None,None,None, , , , 
37777, ,6.826071834272388,2.171117945694501e-06,None,None,None,None, , , , 
37778, ,6.826071834272388,2.327202478960408e-06,None,None,None,None, , , , 
37779, ,6.826071834272388,2.494508135230317e-06,None,None,None,None, , , , 
37780, ,6.826071834272388,2.673841615839944e-06,None,None,None,None, , , , 
37781, ,6.826071834272388,2.8660676169482507e-06,None,None,None,None, , , , 
37782, ,6.826071834272388,3.0721129988617524e-06,None,None,None,None, , , , 
37783, ,6.826071834272388,3.292971255097148e-06,None,None,None,None, , , , 
37784, ,6.826071834272388,3.5297073027306505e-06,None,None,None,None, , , , 
37785, ,6.826071834272388,3.783462617131925e-06,None,None,None,None, , , , 
37786, ,6.826071834272388,4.0554607358408275e-06,None,None,None,None, , , , 
37787, ,6.826071834272388,4.3470131581250175e-06,None,None,None,None, , , , 
37788, ,6.826071834272388,4.6595256686646765e-06,None,None,None,None, , , , 
37789, ,6.826071834272388,4.99450511585514e-06,None,None,None,None, , , , 
37790, ,6.826071834272388,5.353566677410719e-06,None,None,None,None, , , , 
37791, ,6.826071834272388,5.738441648302393e-06,None,None,None,None, , , , 
37792, ,6.826071834272388,6.150985788580505e-06,None,None,None,None, , , , 
37793, ,6.826071834272388,6.593188271333541e-06,None,None,None,None, , , , 
37794, ,6.826071834272388,7.067181273927492e-06,None,None,None,None, , , , 
37795, ,6.826071834272388,7.575250258771904e-06,None,None,None,None, , , , 
37796, ,6.826071834272388,8.119844993184007e-06,None,None,None,None, , , , 
37797, ,6.826071834272388,8.703591361485167e-06,None,None,None,None, , , , 
37798, ,6.826071834272388,9.329304026284676e-06,None,None,None,None, , , , 
37799, ,6.826071834272388,1e-05,None,None,None,None, , , , 
37800, ,7.067181273927491,1e-11,None,None,None,None, , , , 
37801, ,7.067181273927491,1.0718913192051263e-11,None,None,None,None, , , , 
37802, ,7.067181273927491,1.1489510001873107e-11,None,None,None,None, , , , 
37803, ,7.067181273927491,1.2315506032928262e-11,None,None,None,None, , , , 
37804, ,7.067181273927491,1.3200884008314167e-11,None,None,None,None, , , , 
37805, ,7.067181273927491,1.4149912974345786e-11,None,None,None,None, , , , 
37806, ,7.067181273927491,1.5167168884709242e-11,None,None,None,None, , , , 
37807, ,7.067181273927491,1.6257556664437934e-11,None,None,None,None, , , , 
37808, ,7.067181273927491,1.7426333860096473e-11,None,None,None,None, , , , 
37809, ,7.067181273927491,1.8679135990207848e-11,None,None,None,None, , , , 
37810, ,7.067181273927491,2.0022003718155844e-11,None,None,None,None, , , , 
37811, ,7.067181273927491,2.1461411978584013e-11,None,None,None,None, , , , 
37812, ,7.067181273927491,2.300430119772921e-11,None,None,None,None, , , , 
37813, ,7.067181273927491,2.465811075822604e-11,None,None,None,None, , , , 
37814, ,7.067181273927491,2.643081486974103e-11,None,None,None,None, , , , 
37815, ,7.067181273927491,2.8330961018393178e-11,None,None,None,None, , , , 
37816, ,7.067181273927491,3.036771118035461e-11,None,None,None,None, , , , 
37817, ,7.067181273927491,3.255088599835057e-11,None,None,None,None, , , , 
37818, ,7.067181273927491,3.4891012134067674e-11,None,None,None,None, , , , 
37819, ,7.067181273927491,3.739937302478801e-11,None,None,None,None, , , , 
37820, ,7.067181273927491,4.0088063288984646e-11,None,None,None,None, , , , 
37821, ,7.067181273927491,4.297004704320835e-11,None,None,None,None, , , , 
37822, ,7.067181273927491,4.605922041145113e-11,None,None,None,None, , , , 
37823, ,7.067181273927491,4.937047852839004e-11,None,None,None,None, , , , 
37824, ,7.067181273927491,5.2919787359584366e-11,None,None,None,None, , , , 
37825, ,7.067181273927491,5.672426068491989e-11,None,None,None,None, , , , 
37826, ,7.067181273927491,6.080224261649427e-11,None,None,None,None, , , , 
37827, ,7.067181273927491,6.517339604882421e-11,None,None,None,None, , , , 
37828, ,7.067181273927491,6.985879746785235e-11,None,None,None,None, , , , 
37829, ,7.067181273927491,7.48810385759003e-11,None,None,None,None, , , , 
37830, ,7.067181273927491,8.026433522257174e-11,None,None,None,None, , , , 
37831, ,7.067181273927491,8.603464416684492e-11,None,None,None,None, , , , 
37832, ,7.067181273927491,9.221978823334341e-11,None,None,None,None, , , , 
37833, ,7.067181273927491,9.884959046625586e-11,None,None,None,None, , , , 
37834, ,7.067181273927491,1.0595601792776149e-10,None,None,None,None, , , , 
37835, ,7.067181273927491,1.1357333583431027e-10,None,None,None,None, , , , 
37836, ,7.067181273927491,1.217382727739662e-10,None,None,None,None, , , , 
37837, ,7.067181273927491,1.3049019780144016e-10,None,None,None,None, , , , 
37838, ,7.067181273927491,1.398713102647236e-10,None,None,None,None, , , , 
37839, ,7.067181273927491,1.4992684327860468e-10,None,None,None,None, , , , 
37840, ,7.067181273927491,1.6070528182616384e-10,None,None,None,None, , , , 
37841, ,7.067181273927491,1.722585965398784e-10,None,None,None,None, , , , 
37842, ,7.067181273927491,1.8464249428955463e-10,None,None,None,None, , , , 
37843, ,7.067181273927491,1.9791668678535569e-10,None,None,None,None, , , , 
37844, ,7.067181273927491,2.121451784910628e-10,None,None,None,None, , , , 
37845, ,7.067181273927491,2.273965752357932e-10,None,None,None,None, , , , 
37846, ,7.067181273927491,2.4374441501222216e-10,None,None,None,None, , , , 
37847, ,7.067181273927491,2.6126752255633265e-10,None,None,None,None, , , , 
37848, ,7.067181273927491,2.8005038941836253e-10,None,None,None,None, , , , 
37849, ,7.067181273927491,3.0018358135755917e-10,None,None,None,None, , , , 
37850, ,7.067181273927491,3.2176417502507347e-10,None,None,None,None, , , , 
37851, ,7.067181273927491,3.4489622604057533e-10,None,None,None,None, , , , 
37852, ,7.067181273927491,3.696912707195032e-10,None,None,None,None, , , , 
37853, ,7.067181273927491,3.9626886387014783e-10,None,None,None,None, , , , 
37854, ,7.067181273927491,4.2475715525368935e-10,None,None,None,None, , , , 
37855, ,7.067181273927491,4.552935074866938e-10,None,None,None,None, , , , 
37856, ,7.067181273927491,4.880251583654433e-10,None,None,None,None, , , , 
37857, ,7.067181273927491,5.231099308056258e-10,None,None,None,None, , , , 
37858, ,7.067181273927491,5.60716993820547e-10,None,None,None,None, , , , 
37859, ,7.067181273927491,6.010276782070387e-10,None,None,None,None, , , , 
37860, ,7.067181273927491,6.442363508721371e-10,None,None,None,None, , , , 
37861, ,7.067181273927491,6.905513520162316e-10,None,None,None,None, , , , 
37862, ,7.067181273927491,7.401959996915653e-10,None,None,None,None, , , , 
37863, ,7.067181273927491,7.934096665797492e-10,None,None,None,None, , , , 
37864, ,7.067181273927491,8.504489341802668e-10,None,None,None,None, , , , 
37865, ,7.067181273927491,9.115888299750837e-10,None,None,None,None, , , , 
37866, ,7.067181273927491,9.771241535346502e-10,None,None,None,None, , , , 
37867, ,7.067181273927491,1.0473708979594486e-09,None,None,None,None, , , , 
37868, ,7.067181273927491,1.1226677735108114e-09,None,None,None,None, , , , 
37869, ,7.067181273927491,1.2033778407775904e-09,None,None,None,None, , , , 
37870, ,7.067181273927491,1.289890261253308e-09,None,None,None,None, , , , 
37871, ,7.067181273927491,1.3826221737646535e-09,None,None,None,None, , , , 
37872, ,7.067181273927491,1.4820207057988602e-09,None,None,None,None, , , , 
37873, ,7.067181273927491,1.5885651294280526e-09,None,None,None,None, , , , 
37874, ,7.067181273927491,1.702769172225898e-09,None,None,None,None, , , , 
37875, ,7.067181273927491,1.825183494319039e-09,None,None,None,None, , , , 
37876, ,7.067181273927491,1.956398343517065e-09,None,None,None,None, , , , 
37877, ,7.067181273927491,2.0970464013232305e-09,None,None,None,None, , , , 
37878, ,7.067181273927491,2.2478058335487307e-09,None,None,None,None, , , , 
37879, ,7.067181273927491,2.409403560239527e-09,None,None,None,None, , , , 
37880, ,7.067181273927491,2.582618760682675e-09,None,None,None,None, , , , 
37881, ,7.067181273927491,2.768286630392061e-09,None,None,None,None, , , , 
37882, ,7.067181273927491,2.9673024081888724e-09,None,None,None,None, , , , 
37883, ,7.067181273927491,3.180625692794119e-09,None,None,None,None, , , , 
37884, ,7.067181273927491,3.409285069746807e-09,None,None,None,None, , , , 
37885, ,7.067181273927491,3.654383070957262e-09,None,None,None,None, , , , 
37886, ,7.067181273927491,3.917101490809261e-09,None,None,None,None, , , , 
37887, ,7.067181273927491,4.198707084443906e-09,None,None,None,None, , , , 
37888, ,7.067181273927491,4.500557675700488e-09,None,None,None,None, , , , 
37889, ,7.067181273927491,4.824108704165374e-09,None,None,None,None, , , , 
37890, ,7.067181273927491,5.170920242896755e-09,None,None,None,None, , , , 
37891, ,7.067181273927491,5.542664520663096e-09,None,None,None,None, , , , 
37892, ,7.067181273927491,5.941133984965041e-09,None,None,None,None, , , , 
37893, ,7.067181273927491,6.3682499447185856e-09,None,None,None,None, , , , 
37894, ,7.067181273927491,6.826071834272379e-09,None,None,None,None, , , , 
37895, ,7.067181273927491,7.316807143427175e-09,None,None,None,None, , , , 
37896, ,7.067181273927491,7.842822061337681e-09,None,None,None,None, , , , 
37897, ,7.067181273927491,8.406652885618316e-09,None,None,None,None, , , , 
37898, ,7.067181273927491,9.011018251665036e-09,None,None,None,None, , , , 
37899, ,7.067181273927491,9.658832241158707e-09,None,None,None,None, , , , 
37900, ,7.067181273927491,1.0353218432956616e-08,None,None,None,None, , , , 
37901, ,7.067181273927491,1.1097524964120722e-08,None,None,None,None, , , , 
37902, ,7.067181273927491,1.1895340673703208e-08,None,None,None,None, , , , 
37903, ,7.067181273927491,1.2750512407130128e-08,None,None,None,None, , , , 
37904, ,7.067181273927491,1.3667163564620044e-08,None,None,None,None, , , , 
37905, ,7.067181273927491,1.4649713983072853e-08,None,None,None,None, , , , 
37906, ,7.067181273927491,1.5702901247293774e-08,None,None,None,None, , , , 
37907, ,7.067181273927491,1.683180353330955e-08,None,None,None,None, , , , 
37908, ,7.067181273927491,1.8041864093920717e-08,None,None,None,None, , , , 
37909, ,7.067181273927491,1.933891750455232e-08,None,None,None,None, , , , 
37910, ,7.067181273927491,2.0729217795953697e-08,None,None,None,None, , , , 
37911, ,7.067181273927491,2.221946860939524e-08,None,None,None,None, , , , 
37912, ,7.067181273927491,2.3816855519761606e-08,None,None,None,None, , , , 
37913, ,7.067181273927491,2.552908068239516e-08,None,None,None,None, , , , 
37914, ,7.067181273927491,2.7364399970746666e-08,None,None,None,None, , , , 
37915, ,7.067181273927491,2.933166278390042e-08,None,None,None,None, , , , 
37916, ,7.067181273927491,3.1440354715915e-08,None,None,None,None, , , , 
37917, ,7.067181273927491,3.370064329271925e-08,None,None,None,None, , , , 
37918, ,7.067181273927491,3.612342699709431e-08,None,None,None,None, , , , 
37919, ,7.067181273927491,3.872038781812557e-08,None,None,None,None, , , , 
37920, ,7.067181273927491,4.1504047578504727e-08,None,None,None,None, , , , 
37921, ,7.067181273927491,4.448782831127585e-08,None,None,None,None, , , , 
37922, ,7.067181273927491,4.768611697714474e-08,None,None,None,None, , , , 
37923, ,7.067181273927491,5.111433483440165e-08,None,None,None,None, , , , 
37924, ,7.067181273927491,5.478901179593934e-08,None,None,None,None, , , , 
37925, ,7.067181273927491,5.872786613189478e-08,None,None,None,None, , , , 
37926, ,7.067181273927491,6.294988990221888e-08,None,None,None,None, , , , 
37927, ,7.067181273927491,6.747544053110687e-08,None,None,None,None, , , , 
37928, ,7.067181273927491,7.232633896483534e-08,None,None,None,None, , , , 
37929, ,7.067181273927491,7.752597488629465e-08,None,None,None,None, , , , 
37930, ,7.067181273927491,8.309941949353386e-08,None,None,None,None, , , , 
37931, ,7.067181273927491,8.907354638610439e-08,None,None,None,None, , , , 
37932, ,7.067181273927491,9.547716114208066e-08,None,None,None,None, , , , 
37933, ,7.067181273927491,1.0234114021054528e-07,None,None,None,None, , , , 
37934, ,7.067181273927491,1.0969857978923841e-07,None,None,None,None, , , , 
37935, ,7.067181273927491,1.1758495540521555e-07,None,None,None,None, , , , 
37936, ,7.067181273927491,1.2603829296797277e-07,None,None,None,None, , , , 
37937, ,7.067181273927491,1.350993521198025e-07,None,None,None,None, , , , 
37938, ,7.067181273927491,1.4481182276745328e-07,None,None,None,None, , , , 
37939, ,7.067181273927491,1.552225357427048e-07,None,None,None,None, , , , 
37940, ,7.067181273927491,1.6638168860761273e-07,None,None,None,None, , , , 
37941, ,7.067181273927491,1.7834308769319093e-07,None,None,None,None, , , , 
37942, ,7.067181273927491,1.9116440753857e-07,None,None,None,None, , , , 
37943, ,7.067181273927491,2.049074689815846e-07,None,None,None,None, , , , 
37944, ,7.067181273927491,2.1963853724165468e-07,None,None,None,None, , , , 
37945, ,7.067181273927491,2.3542864143224158e-07,None,None,None,None, , , , 
37946, ,7.067181273927491,2.523539170434766e-07,None,None,None,None, , , , 
37947, ,7.067181273927491,2.7049597304631316e-07,None,None,None,None, , , , 
37948, ,7.067181273927491,2.899422853882875e-07,None,None,None,None, , , , 
37949, ,7.067181273927491,3.107866187782014e-07,None,None,None,None, , , , 
37950, ,7.067181273927491,3.33129478793467e-07,None,None,None,None, , , , 
37951, ,7.067181273927491,3.5707859649004626e-07,None,None,None,None, , , , 
37952, ,7.067181273927491,3.827494478516307e-07,None,None,None,None, , , , 
37953, ,7.067181273927491,4.1026581058271904e-07,None,None,None,None, , , , 
37954, ,7.067181273927491,4.397603609302722e-07,None,None,None,None, , , , 
37955, ,7.067181273927491,4.7137531341167185e-07,None,None,None,None, , , , 
37956, ,7.067181273927491,5.052631065335679e-07,None,None,None,None, , , , 
37957, ,7.067181273927491,5.415871378079465e-07,None,None,None,None, , , , 
37958, ,7.067181273927491,5.805225516094896e-07,None,None,None,None, , , , 
37959, ,7.067181273927491,6.222570836730232e-07,None,None,None,None, , , , 
37960, ,7.067181273927491,6.669919663030115e-07,None,None,None,None, , , , 
37961, ,7.067181273927491,7.149428986597576e-07,None,None,None,None, , , , 
37962, ,7.067181273927491,7.663410868007445e-07,None,None,None,None, , , , 
37963, ,7.067181273927491,8.214343584919422e-07,None,None,None,None, , , , 
37964, ,7.067181273927491,8.804883581643463e-07,None,None,None,None, , , , 
37965, ,7.067181273927491,9.437878277775371e-07,None,None,None,None, , , , 
37966, ,7.067181273927491,1.0116379797662072e-06,None,None,None,None, , , , 
37967, ,7.067181273927491,1.0843659686896086e-06,None,None,None,None, , , , 
37968, ,7.067181273927491,1.1623224686798522e-06,None,None,None,None, , , , 
37969, ,7.067181273927491,1.2458833642950078e-06,None,None,None,None, , , , 
37970, ,7.067181273927491,1.3354515629298971e-06,None,None,None,None, , , , 
37971, ,7.067181273927491,1.4314589375234786e-06,None,None,None,None, , , , 
37972, ,7.067181273927491,1.53436840893001e-06,None,None,None,None, , , , 
37973, ,7.067181273927491,1.6446761779946631e-06,None,None,None,None, , , , 
37974, ,7.067181273927491,1.762914118095948e-06,None,None,None,None, , , , 
37975, ,7.067181273927491,1.8896523396912082e-06,None,None,None,None, , , , 
37976, ,7.067181273927491,2.0255019392306664e-06,None,None,None,None, , , , 
37977, ,7.067181273927491,2.171117945694501e-06,None,None,None,None, , , , 
37978, ,7.067181273927491,2.327202478960408e-06,None,None,None,None, , , , 
37979, ,7.067181273927491,2.494508135230317e-06,None,None,None,None, , , , 
37980, ,7.067181273927491,2.673841615839944e-06,None,None,None,None, , , , 
37981, ,7.067181273927491,2.8660676169482507e-06,None,None,None,None, , , , 
37982, ,7.067181273927491,3.0721129988617524e-06,None,None,None,None, , , , 
37983, ,7.067181273927491,3.292971255097148e-06,None,None,None,None, , , , 
37984, ,7.067181273927491,3.5297073027306505e-06,None,None,None,None, , , , 
37985, ,7.067181273927491,3.783462617131925e-06,None,None,None,None, , , , 
37986, ,7.067181273927491,4.0554607358408275e-06,None,None,None,None, , , , 
37987, ,7.067181273927491,4.3470131581250175e-06,None,None,None,None, , , , 
37988, ,7.067181273927491,4.6595256686646765e-06,None,None,None,None, , , , 
37989, ,7.067181273927491,4.99450511585514e-06,None,None,None,None, , , , 
37990, ,7.067181273927491,5.353566677410719e-06,None,None,None,None, , , , 
37991, ,7.067181273927491,5.738441648302393e-06,None,None,None,None, , , , 
37992, ,7.067181273927491,6.150985788580505e-06,None,None,None,None, , , , 
37993, ,7.067181273927491,6.593188271333541e-06,None,None,None,None, , , , 
37994, ,7.067181273927491,7.067181273927492e-06,None,None,None,None, , , , 
37995, ,7.067181273927491,7.575250258771904e-06,None,None,None,None, , , , 
37996, ,7.067181273927491,8.119844993184007e-06,None,None,None,None, , , , 
37997, ,7.067181273927491,8.703591361485167e-06,None,None,None,None, , , , 
37998, ,7.067181273927491,9.329304026284676e-06,None,None,None,None, , , , 
37999, ,7.067181273927491,1e-05,None,None,None,None, , , , 
38000, ,7.316807143427192,1e-11,None,None,None,None, , , , 
38001, ,7.316807143427192,1.0718913192051263e-11,None,None,None,None, , , , 
38002, ,7.316807143427192,1.1489510001873107e-11,None,None,None,None, , , , 
38003, ,7.316807143427192,1.2315506032928262e-11,None,None,None,None, , , , 
38004, ,7.316807143427192,1.3200884008314167e-11,None,None,None,None, , , , 
38005, ,7.316807143427192,1.4149912974345786e-11,None,None,None,None, , , , 
38006, ,7.316807143427192,1.5167168884709242e-11,None,None,None,None, , , , 
38007, ,7.316807143427192,1.6257556664437934e-11,None,None,None,None, , , , 
38008, ,7.316807143427192,1.7426333860096473e-11,None,None,None,None, , , , 
38009, ,7.316807143427192,1.8679135990207848e-11,None,None,None,None, , , , 
38010, ,7.316807143427192,2.0022003718155844e-11,None,None,None,None, , , , 
38011, ,7.316807143427192,2.1461411978584013e-11,None,None,None,None, , , , 
38012, ,7.316807143427192,2.300430119772921e-11,None,None,None,None, , , , 
38013, ,7.316807143427192,2.465811075822604e-11,None,None,None,None, , , , 
38014, ,7.316807143427192,2.643081486974103e-11,None,None,None,None, , , , 
38015, ,7.316807143427192,2.8330961018393178e-11,None,None,None,None, , , , 
38016, ,7.316807143427192,3.036771118035461e-11,None,None,None,None, , , , 
38017, ,7.316807143427192,3.255088599835057e-11,None,None,None,None, , , , 
38018, ,7.316807143427192,3.4891012134067674e-11,None,None,None,None, , , , 
38019, ,7.316807143427192,3.739937302478801e-11,None,None,None,None, , , , 
38020, ,7.316807143427192,4.0088063288984646e-11,None,None,None,None, , , , 
38021, ,7.316807143427192,4.297004704320835e-11,None,None,None,None, , , , 
38022, ,7.316807143427192,4.605922041145113e-11,None,None,None,None, , , , 
38023, ,7.316807143427192,4.937047852839004e-11,None,None,None,None, , , , 
38024, ,7.316807143427192,5.2919787359584366e-11,None,None,None,None, , , , 
38025, ,7.316807143427192,5.672426068491989e-11,None,None,None,None, , , , 
38026, ,7.316807143427192,6.080224261649427e-11,None,None,None,None, , , , 
38027, ,7.316807143427192,6.517339604882421e-11,None,None,None,None, , , , 
38028, ,7.316807143427192,6.985879746785235e-11,None,None,None,None, , , , 
38029, ,7.316807143427192,7.48810385759003e-11,None,None,None,None, , , , 
38030, ,7.316807143427192,8.026433522257174e-11,None,None,None,None, , , , 
38031, ,7.316807143427192,8.603464416684492e-11,None,None,None,None, , , , 
38032, ,7.316807143427192,9.221978823334341e-11,None,None,None,None, , , , 
38033, ,7.316807143427192,9.884959046625586e-11,None,None,None,None, , , , 
38034, ,7.316807143427192,1.0595601792776149e-10,None,None,None,None, , , , 
38035, ,7.316807143427192,1.1357333583431027e-10,None,None,None,None, , , , 
38036, ,7.316807143427192,1.217382727739662e-10,None,None,None,None, , , , 
38037, ,7.316807143427192,1.3049019780144016e-10,None,None,None,None, , , , 
38038, ,7.316807143427192,1.398713102647236e-10,None,None,None,None, , , , 
38039, ,7.316807143427192,1.4992684327860468e-10,None,None,None,None, , , , 
38040, ,7.316807143427192,1.6070528182616384e-10,None,None,None,None, , , , 
38041, ,7.316807143427192,1.722585965398784e-10,None,None,None,None, , , , 
38042, ,7.316807143427192,1.8464249428955463e-10,None,None,None,None, , , , 
38043, ,7.316807143427192,1.9791668678535569e-10,None,None,None,None, , , , 
38044, ,7.316807143427192,2.121451784910628e-10,None,None,None,None, , , , 
38045, ,7.316807143427192,2.273965752357932e-10,None,None,None,None, , , , 
38046, ,7.316807143427192,2.4374441501222216e-10,None,None,None,None, , , , 
38047, ,7.316807143427192,2.6126752255633265e-10,None,None,None,None, , , , 
38048, ,7.316807143427192,2.8005038941836253e-10,None,None,None,None, , , , 
38049, ,7.316807143427192,3.0018358135755917e-10,None,None,None,None, , , , 
38050, ,7.316807143427192,3.2176417502507347e-10,None,None,None,None, , , , 
38051, ,7.316807143427192,3.4489622604057533e-10,None,None,None,None, , , , 
38052, ,7.316807143427192,3.696912707195032e-10,None,None,None,None, , , , 
38053, ,7.316807143427192,3.9626886387014783e-10,None,None,None,None, , , , 
38054, ,7.316807143427192,4.2475715525368935e-10,None,None,None,None, , , , 
38055, ,7.316807143427192,4.552935074866938e-10,None,None,None,None, , , , 
38056, ,7.316807143427192,4.880251583654433e-10,None,None,None,None, , , , 
38057, ,7.316807143427192,5.231099308056258e-10,None,None,None,None, , , , 
38058, ,7.316807143427192,5.60716993820547e-10,None,None,None,None, , , , 
38059, ,7.316807143427192,6.010276782070387e-10,None,None,None,None, , , , 
38060, ,7.316807143427192,6.442363508721371e-10,None,None,None,None, , , , 
38061, ,7.316807143427192,6.905513520162316e-10,None,None,None,None, , , , 
38062, ,7.316807143427192,7.401959996915653e-10,None,None,None,None, , , , 
38063, ,7.316807143427192,7.934096665797492e-10,None,None,None,None, , , , 
38064, ,7.316807143427192,8.504489341802668e-10,None,None,None,None, , , , 
38065, ,7.316807143427192,9.115888299750837e-10,None,None,None,None, , , , 
38066, ,7.316807143427192,9.771241535346502e-10,None,None,None,None, , , , 
38067, ,7.316807143427192,1.0473708979594486e-09,None,None,None,None, , , , 
38068, ,7.316807143427192,1.1226677735108114e-09,None,None,None,None, , , , 
38069, ,7.316807143427192,1.2033778407775904e-09,None,None,None,None, , , , 
38070, ,7.316807143427192,1.289890261253308e-09,None,None,None,None, , , , 
38071, ,7.316807143427192,1.3826221737646535e-09,None,None,None,None, , , , 
38072, ,7.316807143427192,1.4820207057988602e-09,None,None,None,None, , , , 
38073, ,7.316807143427192,1.5885651294280526e-09,None,None,None,None, , , , 
38074, ,7.316807143427192,1.702769172225898e-09,None,None,None,None, , , , 
38075, ,7.316807143427192,1.825183494319039e-09,None,None,None,None, , , , 
38076, ,7.316807143427192,1.956398343517065e-09,None,None,None,None, , , , 
38077, ,7.316807143427192,2.0970464013232305e-09,None,None,None,None, , , , 
38078, ,7.316807143427192,2.2478058335487307e-09,None,None,None,None, , , , 
38079, ,7.316807143427192,2.409403560239527e-09,None,None,None,None, , , , 
38080, ,7.316807143427192,2.582618760682675e-09,None,None,None,None, , , , 
38081, ,7.316807143427192,2.768286630392061e-09,None,None,None,None, , , , 
38082, ,7.316807143427192,2.9673024081888724e-09,None,None,None,None, , , , 
38083, ,7.316807143427192,3.180625692794119e-09,None,None,None,None, , , , 
38084, ,7.316807143427192,3.409285069746807e-09,None,None,None,None, , , , 
38085, ,7.316807143427192,3.654383070957262e-09,None,None,None,None, , , , 
38086, ,7.316807143427192,3.917101490809261e-09,None,None,None,None, , , , 
38087, ,7.316807143427192,4.198707084443906e-09,None,None,None,None, , , , 
38088, ,7.316807143427192,4.500557675700488e-09,None,None,None,None, , , , 
38089, ,7.316807143427192,4.824108704165374e-09,None,None,None,None, , , , 
38090, ,7.316807143427192,5.170920242896755e-09,None,None,None,None, , , , 
38091, ,7.316807143427192,5.542664520663096e-09,None,None,None,None, , , , 
38092, ,7.316807143427192,5.941133984965041e-09,None,None,None,None, , , , 
38093, ,7.316807143427192,6.3682499447185856e-09,None,None,None,None, , , , 
38094, ,7.316807143427192,6.826071834272379e-09,None,None,None,None, , , , 
38095, ,7.316807143427192,7.316807143427175e-09,None,None,None,None, , , , 
38096, ,7.316807143427192,7.842822061337681e-09,None,None,None,None, , , , 
38097, ,7.316807143427192,8.406652885618316e-09,None,None,None,None, , , , 
38098, ,7.316807143427192,9.011018251665036e-09,None,None,None,None, , , , 
38099, ,7.316807143427192,9.658832241158707e-09,None,None,None,None, , , , 
38100, ,7.316807143427192,1.0353218432956616e-08,None,None,None,None, , , , 
38101, ,7.316807143427192,1.1097524964120722e-08,None,None,None,None, , , , 
38102, ,7.316807143427192,1.1895340673703208e-08,None,None,None,None, , , , 
38103, ,7.316807143427192,1.2750512407130128e-08,None,None,None,None, , , , 
38104, ,7.316807143427192,1.3667163564620044e-08,None,None,None,None, , , , 
38105, ,7.316807143427192,1.4649713983072853e-08,None,None,None,None, , , , 
38106, ,7.316807143427192,1.5702901247293774e-08,None,None,None,None, , , , 
38107, ,7.316807143427192,1.683180353330955e-08,None,None,None,None, , , , 
38108, ,7.316807143427192,1.8041864093920717e-08,None,None,None,None, , , , 
38109, ,7.316807143427192,1.933891750455232e-08,None,None,None,None, , , , 
38110, ,7.316807143427192,2.0729217795953697e-08,None,None,None,None, , , , 
38111, ,7.316807143427192,2.221946860939524e-08,None,None,None,None, , , , 
38112, ,7.316807143427192,2.3816855519761606e-08,None,None,None,None, , , , 
38113, ,7.316807143427192,2.552908068239516e-08,None,None,None,None, , , , 
38114, ,7.316807143427192,2.7364399970746666e-08,None,None,None,None, , , , 
38115, ,7.316807143427192,2.933166278390042e-08,None,None,None,None, , , , 
38116, ,7.316807143427192,3.1440354715915e-08,None,None,None,None, , , , 
38117, ,7.316807143427192,3.370064329271925e-08,None,None,None,None, , , , 
38118, ,7.316807143427192,3.612342699709431e-08,None,None,None,None, , , , 
38119, ,7.316807143427192,3.872038781812557e-08,None,None,None,None, , , , 
38120, ,7.316807143427192,4.1504047578504727e-08,None,None,None,None, , , , 
38121, ,7.316807143427192,4.448782831127585e-08,None,None,None,None, , , , 
38122, ,7.316807143427192,4.768611697714474e-08,None,None,None,None, , , , 
38123, ,7.316807143427192,5.111433483440165e-08,None,None,None,None, , , , 
38124, ,7.316807143427192,5.478901179593934e-08,None,None,None,None, , , , 
38125, ,7.316807143427192,5.872786613189478e-08,None,None,None,None, , , , 
38126, ,7.316807143427192,6.294988990221888e-08,None,None,None,None, , , , 
38127, ,7.316807143427192,6.747544053110687e-08,None,None,None,None, , , , 
38128, ,7.316807143427192,7.232633896483534e-08,None,None,None,None, , , , 
38129, ,7.316807143427192,7.752597488629465e-08,None,None,None,None, , , , 
38130, ,7.316807143427192,8.309941949353386e-08,None,None,None,None, , , , 
38131, ,7.316807143427192,8.907354638610439e-08,None,None,None,None, , , , 
38132, ,7.316807143427192,9.547716114208066e-08,None,None,None,None, , , , 
38133, ,7.316807143427192,1.0234114021054528e-07,None,None,None,None, , , , 
38134, ,7.316807143427192,1.0969857978923841e-07,None,None,None,None, , , , 
38135, ,7.316807143427192,1.1758495540521555e-07,None,None,None,None, , , , 
38136, ,7.316807143427192,1.2603829296797277e-07,None,None,None,None, , , , 
38137, ,7.316807143427192,1.350993521198025e-07,None,None,None,None, , , , 
38138, ,7.316807143427192,1.4481182276745328e-07,None,None,None,None, , , , 
38139, ,7.316807143427192,1.552225357427048e-07,None,None,None,None, , , , 
38140, ,7.316807143427192,1.6638168860761273e-07,None,None,None,None, , , , 
38141, ,7.316807143427192,1.7834308769319093e-07,None,None,None,None, , , , 
38142, ,7.316807143427192,1.9116440753857e-07,None,None,None,None, , , , 
38143, ,7.316807143427192,2.049074689815846e-07,None,None,None,None, , , , 
38144, ,7.316807143427192,2.1963853724165468e-07,None,None,None,None, , , , 
38145, ,7.316807143427192,2.3542864143224158e-07,None,None,None,None, , , , 
38146, ,7.316807143427192,2.523539170434766e-07,None,None,None,None, , , , 
38147, ,7.316807143427192,2.7049597304631316e-07,None,None,None,None, , , , 
38148, ,7.316807143427192,2.899422853882875e-07,None,None,None,None, , , , 
38149, ,7.316807143427192,3.107866187782014e-07,None,None,None,None, , , , 
38150, ,7.316807143427192,3.33129478793467e-07,None,None,None,None, , , , 
38151, ,7.316807143427192,3.5707859649004626e-07,None,None,None,None, , , , 
38152, ,7.316807143427192,3.827494478516307e-07,None,None,None,None, , , , 
38153, ,7.316807143427192,4.1026581058271904e-07,None,None,None,None, , , , 
38154, ,7.316807143427192,4.397603609302722e-07,None,None,None,None, , , , 
38155, ,7.316807143427192,4.7137531341167185e-07,None,None,None,None, , , , 
38156, ,7.316807143427192,5.052631065335679e-07,None,None,None,None, , , , 
38157, ,7.316807143427192,5.415871378079465e-07,None,None,None,None, , , , 
38158, ,7.316807143427192,5.805225516094896e-07,None,None,None,None, , , , 
38159, ,7.316807143427192,6.222570836730232e-07,None,None,None,None, , , , 
38160, ,7.316807143427192,6.669919663030115e-07,None,None,None,None, , , , 
38161, ,7.316807143427192,7.149428986597576e-07,None,None,None,None, , , , 
38162, ,7.316807143427192,7.663410868007445e-07,None,None,None,None, , , , 
38163, ,7.316807143427192,8.214343584919422e-07,None,None,None,None, , , , 
38164, ,7.316807143427192,8.804883581643463e-07,None,None,None,None, , , , 
38165, ,7.316807143427192,9.437878277775371e-07,None,None,None,None, , , , 
38166, ,7.316807143427192,1.0116379797662072e-06,None,None,None,None, , , , 
38167, ,7.316807143427192,1.0843659686896086e-06,None,None,None,None, , , , 
38168, ,7.316807143427192,1.1623224686798522e-06,None,None,None,None, , , , 
38169, ,7.316807143427192,1.2458833642950078e-06,None,None,None,None, , , , 
38170, ,7.316807143427192,1.3354515629298971e-06,None,None,None,None, , , , 
38171, ,7.316807143427192,1.4314589375234786e-06,None,None,None,None, , , , 
38172, ,7.316807143427192,1.53436840893001e-06,None,None,None,None, , , , 
38173, ,7.316807143427192,1.6446761779946631e-06,None,None,None,None, , , , 
38174, ,7.316807143427192,1.762914118095948e-06,None,None,None,None, , , , 
38175, ,7.316807143427192,1.8896523396912082e-06,None,None,None,None, , , , 
38176, ,7.316807143427192,2.0255019392306664e-06,None,None,None,None, , , , 
38177, ,7.316807143427192,2.171117945694501e-06,None,None,None,None, , , , 
38178, ,7.316807143427192,2.327202478960408e-06,None,None,None,None, , , , 
38179, ,7.316807143427192,2.494508135230317e-06,None,None,None,None, , , , 
38180, ,7.316807143427192,2.673841615839944e-06,None,None,None,None, , , , 
38181, ,7.316807143427192,2.8660676169482507e-06,None,None,None,None, , , , 
38182, ,7.316807143427192,3.0721129988617524e-06,None,None,None,None, , , , 
38183, ,7.316807143427192,3.292971255097148e-06,None,None,None,None, , , , 
38184, ,7.316807143427192,3.5297073027306505e-06,None,None,None,None, , , , 
38185, ,7.316807143427192,3.783462617131925e-06,None,None,None,None, , , , 
38186, ,7.316807143427192,4.0554607358408275e-06,None,None,None,None, , , , 
38187, ,7.316807143427192,4.3470131581250175e-06,None,None,None,None, , , , 
38188, ,7.316807143427192,4.6595256686646765e-06,None,None,None,None, , , , 
38189, ,7.316807143427192,4.99450511585514e-06,None,None,None,None, , , , 
38190, ,7.316807143427192,5.353566677410719e-06,None,None,None,None, , , , 
38191, ,7.316807143427192,5.738441648302393e-06,None,None,None,None, , , , 
38192, ,7.316807143427192,6.150985788580505e-06,None,None,None,None, , , , 
38193, ,7.316807143427192,6.593188271333541e-06,None,None,None,None, , , , 
38194, ,7.316807143427192,7.067181273927492e-06,None,None,None,None, , , , 
38195, ,7.316807143427192,7.575250258771904e-06,None,None,None,None, , , , 
38196, ,7.316807143427192,8.119844993184007e-06,None,None,None,None, , , , 
38197, ,7.316807143427192,8.703591361485167e-06,None,None,None,None, , , , 
38198, ,7.316807143427192,9.329304026284676e-06,None,None,None,None, , , , 
38199, ,7.316807143427192,1e-05,None,None,None,None, , , , 
38200, ,7.575250258771912,1e-11,None,None,None,None, , , , 
38201, ,7.575250258771912,1.0718913192051263e-11,None,None,None,None, , , , 
38202, ,7.575250258771912,1.1489510001873107e-11,None,None,None,None, , , , 
38203, ,7.575250258771912,1.2315506032928262e-11,None,None,None,None, , , , 
38204, ,7.575250258771912,1.3200884008314167e-11,None,None,None,None, , , , 
38205, ,7.575250258771912,1.4149912974345786e-11,None,None,None,None, , , , 
38206, ,7.575250258771912,1.5167168884709242e-11,None,None,None,None, , , , 
38207, ,7.575250258771912,1.6257556664437934e-11,None,None,None,None, , , , 
38208, ,7.575250258771912,1.7426333860096473e-11,None,None,None,None, , , , 
38209, ,7.575250258771912,1.8679135990207848e-11,None,None,None,None, , , , 
38210, ,7.575250258771912,2.0022003718155844e-11,None,None,None,None, , , , 
38211, ,7.575250258771912,2.1461411978584013e-11,None,None,None,None, , , , 
38212, ,7.575250258771912,2.300430119772921e-11,None,None,None,None, , , , 
38213, ,7.575250258771912,2.465811075822604e-11,None,None,None,None, , , , 
38214, ,7.575250258771912,2.643081486974103e-11,None,None,None,None, , , , 
38215, ,7.575250258771912,2.8330961018393178e-11,None,None,None,None, , , , 
38216, ,7.575250258771912,3.036771118035461e-11,None,None,None,None, , , , 
38217, ,7.575250258771912,3.255088599835057e-11,None,None,None,None, , , , 
38218, ,7.575250258771912,3.4891012134067674e-11,None,None,None,None, , , , 
38219, ,7.575250258771912,3.739937302478801e-11,None,None,None,None, , , , 
38220, ,7.575250258771912,4.0088063288984646e-11,None,None,None,None, , , , 
38221, ,7.575250258771912,4.297004704320835e-11,None,None,None,None, , , , 
38222, ,7.575250258771912,4.605922041145113e-11,None,None,None,None, , , , 
38223, ,7.575250258771912,4.937047852839004e-11,None,None,None,None, , , , 
38224, ,7.575250258771912,5.2919787359584366e-11,None,None,None,None, , , , 
38225, ,7.575250258771912,5.672426068491989e-11,None,None,None,None, , , , 
38226, ,7.575250258771912,6.080224261649427e-11,None,None,None,None, , , , 
38227, ,7.575250258771912,6.517339604882421e-11,None,None,None,None, , , , 
38228, ,7.575250258771912,6.985879746785235e-11,None,None,None,None, , , , 
38229, ,7.575250258771912,7.48810385759003e-11,None,None,None,None, , , , 
38230, ,7.575250258771912,8.026433522257174e-11,None,None,None,None, , , , 
38231, ,7.575250258771912,8.603464416684492e-11,None,None,None,None, , , , 
38232, ,7.575250258771912,9.221978823334341e-11,None,None,None,None, , , , 
38233, ,7.575250258771912,9.884959046625586e-11,None,None,None,None, , , , 
38234, ,7.575250258771912,1.0595601792776149e-10,None,None,None,None, , , , 
38235, ,7.575250258771912,1.1357333583431027e-10,None,None,None,None, , , , 
38236, ,7.575250258771912,1.217382727739662e-10,None,None,None,None, , , , 
38237, ,7.575250258771912,1.3049019780144016e-10,None,None,None,None, , , , 
38238, ,7.575250258771912,1.398713102647236e-10,None,None,None,None, , , , 
38239, ,7.575250258771912,1.4992684327860468e-10,None,None,None,None, , , , 
38240, ,7.575250258771912,1.6070528182616384e-10,None,None,None,None, , , , 
38241, ,7.575250258771912,1.722585965398784e-10,None,None,None,None, , , , 
38242, ,7.575250258771912,1.8464249428955463e-10,None,None,None,None, , , , 
38243, ,7.575250258771912,1.9791668678535569e-10,None,None,None,None, , , , 
38244, ,7.575250258771912,2.121451784910628e-10,None,None,None,None, , , , 
38245, ,7.575250258771912,2.273965752357932e-10,None,None,None,None, , , , 
38246, ,7.575250258771912,2.4374441501222216e-10,None,None,None,None, , , , 
38247, ,7.575250258771912,2.6126752255633265e-10,None,None,None,None, , , , 
38248, ,7.575250258771912,2.8005038941836253e-10,None,None,None,None, , , , 
38249, ,7.575250258771912,3.0018358135755917e-10,None,None,None,None, , , , 
38250, ,7.575250258771912,3.2176417502507347e-10,None,None,None,None, , , , 
38251, ,7.575250258771912,3.4489622604057533e-10,None,None,None,None, , , , 
38252, ,7.575250258771912,3.696912707195032e-10,None,None,None,None, , , , 
38253, ,7.575250258771912,3.9626886387014783e-10,None,None,None,None, , , , 
38254, ,7.575250258771912,4.2475715525368935e-10,None,None,None,None, , , , 
38255, ,7.575250258771912,4.552935074866938e-10,None,None,None,None, , , , 
38256, ,7.575250258771912,4.880251583654433e-10,None,None,None,None, , , , 
38257, ,7.575250258771912,5.231099308056258e-10,None,None,None,None, , , , 
38258, ,7.575250258771912,5.60716993820547e-10,None,None,None,None, , , , 
38259, ,7.575250258771912,6.010276782070387e-10,None,None,None,None, , , , 
38260, ,7.575250258771912,6.442363508721371e-10,None,None,None,None, , , , 
38261, ,7.575250258771912,6.905513520162316e-10,None,None,None,None, , , , 
38262, ,7.575250258771912,7.401959996915653e-10,None,None,None,None, , , , 
38263, ,7.575250258771912,7.934096665797492e-10,None,None,None,None, , , , 
38264, ,7.575250258771912,8.504489341802668e-10,None,None,None,None, , , , 
38265, ,7.575250258771912,9.115888299750837e-10,None,None,None,None, , , , 
38266, ,7.575250258771912,9.771241535346502e-10,None,None,None,None, , , , 
38267, ,7.575250258771912,1.0473708979594486e-09,None,None,None,None, , , , 
38268, ,7.575250258771912,1.1226677735108114e-09,None,None,None,None, , , , 
38269, ,7.575250258771912,1.2033778407775904e-09,None,None,None,None, , , , 
38270, ,7.575250258771912,1.289890261253308e-09,None,None,None,None, , , , 
38271, ,7.575250258771912,1.3826221737646535e-09,None,None,None,None, , , , 
38272, ,7.575250258771912,1.4820207057988602e-09,None,None,None,None, , , , 
38273, ,7.575250258771912,1.5885651294280526e-09,None,None,None,None, , , , 
38274, ,7.575250258771912,1.702769172225898e-09,None,None,None,None, , , , 
38275, ,7.575250258771912,1.825183494319039e-09,None,None,None,None, , , , 
38276, ,7.575250258771912,1.956398343517065e-09,None,None,None,None, , , , 
38277, ,7.575250258771912,2.0970464013232305e-09,None,None,None,None, , , , 
38278, ,7.575250258771912,2.2478058335487307e-09,None,None,None,None, , , , 
38279, ,7.575250258771912,2.409403560239527e-09,None,None,None,None, , , , 
38280, ,7.575250258771912,2.582618760682675e-09,None,None,None,None, , , , 
38281, ,7.575250258771912,2.768286630392061e-09,None,None,None,None, , , , 
38282, ,7.575250258771912,2.9673024081888724e-09,None,None,None,None, , , , 
38283, ,7.575250258771912,3.180625692794119e-09,None,None,None,None, , , , 
38284, ,7.575250258771912,3.409285069746807e-09,None,None,None,None, , , , 
38285, ,7.575250258771912,3.654383070957262e-09,None,None,None,None, , , , 
38286, ,7.575250258771912,3.917101490809261e-09,None,None,None,None, , , , 
38287, ,7.575250258771912,4.198707084443906e-09,None,None,None,None, , , , 
38288, ,7.575250258771912,4.500557675700488e-09,None,None,None,None, , , , 
38289, ,7.575250258771912,4.824108704165374e-09,None,None,None,None, , , , 
38290, ,7.575250258771912,5.170920242896755e-09,None,None,None,None, , , , 
38291, ,7.575250258771912,5.542664520663096e-09,None,None,None,None, , , , 
38292, ,7.575250258771912,5.941133984965041e-09,None,None,None,None, , , , 
38293, ,7.575250258771912,6.3682499447185856e-09,None,None,None,None, , , , 
38294, ,7.575250258771912,6.826071834272379e-09,None,None,None,None, , , , 
38295, ,7.575250258771912,7.316807143427175e-09,None,None,None,None, , , , 
38296, ,7.575250258771912,7.842822061337681e-09,None,None,None,None, , , , 
38297, ,7.575250258771912,8.406652885618316e-09,None,None,None,None, , , , 
38298, ,7.575250258771912,9.011018251665036e-09,None,None,None,None, , , , 
38299, ,7.575250258771912,9.658832241158707e-09,None,None,None,None, , , , 
38300, ,7.575250258771912,1.0353218432956616e-08,None,None,None,None, , , , 
38301, ,7.575250258771912,1.1097524964120722e-08,None,None,None,None, , , , 
38302, ,7.575250258771912,1.1895340673703208e-08,None,None,None,None, , , , 
38303, ,7.575250258771912,1.2750512407130128e-08,None,None,None,None, , , , 
38304, ,7.575250258771912,1.3667163564620044e-08,None,None,None,None, , , , 
38305, ,7.575250258771912,1.4649713983072853e-08,None,None,None,None, , , , 
38306, ,7.575250258771912,1.5702901247293774e-08,None,None,None,None, , , , 
38307, ,7.575250258771912,1.683180353330955e-08,None,None,None,None, , , , 
38308, ,7.575250258771912,1.8041864093920717e-08,None,None,None,None, , , , 
38309, ,7.575250258771912,1.933891750455232e-08,None,None,None,None, , , , 
38310, ,7.575250258771912,2.0729217795953697e-08,None,None,None,None, , , , 
38311, ,7.575250258771912,2.221946860939524e-08,None,None,None,None, , , , 
38312, ,7.575250258771912,2.3816855519761606e-08,None,None,None,None, , , , 
38313, ,7.575250258771912,2.552908068239516e-08,None,None,None,None, , , , 
38314, ,7.575250258771912,2.7364399970746666e-08,None,None,None,None, , , , 
38315, ,7.575250258771912,2.933166278390042e-08,None,None,None,None, , , , 
38316, ,7.575250258771912,3.1440354715915e-08,None,None,None,None, , , , 
38317, ,7.575250258771912,3.370064329271925e-08,None,None,None,None, , , , 
38318, ,7.575250258771912,3.612342699709431e-08,None,None,None,None, , , , 
38319, ,7.575250258771912,3.872038781812557e-08,None,None,None,None, , , , 
38320, ,7.575250258771912,4.1504047578504727e-08,None,None,None,None, , , , 
38321, ,7.575250258771912,4.448782831127585e-08,None,None,None,None, , , , 
38322, ,7.575250258771912,4.768611697714474e-08,None,None,None,None, , , , 
38323, ,7.575250258771912,5.111433483440165e-08,None,None,None,None, , , , 
38324, ,7.575250258771912,5.478901179593934e-08,None,None,None,None, , , , 
38325, ,7.575250258771912,5.872786613189478e-08,None,None,None,None, , , , 
38326, ,7.575250258771912,6.294988990221888e-08,None,None,None,None, , , , 
38327, ,7.575250258771912,6.747544053110687e-08,None,None,None,None, , , , 
38328, ,7.575250258771912,7.232633896483534e-08,None,None,None,None, , , , 
38329, ,7.575250258771912,7.752597488629465e-08,None,None,None,None, , , , 
38330, ,7.575250258771912,8.309941949353386e-08,None,None,None,None, , , , 
38331, ,7.575250258771912,8.907354638610439e-08,None,None,None,None, , , , 
38332, ,7.575250258771912,9.547716114208066e-08,None,None,None,None, , , , 
38333, ,7.575250258771912,1.0234114021054528e-07,None,None,None,None, , , , 
38334, ,7.575250258771912,1.0969857978923841e-07,None,None,None,None, , , , 
38335, ,7.575250258771912,1.1758495540521555e-07,None,None,None,None, , , , 
38336, ,7.575250258771912,1.2603829296797277e-07,None,None,None,None, , , , 
38337, ,7.575250258771912,1.350993521198025e-07,None,None,None,None, , , , 
38338, ,7.575250258771912,1.4481182276745328e-07,None,None,None,None, , , , 
38339, ,7.575250258771912,1.552225357427048e-07,None,None,None,None, , , , 
38340, ,7.575250258771912,1.6638168860761273e-07,None,None,None,None, , , , 
38341, ,7.575250258771912,1.7834308769319093e-07,None,None,None,None, , , , 
38342, ,7.575250258771912,1.9116440753857e-07,None,None,None,None, , , , 
38343, ,7.575250258771912,2.049074689815846e-07,None,None,None,None, , , , 
38344, ,7.575250258771912,2.1963853724165468e-07,None,None,None,None, , , , 
38345, ,7.575250258771912,2.3542864143224158e-07,None,None,None,None, , , , 
38346, ,7.575250258771912,2.523539170434766e-07,None,None,None,None, , , , 
38347, ,7.575250258771912,2.7049597304631316e-07,None,None,None,None, , , , 
38348, ,7.575250258771912,2.899422853882875e-07,None,None,None,None, , , , 
38349, ,7.575250258771912,3.107866187782014e-07,None,None,None,None, , , , 
38350, ,7.575250258771912,3.33129478793467e-07,None,None,None,None, , , , 
38351, ,7.575250258771912,3.5707859649004626e-07,None,None,None,None, , , , 
38352, ,7.575250258771912,3.827494478516307e-07,None,None,None,None, , , , 
38353, ,7.575250258771912,4.1026581058271904e-07,None,None,None,None, , , , 
38354, ,7.575250258771912,4.397603609302722e-07,None,None,None,None, , , , 
38355, ,7.575250258771912,4.7137531341167185e-07,None,None,None,None, , , , 
38356, ,7.575250258771912,5.052631065335679e-07,None,None,None,None, , , , 
38357, ,7.575250258771912,5.415871378079465e-07,None,None,None,None, , , , 
38358, ,7.575250258771912,5.805225516094896e-07,None,None,None,None, , , , 
38359, ,7.575250258771912,6.222570836730232e-07,None,None,None,None, , , , 
38360, ,7.575250258771912,6.669919663030115e-07,None,None,None,None, , , , 
38361, ,7.575250258771912,7.149428986597576e-07,None,None,None,None, , , , 
38362, ,7.575250258771912,7.663410868007445e-07,None,None,None,None, , , , 
38363, ,7.575250258771912,8.214343584919422e-07,None,None,None,None, , , , 
38364, ,7.575250258771912,8.804883581643463e-07,None,None,None,None, , , , 
38365, ,7.575250258771912,9.437878277775371e-07,None,None,None,None, , , , 
38366, ,7.575250258771912,1.0116379797662072e-06,None,None,None,None, , , , 
38367, ,7.575250258771912,1.0843659686896086e-06,None,None,None,None, , , , 
38368, ,7.575250258771912,1.1623224686798522e-06,None,None,None,None, , , , 
38369, ,7.575250258771912,1.2458833642950078e-06,None,None,None,None, , , , 
38370, ,7.575250258771912,1.3354515629298971e-06,None,None,None,None, , , , 
38371, ,7.575250258771912,1.4314589375234786e-06,None,None,None,None, , , , 
38372, ,7.575250258771912,1.53436840893001e-06,None,None,None,None, , , , 
38373, ,7.575250258771912,1.6446761779946631e-06,None,None,None,None, , , , 
38374, ,7.575250258771912,1.762914118095948e-06,None,None,None,None, , , , 
38375, ,7.575250258771912,1.8896523396912082e-06,None,None,None,None, , , , 
38376, ,7.575250258771912,2.0255019392306664e-06,None,None,None,None, , , , 
38377, ,7.575250258771912,2.171117945694501e-06,None,None,None,None, , , , 
38378, ,7.575250258771912,2.327202478960408e-06,None,None,None,None, , , , 
38379, ,7.575250258771912,2.494508135230317e-06,None,None,None,None, , , , 
38380, ,7.575250258771912,2.673841615839944e-06,None,None,None,None, , , , 
38381, ,7.575250258771912,2.8660676169482507e-06,None,None,None,None, , , , 
38382, ,7.575250258771912,3.0721129988617524e-06,None,None,None,None, , , , 
38383, ,7.575250258771912,3.292971255097148e-06,None,None,None,None, , , , 
38384, ,7.575250258771912,3.5297073027306505e-06,None,None,None,None, , , , 
38385, ,7.575250258771912,3.783462617131925e-06,None,None,None,None, , , , 
38386, ,7.575250258771912,4.0554607358408275e-06,None,None,None,None, , , , 
38387, ,7.575250258771912,4.3470131581250175e-06,None,None,None,None, , , , 
38388, ,7.575250258771912,4.6595256686646765e-06,None,None,None,None, , , , 
38389, ,7.575250258771912,4.99450511585514e-06,None,None,None,None, , , , 
38390, ,7.575250258771912,5.353566677410719e-06,None,None,None,None, , , , 
38391, ,7.575250258771912,5.738441648302393e-06,None,None,None,None, , , , 
38392, ,7.575250258771912,6.150985788580505e-06,None,None,None,None, , , , 
38393, ,7.575250258771912,6.593188271333541e-06,None,None,None,None, , , , 
38394, ,7.575250258771912,7.067181273927492e-06,None,None,None,None, , , , 
38395, ,7.575250258771912,7.575250258771904e-06,None,None,None,None, , , , 
38396, ,7.575250258771912,8.119844993184007e-06,None,None,None,None, , , , 
38397, ,7.575250258771912,8.703591361485167e-06,None,None,None,None, , , , 
38398, ,7.575250258771912,9.329304026284676e-06,None,None,None,None, , , , 
38399, ,7.575250258771912,1e-05,None,None,None,None, , , , 
38400, ,7.842822061337683,1e-11,None,None,None,None, , , , 
38401, ,7.842822061337683,1.0718913192051263e-11,None,None,None,None, , , , 
38402, ,7.842822061337683,1.1489510001873107e-11,None,None,None,None, , , , 
38403, ,7.842822061337683,1.2315506032928262e-11,None,None,None,None, , , , 
38404, ,7.842822061337683,1.3200884008314167e-11,None,None,None,None, , , , 
38405, ,7.842822061337683,1.4149912974345786e-11,None,None,None,None, , , , 
38406, ,7.842822061337683,1.5167168884709242e-11,None,None,None,None, , , , 
38407, ,7.842822061337683,1.6257556664437934e-11,None,None,None,None, , , , 
38408, ,7.842822061337683,1.7426333860096473e-11,None,None,None,None, , , , 
38409, ,7.842822061337683,1.8679135990207848e-11,None,None,None,None, , , , 
38410, ,7.842822061337683,2.0022003718155844e-11,None,None,None,None, , , , 
38411, ,7.842822061337683,2.1461411978584013e-11,None,None,None,None, , , , 
38412, ,7.842822061337683,2.300430119772921e-11,None,None,None,None, , , , 
38413, ,7.842822061337683,2.465811075822604e-11,None,None,None,None, , , , 
38414, ,7.842822061337683,2.643081486974103e-11,None,None,None,None, , , , 
38415, ,7.842822061337683,2.8330961018393178e-11,None,None,None,None, , , , 
38416, ,7.842822061337683,3.036771118035461e-11,None,None,None,None, , , , 
38417, ,7.842822061337683,3.255088599835057e-11,None,None,None,None, , , , 
38418, ,7.842822061337683,3.4891012134067674e-11,None,None,None,None, , , , 
38419, ,7.842822061337683,3.739937302478801e-11,None,None,None,None, , , , 
38420, ,7.842822061337683,4.0088063288984646e-11,None,None,None,None, , , , 
38421, ,7.842822061337683,4.297004704320835e-11,None,None,None,None, , , , 
38422, ,7.842822061337683,4.605922041145113e-11,None,None,None,None, , , , 
38423, ,7.842822061337683,4.937047852839004e-11,None,None,None,None, , , , 
38424, ,7.842822061337683,5.2919787359584366e-11,None,None,None,None, , , , 
38425, ,7.842822061337683,5.672426068491989e-11,None,None,None,None, , , , 
38426, ,7.842822061337683,6.080224261649427e-11,None,None,None,None, , , , 
38427, ,7.842822061337683,6.517339604882421e-11,None,None,None,None, , , , 
38428, ,7.842822061337683,6.985879746785235e-11,None,None,None,None, , , , 
38429, ,7.842822061337683,7.48810385759003e-11,None,None,None,None, , , , 
38430, ,7.842822061337683,8.026433522257174e-11,None,None,None,None, , , , 
38431, ,7.842822061337683,8.603464416684492e-11,None,None,None,None, , , , 
38432, ,7.842822061337683,9.221978823334341e-11,None,None,None,None, , , , 
38433, ,7.842822061337683,9.884959046625586e-11,None,None,None,None, , , , 
38434, ,7.842822061337683,1.0595601792776149e-10,None,None,None,None, , , , 
38435, ,7.842822061337683,1.1357333583431027e-10,None,None,None,None, , , , 
38436, ,7.842822061337683,1.217382727739662e-10,None,None,None,None, , , , 
38437, ,7.842822061337683,1.3049019780144016e-10,None,None,None,None, , , , 
38438, ,7.842822061337683,1.398713102647236e-10,None,None,None,None, , , , 
38439, ,7.842822061337683,1.4992684327860468e-10,None,None,None,None, , , , 
38440, ,7.842822061337683,1.6070528182616384e-10,None,None,None,None, , , , 
38441, ,7.842822061337683,1.722585965398784e-10,None,None,None,None, , , , 
38442, ,7.842822061337683,1.8464249428955463e-10,None,None,None,None, , , , 
38443, ,7.842822061337683,1.9791668678535569e-10,None,None,None,None, , , , 
38444, ,7.842822061337683,2.121451784910628e-10,None,None,None,None, , , , 
38445, ,7.842822061337683,2.273965752357932e-10,None,None,None,None, , , , 
38446, ,7.842822061337683,2.4374441501222216e-10,None,None,None,None, , , , 
38447, ,7.842822061337683,2.6126752255633265e-10,None,None,None,None, , , , 
38448, ,7.842822061337683,2.8005038941836253e-10,None,None,None,None, , , , 
38449, ,7.842822061337683,3.0018358135755917e-10,None,None,None,None, , , , 
38450, ,7.842822061337683,3.2176417502507347e-10,None,None,None,None, , , , 
38451, ,7.842822061337683,3.4489622604057533e-10,None,None,None,None, , , , 
38452, ,7.842822061337683,3.696912707195032e-10,None,None,None,None, , , , 
38453, ,7.842822061337683,3.9626886387014783e-10,None,None,None,None, , , , 
38454, ,7.842822061337683,4.2475715525368935e-10,None,None,None,None, , , , 
38455, ,7.842822061337683,4.552935074866938e-10,None,None,None,None, , , , 
38456, ,7.842822061337683,4.880251583654433e-10,None,None,None,None, , , , 
38457, ,7.842822061337683,5.231099308056258e-10,None,None,None,None, , , , 
38458, ,7.842822061337683,5.60716993820547e-10,None,None,None,None, , , , 
38459, ,7.842822061337683,6.010276782070387e-10,None,None,None,None, , , , 
38460, ,7.842822061337683,6.442363508721371e-10,None,None,None,None, , , , 
38461, ,7.842822061337683,6.905513520162316e-10,None,None,None,None, , , , 
38462, ,7.842822061337683,7.401959996915653e-10,None,None,None,None, , , , 
38463, ,7.842822061337683,7.934096665797492e-10,None,None,None,None, , , , 
38464, ,7.842822061337683,8.504489341802668e-10,None,None,None,None, , , , 
38465, ,7.842822061337683,9.115888299750837e-10,None,None,None,None, , , , 
38466, ,7.842822061337683,9.771241535346502e-10,None,None,None,None, , , , 
38467, ,7.842822061337683,1.0473708979594486e-09,None,None,None,None, , , , 
38468, ,7.842822061337683,1.1226677735108114e-09,None,None,None,None, , , , 
38469, ,7.842822061337683,1.2033778407775904e-09,None,None,None,None, , , , 
38470, ,7.842822061337683,1.289890261253308e-09,None,None,None,None, , , , 
38471, ,7.842822061337683,1.3826221737646535e-09,None,None,None,None, , , , 
38472, ,7.842822061337683,1.4820207057988602e-09,None,None,None,None, , , , 
38473, ,7.842822061337683,1.5885651294280526e-09,None,None,None,None, , , , 
38474, ,7.842822061337683,1.702769172225898e-09,None,None,None,None, , , , 
38475, ,7.842822061337683,1.825183494319039e-09,None,None,None,None, , , , 
38476, ,7.842822061337683,1.956398343517065e-09,None,None,None,None, , , , 
38477, ,7.842822061337683,2.0970464013232305e-09,None,None,None,None, , , , 
38478, ,7.842822061337683,2.2478058335487307e-09,None,None,None,None, , , , 
38479, ,7.842822061337683,2.409403560239527e-09,None,None,None,None, , , , 
38480, ,7.842822061337683,2.582618760682675e-09,None,None,None,None, , , , 
38481, ,7.842822061337683,2.768286630392061e-09,None,None,None,None, , , , 
38482, ,7.842822061337683,2.9673024081888724e-09,None,None,None,None, , , , 
38483, ,7.842822061337683,3.180625692794119e-09,None,None,None,None, , , , 
38484, ,7.842822061337683,3.409285069746807e-09,None,None,None,None, , , , 
38485, ,7.842822061337683,3.654383070957262e-09,None,None,None,None, , , , 
38486, ,7.842822061337683,3.917101490809261e-09,None,None,None,None, , , , 
38487, ,7.842822061337683,4.198707084443906e-09,None,None,None,None, , , , 
38488, ,7.842822061337683,4.500557675700488e-09,None,None,None,None, , , , 
38489, ,7.842822061337683,4.824108704165374e-09,None,None,None,None, , , , 
38490, ,7.842822061337683,5.170920242896755e-09,None,None,None,None, , , , 
38491, ,7.842822061337683,5.542664520663096e-09,None,None,None,None, , , , 
38492, ,7.842822061337683,5.941133984965041e-09,None,None,None,None, , , , 
38493, ,7.842822061337683,6.3682499447185856e-09,None,None,None,None, , , , 
38494, ,7.842822061337683,6.826071834272379e-09,None,None,None,None, , , , 
38495, ,7.842822061337683,7.316807143427175e-09,None,None,None,None, , , , 
38496, ,7.842822061337683,7.842822061337681e-09,None,None,None,None, , , , 
38497, ,7.842822061337683,8.406652885618316e-09,None,None,None,None, , , , 
38498, ,7.842822061337683,9.011018251665036e-09,None,None,None,None, , , , 
38499, ,7.842822061337683,9.658832241158707e-09,None,None,None,None, , , , 
38500, ,7.842822061337683,1.0353218432956616e-08,None,None,None,None, , , , 
38501, ,7.842822061337683,1.1097524964120722e-08,None,None,None,None, , , , 
38502, ,7.842822061337683,1.1895340673703208e-08,None,None,None,None, , , , 
38503, ,7.842822061337683,1.2750512407130128e-08,None,None,None,None, , , , 
38504, ,7.842822061337683,1.3667163564620044e-08,None,None,None,None, , , , 
38505, ,7.842822061337683,1.4649713983072853e-08,None,None,None,None, , , , 
38506, ,7.842822061337683,1.5702901247293774e-08,None,None,None,None, , , , 
38507, ,7.842822061337683,1.683180353330955e-08,None,None,None,None, , , , 
38508, ,7.842822061337683,1.8041864093920717e-08,None,None,None,None, , , , 
38509, ,7.842822061337683,1.933891750455232e-08,None,None,None,None, , , , 
38510, ,7.842822061337683,2.0729217795953697e-08,None,None,None,None, , , , 
38511, ,7.842822061337683,2.221946860939524e-08,None,None,None,None, , , , 
38512, ,7.842822061337683,2.3816855519761606e-08,None,None,None,None, , , , 
38513, ,7.842822061337683,2.552908068239516e-08,None,None,None,None, , , , 
38514, ,7.842822061337683,2.7364399970746666e-08,None,None,None,None, , , , 
38515, ,7.842822061337683,2.933166278390042e-08,None,None,None,None, , , , 
38516, ,7.842822061337683,3.1440354715915e-08,None,None,None,None, , , , 
38517, ,7.842822061337683,3.370064329271925e-08,None,None,None,None, , , , 
38518, ,7.842822061337683,3.612342699709431e-08,None,None,None,None, , , , 
38519, ,7.842822061337683,3.872038781812557e-08,None,None,None,None, , , , 
38520, ,7.842822061337683,4.1504047578504727e-08,None,None,None,None, , , , 
38521, ,7.842822061337683,4.448782831127585e-08,None,None,None,None, , , , 
38522, ,7.842822061337683,4.768611697714474e-08,None,None,None,None, , , , 
38523, ,7.842822061337683,5.111433483440165e-08,None,None,None,None, , , , 
38524, ,7.842822061337683,5.478901179593934e-08,None,None,None,None, , , , 
38525, ,7.842822061337683,5.872786613189478e-08,None,None,None,None, , , , 
38526, ,7.842822061337683,6.294988990221888e-08,None,None,None,None, , , , 
38527, ,7.842822061337683,6.747544053110687e-08,None,None,None,None, , , , 
38528, ,7.842822061337683,7.232633896483534e-08,None,None,None,None, , , , 
38529, ,7.842822061337683,7.752597488629465e-08,None,None,None,None, , , , 
38530, ,7.842822061337683,8.309941949353386e-08,None,None,None,None, , , , 
38531, ,7.842822061337683,8.907354638610439e-08,None,None,None,None, , , , 
38532, ,7.842822061337683,9.547716114208066e-08,None,None,None,None, , , , 
38533, ,7.842822061337683,1.0234114021054528e-07,None,None,None,None, , , , 
38534, ,7.842822061337683,1.0969857978923841e-07,None,None,None,None, , , , 
38535, ,7.842822061337683,1.1758495540521555e-07,None,None,None,None, , , , 
38536, ,7.842822061337683,1.2603829296797277e-07,None,None,None,None, , , , 
38537, ,7.842822061337683,1.350993521198025e-07,None,None,None,None, , , , 
38538, ,7.842822061337683,1.4481182276745328e-07,None,None,None,None, , , , 
38539, ,7.842822061337683,1.552225357427048e-07,None,None,None,None, , , , 
38540, ,7.842822061337683,1.6638168860761273e-07,None,None,None,None, , , , 
38541, ,7.842822061337683,1.7834308769319093e-07,None,None,None,None, , , , 
38542, ,7.842822061337683,1.9116440753857e-07,None,None,None,None, , , , 
38543, ,7.842822061337683,2.049074689815846e-07,None,None,None,None, , , , 
38544, ,7.842822061337683,2.1963853724165468e-07,None,None,None,None, , , , 
38545, ,7.842822061337683,2.3542864143224158e-07,None,None,None,None, , , , 
38546, ,7.842822061337683,2.523539170434766e-07,None,None,None,None, , , , 
38547, ,7.842822061337683,2.7049597304631316e-07,None,None,None,None, , , , 
38548, ,7.842822061337683,2.899422853882875e-07,None,None,None,None, , , , 
38549, ,7.842822061337683,3.107866187782014e-07,None,None,None,None, , , , 
38550, ,7.842822061337683,3.33129478793467e-07,None,None,None,None, , , , 
38551, ,7.842822061337683,3.5707859649004626e-07,None,None,None,None, , , , 
38552, ,7.842822061337683,3.827494478516307e-07,None,None,None,None, , , , 
38553, ,7.842822061337683,4.1026581058271904e-07,None,None,None,None, , , , 
38554, ,7.842822061337683,4.397603609302722e-07,None,None,None,None, , , , 
38555, ,7.842822061337683,4.7137531341167185e-07,None,None,None,None, , , , 
38556, ,7.842822061337683,5.052631065335679e-07,None,None,None,None, , , , 
38557, ,7.842822061337683,5.415871378079465e-07,None,None,None,None, , , , 
38558, ,7.842822061337683,5.805225516094896e-07,None,None,None,None, , , , 
38559, ,7.842822061337683,6.222570836730232e-07,None,None,None,None, , , , 
38560, ,7.842822061337683,6.669919663030115e-07,None,None,None,None, , , , 
38561, ,7.842822061337683,7.149428986597576e-07,None,None,None,None, , , , 
38562, ,7.842822061337683,7.663410868007445e-07,None,None,None,None, , , , 
38563, ,7.842822061337683,8.214343584919422e-07,None,None,None,None, , , , 
38564, ,7.842822061337683,8.804883581643463e-07,None,None,None,None, , , , 
38565, ,7.842822061337683,9.437878277775371e-07,None,None,None,None, , , , 
38566, ,7.842822061337683,1.0116379797662072e-06,None,None,None,None, , , , 
38567, ,7.842822061337683,1.0843659686896086e-06,None,None,None,None, , , , 
38568, ,7.842822061337683,1.1623224686798522e-06,None,None,None,None, , , , 
38569, ,7.842822061337683,1.2458833642950078e-06,None,None,None,None, , , , 
38570, ,7.842822061337683,1.3354515629298971e-06,None,None,None,None, , , , 
38571, ,7.842822061337683,1.4314589375234786e-06,None,None,None,None, , , , 
38572, ,7.842822061337683,1.53436840893001e-06,None,None,None,None, , , , 
38573, ,7.842822061337683,1.6446761779946631e-06,None,None,None,None, , , , 
38574, ,7.842822061337683,1.762914118095948e-06,None,None,None,None, , , , 
38575, ,7.842822061337683,1.8896523396912082e-06,None,None,None,None, , , , 
38576, ,7.842822061337683,2.0255019392306664e-06,None,None,None,None, , , , 
38577, ,7.842822061337683,2.171117945694501e-06,None,None,None,None, , , , 
38578, ,7.842822061337683,2.327202478960408e-06,None,None,None,None, , , , 
38579, ,7.842822061337683,2.494508135230317e-06,None,None,None,None, , , , 
38580, ,7.842822061337683,2.673841615839944e-06,None,None,None,None, , , , 
38581, ,7.842822061337683,2.8660676169482507e-06,None,None,None,None, , , , 
38582, ,7.842822061337683,3.0721129988617524e-06,None,None,None,None, , , , 
38583, ,7.842822061337683,3.292971255097148e-06,None,None,None,None, , , , 
38584, ,7.842822061337683,3.5297073027306505e-06,None,None,None,None, , , , 
38585, ,7.842822061337683,3.783462617131925e-06,None,None,None,None, , , , 
38586, ,7.842822061337683,4.0554607358408275e-06,None,None,None,None, , , , 
38587, ,7.842822061337683,4.3470131581250175e-06,None,None,None,None, , , , 
38588, ,7.842822061337683,4.6595256686646765e-06,None,None,None,None, , , , 
38589, ,7.842822061337683,4.99450511585514e-06,None,None,None,None, , , , 
38590, ,7.842822061337683,5.353566677410719e-06,None,None,None,None, , , , 
38591, ,7.842822061337683,5.738441648302393e-06,None,None,None,None, , , , 
38592, ,7.842822061337683,6.150985788580505e-06,None,None,None,None, , , , 
38593, ,7.842822061337683,6.593188271333541e-06,None,None,None,None, , , , 
38594, ,7.842822061337683,7.067181273927492e-06,None,None,None,None, , , , 
38595, ,7.842822061337683,7.575250258771904e-06,None,None,None,None, , , , 
38596, ,7.842822061337683,8.119844993184007e-06,None,None,None,None, , , , 
38597, ,7.842822061337683,8.703591361485167e-06,None,None,None,None, , , , 
38598, ,7.842822061337683,9.329304026284676e-06,None,None,None,None, , , , 
38599, ,7.842822061337683,1e-05,None,None,None,None, , , , 
38600, ,8.119844993184007,1e-11,None,None,None,None, , , , 
38601, ,8.119844993184007,1.0718913192051263e-11,None,None,None,None, , , , 
38602, ,8.119844993184007,1.1489510001873107e-11,None,None,None,None, , , , 
38603, ,8.119844993184007,1.2315506032928262e-11,None,None,None,None, , , , 
38604, ,8.119844993184007,1.3200884008314167e-11,None,None,None,None, , , , 
38605, ,8.119844993184007,1.4149912974345786e-11,None,None,None,None, , , , 
38606, ,8.119844993184007,1.5167168884709242e-11,None,None,None,None, , , , 
38607, ,8.119844993184007,1.6257556664437934e-11,None,None,None,None, , , , 
38608, ,8.119844993184007,1.7426333860096473e-11,None,None,None,None, , , , 
38609, ,8.119844993184007,1.8679135990207848e-11,None,None,None,None, , , , 
38610, ,8.119844993184007,2.0022003718155844e-11,None,None,None,None, , , , 
38611, ,8.119844993184007,2.1461411978584013e-11,None,None,None,None, , , , 
38612, ,8.119844993184007,2.300430119772921e-11,None,None,None,None, , , , 
38613, ,8.119844993184007,2.465811075822604e-11,None,None,None,None, , , , 
38614, ,8.119844993184007,2.643081486974103e-11,None,None,None,None, , , , 
38615, ,8.119844993184007,2.8330961018393178e-11,None,None,None,None, , , , 
38616, ,8.119844993184007,3.036771118035461e-11,None,None,None,None, , , , 
38617, ,8.119844993184007,3.255088599835057e-11,None,None,None,None, , , , 
38618, ,8.119844993184007,3.4891012134067674e-11,None,None,None,None, , , , 
38619, ,8.119844993184007,3.739937302478801e-11,None,None,None,None, , , , 
38620, ,8.119844993184007,4.0088063288984646e-11,None,None,None,None, , , , 
38621, ,8.119844993184007,4.297004704320835e-11,None,None,None,None, , , , 
38622, ,8.119844993184007,4.605922041145113e-11,None,None,None,None, , , , 
38623, ,8.119844993184007,4.937047852839004e-11,None,None,None,None, , , , 
38624, ,8.119844993184007,5.2919787359584366e-11,None,None,None,None, , , , 
38625, ,8.119844993184007,5.672426068491989e-11,None,None,None,None, , , , 
38626, ,8.119844993184007,6.080224261649427e-11,None,None,None,None, , , , 
38627, ,8.119844993184007,6.517339604882421e-11,None,None,None,None, , , , 
38628, ,8.119844993184007,6.985879746785235e-11,None,None,None,None, , , , 
38629, ,8.119844993184007,7.48810385759003e-11,None,None,None,None, , , , 
38630, ,8.119844993184007,8.026433522257174e-11,None,None,None,None, , , , 
38631, ,8.119844993184007,8.603464416684492e-11,None,None,None,None, , , , 
38632, ,8.119844993184007,9.221978823334341e-11,None,None,None,None, , , , 
38633, ,8.119844993184007,9.884959046625586e-11,None,None,None,None, , , , 
38634, ,8.119844993184007,1.0595601792776149e-10,None,None,None,None, , , , 
38635, ,8.119844993184007,1.1357333583431027e-10,None,None,None,None, , , , 
38636, ,8.119844993184007,1.217382727739662e-10,None,None,None,None, , , , 
38637, ,8.119844993184007,1.3049019780144016e-10,None,None,None,None, , , , 
38638, ,8.119844993184007,1.398713102647236e-10,None,None,None,None, , , , 
38639, ,8.119844993184007,1.4992684327860468e-10,None,None,None,None, , , , 
38640, ,8.119844993184007,1.6070528182616384e-10,None,None,None,None, , , , 
38641, ,8.119844993184007,1.722585965398784e-10,None,None,None,None, , , , 
38642, ,8.119844993184007,1.8464249428955463e-10,None,None,None,None, , , , 
38643, ,8.119844993184007,1.9791668678535569e-10,None,None,None,None, , , , 
38644, ,8.119844993184007,2.121451784910628e-10,None,None,None,None, , , , 
38645, ,8.119844993184007,2.273965752357932e-10,None,None,None,None, , , , 
38646, ,8.119844993184007,2.4374441501222216e-10,None,None,None,None, , , , 
38647, ,8.119844993184007,2.6126752255633265e-10,None,None,None,None, , , , 
38648, ,8.119844993184007,2.8005038941836253e-10,None,None,None,None, , , , 
38649, ,8.119844993184007,3.0018358135755917e-10,None,None,None,None, , , , 
38650, ,8.119844993184007,3.2176417502507347e-10,None,None,None,None, , , , 
38651, ,8.119844993184007,3.4489622604057533e-10,None,None,None,None, , , , 
38652, ,8.119844993184007,3.696912707195032e-10,None,None,None,None, , , , 
38653, ,8.119844993184007,3.9626886387014783e-10,None,None,None,None, , , , 
38654, ,8.119844993184007,4.2475715525368935e-10,None,None,None,None, , , , 
38655, ,8.119844993184007,4.552935074866938e-10,None,None,None,None, , , , 
38656, ,8.119844993184007,4.880251583654433e-10,None,None,None,None, , , , 
38657, ,8.119844993184007,5.231099308056258e-10,None,None,None,None, , , , 
38658, ,8.119844993184007,5.60716993820547e-10,None,None,None,None, , , , 
38659, ,8.119844993184007,6.010276782070387e-10,None,None,None,None, , , , 
38660, ,8.119844993184007,6.442363508721371e-10,None,None,None,None, , , , 
38661, ,8.119844993184007,6.905513520162316e-10,None,None,None,None, , , , 
38662, ,8.119844993184007,7.401959996915653e-10,None,None,None,None, , , , 
38663, ,8.119844993184007,7.934096665797492e-10,None,None,None,None, , , , 
38664, ,8.119844993184007,8.504489341802668e-10,None,None,None,None, , , , 
38665, ,8.119844993184007,9.115888299750837e-10,None,None,None,None, , , , 
38666, ,8.119844993184007,9.771241535346502e-10,None,None,None,None, , , , 
38667, ,8.119844993184007,1.0473708979594486e-09,None,None,None,None, , , , 
38668, ,8.119844993184007,1.1226677735108114e-09,None,None,None,None, , , , 
38669, ,8.119844993184007,1.2033778407775904e-09,None,None,None,None, , , , 
38670, ,8.119844993184007,1.289890261253308e-09,None,None,None,None, , , , 
38671, ,8.119844993184007,1.3826221737646535e-09,None,None,None,None, , , , 
38672, ,8.119844993184007,1.4820207057988602e-09,None,None,None,None, , , , 
38673, ,8.119844993184007,1.5885651294280526e-09,None,None,None,None, , , , 
38674, ,8.119844993184007,1.702769172225898e-09,None,None,None,None, , , , 
38675, ,8.119844993184007,1.825183494319039e-09,None,None,None,None, , , , 
38676, ,8.119844993184007,1.956398343517065e-09,None,None,None,None, , , , 
38677, ,8.119844993184007,2.0970464013232305e-09,None,None,None,None, , , , 
38678, ,8.119844993184007,2.2478058335487307e-09,None,None,None,None, , , , 
38679, ,8.119844993184007,2.409403560239527e-09,None,None,None,None, , , , 
38680, ,8.119844993184007,2.582618760682675e-09,None,None,None,None, , , , 
38681, ,8.119844993184007,2.768286630392061e-09,None,None,None,None, , , , 
38682, ,8.119844993184007,2.9673024081888724e-09,None,None,None,None, , , , 
38683, ,8.119844993184007,3.180625692794119e-09,None,None,None,None, , , , 
38684, ,8.119844993184007,3.409285069746807e-09,None,None,None,None, , , , 
38685, ,8.119844993184007,3.654383070957262e-09,None,None,None,None, , , , 
38686, ,8.119844993184007,3.917101490809261e-09,None,None,None,None, , , , 
38687, ,8.119844993184007,4.198707084443906e-09,None,None,None,None, , , , 
38688, ,8.119844993184007,4.500557675700488e-09,None,None,None,None, , , , 
38689, ,8.119844993184007,4.824108704165374e-09,None,None,None,None, , , , 
38690, ,8.119844993184007,5.170920242896755e-09,None,None,None,None, , , , 
38691, ,8.119844993184007,5.542664520663096e-09,None,None,None,None, , , , 
38692, ,8.119844993184007,5.941133984965041e-09,None,None,None,None, , , , 
38693, ,8.119844993184007,6.3682499447185856e-09,None,None,None,None, , , , 
38694, ,8.119844993184007,6.826071834272379e-09,None,None,None,None, , , , 
38695, ,8.119844993184007,7.316807143427175e-09,None,None,None,None, , , , 
38696, ,8.119844993184007,7.842822061337681e-09,None,None,None,None, , , , 
38697, ,8.119844993184007,8.406652885618316e-09,None,None,None,None, , , , 
38698, ,8.119844993184007,9.011018251665036e-09,None,None,None,None, , , , 
38699, ,8.119844993184007,9.658832241158707e-09,None,None,None,None, , , , 
38700, ,8.119844993184007,1.0353218432956616e-08,None,None,None,None, , , , 
38701, ,8.119844993184007,1.1097524964120722e-08,None,None,None,None, , , , 
38702, ,8.119844993184007,1.1895340673703208e-08,None,None,None,None, , , , 
38703, ,8.119844993184007,1.2750512407130128e-08,None,None,None,None, , , , 
38704, ,8.119844993184007,1.3667163564620044e-08,None,None,None,None, , , , 
38705, ,8.119844993184007,1.4649713983072853e-08,None,None,None,None, , , , 
38706, ,8.119844993184007,1.5702901247293774e-08,None,None,None,None, , , , 
38707, ,8.119844993184007,1.683180353330955e-08,None,None,None,None, , , , 
38708, ,8.119844993184007,1.8041864093920717e-08,None,None,None,None, , , , 
38709, ,8.119844993184007,1.933891750455232e-08,None,None,None,None, , , , 
38710, ,8.119844993184007,2.0729217795953697e-08,None,None,None,None, , , , 
38711, ,8.119844993184007,2.221946860939524e-08,None,None,None,None, , , , 
38712, ,8.119844993184007,2.3816855519761606e-08,None,None,None,None, , , , 
38713, ,8.119844993184007,2.552908068239516e-08,None,None,None,None, , , , 
38714, ,8.119844993184007,2.7364399970746666e-08,None,None,None,None, , , , 
38715, ,8.119844993184007,2.933166278390042e-08,None,None,None,None, , , , 
38716, ,8.119844993184007,3.1440354715915e-08,None,None,None,None, , , , 
38717, ,8.119844993184007,3.370064329271925e-08,None,None,None,None, , , , 
38718, ,8.119844993184007,3.612342699709431e-08,None,None,None,None, , , , 
38719, ,8.119844993184007,3.872038781812557e-08,None,None,None,None, , , , 
38720, ,8.119844993184007,4.1504047578504727e-08,None,None,None,None, , , , 
38721, ,8.119844993184007,4.448782831127585e-08,None,None,None,None, , , , 
38722, ,8.119844993184007,4.768611697714474e-08,None,None,None,None, , , , 
38723, ,8.119844993184007,5.111433483440165e-08,None,None,None,None, , , , 
38724, ,8.119844993184007,5.478901179593934e-08,None,None,None,None, , , , 
38725, ,8.119844993184007,5.872786613189478e-08,None,None,None,None, , , , 
38726, ,8.119844993184007,6.294988990221888e-08,None,None,None,None, , , , 
38727, ,8.119844993184007,6.747544053110687e-08,None,None,None,None, , , , 
38728, ,8.119844993184007,7.232633896483534e-08,None,None,None,None, , , , 
38729, ,8.119844993184007,7.752597488629465e-08,None,None,None,None, , , , 
38730, ,8.119844993184007,8.309941949353386e-08,None,None,None,None, , , , 
38731, ,8.119844993184007,8.907354638610439e-08,None,None,None,None, , , , 
38732, ,8.119844993184007,9.547716114208066e-08,None,None,None,None, , , , 
38733, ,8.119844993184007,1.0234114021054528e-07,None,None,None,None, , , , 
38734, ,8.119844993184007,1.0969857978923841e-07,None,None,None,None, , , , 
38735, ,8.119844993184007,1.1758495540521555e-07,None,None,None,None, , , , 
38736, ,8.119844993184007,1.2603829296797277e-07,None,None,None,None, , , , 
38737, ,8.119844993184007,1.350993521198025e-07,None,None,None,None, , , , 
38738, ,8.119844993184007,1.4481182276745328e-07,None,None,None,None, , , , 
38739, ,8.119844993184007,1.552225357427048e-07,None,None,None,None, , , , 
38740, ,8.119844993184007,1.6638168860761273e-07,None,None,None,None, , , , 
38741, ,8.119844993184007,1.7834308769319093e-07,None,None,None,None, , , , 
38742, ,8.119844993184007,1.9116440753857e-07,None,None,None,None, , , , 
38743, ,8.119844993184007,2.049074689815846e-07,None,None,None,None, , , , 
38744, ,8.119844993184007,2.1963853724165468e-07,None,None,None,None, , , , 
38745, ,8.119844993184007,2.3542864143224158e-07,None,None,None,None, , , , 
38746, ,8.119844993184007,2.523539170434766e-07,None,None,None,None, , , , 
38747, ,8.119844993184007,2.7049597304631316e-07,None,None,None,None, , , , 
38748, ,8.119844993184007,2.899422853882875e-07,None,None,None,None, , , , 
38749, ,8.119844993184007,3.107866187782014e-07,None,None,None,None, , , , 
38750, ,8.119844993184007,3.33129478793467e-07,None,None,None,None, , , , 
38751, ,8.119844993184007,3.5707859649004626e-07,None,None,None,None, , , , 
38752, ,8.119844993184007,3.827494478516307e-07,None,None,None,None, , , , 
38753, ,8.119844993184007,4.1026581058271904e-07,None,None,None,None, , , , 
38754, ,8.119844993184007,4.397603609302722e-07,None,None,None,None, , , , 
38755, ,8.119844993184007,4.7137531341167185e-07,None,None,None,None, , , , 
38756, ,8.119844993184007,5.052631065335679e-07,None,None,None,None, , , , 
38757, ,8.119844993184007,5.415871378079465e-07,None,None,None,None, , , , 
38758, ,8.119844993184007,5.805225516094896e-07,None,None,None,None, , , , 
38759, ,8.119844993184007,6.222570836730232e-07,None,None,None,None, , , , 
38760, ,8.119844993184007,6.669919663030115e-07,None,None,None,None, , , , 
38761, ,8.119844993184007,7.149428986597576e-07,None,None,None,None, , , , 
38762, ,8.119844993184007,7.663410868007445e-07,None,None,None,None, , , , 
38763, ,8.119844993184007,8.214343584919422e-07,None,None,None,None, , , , 
38764, ,8.119844993184007,8.804883581643463e-07,None,None,None,None, , , , 
38765, ,8.119844993184007,9.437878277775371e-07,None,None,None,None, , , , 
38766, ,8.119844993184007,1.0116379797662072e-06,None,None,None,None, , , , 
38767, ,8.119844993184007,1.0843659686896086e-06,None,None,None,None, , , , 
38768, ,8.119844993184007,1.1623224686798522e-06,None,None,None,None, , , , 
38769, ,8.119844993184007,1.2458833642950078e-06,None,None,None,None, , , , 
38770, ,8.119844993184007,1.3354515629298971e-06,None,None,None,None, , , , 
38771, ,8.119844993184007,1.4314589375234786e-06,None,None,None,None, , , , 
38772, ,8.119844993184007,1.53436840893001e-06,None,None,None,None, , , , 
38773, ,8.119844993184007,1.6446761779946631e-06,None,None,None,None, , , , 
38774, ,8.119844993184007,1.762914118095948e-06,None,None,None,None, , , , 
38775, ,8.119844993184007,1.8896523396912082e-06,None,None,None,None, , , , 
38776, ,8.119844993184007,2.0255019392306664e-06,None,None,None,None, , , , 
38777, ,8.119844993184007,2.171117945694501e-06,None,None,None,None, , , , 
38778, ,8.119844993184007,2.327202478960408e-06,None,None,None,None, , , , 
38779, ,8.119844993184007,2.494508135230317e-06,None,None,None,None, , , , 
38780, ,8.119844993184007,2.673841615839944e-06,None,None,None,None, , , , 
38781, ,8.119844993184007,2.8660676169482507e-06,None,None,None,None, , , , 
38782, ,8.119844993184007,3.0721129988617524e-06,None,None,None,None, , , , 
38783, ,8.119844993184007,3.292971255097148e-06,None,None,None,None, , , , 
38784, ,8.119844993184007,3.5297073027306505e-06,None,None,None,None, , , , 
38785, ,8.119844993184007,3.783462617131925e-06,None,None,None,None, , , , 
38786, ,8.119844993184007,4.0554607358408275e-06,None,None,None,None, , , , 
38787, ,8.119844993184007,4.3470131581250175e-06,None,None,None,None, , , , 
38788, ,8.119844993184007,4.6595256686646765e-06,None,None,None,None, , , , 
38789, ,8.119844993184007,4.99450511585514e-06,None,None,None,None, , , , 
38790, ,8.119844993184007,5.353566677410719e-06,None,None,None,None, , , , 
38791, ,8.119844993184007,5.738441648302393e-06,None,None,None,None, , , , 
38792, ,8.119844993184007,6.150985788580505e-06,None,None,None,None, , , , 
38793, ,8.119844993184007,6.593188271333541e-06,None,None,None,None, , , , 
38794, ,8.119844993184007,7.067181273927492e-06,None,None,None,None, , , , 
38795, ,8.119844993184007,7.575250258771904e-06,None,None,None,None, , , , 
38796, ,8.119844993184007,8.119844993184007e-06,None,None,None,None, , , , 
38797, ,8.119844993184007,8.703591361485167e-06,None,None,None,None, , , , 
38798, ,8.119844993184007,9.329304026284676e-06,None,None,None,None, , , , 
38799, ,8.119844993184007,1e-05,None,None,None,None, , , , 
38800, ,8.406652885618325,1e-11,None,None,None,None, , , , 
38801, ,8.406652885618325,1.0718913192051263e-11,None,None,None,None, , , , 
38802, ,8.406652885618325,1.1489510001873107e-11,None,None,None,None, , , , 
38803, ,8.406652885618325,1.2315506032928262e-11,None,None,None,None, , , , 
38804, ,8.406652885618325,1.3200884008314167e-11,None,None,None,None, , , , 
38805, ,8.406652885618325,1.4149912974345786e-11,None,None,None,None, , , , 
38806, ,8.406652885618325,1.5167168884709242e-11,None,None,None,None, , , , 
38807, ,8.406652885618325,1.6257556664437934e-11,None,None,None,None, , , , 
38808, ,8.406652885618325,1.7426333860096473e-11,None,None,None,None, , , , 
38809, ,8.406652885618325,1.8679135990207848e-11,None,None,None,None, , , , 
38810, ,8.406652885618325,2.0022003718155844e-11,None,None,None,None, , , , 
38811, ,8.406652885618325,2.1461411978584013e-11,None,None,None,None, , , , 
38812, ,8.406652885618325,2.300430119772921e-11,None,None,None,None, , , , 
38813, ,8.406652885618325,2.465811075822604e-11,None,None,None,None, , , , 
38814, ,8.406652885618325,2.643081486974103e-11,None,None,None,None, , , , 
38815, ,8.406652885618325,2.8330961018393178e-11,None,None,None,None, , , , 
38816, ,8.406652885618325,3.036771118035461e-11,None,None,None,None, , , , 
38817, ,8.406652885618325,3.255088599835057e-11,None,None,None,None, , , , 
38818, ,8.406652885618325,3.4891012134067674e-11,None,None,None,None, , , , 
38819, ,8.406652885618325,3.739937302478801e-11,None,None,None,None, , , , 
38820, ,8.406652885618325,4.0088063288984646e-11,None,None,None,None, , , , 
38821, ,8.406652885618325,4.297004704320835e-11,None,None,None,None, , , , 
38822, ,8.406652885618325,4.605922041145113e-11,None,None,None,None, , , , 
38823, ,8.406652885618325,4.937047852839004e-11,None,None,None,None, , , , 
38824, ,8.406652885618325,5.2919787359584366e-11,None,None,None,None, , , , 
38825, ,8.406652885618325,5.672426068491989e-11,None,None,None,None, , , , 
38826, ,8.406652885618325,6.080224261649427e-11,None,None,None,None, , , , 
38827, ,8.406652885618325,6.517339604882421e-11,None,None,None,None, , , , 
38828, ,8.406652885618325,6.985879746785235e-11,None,None,None,None, , , , 
38829, ,8.406652885618325,7.48810385759003e-11,None,None,None,None, , , , 
38830, ,8.406652885618325,8.026433522257174e-11,None,None,None,None, , , , 
38831, ,8.406652885618325,8.603464416684492e-11,None,None,None,None, , , , 
38832, ,8.406652885618325,9.221978823334341e-11,None,None,None,None, , , , 
38833, ,8.406652885618325,9.884959046625586e-11,None,None,None,None, , , , 
38834, ,8.406652885618325,1.0595601792776149e-10,None,None,None,None, , , , 
38835, ,8.406652885618325,1.1357333583431027e-10,None,None,None,None, , , , 
38836, ,8.406652885618325,1.217382727739662e-10,None,None,None,None, , , , 
38837, ,8.406652885618325,1.3049019780144016e-10,None,None,None,None, , , , 
38838, ,8.406652885618325,1.398713102647236e-10,None,None,None,None, , , , 
38839, ,8.406652885618325,1.4992684327860468e-10,None,None,None,None, , , , 
38840, ,8.406652885618325,1.6070528182616384e-10,None,None,None,None, , , , 
38841, ,8.406652885618325,1.722585965398784e-10,None,None,None,None, , , , 
38842, ,8.406652885618325,1.8464249428955463e-10,None,None,None,None, , , , 
38843, ,8.406652885618325,1.9791668678535569e-10,None,None,None,None, , , , 
38844, ,8.406652885618325,2.121451784910628e-10,None,None,None,None, , , , 
38845, ,8.406652885618325,2.273965752357932e-10,None,None,None,None, , , , 
38846, ,8.406652885618325,2.4374441501222216e-10,None,None,None,None, , , , 
38847, ,8.406652885618325,2.6126752255633265e-10,None,None,None,None, , , , 
38848, ,8.406652885618325,2.8005038941836253e-10,None,None,None,None, , , , 
38849, ,8.406652885618325,3.0018358135755917e-10,None,None,None,None, , , , 
38850, ,8.406652885618325,3.2176417502507347e-10,None,None,None,None, , , , 
38851, ,8.406652885618325,3.4489622604057533e-10,None,None,None,None, , , , 
38852, ,8.406652885618325,3.696912707195032e-10,None,None,None,None, , , , 
38853, ,8.406652885618325,3.9626886387014783e-10,None,None,None,None, , , , 
38854, ,8.406652885618325,4.2475715525368935e-10,None,None,None,None, , , , 
38855, ,8.406652885618325,4.552935074866938e-10,None,None,None,None, , , , 
38856, ,8.406652885618325,4.880251583654433e-10,None,None,None,None, , , , 
38857, ,8.406652885618325,5.231099308056258e-10,None,None,None,None, , , , 
38858, ,8.406652885618325,5.60716993820547e-10,None,None,None,None, , , , 
38859, ,8.406652885618325,6.010276782070387e-10,None,None,None,None, , , , 
38860, ,8.406652885618325,6.442363508721371e-10,None,None,None,None, , , , 
38861, ,8.406652885618325,6.905513520162316e-10,None,None,None,None, , , , 
38862, ,8.406652885618325,7.401959996915653e-10,None,None,None,None, , , , 
38863, ,8.406652885618325,7.934096665797492e-10,None,None,None,None, , , , 
38864, ,8.406652885618325,8.504489341802668e-10,None,None,None,None, , , , 
38865, ,8.406652885618325,9.115888299750837e-10,None,None,None,None, , , , 
38866, ,8.406652885618325,9.771241535346502e-10,None,None,None,None, , , , 
38867, ,8.406652885618325,1.0473708979594486e-09,None,None,None,None, , , , 
38868, ,8.406652885618325,1.1226677735108114e-09,None,None,None,None, , , , 
38869, ,8.406652885618325,1.2033778407775904e-09,None,None,None,None, , , , 
38870, ,8.406652885618325,1.289890261253308e-09,None,None,None,None, , , , 
38871, ,8.406652885618325,1.3826221737646535e-09,None,None,None,None, , , , 
38872, ,8.406652885618325,1.4820207057988602e-09,None,None,None,None, , , , 
38873, ,8.406652885618325,1.5885651294280526e-09,None,None,None,None, , , , 
38874, ,8.406652885618325,1.702769172225898e-09,None,None,None,None, , , , 
38875, ,8.406652885618325,1.825183494319039e-09,None,None,None,None, , , , 
38876, ,8.406652885618325,1.956398343517065e-09,None,None,None,None, , , , 
38877, ,8.406652885618325,2.0970464013232305e-09,None,None,None,None, , , , 
38878, ,8.406652885618325,2.2478058335487307e-09,None,None,None,None, , , , 
38879, ,8.406652885618325,2.409403560239527e-09,None,None,None,None, , , , 
38880, ,8.406652885618325,2.582618760682675e-09,None,None,None,None, , , , 
38881, ,8.406652885618325,2.768286630392061e-09,None,None,None,None, , , , 
38882, ,8.406652885618325,2.9673024081888724e-09,None,None,None,None, , , , 
38883, ,8.406652885618325,3.180625692794119e-09,None,None,None,None, , , , 
38884, ,8.406652885618325,3.409285069746807e-09,None,None,None,None, , , , 
38885, ,8.406652885618325,3.654383070957262e-09,None,None,None,None, , , , 
38886, ,8.406652885618325,3.917101490809261e-09,None,None,None,None, , , , 
38887, ,8.406652885618325,4.198707084443906e-09,None,None,None,None, , , , 
38888, ,8.406652885618325,4.500557675700488e-09,None,None,None,None, , , , 
38889, ,8.406652885618325,4.824108704165374e-09,None,None,None,None, , , , 
38890, ,8.406652885618325,5.170920242896755e-09,None,None,None,None, , , , 
38891, ,8.406652885618325,5.542664520663096e-09,None,None,None,None, , , , 
38892, ,8.406652885618325,5.941133984965041e-09,None,None,None,None, , , , 
38893, ,8.406652885618325,6.3682499447185856e-09,None,None,None,None, , , , 
38894, ,8.406652885618325,6.826071834272379e-09,None,None,None,None, , , , 
38895, ,8.406652885618325,7.316807143427175e-09,None,None,None,None, , , , 
38896, ,8.406652885618325,7.842822061337681e-09,None,None,None,None, , , , 
38897, ,8.406652885618325,8.406652885618316e-09,None,None,None,None, , , , 
38898, ,8.406652885618325,9.011018251665036e-09,None,None,None,None, , , , 
38899, ,8.406652885618325,9.658832241158707e-09,None,None,None,None, , , , 
38900, ,8.406652885618325,1.0353218432956616e-08,None,None,None,None, , , , 
38901, ,8.406652885618325,1.1097524964120722e-08,None,None,None,None, , , , 
38902, ,8.406652885618325,1.1895340673703208e-08,None,None,None,None, , , , 
38903, ,8.406652885618325,1.2750512407130128e-08,None,None,None,None, , , , 
38904, ,8.406652885618325,1.3667163564620044e-08,None,None,None,None, , , , 
38905, ,8.406652885618325,1.4649713983072853e-08,None,None,None,None, , , , 
38906, ,8.406652885618325,1.5702901247293774e-08,None,None,None,None, , , , 
38907, ,8.406652885618325,1.683180353330955e-08,None,None,None,None, , , , 
38908, ,8.406652885618325,1.8041864093920717e-08,None,None,None,None, , , , 
38909, ,8.406652885618325,1.933891750455232e-08,None,None,None,None, , , , 
38910, ,8.406652885618325,2.0729217795953697e-08,None,None,None,None, , , , 
38911, ,8.406652885618325,2.221946860939524e-08,None,None,None,None, , , , 
38912, ,8.406652885618325,2.3816855519761606e-08,None,None,None,None, , , , 
38913, ,8.406652885618325,2.552908068239516e-08,None,None,None,None, , , , 
38914, ,8.406652885618325,2.7364399970746666e-08,None,None,None,None, , , , 
38915, ,8.406652885618325,2.933166278390042e-08,None,None,None,None, , , , 
38916, ,8.406652885618325,3.1440354715915e-08,None,None,None,None, , , , 
38917, ,8.406652885618325,3.370064329271925e-08,None,None,None,None, , , , 
38918, ,8.406652885618325,3.612342699709431e-08,None,None,None,None, , , , 
38919, ,8.406652885618325,3.872038781812557e-08,None,None,None,None, , , , 
38920, ,8.406652885618325,4.1504047578504727e-08,None,None,None,None, , , , 
38921, ,8.406652885618325,4.448782831127585e-08,None,None,None,None, , , , 
38922, ,8.406652885618325,4.768611697714474e-08,None,None,None,None, , , , 
38923, ,8.406652885618325,5.111433483440165e-08,None,None,None,None, , , , 
38924, ,8.406652885618325,5.478901179593934e-08,None,None,None,None, , , , 
38925, ,8.406652885618325,5.872786613189478e-08,None,None,None,None, , , , 
38926, ,8.406652885618325,6.294988990221888e-08,None,None,None,None, , , , 
38927, ,8.406652885618325,6.747544053110687e-08,None,None,None,None, , , , 
38928, ,8.406652885618325,7.232633896483534e-08,None,None,None,None, , , , 
38929, ,8.406652885618325,7.752597488629465e-08,None,None,None,None, , , , 
38930, ,8.406652885618325,8.309941949353386e-08,None,None,None,None, , , , 
38931, ,8.406652885618325,8.907354638610439e-08,None,None,None,None, , , , 
38932, ,8.406652885618325,9.547716114208066e-08,None,None,None,None, , , , 
38933, ,8.406652885618325,1.0234114021054528e-07,None,None,None,None, , , , 
38934, ,8.406652885618325,1.0969857978923841e-07,None,None,None,None, , , , 
38935, ,8.406652885618325,1.1758495540521555e-07,None,None,None,None, , , , 
38936, ,8.406652885618325,1.2603829296797277e-07,None,None,None,None, , , , 
38937, ,8.406652885618325,1.350993521198025e-07,None,None,None,None, , , , 
38938, ,8.406652885618325,1.4481182276745328e-07,None,None,None,None, , , , 
38939, ,8.406652885618325,1.552225357427048e-07,None,None,None,None, , , , 
38940, ,8.406652885618325,1.6638168860761273e-07,None,None,None,None, , , , 
38941, ,8.406652885618325,1.7834308769319093e-07,None,None,None,None, , , , 
38942, ,8.406652885618325,1.9116440753857e-07,None,None,None,None, , , , 
38943, ,8.406652885618325,2.049074689815846e-07,None,None,None,None, , , , 
38944, ,8.406652885618325,2.1963853724165468e-07,None,None,None,None, , , , 
38945, ,8.406652885618325,2.3542864143224158e-07,None,None,None,None, , , , 
38946, ,8.406652885618325,2.523539170434766e-07,None,None,None,None, , , , 
38947, ,8.406652885618325,2.7049597304631316e-07,None,None,None,None, , , , 
38948, ,8.406652885618325,2.899422853882875e-07,None,None,None,None, , , , 
38949, ,8.406652885618325,3.107866187782014e-07,None,None,None,None, , , , 
38950, ,8.406652885618325,3.33129478793467e-07,None,None,None,None, , , , 
38951, ,8.406652885618325,3.5707859649004626e-07,None,None,None,None, , , , 
38952, ,8.406652885618325,3.827494478516307e-07,None,None,None,None, , , , 
38953, ,8.406652885618325,4.1026581058271904e-07,None,None,None,None, , , , 
38954, ,8.406652885618325,4.397603609302722e-07,None,None,None,None, , , , 
38955, ,8.406652885618325,4.7137531341167185e-07,None,None,None,None, , , , 
38956, ,8.406652885618325,5.052631065335679e-07,None,None,None,None, , , , 
38957, ,8.406652885618325,5.415871378079465e-07,None,None,None,None, , , , 
38958, ,8.406652885618325,5.805225516094896e-07,None,None,None,None, , , , 
38959, ,8.406652885618325,6.222570836730232e-07,None,None,None,None, , , , 
38960, ,8.406652885618325,6.669919663030115e-07,None,None,None,None, , , , 
38961, ,8.406652885618325,7.149428986597576e-07,None,None,None,None, , , , 
38962, ,8.406652885618325,7.663410868007445e-07,None,None,None,None, , , , 
38963, ,8.406652885618325,8.214343584919422e-07,None,None,None,None, , , , 
38964, ,8.406652885618325,8.804883581643463e-07,None,None,None,None, , , , 
38965, ,8.406652885618325,9.437878277775371e-07,None,None,None,None, , , , 
38966, ,8.406652885618325,1.0116379797662072e-06,None,None,None,None, , , , 
38967, ,8.406652885618325,1.0843659686896086e-06,None,None,None,None, , , , 
38968, ,8.406652885618325,1.1623224686798522e-06,None,None,None,None, , , , 
38969, ,8.406652885618325,1.2458833642950078e-06,None,None,None,None, , , , 
38970, ,8.406652885618325,1.3354515629298971e-06,None,None,None,None, , , , 
38971, ,8.406652885618325,1.4314589375234786e-06,None,None,None,None, , , , 
38972, ,8.406652885618325,1.53436840893001e-06,None,None,None,None, , , , 
38973, ,8.406652885618325,1.6446761779946631e-06,None,None,None,None, , , , 
38974, ,8.406652885618325,1.762914118095948e-06,None,None,None,None, , , , 
38975, ,8.406652885618325,1.8896523396912082e-06,None,None,None,None, , , , 
38976, ,8.406652885618325,2.0255019392306664e-06,None,None,None,None, , , , 
38977, ,8.406652885618325,2.171117945694501e-06,None,None,None,None, , , , 
38978, ,8.406652885618325,2.327202478960408e-06,None,None,None,None, , , , 
38979, ,8.406652885618325,2.494508135230317e-06,None,None,None,None, , , , 
38980, ,8.406652885618325,2.673841615839944e-06,None,None,None,None, , , , 
38981, ,8.406652885618325,2.8660676169482507e-06,None,None,None,None, , , , 
38982, ,8.406652885618325,3.0721129988617524e-06,None,None,None,None, , , , 
38983, ,8.406652885618325,3.292971255097148e-06,None,None,None,None, , , , 
38984, ,8.406652885618325,3.5297073027306505e-06,None,None,None,None, , , , 
38985, ,8.406652885618325,3.783462617131925e-06,None,None,None,None, , , , 
38986, ,8.406652885618325,4.0554607358408275e-06,None,None,None,None, , , , 
38987, ,8.406652885618325,4.3470131581250175e-06,None,None,None,None, , , , 
38988, ,8.406652885618325,4.6595256686646765e-06,None,None,None,None, , , , 
38989, ,8.406652885618325,4.99450511585514e-06,None,None,None,None, , , , 
38990, ,8.406652885618325,5.353566677410719e-06,None,None,None,None, , , , 
38991, ,8.406652885618325,5.738441648302393e-06,None,None,None,None, , , , 
38992, ,8.406652885618325,6.150985788580505e-06,None,None,None,None, , , , 
38993, ,8.406652885618325,6.593188271333541e-06,None,None,None,None, , , , 
38994, ,8.406652885618325,7.067181273927492e-06,None,None,None,None, , , , 
38995, ,8.406652885618325,7.575250258771904e-06,None,None,None,None, , , , 
38996, ,8.406652885618325,8.119844993184007e-06,None,None,None,None, , , , 
38997, ,8.406652885618325,8.703591361485167e-06,None,None,None,None, , , , 
38998, ,8.406652885618325,9.329304026284676e-06,None,None,None,None, , , , 
38999, ,8.406652885618325,1e-05,None,None,None,None, , , , 
39000, ,8.703591361485158,1e-11,None,None,None,None, , , , 
39001, ,8.703591361485158,1.0718913192051263e-11,None,None,None,None, , , , 
39002, ,8.703591361485158,1.1489510001873107e-11,None,None,None,None, , , , 
39003, ,8.703591361485158,1.2315506032928262e-11,None,None,None,None, , , , 
39004, ,8.703591361485158,1.3200884008314167e-11,None,None,None,None, , , , 
39005, ,8.703591361485158,1.4149912974345786e-11,None,None,None,None, , , , 
39006, ,8.703591361485158,1.5167168884709242e-11,None,None,None,None, , , , 
39007, ,8.703591361485158,1.6257556664437934e-11,None,None,None,None, , , , 
39008, ,8.703591361485158,1.7426333860096473e-11,None,None,None,None, , , , 
39009, ,8.703591361485158,1.8679135990207848e-11,None,None,None,None, , , , 
39010, ,8.703591361485158,2.0022003718155844e-11,None,None,None,None, , , , 
39011, ,8.703591361485158,2.1461411978584013e-11,None,None,None,None, , , , 
39012, ,8.703591361485158,2.300430119772921e-11,None,None,None,None, , , , 
39013, ,8.703591361485158,2.465811075822604e-11,None,None,None,None, , , , 
39014, ,8.703591361485158,2.643081486974103e-11,None,None,None,None, , , , 
39015, ,8.703591361485158,2.8330961018393178e-11,None,None,None,None, , , , 
39016, ,8.703591361485158,3.036771118035461e-11,None,None,None,None, , , , 
39017, ,8.703591361485158,3.255088599835057e-11,None,None,None,None, , , , 
39018, ,8.703591361485158,3.4891012134067674e-11,None,None,None,None, , , , 
39019, ,8.703591361485158,3.739937302478801e-11,None,None,None,None, , , , 
39020, ,8.703591361485158,4.0088063288984646e-11,None,None,None,None, , , , 
39021, ,8.703591361485158,4.297004704320835e-11,None,None,None,None, , , , 
39022, ,8.703591361485158,4.605922041145113e-11,None,None,None,None, , , , 
39023, ,8.703591361485158,4.937047852839004e-11,None,None,None,None, , , , 
39024, ,8.703591361485158,5.2919787359584366e-11,None,None,None,None, , , , 
39025, ,8.703591361485158,5.672426068491989e-11,None,None,None,None, , , , 
39026, ,8.703591361485158,6.080224261649427e-11,None,None,None,None, , , , 
39027, ,8.703591361485158,6.517339604882421e-11,None,None,None,None, , , , 
39028, ,8.703591361485158,6.985879746785235e-11,None,None,None,None, , , , 
39029, ,8.703591361485158,7.48810385759003e-11,None,None,None,None, , , , 
39030, ,8.703591361485158,8.026433522257174e-11,None,None,None,None, , , , 
39031, ,8.703591361485158,8.603464416684492e-11,None,None,None,None, , , , 
39032, ,8.703591361485158,9.221978823334341e-11,None,None,None,None, , , , 
39033, ,8.703591361485158,9.884959046625586e-11,None,None,None,None, , , , 
39034, ,8.703591361485158,1.0595601792776149e-10,None,None,None,None, , , , 
39035, ,8.703591361485158,1.1357333583431027e-10,None,None,None,None, , , , 
39036, ,8.703591361485158,1.217382727739662e-10,None,None,None,None, , , , 
39037, ,8.703591361485158,1.3049019780144016e-10,None,None,None,None, , , , 
39038, ,8.703591361485158,1.398713102647236e-10,None,None,None,None, , , , 
39039, ,8.703591361485158,1.4992684327860468e-10,None,None,None,None, , , , 
39040, ,8.703591361485158,1.6070528182616384e-10,None,None,None,None, , , , 
39041, ,8.703591361485158,1.722585965398784e-10,None,None,None,None, , , , 
39042, ,8.703591361485158,1.8464249428955463e-10,None,None,None,None, , , , 
39043, ,8.703591361485158,1.9791668678535569e-10,None,None,None,None, , , , 
39044, ,8.703591361485158,2.121451784910628e-10,None,None,None,None, , , , 
39045, ,8.703591361485158,2.273965752357932e-10,None,None,None,None, , , , 
39046, ,8.703591361485158,2.4374441501222216e-10,None,None,None,None, , , , 
39047, ,8.703591361485158,2.6126752255633265e-10,None,None,None,None, , , , 
39048, ,8.703591361485158,2.8005038941836253e-10,None,None,None,None, , , , 
39049, ,8.703591361485158,3.0018358135755917e-10,None,None,None,None, , , , 
39050, ,8.703591361485158,3.2176417502507347e-10,None,None,None,None, , , , 
39051, ,8.703591361485158,3.4489622604057533e-10,None,None,None,None, , , , 
39052, ,8.703591361485158,3.696912707195032e-10,None,None,None,None, , , , 
39053, ,8.703591361485158,3.9626886387014783e-10,None,None,None,None, , , , 
39054, ,8.703591361485158,4.2475715525368935e-10,None,None,None,None, , , , 
39055, ,8.703591361485158,4.552935074866938e-10,None,None,None,None, , , , 
39056, ,8.703591361485158,4.880251583654433e-10,None,None,None,None, , , , 
39057, ,8.703591361485158,5.231099308056258e-10,None,None,None,None, , , , 
39058, ,8.703591361485158,5.60716993820547e-10,None,None,None,None, , , , 
39059, ,8.703591361485158,6.010276782070387e-10,None,None,None,None, , , , 
39060, ,8.703591361485158,6.442363508721371e-10,None,None,None,None, , , , 
39061, ,8.703591361485158,6.905513520162316e-10,None,None,None,None, , , , 
39062, ,8.703591361485158,7.401959996915653e-10,None,None,None,None, , , , 
39063, ,8.703591361485158,7.934096665797492e-10,None,None,None,None, , , , 
39064, ,8.703591361485158,8.504489341802668e-10,None,None,None,None, , , , 
39065, ,8.703591361485158,9.115888299750837e-10,None,None,None,None, , , , 
39066, ,8.703591361485158,9.771241535346502e-10,None,None,None,None, , , , 
39067, ,8.703591361485158,1.0473708979594486e-09,None,None,None,None, , , , 
39068, ,8.703591361485158,1.1226677735108114e-09,None,None,None,None, , , , 
39069, ,8.703591361485158,1.2033778407775904e-09,None,None,None,None, , , , 
39070, ,8.703591361485158,1.289890261253308e-09,None,None,None,None, , , , 
39071, ,8.703591361485158,1.3826221737646535e-09,None,None,None,None, , , , 
39072, ,8.703591361485158,1.4820207057988602e-09,None,None,None,None, , , , 
39073, ,8.703591361485158,1.5885651294280526e-09,None,None,None,None, , , , 
39074, ,8.703591361485158,1.702769172225898e-09,None,None,None,None, , , , 
39075, ,8.703591361485158,1.825183494319039e-09,None,None,None,None, , , , 
39076, ,8.703591361485158,1.956398343517065e-09,None,None,None,None, , , , 
39077, ,8.703591361485158,2.0970464013232305e-09,None,None,None,None, , , , 
39078, ,8.703591361485158,2.2478058335487307e-09,None,None,None,None, , , , 
39079, ,8.703591361485158,2.409403560239527e-09,None,None,None,None, , , , 
39080, ,8.703591361485158,2.582618760682675e-09,None,None,None,None, , , , 
39081, ,8.703591361485158,2.768286630392061e-09,None,None,None,None, , , , 
39082, ,8.703591361485158,2.9673024081888724e-09,None,None,None,None, , , , 
39083, ,8.703591361485158,3.180625692794119e-09,None,None,None,None, , , , 
39084, ,8.703591361485158,3.409285069746807e-09,None,None,None,None, , , , 
39085, ,8.703591361485158,3.654383070957262e-09,None,None,None,None, , , , 
39086, ,8.703591361485158,3.917101490809261e-09,None,None,None,None, , , , 
39087, ,8.703591361485158,4.198707084443906e-09,None,None,None,None, , , , 
39088, ,8.703591361485158,4.500557675700488e-09,None,None,None,None, , , , 
39089, ,8.703591361485158,4.824108704165374e-09,None,None,None,None, , , , 
39090, ,8.703591361485158,5.170920242896755e-09,None,None,None,None, , , , 
39091, ,8.703591361485158,5.542664520663096e-09,None,None,None,None, , , , 
39092, ,8.703591361485158,5.941133984965041e-09,None,None,None,None, , , , 
39093, ,8.703591361485158,6.3682499447185856e-09,None,None,None,None, , , , 
39094, ,8.703591361485158,6.826071834272379e-09,None,None,None,None, , , , 
39095, ,8.703591361485158,7.316807143427175e-09,None,None,None,None, , , , 
39096, ,8.703591361485158,7.842822061337681e-09,None,None,None,None, , , , 
39097, ,8.703591361485158,8.406652885618316e-09,None,None,None,None, , , , 
39098, ,8.703591361485158,9.011018251665036e-09,None,None,None,None, , , , 
39099, ,8.703591361485158,9.658832241158707e-09,None,None,None,None, , , , 
39100, ,8.703591361485158,1.0353218432956616e-08,None,None,None,None, , , , 
39101, ,8.703591361485158,1.1097524964120722e-08,None,None,None,None, , , , 
39102, ,8.703591361485158,1.1895340673703208e-08,None,None,None,None, , , , 
39103, ,8.703591361485158,1.2750512407130128e-08,None,None,None,None, , , , 
39104, ,8.703591361485158,1.3667163564620044e-08,None,None,None,None, , , , 
39105, ,8.703591361485158,1.4649713983072853e-08,None,None,None,None, , , , 
39106, ,8.703591361485158,1.5702901247293774e-08,None,None,None,None, , , , 
39107, ,8.703591361485158,1.683180353330955e-08,None,None,None,None, , , , 
39108, ,8.703591361485158,1.8041864093920717e-08,None,None,None,None, , , , 
39109, ,8.703591361485158,1.933891750455232e-08,None,None,None,None, , , , 
39110, ,8.703591361485158,2.0729217795953697e-08,None,None,None,None, , , , 
39111, ,8.703591361485158,2.221946860939524e-08,None,None,None,None, , , , 
39112, ,8.703591361485158,2.3816855519761606e-08,None,None,None,None, , , , 
39113, ,8.703591361485158,2.552908068239516e-08,None,None,None,None, , , , 
39114, ,8.703591361485158,2.7364399970746666e-08,None,None,None,None, , , , 
39115, ,8.703591361485158,2.933166278390042e-08,None,None,None,None, , , , 
39116, ,8.703591361485158,3.1440354715915e-08,None,None,None,None, , , , 
39117, ,8.703591361485158,3.370064329271925e-08,None,None,None,None, , , , 
39118, ,8.703591361485158,3.612342699709431e-08,None,None,None,None, , , , 
39119, ,8.703591361485158,3.872038781812557e-08,None,None,None,None, , , , 
39120, ,8.703591361485158,4.1504047578504727e-08,None,None,None,None, , , , 
39121, ,8.703591361485158,4.448782831127585e-08,None,None,None,None, , , , 
39122, ,8.703591361485158,4.768611697714474e-08,None,None,None,None, , , , 
39123, ,8.703591361485158,5.111433483440165e-08,None,None,None,None, , , , 
39124, ,8.703591361485158,5.478901179593934e-08,None,None,None,None, , , , 
39125, ,8.703591361485158,5.872786613189478e-08,None,None,None,None, , , , 
39126, ,8.703591361485158,6.294988990221888e-08,None,None,None,None, , , , 
39127, ,8.703591361485158,6.747544053110687e-08,None,None,None,None, , , , 
39128, ,8.703591361485158,7.232633896483534e-08,None,None,None,None, , , , 
39129, ,8.703591361485158,7.752597488629465e-08,None,None,None,None, , , , 
39130, ,8.703591361485158,8.309941949353386e-08,None,None,None,None, , , , 
39131, ,8.703591361485158,8.907354638610439e-08,None,None,None,None, , , , 
39132, ,8.703591361485158,9.547716114208066e-08,None,None,None,None, , , , 
39133, ,8.703591361485158,1.0234114021054528e-07,None,None,None,None, , , , 
39134, ,8.703591361485158,1.0969857978923841e-07,None,None,None,None, , , , 
39135, ,8.703591361485158,1.1758495540521555e-07,None,None,None,None, , , , 
39136, ,8.703591361485158,1.2603829296797277e-07,None,None,None,None, , , , 
39137, ,8.703591361485158,1.350993521198025e-07,None,None,None,None, , , , 
39138, ,8.703591361485158,1.4481182276745328e-07,None,None,None,None, , , , 
39139, ,8.703591361485158,1.552225357427048e-07,None,None,None,None, , , , 
39140, ,8.703591361485158,1.6638168860761273e-07,None,None,None,None, , , , 
39141, ,8.703591361485158,1.7834308769319093e-07,None,None,None,None, , , , 
39142, ,8.703591361485158,1.9116440753857e-07,None,None,None,None, , , , 
39143, ,8.703591361485158,2.049074689815846e-07,None,None,None,None, , , , 
39144, ,8.703591361485158,2.1963853724165468e-07,None,None,None,None, , , , 
39145, ,8.703591361485158,2.3542864143224158e-07,None,None,None,None, , , , 
39146, ,8.703591361485158,2.523539170434766e-07,None,None,None,None, , , , 
39147, ,8.703591361485158,2.7049597304631316e-07,None,None,None,None, , , , 
39148, ,8.703591361485158,2.899422853882875e-07,None,None,None,None, , , , 
39149, ,8.703591361485158,3.107866187782014e-07,None,None,None,None, , , , 
39150, ,8.703591361485158,3.33129478793467e-07,None,None,None,None, , , , 
39151, ,8.703591361485158,3.5707859649004626e-07,None,None,None,None, , , , 
39152, ,8.703591361485158,3.827494478516307e-07,None,None,None,None, , , , 
39153, ,8.703591361485158,4.1026581058271904e-07,None,None,None,None, , , , 
39154, ,8.703591361485158,4.397603609302722e-07,None,None,None,None, , , , 
39155, ,8.703591361485158,4.7137531341167185e-07,None,None,None,None, , , , 
39156, ,8.703591361485158,5.052631065335679e-07,None,None,None,None, , , , 
39157, ,8.703591361485158,5.415871378079465e-07,None,None,None,None, , , , 
39158, ,8.703591361485158,5.805225516094896e-07,None,None,None,None, , , , 
39159, ,8.703591361485158,6.222570836730232e-07,None,None,None,None, , , , 
39160, ,8.703591361485158,6.669919663030115e-07,None,None,None,None, , , , 
39161, ,8.703591361485158,7.149428986597576e-07,None,None,None,None, , , , 
39162, ,8.703591361485158,7.663410868007445e-07,None,None,None,None, , , , 
39163, ,8.703591361485158,8.214343584919422e-07,None,None,None,None, , , , 
39164, ,8.703591361485158,8.804883581643463e-07,None,None,None,None, , , , 
39165, ,8.703591361485158,9.437878277775371e-07,None,None,None,None, , , , 
39166, ,8.703591361485158,1.0116379797662072e-06,None,None,None,None, , , , 
39167, ,8.703591361485158,1.0843659686896086e-06,None,None,None,None, , , , 
39168, ,8.703591361485158,1.1623224686798522e-06,None,None,None,None, , , , 
39169, ,8.703591361485158,1.2458833642950078e-06,None,None,None,None, , , , 
39170, ,8.703591361485158,1.3354515629298971e-06,None,None,None,None, , , , 
39171, ,8.703591361485158,1.4314589375234786e-06,None,None,None,None, , , , 
39172, ,8.703591361485158,1.53436840893001e-06,None,None,None,None, , , , 
39173, ,8.703591361485158,1.6446761779946631e-06,None,None,None,None, , , , 
39174, ,8.703591361485158,1.762914118095948e-06,None,None,None,None, , , , 
39175, ,8.703591361485158,1.8896523396912082e-06,None,None,None,None, , , , 
39176, ,8.703591361485158,2.0255019392306664e-06,None,None,None,None, , , , 
39177, ,8.703591361485158,2.171117945694501e-06,None,None,None,None, , , , 
39178, ,8.703591361485158,2.327202478960408e-06,None,None,None,None, , , , 
39179, ,8.703591361485158,2.494508135230317e-06,None,None,None,None, , , , 
39180, ,8.703591361485158,2.673841615839944e-06,None,None,None,None, , , , 
39181, ,8.703591361485158,2.8660676169482507e-06,None,None,None,None, , , , 
39182, ,8.703591361485158,3.0721129988617524e-06,None,None,None,None, , , , 
39183, ,8.703591361485158,3.292971255097148e-06,None,None,None,None, , , , 
39184, ,8.703591361485158,3.5297073027306505e-06,None,None,None,None, , , , 
39185, ,8.703591361485158,3.783462617131925e-06,None,None,None,None, , , , 
39186, ,8.703591361485158,4.0554607358408275e-06,None,None,None,None, , , , 
39187, ,8.703591361485158,4.3470131581250175e-06,None,None,None,None, , , , 
39188, ,8.703591361485158,4.6595256686646765e-06,None,None,None,None, , , , 
39189, ,8.703591361485158,4.99450511585514e-06,None,None,None,None, , , , 
39190, ,8.703591361485158,5.353566677410719e-06,None,None,None,None, , , , 
39191, ,8.703591361485158,5.738441648302393e-06,None,None,None,None, , , , 
39192, ,8.703591361485158,6.150985788580505e-06,None,None,None,None, , , , 
39193, ,8.703591361485158,6.593188271333541e-06,None,None,None,None, , , , 
39194, ,8.703591361485158,7.067181273927492e-06,None,None,None,None, , , , 
39195, ,8.703591361485158,7.575250258771904e-06,None,None,None,None, , , , 
39196, ,8.703591361485158,8.119844993184007e-06,None,None,None,None, , , , 
39197, ,8.703591361485158,8.703591361485167e-06,None,None,None,None, , , , 
39198, ,8.703591361485158,9.329304026284676e-06,None,None,None,None, , , , 
39199, ,8.703591361485158,1e-05,None,None,None,None, , , , 
39200, ,9.01101825166502,1e-11,None,None,None,None, , , , 
39201, ,9.01101825166502,1.0718913192051263e-11,None,None,None,None, , , , 
39202, ,9.01101825166502,1.1489510001873107e-11,None,None,None,None, , , , 
39203, ,9.01101825166502,1.2315506032928262e-11,None,None,None,None, , , , 
39204, ,9.01101825166502,1.3200884008314167e-11,None,None,None,None, , , , 
39205, ,9.01101825166502,1.4149912974345786e-11,None,None,None,None, , , , 
39206, ,9.01101825166502,1.5167168884709242e-11,None,None,None,None, , , , 
39207, ,9.01101825166502,1.6257556664437934e-11,None,None,None,None, , , , 
39208, ,9.01101825166502,1.7426333860096473e-11,None,None,None,None, , , , 
39209, ,9.01101825166502,1.8679135990207848e-11,None,None,None,None, , , , 
39210, ,9.01101825166502,2.0022003718155844e-11,None,None,None,None, , , , 
39211, ,9.01101825166502,2.1461411978584013e-11,None,None,None,None, , , , 
39212, ,9.01101825166502,2.300430119772921e-11,None,None,None,None, , , , 
39213, ,9.01101825166502,2.465811075822604e-11,None,None,None,None, , , , 
39214, ,9.01101825166502,2.643081486974103e-11,None,None,None,None, , , , 
39215, ,9.01101825166502,2.8330961018393178e-11,None,None,None,None, , , , 
39216, ,9.01101825166502,3.036771118035461e-11,None,None,None,None, , , , 
39217, ,9.01101825166502,3.255088599835057e-11,None,None,None,None, , , , 
39218, ,9.01101825166502,3.4891012134067674e-11,None,None,None,None, , , , 
39219, ,9.01101825166502,3.739937302478801e-11,None,None,None,None, , , , 
39220, ,9.01101825166502,4.0088063288984646e-11,None,None,None,None, , , , 
39221, ,9.01101825166502,4.297004704320835e-11,None,None,None,None, , , , 
39222, ,9.01101825166502,4.605922041145113e-11,None,None,None,None, , , , 
39223, ,9.01101825166502,4.937047852839004e-11,None,None,None,None, , , , 
39224, ,9.01101825166502,5.2919787359584366e-11,None,None,None,None, , , , 
39225, ,9.01101825166502,5.672426068491989e-11,None,None,None,None, , , , 
39226, ,9.01101825166502,6.080224261649427e-11,None,None,None,None, , , , 
39227, ,9.01101825166502,6.517339604882421e-11,None,None,None,None, , , , 
39228, ,9.01101825166502,6.985879746785235e-11,None,None,None,None, , , , 
39229, ,9.01101825166502,7.48810385759003e-11,None,None,None,None, , , , 
39230, ,9.01101825166502,8.026433522257174e-11,None,None,None,None, , , , 
39231, ,9.01101825166502,8.603464416684492e-11,None,None,None,None, , , , 
39232, ,9.01101825166502,9.221978823334341e-11,None,None,None,None, , , , 
39233, ,9.01101825166502,9.884959046625586e-11,None,None,None,None, , , , 
39234, ,9.01101825166502,1.0595601792776149e-10,None,None,None,None, , , , 
39235, ,9.01101825166502,1.1357333583431027e-10,None,None,None,None, , , , 
39236, ,9.01101825166502,1.217382727739662e-10,None,None,None,None, , , , 
39237, ,9.01101825166502,1.3049019780144016e-10,None,None,None,None, , , , 
39238, ,9.01101825166502,1.398713102647236e-10,None,None,None,None, , , , 
39239, ,9.01101825166502,1.4992684327860468e-10,None,None,None,None, , , , 
39240, ,9.01101825166502,1.6070528182616384e-10,None,None,None,None, , , , 
39241, ,9.01101825166502,1.722585965398784e-10,None,None,None,None, , , , 
39242, ,9.01101825166502,1.8464249428955463e-10,None,None,None,None, , , , 
39243, ,9.01101825166502,1.9791668678535569e-10,None,None,None,None, , , , 
39244, ,9.01101825166502,2.121451784910628e-10,None,None,None,None, , , , 
39245, ,9.01101825166502,2.273965752357932e-10,None,None,None,None, , , , 
39246, ,9.01101825166502,2.4374441501222216e-10,None,None,None,None, , , , 
39247, ,9.01101825166502,2.6126752255633265e-10,None,None,None,None, , , , 
39248, ,9.01101825166502,2.8005038941836253e-10,None,None,None,None, , , , 
39249, ,9.01101825166502,3.0018358135755917e-10,None,None,None,None, , , , 
39250, ,9.01101825166502,3.2176417502507347e-10,None,None,None,None, , , , 
39251, ,9.01101825166502,3.4489622604057533e-10,None,None,None,None, , , , 
39252, ,9.01101825166502,3.696912707195032e-10,None,None,None,None, , , , 
39253, ,9.01101825166502,3.9626886387014783e-10,None,None,None,None, , , , 
39254, ,9.01101825166502,4.2475715525368935e-10,None,None,None,None, , , , 
39255, ,9.01101825166502,4.552935074866938e-10,None,None,None,None, , , , 
39256, ,9.01101825166502,4.880251583654433e-10,None,None,None,None, , , , 
39257, ,9.01101825166502,5.231099308056258e-10,None,None,None,None, , , , 
39258, ,9.01101825166502,5.60716993820547e-10,None,None,None,None, , , , 
39259, ,9.01101825166502,6.010276782070387e-10,None,None,None,None, , , , 
39260, ,9.01101825166502,6.442363508721371e-10,None,None,None,None, , , , 
39261, ,9.01101825166502,6.905513520162316e-10,None,None,None,None, , , , 
39262, ,9.01101825166502,7.401959996915653e-10,None,None,None,None, , , , 
39263, ,9.01101825166502,7.934096665797492e-10,None,None,None,None, , , , 
39264, ,9.01101825166502,8.504489341802668e-10,None,None,None,None, , , , 
39265, ,9.01101825166502,9.115888299750837e-10,None,None,None,None, , , , 
39266, ,9.01101825166502,9.771241535346502e-10,None,None,None,None, , , , 
39267, ,9.01101825166502,1.0473708979594486e-09,None,None,None,None, , , , 
39268, ,9.01101825166502,1.1226677735108114e-09,None,None,None,None, , , , 
39269, ,9.01101825166502,1.2033778407775904e-09,None,None,None,None, , , , 
39270, ,9.01101825166502,1.289890261253308e-09,None,None,None,None, , , , 
39271, ,9.01101825166502,1.3826221737646535e-09,None,None,None,None, , , , 
39272, ,9.01101825166502,1.4820207057988602e-09,None,None,None,None, , , , 
39273, ,9.01101825166502,1.5885651294280526e-09,None,None,None,None, , , , 
39274, ,9.01101825166502,1.702769172225898e-09,None,None,None,None, , , , 
39275, ,9.01101825166502,1.825183494319039e-09,None,None,None,None, , , , 
39276, ,9.01101825166502,1.956398343517065e-09,None,None,None,None, , , , 
39277, ,9.01101825166502,2.0970464013232305e-09,None,None,None,None, , , , 
39278, ,9.01101825166502,2.2478058335487307e-09,None,None,None,None, , , , 
39279, ,9.01101825166502,2.409403560239527e-09,None,None,None,None, , , , 
39280, ,9.01101825166502,2.582618760682675e-09,None,None,None,None, , , , 
39281, ,9.01101825166502,2.768286630392061e-09,None,None,None,None, , , , 
39282, ,9.01101825166502,2.9673024081888724e-09,None,None,None,None, , , , 
39283, ,9.01101825166502,3.180625692794119e-09,None,None,None,None, , , , 
39284, ,9.01101825166502,3.409285069746807e-09,None,None,None,None, , , , 
39285, ,9.01101825166502,3.654383070957262e-09,None,None,None,None, , , , 
39286, ,9.01101825166502,3.917101490809261e-09,None,None,None,None, , , , 
39287, ,9.01101825166502,4.198707084443906e-09,None,None,None,None, , , , 
39288, ,9.01101825166502,4.500557675700488e-09,None,None,None,None, , , , 
39289, ,9.01101825166502,4.824108704165374e-09,None,None,None,None, , , , 
39290, ,9.01101825166502,5.170920242896755e-09,None,None,None,None, , , , 
39291, ,9.01101825166502,5.542664520663096e-09,None,None,None,None, , , , 
39292, ,9.01101825166502,5.941133984965041e-09,None,None,None,None, , , , 
39293, ,9.01101825166502,6.3682499447185856e-09,None,None,None,None, , , , 
39294, ,9.01101825166502,6.826071834272379e-09,None,None,None,None, , , , 
39295, ,9.01101825166502,7.316807143427175e-09,None,None,None,None, , , , 
39296, ,9.01101825166502,7.842822061337681e-09,None,None,None,None, , , , 
39297, ,9.01101825166502,8.406652885618316e-09,None,None,None,None, , , , 
39298, ,9.01101825166502,9.011018251665036e-09,None,None,None,None, , , , 
39299, ,9.01101825166502,9.658832241158707e-09,None,None,None,None, , , , 
39300, ,9.01101825166502,1.0353218432956616e-08,None,None,None,None, , , , 
39301, ,9.01101825166502,1.1097524964120722e-08,None,None,None,None, , , , 
39302, ,9.01101825166502,1.1895340673703208e-08,None,None,None,None, , , , 
39303, ,9.01101825166502,1.2750512407130128e-08,None,None,None,None, , , , 
39304, ,9.01101825166502,1.3667163564620044e-08,None,None,None,None, , , , 
39305, ,9.01101825166502,1.4649713983072853e-08,None,None,None,None, , , , 
39306, ,9.01101825166502,1.5702901247293774e-08,None,None,None,None, , , , 
39307, ,9.01101825166502,1.683180353330955e-08,None,None,None,None, , , , 
39308, ,9.01101825166502,1.8041864093920717e-08,None,None,None,None, , , , 
39309, ,9.01101825166502,1.933891750455232e-08,None,None,None,None, , , , 
39310, ,9.01101825166502,2.0729217795953697e-08,None,None,None,None, , , , 
39311, ,9.01101825166502,2.221946860939524e-08,None,None,None,None, , , , 
39312, ,9.01101825166502,2.3816855519761606e-08,None,None,None,None, , , , 
39313, ,9.01101825166502,2.552908068239516e-08,None,None,None,None, , , , 
39314, ,9.01101825166502,2.7364399970746666e-08,None,None,None,None, , , , 
39315, ,9.01101825166502,2.933166278390042e-08,None,None,None,None, , , , 
39316, ,9.01101825166502,3.1440354715915e-08,None,None,None,None, , , , 
39317, ,9.01101825166502,3.370064329271925e-08,None,None,None,None, , , , 
39318, ,9.01101825166502,3.612342699709431e-08,None,None,None,None, , , , 
39319, ,9.01101825166502,3.872038781812557e-08,None,None,None,None, , , , 
39320, ,9.01101825166502,4.1504047578504727e-08,None,None,None,None, , , , 
39321, ,9.01101825166502,4.448782831127585e-08,None,None,None,None, , , , 
39322, ,9.01101825166502,4.768611697714474e-08,None,None,None,None, , , , 
39323, ,9.01101825166502,5.111433483440165e-08,None,None,None,None, , , , 
39324, ,9.01101825166502,5.478901179593934e-08,None,None,None,None, , , , 
39325, ,9.01101825166502,5.872786613189478e-08,None,None,None,None, , , , 
39326, ,9.01101825166502,6.294988990221888e-08,None,None,None,None, , , , 
39327, ,9.01101825166502,6.747544053110687e-08,None,None,None,None, , , , 
39328, ,9.01101825166502,7.232633896483534e-08,None,None,None,None, , , , 
39329, ,9.01101825166502,7.752597488629465e-08,None,None,None,None, , , , 
39330, ,9.01101825166502,8.309941949353386e-08,None,None,None,None, , , , 
39331, ,9.01101825166502,8.907354638610439e-08,None,None,None,None, , , , 
39332, ,9.01101825166502,9.547716114208066e-08,None,None,None,None, , , , 
39333, ,9.01101825166502,1.0234114021054528e-07,None,None,None,None, , , , 
39334, ,9.01101825166502,1.0969857978923841e-07,None,None,None,None, , , , 
39335, ,9.01101825166502,1.1758495540521555e-07,None,None,None,None, , , , 
39336, ,9.01101825166502,1.2603829296797277e-07,None,None,None,None, , , , 
39337, ,9.01101825166502,1.350993521198025e-07,None,None,None,None, , , , 
39338, ,9.01101825166502,1.4481182276745328e-07,None,None,None,None, , , , 
39339, ,9.01101825166502,1.552225357427048e-07,None,None,None,None, , , , 
39340, ,9.01101825166502,1.6638168860761273e-07,None,None,None,None, , , , 
39341, ,9.01101825166502,1.7834308769319093e-07,None,None,None,None, , , , 
39342, ,9.01101825166502,1.9116440753857e-07,None,None,None,None, , , , 
39343, ,9.01101825166502,2.049074689815846e-07,None,None,None,None, , , , 
39344, ,9.01101825166502,2.1963853724165468e-07,None,None,None,None, , , , 
39345, ,9.01101825166502,2.3542864143224158e-07,None,None,None,None, , , , 
39346, ,9.01101825166502,2.523539170434766e-07,None,None,None,None, , , , 
39347, ,9.01101825166502,2.7049597304631316e-07,None,None,None,None, , , , 
39348, ,9.01101825166502,2.899422853882875e-07,None,None,None,None, , , , 
39349, ,9.01101825166502,3.107866187782014e-07,None,None,None,None, , , , 
39350, ,9.01101825166502,3.33129478793467e-07,None,None,None,None, , , , 
39351, ,9.01101825166502,3.5707859649004626e-07,None,None,None,None, , , , 
39352, ,9.01101825166502,3.827494478516307e-07,None,None,None,None, , , , 
39353, ,9.01101825166502,4.1026581058271904e-07,None,None,None,None, , , , 
39354, ,9.01101825166502,4.397603609302722e-07,None,None,None,None, , , , 
39355, ,9.01101825166502,4.7137531341167185e-07,None,None,None,None, , , , 
39356, ,9.01101825166502,5.052631065335679e-07,None,None,None,None, , , , 
39357, ,9.01101825166502,5.415871378079465e-07,None,None,None,None, , , , 
39358, ,9.01101825166502,5.805225516094896e-07,None,None,None,None, , , , 
39359, ,9.01101825166502,6.222570836730232e-07,None,None,None,None, , , , 
39360, ,9.01101825166502,6.669919663030115e-07,None,None,None,None, , , , 
39361, ,9.01101825166502,7.149428986597576e-07,None,None,None,None, , , , 
39362, ,9.01101825166502,7.663410868007445e-07,None,None,None,None, , , , 
39363, ,9.01101825166502,8.214343584919422e-07,None,None,None,None, , , , 
39364, ,9.01101825166502,8.804883581643463e-07,None,None,None,None, , , , 
39365, ,9.01101825166502,9.437878277775371e-07,None,None,None,None, , , , 
39366, ,9.01101825166502,1.0116379797662072e-06,None,None,None,None, , , , 
39367, ,9.01101825166502,1.0843659686896086e-06,None,None,None,None, , , , 
39368, ,9.01101825166502,1.1623224686798522e-06,None,None,None,None, , , , 
39369, ,9.01101825166502,1.2458833642950078e-06,None,None,None,None, , , , 
39370, ,9.01101825166502,1.3354515629298971e-06,None,None,None,None, , , , 
39371, ,9.01101825166502,1.4314589375234786e-06,None,None,None,None, , , , 
39372, ,9.01101825166502,1.53436840893001e-06,None,None,None,None, , , , 
39373, ,9.01101825166502,1.6446761779946631e-06,None,None,None,None, , , , 
39374, ,9.01101825166502,1.762914118095948e-06,None,None,None,None, , , , 
39375, ,9.01101825166502,1.8896523396912082e-06,None,None,None,None, , , , 
39376, ,9.01101825166502,2.0255019392306664e-06,None,None,None,None, , , , 
39377, ,9.01101825166502,2.171117945694501e-06,None,None,None,None, , , , 
39378, ,9.01101825166502,2.327202478960408e-06,None,None,None,None, , , , 
39379, ,9.01101825166502,2.494508135230317e-06,None,None,None,None, , , , 
39380, ,9.01101825166502,2.673841615839944e-06,None,None,None,None, , , , 
39381, ,9.01101825166502,2.8660676169482507e-06,None,None,None,None, , , , 
39382, ,9.01101825166502,3.0721129988617524e-06,None,None,None,None, , , , 
39383, ,9.01101825166502,3.292971255097148e-06,None,None,None,None, , , , 
39384, ,9.01101825166502,3.5297073027306505e-06,None,None,None,None, , , , 
39385, ,9.01101825166502,3.783462617131925e-06,None,None,None,None, , , , 
39386, ,9.01101825166502,4.0554607358408275e-06,None,None,None,None, , , , 
39387, ,9.01101825166502,4.3470131581250175e-06,None,None,None,None, , , , 
39388, ,9.01101825166502,4.6595256686646765e-06,None,None,None,None, , , , 
39389, ,9.01101825166502,4.99450511585514e-06,None,None,None,None, , , , 
39390, ,9.01101825166502,5.353566677410719e-06,None,None,None,None, , , , 
39391, ,9.01101825166502,5.738441648302393e-06,None,None,None,None, , , , 
39392, ,9.01101825166502,6.150985788580505e-06,None,None,None,None, , , , 
39393, ,9.01101825166502,6.593188271333541e-06,None,None,None,None, , , , 
39394, ,9.01101825166502,7.067181273927492e-06,None,None,None,None, , , , 
39395, ,9.01101825166502,7.575250258771904e-06,None,None,None,None, , , , 
39396, ,9.01101825166502,8.119844993184007e-06,None,None,None,None, , , , 
39397, ,9.01101825166502,8.703591361485167e-06,None,None,None,None, , , , 
39398, ,9.01101825166502,9.329304026284676e-06,None,None,None,None, , , , 
39399, ,9.01101825166502,1e-05,None,None,None,None, , , , 
39400, ,9.329304026284687,1e-11,None,None,None,None, , , , 
39401, ,9.329304026284687,1.0718913192051263e-11,None,None,None,None, , , , 
39402, ,9.329304026284687,1.1489510001873107e-11,None,None,None,None, , , , 
39403, ,9.329304026284687,1.2315506032928262e-11,None,None,None,None, , , , 
39404, ,9.329304026284687,1.3200884008314167e-11,None,None,None,None, , , , 
39405, ,9.329304026284687,1.4149912974345786e-11,None,None,None,None, , , , 
39406, ,9.329304026284687,1.5167168884709242e-11,None,None,None,None, , , , 
39407, ,9.329304026284687,1.6257556664437934e-11,None,None,None,None, , , , 
39408, ,9.329304026284687,1.7426333860096473e-11,None,None,None,None, , , , 
39409, ,9.329304026284687,1.8679135990207848e-11,None,None,None,None, , , , 
39410, ,9.329304026284687,2.0022003718155844e-11,None,None,None,None, , , , 
39411, ,9.329304026284687,2.1461411978584013e-11,None,None,None,None, , , , 
39412, ,9.329304026284687,2.300430119772921e-11,None,None,None,None, , , , 
39413, ,9.329304026284687,2.465811075822604e-11,None,None,None,None, , , , 
39414, ,9.329304026284687,2.643081486974103e-11,None,None,None,None, , , , 
39415, ,9.329304026284687,2.8330961018393178e-11,None,None,None,None, , , , 
39416, ,9.329304026284687,3.036771118035461e-11,None,None,None,None, , , , 
39417, ,9.329304026284687,3.255088599835057e-11,None,None,None,None, , , , 
39418, ,9.329304026284687,3.4891012134067674e-11,None,None,None,None, , , , 
39419, ,9.329304026284687,3.739937302478801e-11,None,None,None,None, , , , 
39420, ,9.329304026284687,4.0088063288984646e-11,None,None,None,None, , , , 
39421, ,9.329304026284687,4.297004704320835e-11,None,None,None,None, , , , 
39422, ,9.329304026284687,4.605922041145113e-11,None,None,None,None, , , , 
39423, ,9.329304026284687,4.937047852839004e-11,None,None,None,None, , , , 
39424, ,9.329304026284687,5.2919787359584366e-11,None,None,None,None, , , , 
39425, ,9.329304026284687,5.672426068491989e-11,None,None,None,None, , , , 
39426, ,9.329304026284687,6.080224261649427e-11,None,None,None,None, , , , 
39427, ,9.329304026284687,6.517339604882421e-11,None,None,None,None, , , , 
39428, ,9.329304026284687,6.985879746785235e-11,None,None,None,None, , , , 
39429, ,9.329304026284687,7.48810385759003e-11,None,None,None,None, , , , 
39430, ,9.329304026284687,8.026433522257174e-11,None,None,None,None, , , , 
39431, ,9.329304026284687,8.603464416684492e-11,None,None,None,None, , , , 
39432, ,9.329304026284687,9.221978823334341e-11,None,None,None,None, , , , 
39433, ,9.329304026284687,9.884959046625586e-11,None,None,None,None, , , , 
39434, ,9.329304026284687,1.0595601792776149e-10,None,None,None,None, , , , 
39435, ,9.329304026284687,1.1357333583431027e-10,None,None,None,None, , , , 
39436, ,9.329304026284687,1.217382727739662e-10,None,None,None,None, , , , 
39437, ,9.329304026284687,1.3049019780144016e-10,None,None,None,None, , , , 
39438, ,9.329304026284687,1.398713102647236e-10,None,None,None,None, , , , 
39439, ,9.329304026284687,1.4992684327860468e-10,None,None,None,None, , , , 
39440, ,9.329304026284687,1.6070528182616384e-10,None,None,None,None, , , , 
39441, ,9.329304026284687,1.722585965398784e-10,None,None,None,None, , , , 
39442, ,9.329304026284687,1.8464249428955463e-10,None,None,None,None, , , , 
39443, ,9.329304026284687,1.9791668678535569e-10,None,None,None,None, , , , 
39444, ,9.329304026284687,2.121451784910628e-10,None,None,None,None, , , , 
39445, ,9.329304026284687,2.273965752357932e-10,None,None,None,None, , , , 
39446, ,9.329304026284687,2.4374441501222216e-10,None,None,None,None, , , , 
39447, ,9.329304026284687,2.6126752255633265e-10,None,None,None,None, , , , 
39448, ,9.329304026284687,2.8005038941836253e-10,None,None,None,None, , , , 
39449, ,9.329304026284687,3.0018358135755917e-10,None,None,None,None, , , , 
39450, ,9.329304026284687,3.2176417502507347e-10,None,None,None,None, , , , 
39451, ,9.329304026284687,3.4489622604057533e-10,None,None,None,None, , , , 
39452, ,9.329304026284687,3.696912707195032e-10,None,None,None,None, , , , 
39453, ,9.329304026284687,3.9626886387014783e-10,None,None,None,None, , , , 
39454, ,9.329304026284687,4.2475715525368935e-10,None,None,None,None, , , , 
39455, ,9.329304026284687,4.552935074866938e-10,None,None,None,None, , , , 
39456, ,9.329304026284687,4.880251583654433e-10,None,None,None,None, , , , 
39457, ,9.329304026284687,5.231099308056258e-10,None,None,None,None, , , , 
39458, ,9.329304026284687,5.60716993820547e-10,None,None,None,None, , , , 
39459, ,9.329304026284687,6.010276782070387e-10,None,None,None,None, , , , 
39460, ,9.329304026284687,6.442363508721371e-10,None,None,None,None, , , , 
39461, ,9.329304026284687,6.905513520162316e-10,None,None,None,None, , , , 
39462, ,9.329304026284687,7.401959996915653e-10,None,None,None,None, , , , 
39463, ,9.329304026284687,7.934096665797492e-10,None,None,None,None, , , , 
39464, ,9.329304026284687,8.504489341802668e-10,None,None,None,None, , , , 
39465, ,9.329304026284687,9.115888299750837e-10,None,None,None,None, , , , 
39466, ,9.329304026284687,9.771241535346502e-10,None,None,None,None, , , , 
39467, ,9.329304026284687,1.0473708979594486e-09,None,None,None,None, , , , 
39468, ,9.329304026284687,1.1226677735108114e-09,None,None,None,None, , , , 
39469, ,9.329304026284687,1.2033778407775904e-09,None,None,None,None, , , , 
39470, ,9.329304026284687,1.289890261253308e-09,None,None,None,None, , , , 
39471, ,9.329304026284687,1.3826221737646535e-09,None,None,None,None, , , , 
39472, ,9.329304026284687,1.4820207057988602e-09,None,None,None,None, , , , 
39473, ,9.329304026284687,1.5885651294280526e-09,None,None,None,None, , , , 
39474, ,9.329304026284687,1.702769172225898e-09,None,None,None,None, , , , 
39475, ,9.329304026284687,1.825183494319039e-09,None,None,None,None, , , , 
39476, ,9.329304026284687,1.956398343517065e-09,None,None,None,None, , , , 
39477, ,9.329304026284687,2.0970464013232305e-09,None,None,None,None, , , , 
39478, ,9.329304026284687,2.2478058335487307e-09,None,None,None,None, , , , 
39479, ,9.329304026284687,2.409403560239527e-09,None,None,None,None, , , , 
39480, ,9.329304026284687,2.582618760682675e-09,None,None,None,None, , , , 
39481, ,9.329304026284687,2.768286630392061e-09,None,None,None,None, , , , 
39482, ,9.329304026284687,2.9673024081888724e-09,None,None,None,None, , , , 
39483, ,9.329304026284687,3.180625692794119e-09,None,None,None,None, , , , 
39484, ,9.329304026284687,3.409285069746807e-09,None,None,None,None, , , , 
39485, ,9.329304026284687,3.654383070957262e-09,None,None,None,None, , , , 
39486, ,9.329304026284687,3.917101490809261e-09,None,None,None,None, , , , 
39487, ,9.329304026284687,4.198707084443906e-09,None,None,None,None, , , , 
39488, ,9.329304026284687,4.500557675700488e-09,None,None,None,None, , , , 
39489, ,9.329304026284687,4.824108704165374e-09,None,None,None,None, , , , 
39490, ,9.329304026284687,5.170920242896755e-09,None,None,None,None, , , , 
39491, ,9.329304026284687,5.542664520663096e-09,None,None,None,None, , , , 
39492, ,9.329304026284687,5.941133984965041e-09,None,None,None,None, , , , 
39493, ,9.329304026284687,6.3682499447185856e-09,None,None,None,None, , , , 
39494, ,9.329304026284687,6.826071834272379e-09,None,None,None,None, , , , 
39495, ,9.329304026284687,7.316807143427175e-09,None,None,None,None, , , , 
39496, ,9.329304026284687,7.842822061337681e-09,None,None,None,None, , , , 
39497, ,9.329304026284687,8.406652885618316e-09,None,None,None,None, , , , 
39498, ,9.329304026284687,9.011018251665036e-09,None,None,None,None, , , , 
39499, ,9.329304026284687,9.658832241158707e-09,None,None,None,None, , , , 
39500, ,9.329304026284687,1.0353218432956616e-08,None,None,None,None, , , , 
39501, ,9.329304026284687,1.1097524964120722e-08,None,None,None,None, , , , 
39502, ,9.329304026284687,1.1895340673703208e-08,None,None,None,None, , , , 
39503, ,9.329304026284687,1.2750512407130128e-08,None,None,None,None, , , , 
39504, ,9.329304026284687,1.3667163564620044e-08,None,None,None,None, , , , 
39505, ,9.329304026284687,1.4649713983072853e-08,None,None,None,None, , , , 
39506, ,9.329304026284687,1.5702901247293774e-08,None,None,None,None, , , , 
39507, ,9.329304026284687,1.683180353330955e-08,None,None,None,None, , , , 
39508, ,9.329304026284687,1.8041864093920717e-08,None,None,None,None, , , , 
39509, ,9.329304026284687,1.933891750455232e-08,None,None,None,None, , , , 
39510, ,9.329304026284687,2.0729217795953697e-08,None,None,None,None, , , , 
39511, ,9.329304026284687,2.221946860939524e-08,None,None,None,None, , , , 
39512, ,9.329304026284687,2.3816855519761606e-08,None,None,None,None, , , , 
39513, ,9.329304026284687,2.552908068239516e-08,None,None,None,None, , , , 
39514, ,9.329304026284687,2.7364399970746666e-08,None,None,None,None, , , , 
39515, ,9.329304026284687,2.933166278390042e-08,None,None,None,None, , , , 
39516, ,9.329304026284687,3.1440354715915e-08,None,None,None,None, , , , 
39517, ,9.329304026284687,3.370064329271925e-08,None,None,None,None, , , , 
39518, ,9.329304026284687,3.612342699709431e-08,None,None,None,None, , , , 
39519, ,9.329304026284687,3.872038781812557e-08,None,None,None,None, , , , 
39520, ,9.329304026284687,4.1504047578504727e-08,None,None,None,None, , , , 
39521, ,9.329304026284687,4.448782831127585e-08,None,None,None,None, , , , 
39522, ,9.329304026284687,4.768611697714474e-08,None,None,None,None, , , , 
39523, ,9.329304026284687,5.111433483440165e-08,None,None,None,None, , , , 
39524, ,9.329304026284687,5.478901179593934e-08,None,None,None,None, , , , 
39525, ,9.329304026284687,5.872786613189478e-08,None,None,None,None, , , , 
39526, ,9.329304026284687,6.294988990221888e-08,None,None,None,None, , , , 
39527, ,9.329304026284687,6.747544053110687e-08,None,None,None,None, , , , 
39528, ,9.329304026284687,7.232633896483534e-08,None,None,None,None, , , , 
39529, ,9.329304026284687,7.752597488629465e-08,None,None,None,None, , , , 
39530, ,9.329304026284687,8.309941949353386e-08,None,None,None,None, , , , 
39531, ,9.329304026284687,8.907354638610439e-08,None,None,None,None, , , , 
39532, ,9.329304026284687,9.547716114208066e-08,None,None,None,None, , , , 
39533, ,9.329304026284687,1.0234114021054528e-07,None,None,None,None, , , , 
39534, ,9.329304026284687,1.0969857978923841e-07,None,None,None,None, , , , 
39535, ,9.329304026284687,1.1758495540521555e-07,None,None,None,None, , , , 
39536, ,9.329304026284687,1.2603829296797277e-07,None,None,None,None, , , , 
39537, ,9.329304026284687,1.350993521198025e-07,None,None,None,None, , , , 
39538, ,9.329304026284687,1.4481182276745328e-07,None,None,None,None, , , , 
39539, ,9.329304026284687,1.552225357427048e-07,None,None,None,None, , , , 
39540, ,9.329304026284687,1.6638168860761273e-07,None,None,None,None, , , , 
39541, ,9.329304026284687,1.7834308769319093e-07,None,None,None,None, , , , 
39542, ,9.329304026284687,1.9116440753857e-07,None,None,None,None, , , , 
39543, ,9.329304026284687,2.049074689815846e-07,None,None,None,None, , , , 
39544, ,9.329304026284687,2.1963853724165468e-07,None,None,None,None, , , , 
39545, ,9.329304026284687,2.3542864143224158e-07,None,None,None,None, , , , 
39546, ,9.329304026284687,2.523539170434766e-07,None,None,None,None, , , , 
39547, ,9.329304026284687,2.7049597304631316e-07,None,None,None,None, , , , 
39548, ,9.329304026284687,2.899422853882875e-07,None,None,None,None, , , , 
39549, ,9.329304026284687,3.107866187782014e-07,None,None,None,None, , , , 
39550, ,9.329304026284687,3.33129478793467e-07,None,None,None,None, , , , 
39551, ,9.329304026284687,3.5707859649004626e-07,None,None,None,None, , , , 
39552, ,9.329304026284687,3.827494478516307e-07,None,None,None,None, , , , 
39553, ,9.329304026284687,4.1026581058271904e-07,None,None,None,None, , , , 
39554, ,9.329304026284687,4.397603609302722e-07,None,None,None,None, , , , 
39555, ,9.329304026284687,4.7137531341167185e-07,None,None,None,None, , , , 
39556, ,9.329304026284687,5.052631065335679e-07,None,None,None,None, , , , 
39557, ,9.329304026284687,5.415871378079465e-07,None,None,None,None, , , , 
39558, ,9.329304026284687,5.805225516094896e-07,None,None,None,None, , , , 
39559, ,9.329304026284687,6.222570836730232e-07,None,None,None,None, , , , 
39560, ,9.329304026284687,6.669919663030115e-07,None,None,None,None, , , , 
39561, ,9.329304026284687,7.149428986597576e-07,None,None,None,None, , , , 
39562, ,9.329304026284687,7.663410868007445e-07,None,None,None,None, , , , 
39563, ,9.329304026284687,8.214343584919422e-07,None,None,None,None, , , , 
39564, ,9.329304026284687,8.804883581643463e-07,None,None,None,None, , , , 
39565, ,9.329304026284687,9.437878277775371e-07,None,None,None,None, , , , 
39566, ,9.329304026284687,1.0116379797662072e-06,None,None,None,None, , , , 
39567, ,9.329304026284687,1.0843659686896086e-06,None,None,None,None, , , , 
39568, ,9.329304026284687,1.1623224686798522e-06,None,None,None,None, , , , 
39569, ,9.329304026284687,1.2458833642950078e-06,None,None,None,None, , , , 
39570, ,9.329304026284687,1.3354515629298971e-06,None,None,None,None, , , , 
39571, ,9.329304026284687,1.4314589375234786e-06,None,None,None,None, , , , 
39572, ,9.329304026284687,1.53436840893001e-06,None,None,None,None, , , , 
39573, ,9.329304026284687,1.6446761779946631e-06,None,None,None,None, , , , 
39574, ,9.329304026284687,1.762914118095948e-06,None,None,None,None, , , , 
39575, ,9.329304026284687,1.8896523396912082e-06,None,None,None,None, , , , 
39576, ,9.329304026284687,2.0255019392306664e-06,None,None,None,None, , , , 
39577, ,9.329304026284687,2.171117945694501e-06,None,None,None,None, , , , 
39578, ,9.329304026284687,2.327202478960408e-06,None,None,None,None, , , , 
39579, ,9.329304026284687,2.494508135230317e-06,None,None,None,None, , , , 
39580, ,9.329304026284687,2.673841615839944e-06,None,None,None,None, , , , 
39581, ,9.329304026284687,2.8660676169482507e-06,None,None,None,None, , , , 
39582, ,9.329304026284687,3.0721129988617524e-06,None,None,None,None, , , , 
39583, ,9.329304026284687,3.292971255097148e-06,None,None,None,None, , , , 
39584, ,9.329304026284687,3.5297073027306505e-06,None,None,None,None, , , , 
39585, ,9.329304026284687,3.783462617131925e-06,None,None,None,None, , , , 
39586, ,9.329304026284687,4.0554607358408275e-06,None,None,None,None, , , , 
39587, ,9.329304026284687,4.3470131581250175e-06,None,None,None,None, , , , 
39588, ,9.329304026284687,4.6595256686646765e-06,None,None,None,None, , , , 
39589, ,9.329304026284687,4.99450511585514e-06,None,None,None,None, , , , 
39590, ,9.329304026284687,5.353566677410719e-06,None,None,None,None, , , , 
39591, ,9.329304026284687,5.738441648302393e-06,None,None,None,None, , , , 
39592, ,9.329304026284687,6.150985788580505e-06,None,None,None,None, , , , 
39593, ,9.329304026284687,6.593188271333541e-06,None,None,None,None, , , , 
39594, ,9.329304026284687,7.067181273927492e-06,None,None,None,None, , , , 
39595, ,9.329304026284687,7.575250258771904e-06,None,None,None,None, , , , 
39596, ,9.329304026284687,8.119844993184007e-06,None,None,None,None, , , , 
39597, ,9.329304026284687,8.703591361485167e-06,None,None,None,None, , , , 
39598, ,9.329304026284687,9.329304026284676e-06,None,None,None,None, , , , 
39599, ,9.329304026284687,1e-05,None,None,None,None, , , , 
39600, ,9.658832241158699,1e-11,None,None,None,None, , , , 
39601, ,9.658832241158699,1.0718913192051263e-11,None,None,None,None, , , , 
39602, ,9.658832241158699,1.1489510001873107e-11,None,None,None,None, , , , 
39603, ,9.658832241158699,1.2315506032928262e-11,None,None,None,None, , , , 
39604, ,9.658832241158699,1.3200884008314167e-11,None,None,None,None, , , , 
39605, ,9.658832241158699,1.4149912974345786e-11,None,None,None,None, , , , 
39606, ,9.658832241158699,1.5167168884709242e-11,None,None,None,None, , , , 
39607, ,9.658832241158699,1.6257556664437934e-11,None,None,None,None, , , , 
39608, ,9.658832241158699,1.7426333860096473e-11,None,None,None,None, , , , 
39609, ,9.658832241158699,1.8679135990207848e-11,None,None,None,None, , , , 
39610, ,9.658832241158699,2.0022003718155844e-11,None,None,None,None, , , , 
39611, ,9.658832241158699,2.1461411978584013e-11,None,None,None,None, , , , 
39612, ,9.658832241158699,2.300430119772921e-11,None,None,None,None, , , , 
39613, ,9.658832241158699,2.465811075822604e-11,None,None,None,None, , , , 
39614, ,9.658832241158699,2.643081486974103e-11,None,None,None,None, , , , 
39615, ,9.658832241158699,2.8330961018393178e-11,None,None,None,None, , , , 
39616, ,9.658832241158699,3.036771118035461e-11,None,None,None,None, , , , 
39617, ,9.658832241158699,3.255088599835057e-11,None,None,None,None, , , , 
39618, ,9.658832241158699,3.4891012134067674e-11,None,None,None,None, , , , 
39619, ,9.658832241158699,3.739937302478801e-11,None,None,None,None, , , , 
39620, ,9.658832241158699,4.0088063288984646e-11,None,None,None,None, , , , 
39621, ,9.658832241158699,4.297004704320835e-11,None,None,None,None, , , , 
39622, ,9.658832241158699,4.605922041145113e-11,None,None,None,None, , , , 
39623, ,9.658832241158699,4.937047852839004e-11,None,None,None,None, , , , 
39624, ,9.658832241158699,5.2919787359584366e-11,None,None,None,None, , , , 
39625, ,9.658832241158699,5.672426068491989e-11,None,None,None,None, , , , 
39626, ,9.658832241158699,6.080224261649427e-11,None,None,None,None, , , , 
39627, ,9.658832241158699,6.517339604882421e-11,None,None,None,None, , , , 
39628, ,9.658832241158699,6.985879746785235e-11,None,None,None,None, , , , 
39629, ,9.658832241158699,7.48810385759003e-11,None,None,None,None, , , , 
39630, ,9.658832241158699,8.026433522257174e-11,None,None,None,None, , , , 
39631, ,9.658832241158699,8.603464416684492e-11,None,None,None,None, , , , 
39632, ,9.658832241158699,9.221978823334341e-11,None,None,None,None, , , , 
39633, ,9.658832241158699,9.884959046625586e-11,None,None,None,None, , , , 
39634, ,9.658832241158699,1.0595601792776149e-10,None,None,None,None, , , , 
39635, ,9.658832241158699,1.1357333583431027e-10,None,None,None,None, , , , 
39636, ,9.658832241158699,1.217382727739662e-10,None,None,None,None, , , , 
39637, ,9.658832241158699,1.3049019780144016e-10,None,None,None,None, , , , 
39638, ,9.658832241158699,1.398713102647236e-10,None,None,None,None, , , , 
39639, ,9.658832241158699,1.4992684327860468e-10,None,None,None,None, , , , 
39640, ,9.658832241158699,1.6070528182616384e-10,None,None,None,None, , , , 
39641, ,9.658832241158699,1.722585965398784e-10,None,None,None,None, , , , 
39642, ,9.658832241158699,1.8464249428955463e-10,None,None,None,None, , , , 
39643, ,9.658832241158699,1.9791668678535569e-10,None,None,None,None, , , , 
39644, ,9.658832241158699,2.121451784910628e-10,None,None,None,None, , , , 
39645, ,9.658832241158699,2.273965752357932e-10,None,None,None,None, , , , 
39646, ,9.658832241158699,2.4374441501222216e-10,None,None,None,None, , , , 
39647, ,9.658832241158699,2.6126752255633265e-10,None,None,None,None, , , , 
39648, ,9.658832241158699,2.8005038941836253e-10,None,None,None,None, , , , 
39649, ,9.658832241158699,3.0018358135755917e-10,None,None,None,None, , , , 
39650, ,9.658832241158699,3.2176417502507347e-10,None,None,None,None, , , , 
39651, ,9.658832241158699,3.4489622604057533e-10,None,None,None,None, , , , 
39652, ,9.658832241158699,3.696912707195032e-10,None,None,None,None, , , , 
39653, ,9.658832241158699,3.9626886387014783e-10,None,None,None,None, , , , 
39654, ,9.658832241158699,4.2475715525368935e-10,None,None,None,None, , , , 
39655, ,9.658832241158699,4.552935074866938e-10,None,None,None,None, , , , 
39656, ,9.658832241158699,4.880251583654433e-10,None,None,None,None, , , , 
39657, ,9.658832241158699,5.231099308056258e-10,None,None,None,None, , , , 
39658, ,9.658832241158699,5.60716993820547e-10,None,None,None,None, , , , 
39659, ,9.658832241158699,6.010276782070387e-10,None,None,None,None, , , , 
39660, ,9.658832241158699,6.442363508721371e-10,None,None,None,None, , , , 
39661, ,9.658832241158699,6.905513520162316e-10,None,None,None,None, , , , 
39662, ,9.658832241158699,7.401959996915653e-10,None,None,None,None, , , , 
39663, ,9.658832241158699,7.934096665797492e-10,None,None,None,None, , , , 
39664, ,9.658832241158699,8.504489341802668e-10,None,None,None,None, , , , 
39665, ,9.658832241158699,9.115888299750837e-10,None,None,None,None, , , , 
39666, ,9.658832241158699,9.771241535346502e-10,None,None,None,None, , , , 
39667, ,9.658832241158699,1.0473708979594486e-09,None,None,None,None, , , , 
39668, ,9.658832241158699,1.1226677735108114e-09,None,None,None,None, , , , 
39669, ,9.658832241158699,1.2033778407775904e-09,None,None,None,None, , , , 
39670, ,9.658832241158699,1.289890261253308e-09,None,None,None,None, , , , 
39671, ,9.658832241158699,1.3826221737646535e-09,None,None,None,None, , , , 
39672, ,9.658832241158699,1.4820207057988602e-09,None,None,None,None, , , , 
39673, ,9.658832241158699,1.5885651294280526e-09,None,None,None,None, , , , 
39674, ,9.658832241158699,1.702769172225898e-09,None,None,None,None, , , , 
39675, ,9.658832241158699,1.825183494319039e-09,None,None,None,None, , , , 
39676, ,9.658832241158699,1.956398343517065e-09,None,None,None,None, , , , 
39677, ,9.658832241158699,2.0970464013232305e-09,None,None,None,None, , , , 
39678, ,9.658832241158699,2.2478058335487307e-09,None,None,None,None, , , , 
39679, ,9.658832241158699,2.409403560239527e-09,None,None,None,None, , , , 
39680, ,9.658832241158699,2.582618760682675e-09,None,None,None,None, , , , 
39681, ,9.658832241158699,2.768286630392061e-09,None,None,None,None, , , , 
39682, ,9.658832241158699,2.9673024081888724e-09,None,None,None,None, , , , 
39683, ,9.658832241158699,3.180625692794119e-09,None,None,None,None, , , , 
39684, ,9.658832241158699,3.409285069746807e-09,None,None,None,None, , , , 
39685, ,9.658832241158699,3.654383070957262e-09,None,None,None,None, , , , 
39686, ,9.658832241158699,3.917101490809261e-09,None,None,None,None, , , , 
39687, ,9.658832241158699,4.198707084443906e-09,None,None,None,None, , , , 
39688, ,9.658832241158699,4.500557675700488e-09,None,None,None,None, , , , 
39689, ,9.658832241158699,4.824108704165374e-09,None,None,None,None, , , , 
39690, ,9.658832241158699,5.170920242896755e-09,None,None,None,None, , , , 
39691, ,9.658832241158699,5.542664520663096e-09,None,None,None,None, , , , 
39692, ,9.658832241158699,5.941133984965041e-09,None,None,None,None, , , , 
39693, ,9.658832241158699,6.3682499447185856e-09,None,None,None,None, , , , 
39694, ,9.658832241158699,6.826071834272379e-09,None,None,None,None, , , , 
39695, ,9.658832241158699,7.316807143427175e-09,None,None,None,None, , , , 
39696, ,9.658832241158699,7.842822061337681e-09,None,None,None,None, , , , 
39697, ,9.658832241158699,8.406652885618316e-09,None,None,None,None, , , , 
39698, ,9.658832241158699,9.011018251665036e-09,None,None,None,None, , , , 
39699, ,9.658832241158699,9.658832241158707e-09,None,None,None,None, , , , 
39700, ,9.658832241158699,1.0353218432956616e-08,None,None,None,None, , , , 
39701, ,9.658832241158699,1.1097524964120722e-08,None,None,None,None, , , , 
39702, ,9.658832241158699,1.1895340673703208e-08,None,None,None,None, , , , 
39703, ,9.658832241158699,1.2750512407130128e-08,None,None,None,None, , , , 
39704, ,9.658832241158699,1.3667163564620044e-08,None,None,None,None, , , , 
39705, ,9.658832241158699,1.4649713983072853e-08,None,None,None,None, , , , 
39706, ,9.658832241158699,1.5702901247293774e-08,None,None,None,None, , , , 
39707, ,9.658832241158699,1.683180353330955e-08,None,None,None,None, , , , 
39708, ,9.658832241158699,1.8041864093920717e-08,None,None,None,None, , , , 
39709, ,9.658832241158699,1.933891750455232e-08,None,None,None,None, , , , 
39710, ,9.658832241158699,2.0729217795953697e-08,None,None,None,None, , , , 
39711, ,9.658832241158699,2.221946860939524e-08,None,None,None,None, , , , 
39712, ,9.658832241158699,2.3816855519761606e-08,None,None,None,None, , , , 
39713, ,9.658832241158699,2.552908068239516e-08,None,None,None,None, , , , 
39714, ,9.658832241158699,2.7364399970746666e-08,None,None,None,None, , , , 
39715, ,9.658832241158699,2.933166278390042e-08,None,None,None,None, , , , 
39716, ,9.658832241158699,3.1440354715915e-08,None,None,None,None, , , , 
39717, ,9.658832241158699,3.370064329271925e-08,None,None,None,None, , , , 
39718, ,9.658832241158699,3.612342699709431e-08,None,None,None,None, , , , 
39719, ,9.658832241158699,3.872038781812557e-08,None,None,None,None, , , , 
39720, ,9.658832241158699,4.1504047578504727e-08,None,None,None,None, , , , 
39721, ,9.658832241158699,4.448782831127585e-08,None,None,None,None, , , , 
39722, ,9.658832241158699,4.768611697714474e-08,None,None,None,None, , , , 
39723, ,9.658832241158699,5.111433483440165e-08,None,None,None,None, , , , 
39724, ,9.658832241158699,5.478901179593934e-08,None,None,None,None, , , , 
39725, ,9.658832241158699,5.872786613189478e-08,None,None,None,None, , , , 
39726, ,9.658832241158699,6.294988990221888e-08,None,None,None,None, , , , 
39727, ,9.658832241158699,6.747544053110687e-08,None,None,None,None, , , , 
39728, ,9.658832241158699,7.232633896483534e-08,None,None,None,None, , , , 
39729, ,9.658832241158699,7.752597488629465e-08,None,None,None,None, , , , 
39730, ,9.658832241158699,8.309941949353386e-08,None,None,None,None, , , , 
39731, ,9.658832241158699,8.907354638610439e-08,None,None,None,None, , , , 
39732, ,9.658832241158699,9.547716114208066e-08,None,None,None,None, , , , 
39733, ,9.658832241158699,1.0234114021054528e-07,None,None,None,None, , , , 
39734, ,9.658832241158699,1.0969857978923841e-07,None,None,None,None, , , , 
39735, ,9.658832241158699,1.1758495540521555e-07,None,None,None,None, , , , 
39736, ,9.658832241158699,1.2603829296797277e-07,None,None,None,None, , , , 
39737, ,9.658832241158699,1.350993521198025e-07,None,None,None,None, , , , 
39738, ,9.658832241158699,1.4481182276745328e-07,None,None,None,None, , , , 
39739, ,9.658832241158699,1.552225357427048e-07,None,None,None,None, , , , 
39740, ,9.658832241158699,1.6638168860761273e-07,None,None,None,None, , , , 
39741, ,9.658832241158699,1.7834308769319093e-07,None,None,None,None, , , , 
39742, ,9.658832241158699,1.9116440753857e-07,None,None,None,None, , , , 
39743, ,9.658832241158699,2.049074689815846e-07,None,None,None,None, , , , 
39744, ,9.658832241158699,2.1963853724165468e-07,None,None,None,None, , , , 
39745, ,9.658832241158699,2.3542864143224158e-07,None,None,None,None, , , , 
39746, ,9.658832241158699,2.523539170434766e-07,None,None,None,None, , , , 
39747, ,9.658832241158699,2.7049597304631316e-07,None,None,None,None, , , , 
39748, ,9.658832241158699,2.899422853882875e-07,None,None,None,None, , , , 
39749, ,9.658832241158699,3.107866187782014e-07,None,None,None,None, , , , 
39750, ,9.658832241158699,3.33129478793467e-07,None,None,None,None, , , , 
39751, ,9.658832241158699,3.5707859649004626e-07,None,None,None,None, , , , 
39752, ,9.658832241158699,3.827494478516307e-07,None,None,None,None, , , , 
39753, ,9.658832241158699,4.1026581058271904e-07,None,None,None,None, , , , 
39754, ,9.658832241158699,4.397603609302722e-07,None,None,None,None, , , , 
39755, ,9.658832241158699,4.7137531341167185e-07,None,None,None,None, , , , 
39756, ,9.658832241158699,5.052631065335679e-07,None,None,None,None, , , , 
39757, ,9.658832241158699,5.415871378079465e-07,None,None,None,None, , , , 
39758, ,9.658832241158699,5.805225516094896e-07,None,None,None,None, , , , 
39759, ,9.658832241158699,6.222570836730232e-07,None,None,None,None, , , , 
39760, ,9.658832241158699,6.669919663030115e-07,None,None,None,None, , , , 
39761, ,9.658832241158699,7.149428986597576e-07,None,None,None,None, , , , 
39762, ,9.658832241158699,7.663410868007445e-07,None,None,None,None, , , , 
39763, ,9.658832241158699,8.214343584919422e-07,None,None,None,None, , , , 
39764, ,9.658832241158699,8.804883581643463e-07,None,None,None,None, , , , 
39765, ,9.658832241158699,9.437878277775371e-07,None,None,None,None, , , , 
39766, ,9.658832241158699,1.0116379797662072e-06,None,None,None,None, , , , 
39767, ,9.658832241158699,1.0843659686896086e-06,None,None,None,None, , , , 
39768, ,9.658832241158699,1.1623224686798522e-06,None,None,None,None, , , , 
39769, ,9.658832241158699,1.2458833642950078e-06,None,None,None,None, , , , 
39770, ,9.658832241158699,1.3354515629298971e-06,None,None,None,None, , , , 
39771, ,9.658832241158699,1.4314589375234786e-06,None,None,None,None, , , , 
39772, ,9.658832241158699,1.53436840893001e-06,None,None,None,None, , , , 
39773, ,9.658832241158699,1.6446761779946631e-06,None,None,None,None, , , , 
39774, ,9.658832241158699,1.762914118095948e-06,None,None,None,None, , , , 
39775, ,9.658832241158699,1.8896523396912082e-06,None,None,None,None, , , , 
39776, ,9.658832241158699,2.0255019392306664e-06,None,None,None,None, , , , 
39777, ,9.658832241158699,2.171117945694501e-06,None,None,None,None, , , , 
39778, ,9.658832241158699,2.327202478960408e-06,None,None,None,None, , , , 
39779, ,9.658832241158699,2.494508135230317e-06,None,None,None,None, , , , 
39780, ,9.658832241158699,2.673841615839944e-06,None,None,None,None, , , , 
39781, ,9.658832241158699,2.8660676169482507e-06,None,None,None,None, , , , 
39782, ,9.658832241158699,3.0721129988617524e-06,None,None,None,None, , , , 
39783, ,9.658832241158699,3.292971255097148e-06,None,None,None,None, , , , 
39784, ,9.658832241158699,3.5297073027306505e-06,None,None,None,None, , , , 
39785, ,9.658832241158699,3.783462617131925e-06,None,None,None,None, , , , 
39786, ,9.658832241158699,4.0554607358408275e-06,None,None,None,None, , , , 
39787, ,9.658832241158699,4.3470131581250175e-06,None,None,None,None, , , , 
39788, ,9.658832241158699,4.6595256686646765e-06,None,None,None,None, , , , 
39789, ,9.658832241158699,4.99450511585514e-06,None,None,None,None, , , , 
39790, ,9.658832241158699,5.353566677410719e-06,None,None,None,None, , , , 
39791, ,9.658832241158699,5.738441648302393e-06,None,None,None,None, , , , 
39792, ,9.658832241158699,6.150985788580505e-06,None,None,None,None, , , , 
39793, ,9.658832241158699,6.593188271333541e-06,None,None,None,None, , , , 
39794, ,9.658832241158699,7.067181273927492e-06,None,None,None,None, , , , 
39795, ,9.658832241158699,7.575250258771904e-06,None,None,None,None, , , , 
39796, ,9.658832241158699,8.119844993184007e-06,None,None,None,None, , , , 
39797, ,9.658832241158699,8.703591361485167e-06,None,None,None,None, , , , 
39798, ,9.658832241158699,9.329304026284676e-06,None,None,None,None, , , , 
39799, ,9.658832241158699,1e-05,None,None,None,None, , , , 
39800, ,10.0,1e-11,None,None,None,None, , , , 
39801, ,10.0,1.0718913192051263e-11,None,None,None,None, , , , 
39802, ,10.0,1.1489510001873107e-11,None,None,None,None, , , , 
39803, ,10.0,1.2315506032928262e-11,None,None,None,None, , , , 
39804, ,10.0,1.3200884008314167e-11,None,None,None,None, , , , 
39805, ,10.0,1.4149912974345786e-11,None,None,None,None, , , , 
39806, ,10.0,1.5167168884709242e-11,None,None,None,None, , , , 
39807, ,10.0,1.6257556664437934e-11,None,None,None,None, , , , 
39808, ,10.0,1.7426333860096473e-11,None,None,None,None, , , , 
39809, ,10.0,1.8679135990207848e-11,None,None,None,None, , , , 
39810, ,10.0,2.0022003718155844e-11,None,None,None,None, , , , 
39811, ,10.0,2.1461411978584013e-11,None,None,None,None, , , , 
39812, ,10.0,2.300430119772921e-11,None,None,None,None, , , , 
39813, ,10.0,2.465811075822604e-11,None,None,None,None, , , , 
39814, ,10.0,2.643081486974103e-11,None,None,None,None, , , , 
39815, ,10.0,2.8330961018393178e-11,None,None,None,None, , , , 
39816, ,10.0,3.036771118035461e-11,None,None,None,None, , , , 
39817, ,10.0,3.255088599835057e-11,None,None,None,None, , , , 
39818, ,10.0,3.4891012134067674e-11,None,None,None,None, , , , 
39819, ,10.0,3.739937302478801e-11,None,None,None,None, , , , 
39820, ,10.0,4.0088063288984646e-11,None,None,None,None, , , , 
39821, ,10.0,4.297004704320835e-11,None,None,None,None, , , , 
39822, ,10.0,4.605922041145113e-11,None,None,None,None, , , , 
39823, ,10.0,4.937047852839004e-11,None,None,None,None, , , , 
39824, ,10.0,5.2919787359584366e-11,None,None,None,None, , , , 
39825, ,10.0,5.672426068491989e-11,None,None,None,None, , , , 
39826, ,10.0,6.080224261649427e-11,None,None,None,None, , , , 
39827, ,10.0,6.517339604882421e-11,None,None,None,None, , , , 
39828, ,10.0,6.985879746785235e-11,None,None,None,None, , , , 
39829, ,10.0,7.48810385759003e-11,None,None,None,None, , , , 
39830, ,10.0,8.026433522257174e-11,None,None,None,None, , , , 
39831, ,10.0,8.603464416684492e-11,None,None,None,None, , , , 
39832, ,10.0,9.221978823334341e-11,None,None,None,None, , , , 
39833, ,10.0,9.884959046625586e-11,None,None,None,None, , , , 
39834, ,10.0,1.0595601792776149e-10,None,None,None,None, , , , 
39835, ,10.0,1.1357333583431027e-10,None,None,None,None, , , , 
39836, ,10.0,1.217382727739662e-10,None,None,None,None, , , , 
39837, ,10.0,1.3049019780144016e-10,None,None,None,None, , , , 
39838, ,10.0,1.398713102647236e-10,None,None,None,None, , , , 
39839, ,10.0,1.4992684327860468e-10,None,None,None,None, , , , 
39840, ,10.0,1.6070528182616384e-10,None,None,None,None, , , , 
39841, ,10.0,1.722585965398784e-10,None,None,None,None, , , , 
39842, ,10.0,1.8464249428955463e-10,None,None,None,None, , , , 
39843, ,10.0,1.9791668678535569e-10,None,None,None,None, , , , 
39844, ,10.0,2.121451784910628e-10,None,None,None,None, , , , 
39845, ,10.0,2.273965752357932e-10,None,None,None,None, , , , 
39846, ,10.0,2.4374441501222216e-10,None,None,None,None, , , , 
39847, ,10.0,2.6126752255633265e-10,None,None,None,None, , , , 
39848, ,10.0,2.8005038941836253e-10,None,None,None,None, , , , 
39849, ,10.0,3.0018358135755917e-10,None,None,None,None, , , , 
39850, ,10.0,3.2176417502507347e-10,None,None,None,None, , , , 
39851, ,10.0,3.4489622604057533e-10,None,None,None,None, , , , 
39852, ,10.0,3.696912707195032e-10,None,None,None,None, , , , 
39853, ,10.0,3.9626886387014783e-10,None,None,None,None, , , , 
39854, ,10.0,4.2475715525368935e-10,None,None,None,None, , , , 
39855, ,10.0,4.552935074866938e-10,None,None,None,None, , , , 
39856, ,10.0,4.880251583654433e-10,None,None,None,None, , , , 
39857, ,10.0,5.231099308056258e-10,None,None,None,None, , , , 
39858, ,10.0,5.60716993820547e-10,None,None,None,None, , , , 
39859, ,10.0,6.010276782070387e-10,None,None,None,None, , , , 
39860, ,10.0,6.442363508721371e-10,None,None,None,None, , , , 
39861, ,10.0,6.905513520162316e-10,None,None,None,None, , , , 
39862, ,10.0,7.401959996915653e-10,None,None,None,None, , , , 
39863, ,10.0,7.934096665797492e-10,None,None,None,None, , , , 
39864, ,10.0,8.504489341802668e-10,None,None,None,None, , , , 
39865, ,10.0,9.115888299750837e-10,None,None,None,None, , , , 
39866, ,10.0,9.771241535346502e-10,None,None,None,None, , , , 
39867, ,10.0,1.0473708979594486e-09,None,None,None,None, , , , 
39868, ,10.0,1.1226677735108114e-09,None,None,None,None, , , , 
39869, ,10.0,1.2033778407775904e-09,None,None,None,None, , , , 
39870, ,10.0,1.289890261253308e-09,None,None,None,None, , , , 
39871, ,10.0,1.3826221737646535e-09,None,None,None,None, , , , 
39872, ,10.0,1.4820207057988602e-09,None,None,None,None, , , , 
39873, ,10.0,1.5885651294280526e-09,None,None,None,None, , , , 
39874, ,10.0,1.702769172225898e-09,None,None,None,None, , , , 
39875, ,10.0,1.825183494319039e-09,None,None,None,None, , , , 
39876, ,10.0,1.956398343517065e-09,None,None,None,None, , , , 
39877, ,10.0,2.0970464013232305e-09,None,None,None,None, , , , 
39878, ,10.0,2.2478058335487307e-09,None,None,None,None, , , , 
39879, ,10.0,2.409403560239527e-09,None,None,None,None, , , , 
39880, ,10.0,2.582618760682675e-09,None,None,None,None, , , , 
39881, ,10.0,2.768286630392061e-09,None,None,None,None, , , , 
39882, ,10.0,2.9673024081888724e-09,None,None,None,None, , , , 
39883, ,10.0,3.180625692794119e-09,None,None,None,None, , , , 
39884, ,10.0,3.409285069746807e-09,None,None,None,None, , , , 
39885, ,10.0,3.654383070957262e-09,None,None,None,None, , , , 
39886, ,10.0,3.917101490809261e-09,None,None,None,None, , , , 
39887, ,10.0,4.198707084443906e-09,None,None,None,None, , , , 
39888, ,10.0,4.500557675700488e-09,None,None,None,None, , , , 
39889, ,10.0,4.824108704165374e-09,None,None,None,None, , , , 
39890, ,10.0,5.170920242896755e-09,None,None,None,None, , , , 
39891, ,10.0,5.542664520663096e-09,None,None,None,None, , , , 
39892, ,10.0,5.941133984965041e-09,None,None,None,None, , , , 
39893, ,10.0,6.3682499447185856e-09,None,None,None,None, , , , 
39894, ,10.0,6.826071834272379e-09,None,None,None,None, , , , 
39895, ,10.0,7.316807143427175e-09,None,None,None,None, , , , 
39896, ,10.0,7.842822061337681e-09,None,None,None,None, , , , 
39897, ,10.0,8.406652885618316e-09,None,None,None,None, , , , 
39898, ,10.0,9.011018251665036e-09,None,None,None,None, , , , 
39899, ,10.0,9.658832241158707e-09,None,None,None,None, , , , 
39900, ,10.0,1.0353218432956616e-08,None,None,None,None, , , , 
39901, ,10.0,1.1097524964120722e-08,None,None,None,None, , , , 
39902, ,10.0,1.1895340673703208e-08,None,None,None,None, , , , 
39903, ,10.0,1.2750512407130128e-08,None,None,None,None, , , , 
39904, ,10.0,1.3667163564620044e-08,None,None,None,None, , , , 
39905, ,10.0,1.4649713983072853e-08,None,None,None,None, , , , 
39906, ,10.0,1.5702901247293774e-08,None,None,None,None, , , , 
39907, ,10.0,1.683180353330955e-08,None,None,None,None, , , , 
39908, ,10.0,1.8041864093920717e-08,None,None,None,None, , , , 
39909, ,10.0,1.933891750455232e-08,None,None,None,None, , , , 
39910, ,10.0,2.0729217795953697e-08,None,None,None,None, , , , 
39911, ,10.0,2.221946860939524e-08,None,None,None,None, , , , 
39912, ,10.0,2.3816855519761606e-08,None,None,None,None, , , , 
39913, ,10.0,2.552908068239516e-08,None,None,None,None, , , , 
39914, ,10.0,2.7364399970746666e-08,None,None,None,None, , , , 
39915, ,10.0,2.933166278390042e-08,None,None,None,None, , , , 
39916, ,10.0,3.1440354715915e-08,None,None,None,None, , , , 
39917, ,10.0,3.370064329271925e-08,None,None,None,None, , , , 
39918, ,10.0,3.612342699709431e-08,None,None,None,None, , , , 
39919, ,10.0,3.872038781812557e-08,None,None,None,None, , , , 
39920, ,10.0,4.1504047578504727e-08,None,None,None,None, , , , 
39921, ,10.0,4.448782831127585e-08,None,None,None,None, , , , 
39922, ,10.0,4.768611697714474e-08,None,None,None,None, , , , 
39923, ,10.0,5.111433483440165e-08,None,None,None,None, , , , 
39924, ,10.0,5.478901179593934e-08,None,None,None,None, , , , 
39925, ,10.0,5.872786613189478e-08,None,None,None,None, , , , 
39926, ,10.0,6.294988990221888e-08,None,None,None,None, , , , 
39927, ,10.0,6.747544053110687e-08,None,None,None,None, , , , 
39928, ,10.0,7.232633896483534e-08,None,None,None,None, , , , 
39929, ,10.0,7.752597488629465e-08,None,None,None,None, , , , 
39930, ,10.0,8.309941949353386e-08,None,None,None,None, , , , 
39931, ,10.0,8.907354638610439e-08,None,None,None,None, , , , 
39932, ,10.0,9.547716114208066e-08,None,None,None,None, , , , 
39933, ,10.0,1.0234114021054528e-07,None,None,None,None, , , , 
39934, ,10.0,1.0969857978923841e-07,None,None,None,None, , , , 
39935, ,10.0,1.1758495540521555e-07,None,None,None,None, , , , 
39936, ,10.0,1.2603829296797277e-07,None,None,None,None, , , , 
39937, ,10.0,1.350993521198025e-07,None,None,None,None, , , , 
39938, ,10.0,1.4481182276745328e-07,None,None,None,None, , , , 
39939, ,10.0,1.552225357427048e-07,None,None,None,None, , , , 
39940, ,10.0,1.6638168860761273e-07,None,None,None,None, , , , 
39941, ,10.0,1.7834308769319093e-07,None,None,None,None, , , , 
39942, ,10.0,1.9116440753857e-07,None,None,None,None, , , , 
39943, ,10.0,2.049074689815846e-07,None,None,None,None, , , , 
39944, ,10.0,2.1963853724165468e-07,None,None,None,None, , , , 
39945, ,10.0,2.3542864143224158e-07,None,None,None,None, , , , 
39946, ,10.0,2.523539170434766e-07,None,None,None,None, , , , 
39947, ,10.0,2.7049597304631316e-07,None,None,None,None, , , , 
39948, ,10.0,2.899422853882875e-07,None,None,None,None, , , , 
39949, ,10.0,3.107866187782014e-07,None,None,None,None, , , , 
39950, ,10.0,3.33129478793467e-07,None,None,None,None, , , , 
39951, ,10.0,3.5707859649004626e-07,None,None,None,None, , , , 
39952, ,10.0,3.827494478516307e-07,None,None,None,None, , , , 
39953, ,10.0,4.1026581058271904e-07,None,None,None,None, , , , 
39954, ,10.0,4.397603609302722e-07,None,None,None,None, , , , 
39955, ,10.0,4.7137531341167185e-07,None,None,None,None, , , , 
39956, ,10.0,5.052631065335679e-07,None,None,None,None, , , , 
39957, ,10.0,5.415871378079465e-07,None,None,None,None, , , , 
39958, ,10.0,5.805225516094896e-07,None,None,None,None, , , , 
39959, ,10.0,6.222570836730232e-07,None,None,None,None, , , , 
39960, ,10.0,6.669919663030115e-07,None,None,None,None, , , , 
39961, ,10.0,7.149428986597576e-07,None,None,None,None, , , , 
39962, ,10.0,7.663410868007445e-07,None,None,None,None, , , , 
39963, ,10.0,8.214343584919422e-07,None,None,None,None, , , , 
39964, ,10.0,8.804883581643463e-07,None,None,None,None, , , , 
39965, ,10.0,9.437878277775371e-07,None,None,None,None, , , , 
39966, ,10.0,1.0116379797662072e-06,None,None,None,None, , , , 
39967, ,10.0,1.0843659686896086e-06,None,None,None,None, , , , 
39968, ,10.0,1.1623224686798522e-06,None,None,None,None, , , , 
39969, ,10.0,1.2458833642950078e-06,None,None,None,None, , , , 
39970, ,10.0,1.3354515629298971e-06,None,None,None,None, , , , 
39971, ,10.0,1.4314589375234786e-06,None,None,None,None, , , , 
39972, ,10.0,1.53436840893001e-06,None,None,None,None, , , , 
39973, ,10.0,1.6446761779946631e-06,None,None,None,None, , , , 
39974, ,10.0,1.762914118095948e-06,None,None,None,None, , , , 
39975, ,10.0,1.8896523396912082e-06,None,None,None,None, , , , 
39976, ,10.0,2.0255019392306664e-06,None,None,None,None, , , , 
39977, ,10.0,2.171117945694501e-06,None,None,None,None, , , , 
39978, ,10.0,2.327202478960408e-06,None,None,None,None, , , , 
39979, ,10.0,2.494508135230317e-06,None,None,None,None, , , , 
39980, ,10.0,2.673841615839944e-06,None,None,None,None, , , , 
39981, ,10.0,2.8660676169482507e-06,None,None,None,None, , , , 
39982, ,10.0,3.0721129988617524e-06,None,None,None,None, , , , 
39983, ,10.0,3.292971255097148e-06,None,None,None,None, , , , 
39984, ,10.0,3.5297073027306505e-06,None,None,None,None, , , , 
39985, ,10.0,3.783462617131925e-06,None,None,None,None, , , , 
39986, ,10.0,4.0554607358408275e-06,None,None,None,None, , , , 
39987, ,10.0,4.3470131581250175e-06,None,None,None,None, , , , 
39988, ,10.0,4.6595256686646765e-06,None,None,None,None, , , , 
39989, ,10.0,4.99450511585514e-06,None,None,None,None, , , , 
39990, ,10.0,5.353566677410719e-06,None,None,None,None, , , , 
39991, ,10.0,5.738441648302393e-06,None,None,None,None, , , , 
39992, ,10.0,6.150985788580505e-06,None,None,None,None, , , , 
39993, ,10.0,6.593188271333541e-06,None,None,None,None, , , , 
39994, ,10.0,7.067181273927492e-06,None,None,None,None, , , , 
39995, ,10.0,7.575250258771904e-06,None,None,None,None, , , , 
39996, ,10.0,8.119844993184007e-06,None,None,None,None, , , , 
39997, ,10.0,8.703591361485167e-06,None,None,None,None, , , , 
39998, ,10.0,9.329304026284676e-06,None,None,None,None, , , , 
39999, ,10.0,1e-05,None,None,None,None, , , , 
